time,voltage
2,-0.4125
3,-0.8121093749999999
4,-1.0570312499999999
5,-1.2374999999999998
6,-1.353515625
7,-1.456640625
8,-1.52109375
9,-1.5597656249999998
10,-1.5984375
11,-1.611328125
12,-1.6242187499999998
13,-1.6371093749999999
14,-1.65
15,-1.65
16,-1.65
17,-1.65
18,-1.65
19,-1.6371093749999999
20,-1.6242187499999998
21,-1.6242187499999998
22,-1.6242187499999998
23,-1.6371093749999999
24,-1.6371093749999999
25,-1.6371093749999999
26,-1.6371093749999999
27,-1.6242187499999998
28,-1.611328125
29,-1.6242187499999998
30,-1.6371093749999999
31,-1.65
32,-1.65
33,-1.65
34,-1.65
35,-1.65
36,-1.65
37,-1.65
38,-1.65
39,-1.65
40,-1.65
41,-1.6371093749999999
42,-1.6242187499999998
43,-1.6242187499999998
44,-1.6242187499999998
45,-1.6242187499999998
46,-1.6371093749999999
47,-1.6371093749999999
48,-1.6242187499999998
49,-1.611328125
50,-1.611328125
51,-1.6242187499999998
52,-1.6371093749999999
53,-1.65
54,-1.65
55,-1.65
56,-1.65
57,-1.65
58,-1.65
59,-1.65
60,-1.65
61,-1.6242187499999998
62,-1.611328125
63,-1.611328125
64,-1.611328125
65,-1.611328125
66,-1.611328125
67,-1.611328125
68,-1.611328125
69,-1.6371093749999999
70,-1.6371093749999999
71,-1.65
72,-1.65
73,-1.65
74,-1.65
75,-1.65
76,-1.65
77,-1.65
78,-1.65
79,-1.6371093749999999
80,-1.6242187499999998
81,-1.6242187499999998
82,-1.6371093749999999
83,-1.6371093749999999
84,-1.6371093749999999
85,-1.6371093749999999
86,-1.6371093749999999
87,-1.6371093749999999
88,-1.6371093749999999
89,-1.6371093749999999
90,-1.6242187499999998
91,-1.6242187499999998
92,-1.6371093749999999
93,-1.65
94,-1.65
95,-1.65
96,-1.65
97,-1.65
98,-1.65
99,-1.65
100,-1.65
101,-1.65
102,-1.65
103,-1.65
104,-1.6371093749999999
105,-1.6371093749999999
106,-1.6242187499999998
107,-1.6242187499999998
108,-1.6371093749999999
109,-1.6371093749999999
110,-1.6371093749999999
111,-1.6242187499999998
112,-1.611328125
113,-1.611328125
114,-1.6371093749999999
115,-1.65
116,-1.65
117,-1.65
118,-1.65
119,-1.65
120,-1.65
121,-1.65
122,-1.65
123,-1.6371093749999999
124,-1.6242187499999998
125,-1.611328125
126,-1.611328125
127,-1.611328125
128,-1.611328125
129,-1.611328125
130,-1.611328125
131,-1.611328125
132,-1.6371093749999999
133,-1.6371093749999999
134,-1.65
135,-1.65
136,-1.65
137,-1.65
138,-1.65
139,-1.65
140,-1.6371093749999999
141,-1.611328125
142,-1.611328125
143,-1.611328125
144,-1.6242187499999998
145,-1.6371093749999999
146,-1.6242187499999998
147,-1.611328125
148,-1.611328125
149,-1.611328125
150,-1.6371093749999999
151,-1.65
152,-1.65
153,-1.65
154,-1.65
155,-1.65
156,-1.6371093749999999
157,-1.611328125
158,-1.611328125
159,-1.611328125
160,-1.611328125
161,-1.6242187499999998
162,-1.611328125
163,-1.611328125
164,-1.611328125
165,-1.6242187499999998
166,-1.6371093749999999
167,-1.65
168,-1.65
169,-1.65
170,-1.65
171,-1.65
172,-1.65
173,-1.65
174,-1.6371093749999999
175,-1.611328125
176,-1.611328125
177,-1.611328125
178,-1.6242187499999998
179,-1.6371093749999999
180,-1.6371093749999999
181,-1.6371093749999999
182,-1.6242187499999998
183,-1.611328125
184,-1.611328125
185,-1.6371093749999999
186,-1.6371093749999999
187,-1.65
188,-1.65
189,-1.65
190,-1.65
191,-1.65
192,-1.6242187499999998
193,-1.611328125
194,-1.611328125
195,-1.611328125
196,-1.6242187499999998
197,-1.6242187499999998
198,-1.6242187499999998
199,-1.6242187499999998
200,-1.611328125
201,-1.611328125
202,-1.6371093749999999
203,-1.65
204,-1.65
205,-1.65
206,-1.65
207,-1.65
208,-1.6371093749999999
209,-1.611328125
210,-1.611328125
211,-1.611328125
212,-1.611328125
213,-1.585546875
214,-1.5984375
215,-1.6242187499999998
216,-1.6371093749999999
217,-1.65
218,-1.65
219,-1.65
220,-1.5726562499999999
221,-1.5597656249999998
222,-1.5984375
223,-1.611328125
224,-1.6242187499999998
225,-1.65
226,-1.65
227,-1.6242187499999998
228,-1.611328125
229,-1.611328125
230,-1.611328125
231,-1.5984375
232,-1.585546875
233,-1.611328125
234,-1.6242187499999998
235,-1.6371093749999999
236,-1.65
237,-1.585546875
238,-1.5726562499999999
239,-1.5726562499999999
240,-1.5597656249999998
241,-1.5984375
242,-1.611328125
243,-1.6242187499999998
244,-1.6371093749999999
245,-1.65
246,-1.6242187499999998
247,-1.611328125
248,-1.5984375
249,-1.611328125
250,-1.5984375
251,-1.5984375
252,-1.611328125
253,-1.6242187499999998
254,-1.6371093749999999
255,-1.6371093749999999
256,-1.611328125
257,-1.611328125
258,-1.611328125
259,-1.611328125
260,-1.5984375
261,-1.611328125
262,-1.6242187499999998
263,-1.6371093749999999
264,-1.65
265,-1.65
266,-1.6371093749999999
267,-1.611328125
268,-1.611328125
269,-1.611328125
270,-1.611328125
271,-1.611328125
272,-1.5984375
273,-1.65
274,-1.65
275,-1.6371093749999999
276,-1.6371093749999999
277,-1.6371093749999999
278,-1.6371093749999999
279,-1.611328125
280,-1.611328125
281,-1.611328125
282,-1.6371093749999999
283,-1.65
284,-1.65
285,-1.6371093749999999
286,-1.6242187499999998
287,-1.6242187499999998
288,-1.6242187499999998
289,-1.6242187499999998
290,-1.5726562499999999
291,-1.611328125
292,-1.65
293,-1.65
294,-1.6371093749999999
295,-1.6242187499999998
296,-1.6242187499999998
297,-1.6371093749999999
298,-1.6242187499999998
299,-1.5984375
300,-1.611328125
301,-1.6242187499999998
302,-1.6371093749999999
303,-1.65
304,-1.65
305,-1.6371093749999999
306,-1.6371093749999999
307,-1.5726562499999999
308,-1.585546875
309,-1.611328125
310,-1.611328125
311,-1.65
312,-1.65
313,-1.65
314,-1.6242187499999998
315,-1.6242187499999998
316,-1.611328125
317,-1.611328125
318,-1.5984375
319,-1.611328125
320,-1.611328125
321,-1.6371093749999999
322,-1.6371093749999999
323,-1.65
324,-1.5726562499999999
325,-1.5597656249999998
326,-1.5597656249999998
327,-1.5726562499999999
328,-1.5984375
329,-1.611328125
330,-1.6242187499999998
331,-1.65
332,-1.65
333,-1.611328125
334,-1.5984375
335,-1.5984375
336,-1.5984375
337,-1.5726562499999999
338,-1.5984375
339,-1.611328125
340,-1.6371093749999999
341,-1.6371093749999999
342,-1.611328125
343,-1.5984375
344,-1.611328125
345,-1.5984375
346,-1.5984375
347,-1.5984375
348,-1.611328125
349,-1.6371093749999999
350,-1.6371093749999999
351,-1.65
352,-1.6371093749999999
353,-1.611328125
354,-1.611328125
355,-1.611328125
356,-1.611328125
357,-1.5984375
358,-1.5984375
359,-1.611328125
360,-1.65
361,-1.65
362,-1.65
363,-1.6371093749999999
364,-1.6371093749999999
365,-1.6242187499999998
366,-1.611328125
367,-1.611328125
368,-1.6371093749999999
369,-1.6371093749999999
370,-1.65
371,-1.65
372,-1.65
373,-1.6242187499999998
374,-1.611328125
375,-1.6242187499999998
376,-1.6242187499999998
377,-1.611328125
378,-1.585546875
379,-1.6371093749999999
380,-1.65
381,-1.65
382,-1.6371093749999999
383,-1.6371093749999999
384,-1.6371093749999999
385,-1.6242187499999998
386,-1.611328125
387,-1.611328125
388,-1.6242187499999998
389,-1.6371093749999999
390,-1.65
391,-1.65
392,-1.6242187499999998
393,-1.6242187499999998
394,-1.6242187499999998
395,-1.5726562499999999
396,-1.5984375
397,-1.611328125
398,-1.65
399,-1.65
400,-1.6371093749999999
401,-1.6242187499999998
402,-1.611328125
403,-1.6242187499999998
404,-1.611328125
405,-1.5984375
406,-1.611328125
407,-1.6242187499999998
408,-1.6371093749999999
409,-1.65
410,-1.65
411,-1.65
412,-1.585546875
413,-1.585546875
414,-1.585546875
415,-1.611328125
416,-1.6242187499999998
417,-1.6371093749999999
418,-1.6371093749999999
419,-1.65
420,-1.65
421,-1.65
422,-1.65
423,-1.65
424,-1.6371093749999999
425,-1.6242187499999998
426,-1.611328125
427,-1.611328125
428,-1.6242187499999998
429,-1.611328125
430,-1.611328125
431,-1.611328125
432,-1.611328125
433,-1.6371093749999999
434,-1.6371093749999999
435,-1.65
436,-1.65
437,-1.65
438,-1.65
439,-1.65
440,-1.65
441,-1.6371093749999999
442,-1.6242187499999998
443,-1.6242187499999998
444,-1.6242187499999998
445,-1.6371093749999999
446,-1.6371093749999999
447,-1.6371093749999999
448,-1.6242187499999998
449,-1.611328125
450,-1.611328125
451,-1.6371093749999999
452,-1.65
453,-1.65
454,-1.65
455,-1.65
456,-1.65
457,-1.65
458,-1.65
459,-1.6371093749999999
460,-1.611328125
461,-1.611328125
462,-1.611328125
463,-1.611328125
464,-1.611328125
465,-1.611328125
466,-1.611328125
467,-1.611328125
468,-1.6371093749999999
469,-1.65
470,-1.65
471,-1.65
472,-1.65
473,-1.65
474,-1.65
475,-1.65
476,-1.6371093749999999
477,-1.611328125
478,-1.611328125
479,-1.6242187499999998
480,-1.6242187499999998
481,-1.6371093749999999
482,-1.6371093749999999
483,-1.6242187499999998
484,-1.6242187499999998
485,-1.611328125
486,-1.6242187499999998
487,-1.6371093749999999
488,-1.65
489,-1.65
490,-1.65
491,-1.65
492,-1.65
493,-1.65
494,-1.611328125
495,-1.611328125
496,-1.611328125
497,-1.611328125
498,-1.6242187499999998
499,-1.6242187499999998
500,-1.611328125
501,-1.611328125
502,-1.6242187499999998
503,-1.6371093749999999
504,-1.65
505,-1.65
506,-1.65
507,-1.65
508,-1.65
509,-1.65
510,-1.65
511,-1.6371093749999999
512,-1.6242187499999998
513,-1.6242187499999998
514,-1.6242187499999998
515,-1.6242187499999998
516,-1.6371093749999999
517,-1.6242187499999998
518,-1.6242187499999998
519,-1.611328125
520,-1.611328125
521,-1.6371093749999999
522,-1.65
523,-1.65
524,-1.65
525,-1.65
526,-1.65
527,-1.65
528,-1.6371093749999999
529,-1.6242187499999998
530,-1.6242187499999998
531,-1.6242187499999998
532,-1.6371093749999999
533,-1.6242187499999998
534,-1.6242187499999998
535,-1.611328125
536,-1.611328125
537,-1.6371093749999999
538,-1.65
539,-1.65
540,-1.65
541,-1.65
542,-1.65
543,-1.65
544,-1.65
545,-1.6371093749999999
546,-1.6242187499999998
547,-1.6242187499999998
548,-1.6242187499999998
549,-1.6371093749999999
550,-1.6371093749999999
551,-1.6371093749999999
552,-1.6371093749999999
553,-1.6242187499999998
554,-1.611328125
555,-1.6242187499999998
556,-1.6371093749999999
557,-1.65
558,-1.65
559,-1.65
560,-1.65
561,-1.65
562,-1.6371093749999999
563,-1.611328125
564,-1.611328125
565,-1.6242187499999998
566,-1.6371093749999999
567,-1.6371093749999999
568,-1.6371093749999999
569,-1.6242187499999998
570,-1.611328125
571,-1.611328125
572,-1.6371093749999999
573,-1.65
574,-1.65
575,-1.65
576,-1.65
577,-1.65
578,-1.65
579,-1.65
580,-1.65
581,-1.6371093749999999
582,-1.6242187499999998
583,-1.611328125
584,-1.6242187499999998
585,-1.6371093749999999
586,-1.6242187499999998
587,-1.611328125
588,-1.611328125
589,-1.6242187499999998
590,-1.6371093749999999
591,-1.65
592,-1.65
593,-1.65
594,-1.65
595,-1.65
596,-1.65
597,-1.65
598,-1.65
599,-1.6371093749999999
600,-1.6371093749999999
601,-1.6371093749999999
602,-1.6371093749999999
603,-1.6371093749999999
604,-1.6371093749999999
605,-1.6371093749999999
606,-1.6242187499999998
607,-1.611328125
608,-1.6371093749999999
609,-1.65
610,-1.65
611,-1.65
612,-1.65
613,-1.65
614,-1.65
615,-1.65
616,-1.65
617,-1.6371093749999999
618,-1.6242187499999998
619,-1.611328125
620,-1.611328125
621,-1.6242187499999998
622,-1.611328125
623,-1.611328125
624,-1.611328125
625,-1.6371093749999999
626,-1.65
627,-1.65
628,-1.65
629,-1.65
630,-1.65
631,-1.65
632,-1.65
633,-1.65
634,-1.65
635,-1.6242187499999998
636,-1.611328125
637,-1.611328125
638,-1.6242187499999998
639,-1.6371093749999999
640,-1.6371093749999999
641,-1.6371093749999999
642,-1.6371093749999999
643,-1.6242187499999998
644,-1.611328125
645,-1.6371093749999999
646,-1.65
647,-1.65
648,-1.65
649,-1.65
650,-1.65
651,-1.65
652,-1.6371093749999999
653,-1.611328125
654,-1.611328125
655,-1.611328125
656,-1.611328125
657,-1.611328125
658,-1.611328125
659,-1.611328125
660,-1.611328125
661,-1.611328125
662,-1.6371093749999999
663,-1.65
664,-1.65
665,-1.65
666,-1.65
667,-1.65
668,-1.65
669,-1.65
670,-1.65
671,-1.65
672,-1.6242187499999998
673,-1.611328125
674,-1.611328125
675,-1.611328125
676,-1.6371093749999999
677,-1.6371093749999999
678,-1.6371093749999999
679,-1.6242187499999998
680,-1.611328125
681,-1.611328125
682,-1.6371093749999999
683,-1.65
684,-1.65
685,-1.65
686,-1.65
687,-1.65
688,-1.65
689,-1.6371093749999999
690,-1.611328125
691,-1.611328125
692,-1.6242187499999998
693,-1.6371093749999999
694,-1.6371093749999999
695,-1.6242187499999998
696,-1.6242187499999998
697,-1.611328125
698,-1.6242187499999998
699,-1.6371093749999999
700,-1.65
701,-1.65
702,-1.65
703,-1.65
704,-1.65
705,-1.65
706,-1.65
707,-1.65
708,-1.6371093749999999
709,-1.6242187499999998
710,-1.6242187499999998
711,-1.6242187499999998
712,-1.6371093749999999
713,-1.6371093749999999
714,-1.6371093749999999
715,-1.6242187499999998
716,-1.611328125
717,-1.611328125
718,-1.6371093749999999
719,-1.65
720,-1.65
721,-1.65
722,-1.65
723,-1.65
724,-1.65
725,-1.6371093749999999
726,-1.6242187499999998
727,-1.6242187499999998
728,-1.6242187499999998
729,-1.6371093749999999
730,-1.6371093749999999
731,-1.6242187499999998
732,-1.611328125
733,-1.611328125
734,-1.6371093749999999
735,-1.65
736,-1.65
737,-1.65
738,-1.65
739,-1.6371093749999999
740,-1.65
741,-1.65
742,-1.65
743,-1.6371093749999999
744,-1.6242187499999998
745,-1.6242187499999998
746,-1.6371093749999999
747,-1.6371093749999999
748,-1.6371093749999999
749,-1.6371093749999999
750,-1.6371093749999999
751,-1.611328125
752,-1.611328125
753,-1.6371093749999999
754,-1.65
755,-1.546875
756,-1.456640625
757,-1.5597656249999998
758,-1.6371093749999999
759,-1.65
760,-1.65
761,-1.65
762,-1.65
763,-1.65
764,-1.65
765,-1.65
766,-1.6371093749999999
767,-1.6371093749999999
768,-1.611328125
769,-1.6242187499999998
770,-1.6371093749999999
771,-1.65
772,-1.65
773,-1.4953124999999998
774,-1.2890625
775,-1.456640625
776,-1.5597656249999998
777,-1.6371093749999999
778,-1.65
779,-1.65
780,-1.65
781,-1.65
782,-1.65
783,-1.65
784,-1.65
785,-1.6371093749999999
786,-1.611328125
787,-1.6242187499999998
788,-1.6371093749999999
789,-1.6371093749999999
790,-1.533984375
791,-1.2890625
792,-1.46953125
793,-1.5726562499999999
794,-1.6242187499999998
795,-1.6371093749999999
796,-1.65
797,-1.65
798,-1.65
799,-1.65
800,-1.65
801,-1.6371093749999999
802,-1.6371093749999999
803,-1.6242187499999998
804,-1.6242187499999998
805,-1.6371093749999999
806,-1.6371093749999999
807,-1.611328125
808,-1.546875
809,-1.3921875
810,-1.5082031249999999
811,-1.5984375
812,-1.65
813,-1.65
814,-1.65
815,-1.65
816,-1.65
817,-1.65
818,-1.6371093749999999
819,-1.6242187499999998
820,-1.611328125
821,-1.5726562499999999
822,-1.611328125
823,-1.5984375
824,-1.456640625
825,-1.405078125
826,-1.52109375
827,-1.5984375
828,-1.65
829,-1.65
830,-1.65
831,-1.65
832,-1.65
833,-1.65
834,-1.65
835,-1.65
836,-1.6371093749999999
837,-1.6371093749999999
838,-1.6242187499999998
839,-1.5726562499999999
840,-1.5726562499999999
841,-1.611328125
842,-1.6371093749999999
843,-1.611328125
844,-1.3921875
845,-1.456640625
846,-1.5726562499999999
847,-1.65
848,-1.65
849,-1.65
850,-1.65
851,-1.65
852,-1.65
853,-1.6371093749999999
854,-1.6371093749999999
855,-1.611328125
856,-1.5984375
857,-1.611328125
858,-1.6371093749999999
859,-1.6371093749999999
860,-1.5597656249999998
861,-1.340625
862,-1.4437499999999999
863,-1.5597656249999998
864,-1.6242187499999998
865,-1.65
866,-1.65
867,-1.65
868,-1.65
869,-1.65
870,-1.65
871,-1.65
872,-1.6371093749999999
873,-1.6242187499999998
874,-1.611328125
875,-1.611328125
876,-1.6371093749999999
877,-1.6371093749999999
878,-1.2890625
879,-1.456640625
880,-1.5597656249999998
881,-1.6371093749999999
882,-1.65
883,-1.65
884,-1.65
885,-1.65
886,-1.65
887,-1.65
888,-1.65
889,-1.6371093749999999
890,-1.6371093749999999
891,-1.6242187499999998
892,-1.611328125
893,-1.6371093749999999
894,-1.65
895,-1.6371093749999999
896,-1.585546875
897,-1.4308593749999998
898,-1.546875
899,-1.611328125
900,-1.65
901,-1.65
902,-1.65
903,-1.65
904,-1.65
905,-1.65
906,-1.65
907,-1.6371093749999999
908,-1.6371093749999999
909,-1.546875
910,-1.5984375
911,-1.5984375
912,-1.5597656249999998
913,-1.4308593749999998
914,-1.5597656249999998
915,-1.6371093749999999
916,-1.65
917,-1.65
918,-1.65
919,-1.65
920,-1.65
921,-1.65
922,-1.65
923,-1.65
924,-1.6371093749999999
925,-1.6371093749999999
926,-1.6242187499999998
927,-1.5082031249999999
928,-1.546875
929,-1.5984375
930,-1.611328125
931,-1.5984375
932,-1.4308593749999998
933,-1.5082031249999999
934,-1.5984375
935,-1.65
936,-1.65
937,-1.65
938,-1.65
939,-1.65
940,-1.65
941,-1.65
942,-1.6242187499999998
943,-1.611328125
944,-1.5597656249999998
945,-1.5597656249999998
946,-1.611328125
947,-1.52109375
948,-1.353515625
949,-1.46953125
950,-1.5726562499999999
951,-1.6371093749999999
952,-1.65
953,-1.65
954,-1.65
955,-1.65
956,-1.65
957,-1.65
958,-1.65
959,-1.65
960,-1.65
961,-1.6371093749999999
962,-1.6242187499999998
963,-1.611328125
964,-1.611328125
965,-1.611328125
966,-1.6371093749999999
967,-1.6371093749999999
968,-1.482421875
969,-1.405078125
970,-1.533984375
971,-1.611328125
972,-1.65
973,-1.65
974,-1.65
975,-1.65
976,-1.65
977,-1.6371093749999999
978,-1.6242187499999998
979,-1.6242187499999998
980,-1.585546875
981,-1.611328125
982,-1.611328125
983,-1.6242187499999998
984,-1.4953124999999998
985,-1.482421875
986,-1.5726562499999999
987,-1.6371093749999999
988,-1.65
989,-1.65
990,-1.65
991,-1.65
992,-1.65
993,-1.65
994,-1.65
995,-1.65
996,-1.6371093749999999
997,-1.6242187499999998
998,-1.611328125
999,-1.5597656249999998
1000,-1.611328125
1001,-1.6242187499999998
1002,-1.6371093749999999
1003,-1.611328125
1004,-1.4953124999999998
1005,-1.5597656249999998
1006,-1.6242187499999998
1007,-1.65
1008,-1.65
1009,-1.65
1010,-1.65
1011,-1.65
1012,-1.6371093749999999
1013,-1.6242187499999998
1014,-1.611328125
1015,-1.5597656249999998
1016,-1.5984375
1017,-1.611328125
1018,-1.6371093749999999
1019,-1.6371093749999999
1020,-1.611328125
1021,-1.5597656249999998
1022,-1.5726562499999999
1023,-1.6371093749999999
1024,-1.65
1025,-1.65
1026,-1.65
1027,-1.6371093749999999
1028,-1.6371093749999999
1029,-1.6371093749999999
1030,-1.6371093749999999
1031,-1.6371093749999999
1032,-1.6371093749999999
1033,-1.6242187499999998
1034,-1.611328125
1035,-1.5984375
1036,-1.611328125
1037,-1.6371093749999999
1038,-1.65
1039,-1.611328125
1040,-1.4953124999999998
1041,-1.585546875
1042,-1.65
1043,-1.65
1044,-1.65
1045,-1.65
1046,-1.65
1047,-1.65
1048,-1.6371093749999999
1049,-1.6371093749999999
1050,-1.6242187499999998
1051,-1.6242187499999998
1052,-1.6371093749999999
1053,-1.65
1054,-1.65
1055,-1.65
1056,-1.65
1057,-1.546875
1058,-1.5984375
1059,-1.65
1060,-1.65
1061,-1.65
1062,-1.65
1063,-1.6371093749999999
1064,-1.6371093749999999
1065,-1.6371093749999999
1066,-1.65
1067,-1.6371093749999999
1068,-1.6371093749999999
1069,-1.6242187499999998
1070,-1.611328125
1071,-1.6371093749999999
1072,-1.65
1073,-1.65
1074,-1.611328125
1075,-1.65
1076,-1.65
1077,-1.65
1078,-1.6242187499999998
1079,-1.6242187499999998
1080,-1.6242187499999998
1081,-1.6371093749999999
1082,-1.6371093749999999
1083,-1.6371093749999999
1084,-1.6371093749999999
1085,-1.6371093749999999
1086,-1.6242187499999998
1087,-1.611328125
1088,-1.6371093749999999
1089,-1.65
1090,-1.65
1091,-1.65
1092,-1.65
1093,-1.65
1094,-1.65
1095,-1.65
1096,-1.65
1097,-1.6242187499999998
1098,-1.6242187499999998
1099,-1.6242187499999998
1100,-1.6242187499999998
1101,-1.6371093749999999
1102,-1.6371093749999999
1103,-1.6371093749999999
1104,-1.5984375
1105,-1.611328125
1106,-1.6371093749999999
1107,-1.65
1108,-1.65
1109,-1.65
1110,-1.65
1111,-1.65
1112,-1.65
1113,-1.6371093749999999
1114,-1.6371093749999999
1115,-1.6242187499999998
1116,-1.6371093749999999
1117,-1.6371093749999999
1118,-1.6371093749999999
1119,-1.6371093749999999
1120,-1.6371093749999999
1121,-1.6371093749999999
1122,-1.611328125
1123,-1.611328125
1124,-1.6371093749999999
1125,-1.65
1126,-1.65
1127,-1.65
1128,-1.65
1129,-1.65
1130,-1.65
1131,-1.65
1132,-1.6371093749999999
1133,-1.611328125
1134,-1.611328125
1135,-1.611328125
1136,-1.6242187499999998
1137,-1.611328125
1138,-1.611328125
1139,-1.611328125
1140,-1.6242187499999998
1141,-1.65
1142,-1.65
1143,-1.65
1144,-1.65
1145,-1.65
1146,-1.65
1147,-1.65
1148,-1.65
1149,-1.65
1150,-1.6371093749999999
1151,-1.6242187499999998
1152,-1.6242187499999998
1153,-1.6242187499999998
1154,-1.6371093749999999
1155,-1.6371093749999999
1156,-1.6371093749999999
1157,-1.6242187499999998
1158,-1.611328125
1159,-1.611328125
1160,-1.6371093749999999
1161,-1.65
1162,-1.65
1163,-1.65
1164,-1.65
1165,-1.65
1166,-1.65
1167,-1.65
1168,-1.611328125
1169,-1.611328125
1170,-1.611328125
1171,-1.611328125
1172,-1.6242187499999998
1173,-1.611328125
1174,-1.611328125
1175,-1.611328125
1176,-1.6371093749999999
1177,-1.65
1178,-1.65
1179,-1.65
1180,-1.65
1181,-1.65
1182,-1.65
1183,-1.65
1184,-1.65
1185,-1.65
1186,-1.6242187499999998
1187,-1.611328125
1188,-1.611328125
1189,-1.611328125
1190,-1.6242187499999998
1191,-1.6371093749999999
1192,-1.6371093749999999
1193,-1.6242187499999998
1194,-1.611328125
1195,-1.611328125
1196,-1.6371093749999999
1197,-1.65
1198,-1.65
1199,-1.65
1200,-1.65
1201,-1.65
1202,-1.65
1203,-1.611328125
1204,-1.611328125
1205,-1.611328125
1206,-1.611328125
1207,-1.6242187499999998
1208,-1.6242187499999998
1209,-1.6242187499999998
1210,-1.611328125
1211,-1.611328125
1212,-1.6242187499999998
1213,-1.65
1214,-1.65
1215,-1.65
1216,-1.65
1217,-1.65
1218,-1.65
1219,-1.65
1220,-1.65
1221,-1.65
1222,-1.611328125
1223,-1.611328125
1224,-1.611328125
1225,-1.611328125
1226,-1.6242187499999998
1227,-1.6371093749999999
1228,-1.6242187499999998
1229,-1.6242187499999998
1230,-1.611328125
1231,-1.611328125
1232,-1.6371093749999999
1233,-1.65
1234,-1.65
1235,-1.65
1236,-1.65
1237,-1.65
1238,-1.65
1239,-1.6242187499999998
1240,-1.611328125
1241,-1.611328125
1242,-1.6242187499999998
1243,-1.6371093749999999
1244,-1.6371093749999999
1245,-1.6371093749999999
1246,-1.6242187499999998
1247,-1.6242187499999998
1248,-1.6242187499999998
1249,-1.65
1250,-1.65
1251,-1.65
1252,-1.65
1253,-1.65
1254,-1.65
1255,-1.65
1256,-1.65
1257,-1.65
1258,-1.6242187499999998
1259,-1.6242187499999998
1260,-1.6242187499999998
1261,-1.6242187499999998
1262,-1.6371093749999999
1263,-1.6371093749999999
1264,-1.6371093749999999
1265,-1.611328125
1266,-1.611328125
1267,-1.6371093749999999
1268,-1.65
1269,-1.65
1270,-1.65
1271,-1.65
1272,-1.65
1273,-1.65
1274,-1.6371093749999999
1275,-1.6242187499999998
1276,-1.6242187499999998
1277,-1.6371093749999999
1278,-1.6371093749999999
1279,-1.6371093749999999
1280,-1.65
1281,-1.6371093749999999
1282,-1.6371093749999999
1283,-1.6242187499999998
1284,-1.611328125
1285,-1.6371093749999999
1286,-1.65
1287,-1.65
1288,-1.65
1289,-1.65
1290,-1.65
1291,-1.65
1292,-1.65
1293,-1.65
1294,-1.6371093749999999
1295,-1.611328125
1296,-1.611328125
1297,-1.6242187499999998
1298,-1.6242187499999998
1299,-1.6371093749999999
1300,-1.611328125
1301,-1.5984375
1302,-1.6242187499999998
1303,-1.65
1304,-1.65
1305,-1.65
1306,-1.65
1307,-1.65
1308,-1.65
1309,-1.65
1310,-1.65
1311,-1.6371093749999999
1312,-1.6371093749999999
1313,-1.6242187499999998
1314,-1.6242187499999998
1315,-1.6371093749999999
1316,-1.6371093749999999
1317,-1.6371093749999999
1318,-1.6371093749999999
1319,-1.6242187499999998
1320,-1.611328125
1321,-1.6371093749999999
1322,-1.65
1323,-1.65
1324,-1.65
1325,-1.65
1326,-1.65
1327,-1.65
1328,-1.65
1329,-1.65
1330,-1.6371093749999999
1331,-1.611328125
1332,-1.611328125
1333,-1.611328125
1334,-1.6242187499999998
1335,-1.611328125
1336,-1.611328125
1337,-1.611328125
1338,-1.6242187499999998
1339,-1.6371093749999999
1340,-1.65
1341,-1.65
1342,-1.65
1343,-1.65
1344,-1.65
1345,-1.65
1346,-1.65
1347,-1.6371093749999999
1348,-1.6242187499999998
1349,-1.6242187499999998
1350,-1.6242187499999998
1351,-1.6371093749999999
1352,-1.6242187499999998
1353,-1.6242187499999998
1354,-1.611328125
1355,-1.6242187499999998
1356,-1.6371093749999999
1357,-1.65
1358,-1.65
1359,-1.65
1360,-1.65
1361,-1.65
1362,-1.65
1363,-1.65
1364,-1.611328125
1365,-1.611328125
1366,-1.611328125
1367,-1.611328125
1368,-1.611328125
1369,-1.611328125
1370,-1.611328125
1371,-1.611328125
1372,-1.6371093749999999
1373,-1.65
1374,-1.65
1375,-1.65
1376,-1.65
1377,-1.65
1378,-1.65
1379,-1.65
1380,-1.65
1381,-1.6371093749999999
1382,-1.611328125
1383,-1.611328125
1384,-1.611328125
1385,-1.6242187499999998
1386,-1.6371093749999999
1387,-1.6371093749999999
1388,-1.6371093749999999
1389,-1.6242187499999998
1390,-1.6242187499999998
1391,-1.611328125
1392,-1.6371093749999999
1393,-1.65
1394,-1.65
1395,-1.65
1396,-1.65
1397,-1.65
1398,-1.65
1399,-1.6242187499999998
1400,-1.611328125
1401,-1.611328125
1402,-1.611328125
1403,-1.6242187499999998
1404,-1.6242187499999998
1405,-1.611328125
1406,-1.611328125
1407,-1.611328125
1408,-1.6371093749999999
1409,-1.65
1410,-1.65
1411,-1.65
1412,-1.65
1413,-1.65
1414,-1.65
1415,-1.65
1416,-1.65
1417,-1.6371093749999999
1418,-1.6242187499999998
1419,-1.611328125
1420,-1.611328125
1421,-1.6242187499999998
1422,-1.6371093749999999
1423,-1.6371093749999999
1424,-1.6371093749999999
1425,-1.6242187499999998
1426,-1.6242187499999998
1427,-1.611328125
1428,-1.6371093749999999
1429,-1.65
1430,-1.65
1431,-1.65
1432,-1.65
1433,-1.65
1434,-1.65
1435,-1.6371093749999999
1436,-1.6371093749999999
1437,-1.6242187499999998
1438,-1.6242187499999998
1439,-1.6371093749999999
1440,-1.6371093749999999
1441,-1.6242187499999998
1442,-1.6242187499999998
1443,-1.611328125
1444,-1.6371093749999999
1445,-1.65
1446,-1.65
1447,-1.611328125
1448,-1.611328125
1449,-1.611328125
1450,-1.611328125
1451,-1.585546875
1452,-1.65
1453,-1.65
1454,-1.65
1455,-1.611328125
1456,-1.611328125
1457,-1.611328125
1458,-1.6242187499999998
1459,-1.65
1460,-1.65
1461,-1.65
1462,-1.65
1463,-1.65
1464,-1.65
1465,-1.65
1466,-1.65
1467,-1.6242187499999998
1468,-1.611328125
1469,-1.611328125
1470,-1.6242187499999998
1471,-1.6242187499999998
1472,-1.611328125
1473,-1.611328125
1474,-1.611328125
1475,-1.6371093749999999
1476,-1.65
1477,-1.65
1478,-1.65
1479,-1.65
1480,-1.65
1481,-1.65
1482,-1.65
1483,-1.6371093749999999
1484,-1.6242187499999998
1485,-1.611328125
1486,-1.6242187499999998
1487,-1.6371093749999999
1488,-1.6371093749999999
1489,-1.6371093749999999
1490,-1.6242187499999998
1491,-1.611328125
1492,-1.6242187499999998
1493,-1.6371093749999999
1494,-1.65
1495,-1.65
1496,-1.65
1497,-1.65
1498,-1.65
1499,-1.65
1500,-1.65
1501,-1.6371093749999999
1502,-1.611328125
1503,-1.611328125
1504,-1.611328125
1505,-1.6242187499999998
1506,-1.611328125
1507,-1.611328125
1508,-1.611328125
1509,-1.6242187499999998
1510,-1.65
1511,-1.65
1512,-1.65
1513,-1.65
1514,-1.65
1515,-1.65
1516,-1.65
1517,-1.6242187499999998
1518,-1.611328125
1519,-1.611328125
1520,-1.611328125
1521,-1.6242187499999998
1522,-1.6371093749999999
1523,-1.6371093749999999
1524,-1.6242187499999998
1525,-1.611328125
1526,-1.611328125
1527,-1.6371093749999999
1528,-1.65
1529,-1.65
1530,-1.65
1531,-1.65
1532,-1.65
1533,-1.65
1534,-1.65
1535,-1.611328125
1536,-1.611328125
1537,-1.611328125
1538,-1.611328125
1539,-1.611328125
1540,-1.6242187499999998
1541,-1.611328125
1542,-1.5984375
1543,-1.6242187499999998
1544,-1.65
1545,-1.65
1546,-1.65
1547,-1.65
1548,-1.65
1549,-1.65
1550,-1.65
1551,-1.6371093749999999
1552,-1.611328125
1553,-1.611328125
1554,-1.611328125
1555,-1.6242187499999998
1556,-1.6371093749999999
1557,-1.6371093749999999
1558,-1.6371093749999999
1559,-1.6242187499999998
1560,-1.611328125
1561,-1.611328125
1562,-1.6371093749999999
1563,-1.65
1564,-1.65
1565,-1.65
1566,-1.65
1567,-1.65
1568,-1.65
1569,-1.611328125
1570,-1.611328125
1571,-1.6242187499999998
1572,-1.6371093749999999
1573,-1.6371093749999999
1574,-1.6371093749999999
1575,-1.6371093749999999
1576,-1.6242187499999998
1577,-1.6242187499999998
1578,-1.6371093749999999
1579,-1.65
1580,-1.65
1581,-1.65
1582,-1.65
1583,-1.65
1584,-1.65
1585,-1.65
1586,-1.65
1587,-1.6371093749999999
1588,-1.611328125
1589,-1.611328125
1590,-1.611328125
1591,-1.6242187499999998
1592,-1.6371093749999999
1593,-1.6371093749999999
1594,-1.6242187499999998
1595,-1.611328125
1596,-1.611328125
1597,-1.6371093749999999
1598,-1.65
1599,-1.65
1600,-1.65
1601,-1.65
1602,-1.65
1603,-1.6242187499999998
1604,-1.611328125
1605,-1.611328125
1606,-1.6242187499999998
1607,-1.6371093749999999
1608,-1.6371093749999999
1609,-1.6371093749999999
1610,-1.6371093749999999
1611,-1.6242187499999998
1612,-1.611328125
1613,-1.611328125
1614,-1.6371093749999999
1615,-1.65
1616,-1.65
1617,-1.65
1618,-1.65
1619,-1.65
1620,-1.65
1621,-1.65
1622,-1.6371093749999999
1623,-1.611328125
1624,-1.611328125
1625,-1.611328125
1626,-1.6242187499999998
1627,-1.6242187499999998
1628,-1.6242187499999998
1629,-1.611328125
1630,-1.611328125
1631,-1.6371093749999999
1632,-1.65
1633,-1.65
1634,-1.65
1635,-1.65
1636,-1.65
1637,-1.65
1638,-1.65
1639,-1.6371093749999999
1640,-1.6242187499999998
1641,-1.6242187499999998
1642,-1.6371093749999999
1643,-1.6371093749999999
1644,-1.6371093749999999
1645,-1.6371093749999999
1646,-1.6371093749999999
1647,-1.611328125
1648,-1.611328125
1649,-1.6371093749999999
1650,-1.65
1651,-1.65
1652,-1.65
1653,-1.65
1654,-1.65
1655,-1.65
1656,-1.65
1657,-1.65
1658,-1.6242187499999998
1659,-1.611328125
1660,-1.611328125
1661,-1.611328125
1662,-1.611328125
1663,-1.611328125
1664,-1.611328125
1665,-1.6242187499999998
1666,-1.65
1667,-1.65
1668,-1.65
1669,-1.65
1670,-1.65
1671,-1.65
1672,-1.65
1673,-1.65
1674,-1.65
1675,-1.6242187499999998
1676,-1.611328125
1677,-1.611328125
1678,-1.6242187499999998
1679,-1.6371093749999999
1680,-1.6371093749999999
1681,-1.6242187499999998
1682,-1.611328125
1683,-1.611328125
1684,-1.6242187499999998
1685,-1.65
1686,-1.65
1687,-1.65
1688,-1.65
1689,-1.65
1690,-1.65
1691,-1.65
1692,-1.611328125
1693,-1.611328125
1694,-1.611328125
1695,-1.611328125
1696,-1.611328125
1697,-1.611328125
1698,-1.611328125
1699,-1.6242187499999998
1700,-1.6371093749999999
1701,-1.65
1702,-1.65
1703,-1.65
1704,-1.65
1705,-1.65
1706,-1.65
1707,-1.65
1708,-1.65
1709,-1.6371093749999999
1710,-1.611328125
1711,-1.611328125
1712,-1.611328125
1713,-1.6242187499999998
1714,-1.6371093749999999
1715,-1.6371093749999999
1716,-1.6242187499999998
1717,-1.6242187499999998
1718,-1.611328125
1719,-1.6242187499999998
1720,-1.6371093749999999
1721,-1.65
1722,-1.65
1723,-1.65
1724,-1.65
1725,-1.65
1726,-1.65
1727,-1.611328125
1728,-1.5984375
1729,-1.611328125
1730,-1.611328125
1731,-1.611328125
1732,-1.611328125
1733,-1.611328125
1734,-1.5984375
1735,-1.6242187499999998
1736,-1.65
1737,-1.65
1738,-1.65
1739,-1.65
1740,-1.65
1741,-1.65
1742,-1.65
1743,-1.65
1744,-1.6242187499999998
1745,-1.611328125
1746,-1.611328125
1747,-1.611328125
1748,-1.6371093749999999
1749,-1.6371093749999999
1750,-1.6371093749999999
1751,-1.6242187499999998
1752,-1.611328125
1753,-1.611328125
1754,-1.6371093749999999
1755,-1.65
1756,-1.65
1757,-1.65
1758,-1.65
1759,-1.65
1760,-1.65
1761,-1.6242187499999998
1762,-1.611328125
1763,-1.611328125
1764,-1.611328125
1765,-1.6242187499999998
1766,-1.611328125
1767,-1.611328125
1768,-1.611328125
1769,-1.6242187499999998
1770,-1.6371093749999999
1771,-1.65
1772,-1.65
1773,-1.65
1774,-1.65
1775,-1.65
1776,-1.65
1777,-1.65
1778,-1.6371093749999999
1779,-1.611328125
1780,-1.611328125
1781,-1.6242187499999998
1782,-1.6242187499999998
1783,-1.6371093749999999
1784,-1.6371093749999999
1785,-1.6242187499999998
1786,-1.611328125
1787,-1.611328125
1788,-1.6371093749999999
1789,-1.65
1790,-1.65
1791,-1.65
1792,-1.65
1793,-1.65
1794,-1.6371093749999999
1795,-1.611328125
1796,-1.611328125
1797,-1.611328125
1798,-1.6242187499999998
1799,-1.6242187499999998
1800,-1.611328125
1801,-1.611328125
1802,-1.611328125
1803,-1.6371093749999999
1804,-1.65
1805,-1.65
1806,-1.65
1807,-1.65
1808,-1.65
1809,-1.65
1810,-1.65
1811,-1.6371093749999999
1812,-1.611328125
1813,-1.611328125
1814,-1.611328125
1815,-1.6242187499999998
1816,-1.6371093749999999
1817,-1.6371093749999999
1818,-1.6371093749999999
1819,-1.611328125
1820,-1.611328125
1821,-1.6371093749999999
1822,-1.65
1823,-1.65
1824,-1.65
1825,-1.65
1826,-1.65
1827,-1.6242187499999998
1828,-1.611328125
1829,-1.611328125
1830,-1.6242187499999998
1831,-1.6371093749999999
1832,-1.6371093749999999
1833,-1.6371093749999999
1834,-1.6242187499999998
1835,-1.611328125
1836,-1.6242187499999998
1837,-1.6371093749999999
1838,-1.65
1839,-1.65
1840,-1.65
1841,-1.65
1842,-1.65
1843,-1.65
1844,-1.65
1845,-1.65
1846,-1.6371093749999999
1847,-1.6242187499999998
1848,-1.611328125
1849,-1.6242187499999998
1850,-1.611328125
1851,-1.611328125
1852,-1.611328125
1853,-1.6371093749999999
1854,-1.65
1855,-1.65
1856,-1.65
1857,-1.65
1858,-1.65
1859,-1.65
1860,-1.65
1861,-1.65
1862,-1.65
1863,-1.6242187499999998
1864,-1.611328125
1865,-1.611328125
1866,-1.6242187499999998
1867,-1.6371093749999999
1868,-1.6371093749999999
1869,-1.6242187499999998
1870,-1.611328125
1871,-1.611328125
1872,-1.6371093749999999
1873,-1.65
1874,-1.65
1875,-1.65
1876,-1.65
1877,-1.65
1878,-1.65
1879,-1.6371093749999999
1880,-1.611328125
1881,-1.611328125
1882,-1.611328125
1883,-1.611328125
1884,-1.611328125
1885,-1.611328125
1886,-1.611328125
1887,-1.611328125
1888,-1.6371093749999999
1889,-1.65
1890,-1.65
1891,-1.65
1892,-1.65
1893,-1.65
1894,-1.65
1895,-1.65
1896,-1.65
1897,-1.65
1898,-1.6242187499999998
1899,-1.611328125
1900,-1.611328125
1901,-1.611328125
1902,-1.6242187499999998
1903,-1.6242187499999998
1904,-1.6242187499999998
1905,-1.611328125
1906,-1.611328125
1907,-1.6371093749999999
1908,-1.65
1909,-1.65
1910,-1.65
1911,-1.65
1912,-1.65
1913,-1.6371093749999999
1914,-1.611328125
1915,-1.611328125
1916,-1.611328125
1917,-1.6242187499999998
1918,-1.6242187499999998
1919,-1.6242187499999998
1920,-1.6242187499999998
1921,-1.611328125
1922,-1.611328125
1923,-1.6371093749999999
1924,-1.65
1925,-1.65
1926,-1.65
1927,-1.65
1928,-1.65
1929,-1.65
1930,-1.65
1931,-1.65
1932,-1.6242187499999998
1933,-1.611328125
1934,-1.611328125
1935,-1.611328125
1936,-1.6242187499999998
1937,-1.6371093749999999
1938,-1.6371093749999999
1939,-1.6371093749999999
1940,-1.6242187499999998
1941,-1.611328125
1942,-1.6242187499999998
1943,-1.6371093749999999
1944,-1.65
1945,-1.65
1946,-1.65
1947,-1.65
1948,-1.65
1949,-1.65
1950,-1.6242187499999998
1951,-1.611328125
1952,-1.611328125
1953,-1.6242187499999998
1954,-1.6371093749999999
1955,-1.6242187499999998
1956,-1.6242187499999998
1957,-1.611328125
1958,-1.611328125
1959,-1.6371093749999999
1960,-1.65
1961,-1.65
1962,-1.65
1963,-1.65
1964,-1.65
1965,-1.65
1966,-1.65
1967,-1.6371093749999999
1968,-1.611328125
1969,-1.611328125
1970,-1.6242187499999998
1971,-1.6242187499999998
1972,-1.6371093749999999
1973,-1.6371093749999999
1974,-1.611328125
1975,-1.611328125
1976,-1.6371093749999999
1977,-1.65
1978,-1.65
1979,-1.65
1980,-1.65
1981,-1.65
1982,-1.65
1983,-1.6371093749999999
1984,-1.6242187499999998
1985,-1.6242187499999998
1986,-1.6371093749999999
1987,-1.6371093749999999
1988,-1.6371093749999999
1989,-1.6371093749999999
1990,-1.6371093749999999
1991,-1.6242187499999998
1992,-1.611328125
1993,-1.6371093749999999
1994,-1.65
1995,-1.65
1996,-1.65
1997,-1.65
1998,-1.65
1999,-1.65
2000,-1.65
2001,-1.65
2002,-1.6242187499999998
2003,-1.6242187499999998
2004,-1.611328125
2005,-1.611328125
2006,-1.611328125
2007,-1.611328125
2008,-1.611328125
2009,-1.6242187499999998
2010,-1.65
2011,-1.65
2012,-1.65
2013,-1.65
2014,-1.65
2015,-1.65
2016,-1.65
2017,-1.65
2018,-1.6371093749999999
2019,-1.6242187499999998
2020,-1.611328125
2021,-1.611328125
2022,-1.6242187499999998
2023,-1.6371093749999999
2024,-1.6371093749999999
2025,-1.6242187499999998
2026,-1.611328125
2027,-1.611328125
2028,-1.6371093749999999
2029,-1.65
2030,-1.65
2031,-1.65
2032,-1.65
2033,-1.65
2034,-1.65
2035,-1.65
2036,-1.65
2037,-1.611328125
2038,-1.611328125
2039,-1.611328125
2040,-1.6242187499999998
2041,-1.6242187499999998
2042,-1.611328125
2043,-1.611328125
2044,-1.611328125
2045,-1.6371093749999999
2046,-1.65
2047,-1.65
2048,-1.65
2049,-1.65
2050,-1.65
2051,-1.65
2052,-1.65
2053,-1.65
2054,-1.65
2055,-1.6242187499999998
2056,-1.611328125
2057,-1.611328125
2058,-1.611328125
2059,-1.6242187499999998
2060,-1.6371093749999999
2061,-1.6242187499999998
2062,-1.6242187499999998
2063,-1.611328125
2064,-1.6242187499999998
2065,-1.65
2066,-1.65
2067,-1.65
2068,-1.65
2069,-1.65
2070,-1.65
2071,-1.6242187499999998
2072,-1.611328125
2073,-1.611328125
2074,-1.611328125
2075,-1.611328125
2076,-1.611328125
2077,-1.611328125
2078,-1.611328125
2079,-1.6371093749999999
2080,-1.65
2081,-1.65
2082,-1.65
2083,-1.65
2084,-1.65
2085,-1.65
2086,-1.65
2087,-1.65
2088,-1.6242187499999998
2089,-1.611328125
2090,-1.611328125
2091,-1.611328125
2092,-1.6242187499999998
2093,-1.6371093749999999
2094,-1.6371093749999999
2095,-1.6242187499999998
2096,-1.611328125
2097,-1.611328125
2098,-1.6371093749999999
2099,-1.65
2100,-1.65
2101,-1.65
2102,-1.65
2103,-1.65
2104,-1.6371093749999999
2105,-1.611328125
2106,-1.611328125
2107,-1.611328125
2108,-1.6242187499999998
2109,-1.6371093749999999
2110,-1.6371093749999999
2111,-1.6371093749999999
2112,-1.6242187499999998
2113,-1.6242187499999998
2114,-1.6242187499999998
2115,-1.6371093749999999
2116,-1.65
2117,-1.65
2118,-1.65
2119,-1.65
2120,-1.65
2121,-1.65
2122,-1.65
2123,-1.6371093749999999
2124,-1.6242187499999998
2125,-1.611328125
2126,-1.6242187499999998
2127,-1.6242187499999998
2128,-1.6371093749999999
2129,-1.6371093749999999
2130,-1.6242187499999998
2131,-1.611328125
2132,-1.611328125
2133,-1.6371093749999999
2134,-1.65
2135,-1.65
2136,-1.65
2137,-1.65
2138,-1.65
2139,-1.6371093749999999
2140,-1.611328125
2141,-1.611328125
2142,-1.611328125
2143,-1.6242187499999998
2144,-1.6371093749999999
2145,-1.6371093749999999
2146,-1.6242187499999998
2147,-1.611328125
2148,-1.611328125
2149,-1.6371093749999999
2150,-1.65
2151,-1.65
2152,-1.65
2153,-1.65
2154,-1.65
2155,-1.65
2156,-1.65
2157,-1.6371093749999999
2158,-1.611328125
2159,-1.611328125
2160,-1.611328125
2161,-1.6242187499999998
2162,-1.611328125
2163,-1.611328125
2164,-1.611328125
2165,-1.6371093749999999
2166,-1.65
2167,-1.65
2168,-1.65
2169,-1.65
2170,-1.65
2171,-1.65
2172,-1.65
2173,-1.6371093749999999
2174,-1.6242187499999998
2175,-1.611328125
2176,-1.6242187499999998
2177,-1.6371093749999999
2178,-1.6371093749999999
2179,-1.6371093749999999
2180,-1.6242187499999998
2181,-1.611328125
2182,-1.6242187499999998
2183,-1.6371093749999999
2184,-1.65
2185,-1.65
2186,-1.65
2187,-1.65
2188,-1.65
2189,-1.65
2190,-1.65
2191,-1.6371093749999999
2192,-1.611328125
2193,-1.611328125
2194,-1.611328125
2195,-1.611328125
2196,-1.611328125
2197,-1.611328125
2198,-1.611328125
2199,-1.6371093749999999
2200,-1.65
2201,-1.65
2202,-1.65
2203,-1.65
2204,-1.65
2205,-1.65
2206,-1.65
2207,-1.65
2208,-1.65
2209,-1.6371093749999999
2210,-1.6242187499999998
2211,-1.6242187499999998
2212,-1.6242187499999998
2213,-1.6371093749999999
2214,-1.6371093749999999
2215,-1.6371093749999999
2216,-1.6242187499999998
2217,-1.611328125
2218,-1.6242187499999998
2219,-1.6371093749999999
2220,-1.65
2221,-1.65
2222,-1.65
2223,-1.65
2224,-1.65
2225,-1.65
2226,-1.65
2227,-1.611328125
2228,-1.611328125
2229,-1.611328125
2230,-1.611328125
2231,-1.6242187499999998
2232,-1.611328125
2233,-1.611328125
2234,-1.611328125
2235,-1.6371093749999999
2236,-1.65
2237,-1.65
2238,-1.65
2239,-1.65
2240,-1.65
2241,-1.65
2242,-1.65
2243,-1.6242187499999998
2244,-1.611328125
2245,-1.611328125
2246,-1.611328125
2247,-1.6242187499999998
2248,-1.6371093749999999
2249,-1.6371093749999999
2250,-1.6242187499999998
2251,-1.611328125
2252,-1.611328125
2253,-1.6371093749999999
2254,-1.65
2255,-1.65
2256,-1.65
2257,-1.65
2258,-1.65
2259,-1.65
2260,-1.611328125
2261,-1.611328125
2262,-1.611328125
2263,-1.611328125
2264,-1.611328125
2265,-1.611328125
2266,-1.611328125
2267,-1.611328125
2268,-1.611328125
2269,-1.6371093749999999
2270,-1.65
2271,-1.65
2272,-1.65
2273,-1.65
2274,-1.65
2275,-1.65
2276,-1.65
2277,-1.6242187499999998
2278,-1.611328125
2279,-1.611328125
2280,-1.611328125
2281,-1.6242187499999998
2282,-1.6371093749999999
2283,-1.6371093749999999
2284,-1.6242187499999998
2285,-1.6242187499999998
2286,-1.611328125
2287,-1.6371093749999999
2288,-1.65
2289,-1.65
2290,-1.65
2291,-1.65
2292,-1.65
2293,-1.6371093749999999
2294,-1.611328125
2295,-1.611328125
2296,-1.6242187499999998
2297,-1.6371093749999999
2298,-1.6371093749999999
2299,-1.6371093749999999
2300,-1.6371093749999999
2301,-1.6242187499999998
2302,-1.6242187499999998
2303,-1.6371093749999999
2304,-1.65
2305,-1.65
2306,-1.65
2307,-1.65
2308,-1.65
2309,-1.65
2310,-1.65
2311,-1.65
2312,-1.6371093749999999
2313,-1.611328125
2314,-1.611328125
2315,-1.611328125
2316,-1.6242187499999998
2317,-1.6371093749999999
2318,-1.6371093749999999
2319,-1.6371093749999999
2320,-1.611328125
2321,-1.611328125
2322,-1.6371093749999999
2323,-1.65
2324,-1.65
2325,-1.65
2326,-1.65
2327,-1.65
2328,-1.6242187499999998
2329,-1.611328125
2330,-1.611328125
2331,-1.611328125
2332,-1.6242187499999998
2333,-1.6371093749999999
2334,-1.6371093749999999
2335,-1.611328125
2336,-1.611328125
2337,-1.6242187499999998
2338,-1.65
2339,-1.65
2340,-1.65
2341,-1.65
2342,-1.65
2343,-1.65
2344,-1.65
2345,-1.65
2346,-1.6242187499999998
2347,-1.611328125
2348,-1.611328125
2349,-1.611328125
2350,-1.6242187499999998
2351,-1.6371093749999999
2352,-1.611328125
2353,-1.5984375
2354,-1.6242187499999998
2355,-1.65
2356,-1.65
2357,-1.65
2358,-1.65
2359,-1.65
2360,-1.65
2361,-1.65
2362,-1.6371093749999999
2363,-1.6242187499999998
2364,-1.6242187499999998
2365,-1.6242187499999998
2366,-1.6371093749999999
2367,-1.6371093749999999
2368,-1.6371093749999999
2369,-1.6371093749999999
2370,-1.611328125
2371,-1.611328125
2372,-1.6371093749999999
2373,-1.65
2374,-1.65
2375,-1.65
2376,-1.65
2377,-1.65
2378,-1.65
2379,-1.65
2380,-1.65
2381,-1.6371093749999999
2382,-1.6242187499999998
2383,-1.611328125
2384,-1.6242187499999998
2385,-1.6242187499999998
2386,-1.611328125
2387,-1.611328125
2388,-1.611328125
2389,-1.6371093749999999
2390,-1.65
2391,-1.65
2392,-1.65
2393,-1.65
2394,-1.65
2395,-1.65
2396,-1.6371093749999999
2397,-1.6242187499999998
2398,-1.6242187499999998
2399,-1.6242187499999998
2400,-1.6242187499999998
2401,-1.6371093749999999
2402,-1.6371093749999999
2403,-1.6242187499999998
2404,-1.611328125
2405,-1.611328125
2406,-1.6371093749999999
2407,-1.65
2408,-1.65
2409,-1.65
2410,-1.65
2411,-1.65
2412,-1.65
2413,-1.6242187499999998
2414,-1.611328125
2415,-1.611328125
2416,-1.611328125
2417,-1.6242187499999998
2418,-1.611328125
2419,-1.611328125
2420,-1.611328125
2421,-1.6242187499999998
2422,-1.6371093749999999
2423,-1.65
2424,-1.65
2425,-1.65
2426,-1.65
2427,-1.65
2428,-1.65
2429,-1.65
2430,-1.65
2431,-1.6242187499999998
2432,-1.611328125
2433,-1.611328125
2434,-1.6242187499999998
2435,-1.6242187499999998
2436,-1.6371093749999999
2437,-1.6371093749999999
2438,-1.6371093749999999
2439,-1.6242187499999998
2440,-1.611328125
2441,-1.6371093749999999
2442,-1.65
2443,-1.65
2444,-1.65
2445,-1.65
2446,-1.65
2447,-1.65
2448,-1.6242187499999998
2449,-1.611328125
2450,-1.611328125
2451,-1.6242187499999998
2452,-1.6371093749999999
2453,-1.6371093749999999
2454,-1.6371093749999999
2455,-1.6242187499999998
2456,-1.6242187499999998
2457,-1.6242187499999998
2458,-1.6371093749999999
2459,-1.65
2460,-1.65
2461,-1.65
2462,-1.65
2463,-1.65
2464,-1.65
2465,-1.65
2466,-1.65
2467,-1.6371093749999999
2468,-1.611328125
2469,-1.6242187499999998
2470,-1.6242187499999998
2471,-1.6371093749999999
2472,-1.6371093749999999
2473,-1.6371093749999999
2474,-1.6242187499999998
2475,-1.611328125
2476,-1.6242187499999998
2477,-1.65
2478,-1.65
2479,-1.65
2480,-1.65
2481,-1.65
2482,-1.65
2483,-1.6242187499999998
2484,-1.611328125
2485,-1.6242187499999998
2486,-1.6371093749999999
2487,-1.6371093749999999
2488,-1.611328125
2489,-1.611328125
2490,-1.6242187499999998
2491,-1.65
2492,-1.65
2493,-1.65
2494,-1.65
2495,-1.65
2496,-1.65
2497,-1.65
2498,-1.6371093749999999
2499,-1.611328125
2500,-1.611328125
2501,-1.611328125
2502,-1.611328125
2503,-1.5984375
2504,-1.611328125
2505,-1.6371093749999999
2506,-1.65
2507,-1.65
2508,-1.65
2509,-1.65
2510,-1.6242187499999998
2511,-1.611328125
2512,-1.6242187499999998
2513,-1.6242187499999998
2514,-1.6242187499999998
2515,-1.611328125
2516,-1.611328125
2517,-1.611328125
2518,-1.6371093749999999
2519,-1.65
2520,-1.65
2521,-1.65
2522,-1.65
2523,-1.65
2524,-1.65
2525,-1.65
2526,-1.65
2527,-1.6242187499999998
2528,-1.611328125
2529,-1.611328125
2530,-1.6242187499999998
2531,-1.611328125
2532,-1.611328125
2533,-1.611328125
2534,-1.611328125
2535,-1.6371093749999999
2536,-1.65
2537,-1.65
2538,-1.65
2539,-1.65
2540,-1.65
2541,-1.65
2542,-1.65
2543,-1.6371093749999999
2544,-1.6242187499999998
2545,-1.611328125
2546,-1.611328125
2547,-1.6242187499999998
2548,-1.6371093749999999
2549,-1.6371093749999999
2550,-1.6371093749999999
2551,-1.6242187499999998
2552,-1.611328125
2553,-1.6242187499999998
2554,-1.6371093749999999
2555,-1.65
2556,-1.65
2557,-1.65
2558,-1.65
2559,-1.65
2560,-1.65
2561,-1.6242187499999998
2562,-1.611328125
2563,-1.611328125
2564,-1.611328125
2565,-1.6242187499999998
2566,-1.611328125
2567,-1.611328125
2568,-1.611328125
2569,-1.6242187499999998
2570,-1.6371093749999999
2571,-1.65
2572,-1.65
2573,-1.65
2574,-1.65
2575,-1.65
2576,-1.65
2577,-1.65
2578,-1.65
2579,-1.65
2580,-1.6242187499999998
2581,-1.611328125
2582,-1.611328125
2583,-1.611328125
2584,-1.6242187499999998
2585,-1.6371093749999999
2586,-1.6371093749999999
2587,-1.6371093749999999
2588,-1.611328125
2589,-1.611328125
2590,-1.6371093749999999
2591,-1.65
2592,-1.65
2593,-1.65
2594,-1.65
2595,-1.65
2596,-1.65
2597,-1.6242187499999998
2598,-1.611328125
2599,-1.611328125
2600,-1.6242187499999998
2601,-1.6242187499999998
2602,-1.6242187499999998
2603,-1.6242187499999998
2604,-1.611328125
2605,-1.611328125
2606,-1.6242187499999998
2607,-1.65
2608,-1.65
2609,-1.65
2610,-1.65
2611,-1.65
2612,-1.65
2613,-1.65
2614,-1.65
2615,-1.6371093749999999
2616,-1.6242187499999998
2617,-1.611328125
2618,-1.611328125
2619,-1.6242187499999998
2620,-1.6371093749999999
2621,-1.6371093749999999
2622,-1.6371093749999999
2623,-1.6242187499999998
2624,-1.611328125
2625,-1.6242187499999998
2626,-1.65
2627,-1.65
2628,-1.65
2629,-1.65
2630,-1.65
2631,-1.65
2632,-1.6242187499999998
2633,-1.611328125
2634,-1.611328125
2635,-1.6242187499999998
2636,-1.6371093749999999
2637,-1.6371093749999999
2638,-1.6371093749999999
2639,-1.6371093749999999
2640,-1.6242187499999998
2641,-1.611328125
2642,-1.6371093749999999
2643,-1.65
2644,-1.65
2645,-1.65
2646,-1.65
2647,-1.65
2648,-1.65
2649,-1.65
2650,-1.65
2651,-1.6371093749999999
2652,-1.6242187499999998
2653,-1.611328125
2654,-1.6242187499999998
2655,-1.6242187499999998
2656,-1.6371093749999999
2657,-1.6371093749999999
2658,-1.611328125
2659,-1.611328125
2660,-1.6371093749999999
2661,-1.65
2662,-1.65
2663,-1.65
2664,-1.65
2665,-1.65
2666,-1.65
2667,-1.65
2668,-1.6371093749999999
2669,-1.6371093749999999
2670,-1.6242187499999998
2671,-1.6371093749999999
2672,-1.6371093749999999
2673,-1.6371093749999999
2674,-1.6371093749999999
2675,-1.6371093749999999
2676,-1.6371093749999999
2677,-1.611328125
2678,-1.6242187499999998
2679,-1.65
2680,-1.65
2681,-1.65
2682,-1.65
2683,-1.65
2684,-1.65
2685,-1.65
2686,-1.6371093749999999
2687,-1.611328125
2688,-1.611328125
2689,-1.611328125
2690,-1.611328125
2691,-1.611328125
2692,-1.611328125
2693,-1.611328125
2694,-1.611328125
2695,-1.6371093749999999
2696,-1.65
2697,-1.65
2698,-1.65
2699,-1.65
2700,-1.65
2701,-1.65
2702,-1.65
2703,-1.65
2704,-1.6371093749999999
2705,-1.611328125
2706,-1.611328125
2707,-1.6242187499999998
2708,-1.6371093749999999
2709,-1.6371093749999999
2710,-1.6371093749999999
2711,-1.6371093749999999
2712,-1.6242187499999998
2713,-1.611328125
2714,-1.6371093749999999
2715,-1.65
2716,-1.65
2717,-1.65
2718,-1.65
2719,-1.65
2720,-1.65
2721,-1.65
2722,-1.6242187499999998
2723,-1.611328125
2724,-1.611328125
2725,-1.611328125
2726,-1.611328125
2727,-1.611328125
2728,-1.611328125
2729,-1.611328125
2730,-1.6371093749999999
2731,-1.65
2732,-1.65
2733,-1.65
2734,-1.65
2735,-1.65
2736,-1.65
2737,-1.65
2738,-1.65
2739,-1.65
2740,-1.6371093749999999
2741,-1.6242187499999998
2742,-1.611328125
2743,-1.611328125
2744,-1.6242187499999998
2745,-1.6371093749999999
2746,-1.6371093749999999
2747,-1.6242187499999998
2748,-1.611328125
2749,-1.611328125
2750,-1.6371093749999999
2751,-1.65
2752,-1.65
2753,-1.65
2754,-1.65
2755,-1.65
2756,-1.65
2757,-1.611328125
2758,-1.611328125
2759,-1.611328125
2760,-1.611328125
2761,-1.611328125
2762,-1.611328125
2763,-1.611328125
2764,-1.611328125
2765,-1.611328125
2766,-1.6242187499999998
2767,-1.65
2768,-1.65
2769,-1.65
2770,-1.65
2771,-1.65
2772,-1.65
2773,-1.65
2774,-1.65
2775,-1.65
2776,-1.6242187499999998
2777,-1.611328125
2778,-1.611328125
2779,-1.611328125
2780,-1.6242187499999998
2781,-1.6371093749999999
2782,-1.6371093749999999
2783,-1.6242187499999998
2784,-1.611328125
2785,-1.611328125
2786,-1.6371093749999999
2787,-1.65
2788,-1.65
2789,-1.65
2790,-1.65
2791,-1.65
2792,-1.65
2793,-1.611328125
2794,-1.611328125
2795,-1.611328125
2796,-1.6242187499999998
2797,-1.6371093749999999
2798,-1.6371093749999999
2799,-1.6371093749999999
2800,-1.6371093749999999
2801,-1.6242187499999998
2802,-1.6242187499999998
2803,-1.6371093749999999
2804,-1.65
2805,-1.65
2806,-1.65
2807,-1.65
2808,-1.65
2809,-1.65
2810,-1.65
2811,-1.611328125
2812,-1.5984375
2813,-1.611328125
2814,-1.611328125
2815,-1.611328125
2816,-1.611328125
2817,-1.5984375
2818,-1.611328125
2819,-1.6371093749999999
2820,-1.65
2821,-1.65
2822,-1.65
2823,-1.6242187499999998
2824,-1.611328125
2825,-1.5597656249999998
2826,-1.5984375
2827,-1.6242187499999998
2828,-1.6371093749999999
2829,-1.65
2830,-1.65
2831,-1.6242187499999998
2832,-1.611328125
2833,-1.611328125
2834,-1.611328125
2835,-1.5984375
2836,-1.611328125
2837,-1.6371093749999999
2838,-1.65
2839,-1.65
2840,-1.65
2841,-1.65
2842,-1.5984375
2843,-1.5726562499999999
2844,-1.5726562499999999
2845,-1.611328125
2846,-1.6242187499999998
2847,-1.6371093749999999
2848,-1.65
2849,-1.65
2850,-1.65
2851,-1.611328125
2852,-1.611328125
2853,-1.611328125
2854,-1.5984375
2855,-1.585546875
2856,-1.611328125
2857,-1.6371093749999999
2858,-1.65
2859,-1.65
2860,-1.5984375
2861,-1.585546875
2862,-1.5984375
2863,-1.585546875
2864,-1.585546875
2865,-1.611328125
2866,-1.6371093749999999
2867,-1.6371093749999999
2868,-1.65
2869,-1.6371093749999999
2870,-1.611328125
2871,-1.611328125
2872,-1.611328125
2873,-1.611328125
2874,-1.611328125
2875,-1.611328125
2876,-1.611328125
2877,-1.6371093749999999
2878,-1.65
2879,-1.6371093749999999
2880,-1.6242187499999998
2881,-1.6371093749999999
2882,-1.6242187499999998
2883,-1.611328125
2884,-1.611328125
2885,-1.6371093749999999
2886,-1.65
2887,-1.65
2888,-1.65
2889,-1.65
2890,-1.6242187499999998
2891,-1.611328125
2892,-1.611328125
2893,-1.611328125
2894,-1.611328125
2895,-1.5984375
2896,-1.65
2897,-1.65
2898,-1.6371093749999999
2899,-1.6371093749999999
2900,-1.6371093749999999
2901,-1.6371093749999999
2902,-1.6242187499999998
2903,-1.611328125
2904,-1.611328125
2905,-1.6371093749999999
2906,-1.65
2907,-1.65
2908,-1.65
2909,-1.6242187499999998
2910,-1.611328125
2911,-1.611328125
2912,-1.6242187499999998
2913,-1.585546875
2914,-1.611328125
2915,-1.6371093749999999
2916,-1.65
2917,-1.65
2918,-1.6371093749999999
2919,-1.6242187499999998
2920,-1.6242187499999998
2921,-1.6371093749999999
2922,-1.611328125
2923,-1.5984375
2924,-1.6242187499999998
2925,-1.65
2926,-1.65
2927,-1.65
2928,-1.65
2929,-1.65
2930,-1.6371093749999999
2931,-1.585546875
2932,-1.585546875
2933,-1.611328125
2934,-1.6371093749999999
2935,-1.65
2936,-1.65
2937,-1.65
2938,-1.65
2939,-1.65
2940,-1.65
2941,-1.65
2942,-1.611328125
2943,-1.611328125
2944,-1.611328125
2945,-1.611328125
2946,-1.611328125
2947,-1.611328125
2948,-1.611328125
2949,-1.611328125
2950,-1.6242187499999998
2951,-1.65
2952,-1.65
2953,-1.65
2954,-1.5726562499999999
2955,-1.5597656249999998
2956,-1.5597656249999998
2957,-1.5726562499999999
2958,-1.611328125
2959,-1.6242187499999998
2960,-1.6371093749999999
2961,-1.65
2962,-1.65
2963,-1.5984375
2964,-1.585546875
2965,-1.5984375
2966,-1.5984375
2967,-1.585546875
2968,-1.5984375
2969,-1.611328125
2970,-1.6371093749999999
2971,-1.65
2972,-1.611328125
2973,-1.5984375
2974,-1.611328125
2975,-1.611328125
2976,-1.5984375
2977,-1.611328125
2978,-1.6242187499999998
2979,-1.65
2980,-1.65
2981,-1.65
2982,-1.6371093749999999
2983,-1.611328125
2984,-1.611328125
2985,-1.611328125
2986,-1.5984375
2987,-1.5984375
2988,-1.611328125
2989,-1.65
2990,-1.6371093749999999
2991,-1.611328125
2992,-1.611328125
2993,-1.611328125
2994,-1.611328125
2995,-1.611328125
2996,-1.5984375
2997,-1.6242187499999998
2998,-1.6371093749999999
2999,-1.65
3000,-1.65
