time,count,voltage
0.005653858184814453,1,-0.15468749999999998
0.007280826568603516,2,-1.2503906249999999
0.00880289077758789,3,-0.23203125
0.010259866714477539,4,-0.4125
0.011689901351928711,5,-0.42539062499999997
0.013096809387207031,6,-0.141796875
0.014496803283691406,7,-0.193359375
0.015883922576904297,8,0.0
0.017248868942260742,9,-0.02578125
0.023067951202392578,10,-0.193359375
0.025087833404541016,11,-0.43828124999999996
0.026716947555541992,12,-0.29648437499999997
0.028414011001586914,13,-0.48984374999999997
0.030032873153686523,14,-0.116015625
0.03145599365234375,15,-0.270703125
0.032898902893066406,16,-0.012890625
0.03429388999938965,17,-0.012890625
0.03595089912414551,18,-0.167578125
0.03790879249572754,19,-0.476953125
0.03978896141052246,20,-0.889453125
0.04169487953186035,21,-1.173046875
0.04340195655822754,22,-0.23203125
0.04511880874633789,23,-0.33515625
0.046936988830566406,24,-0.116015625
0.04886293411254883,25,0.0
0.05072593688964844,26,0.012890625
0.0540158748626709,27,-0.116015625
0.056044816970825195,28,-0.2578125
0.05766582489013672,29,-1.4953124999999998
0.05989789962768555,30,-0.23203125
0.06225395202636719,31,-0.21914062499999998
0.06370997428894043,32,-0.515625
0.06496882438659668,33,-0.21914062499999998
0.06612992286682129,34,-0.012890625
0.06725883483886719,35,-0.038671874999999994
0.06840181350708008,36,-0.18046874999999998
0.06955790519714355,37,-0.4125
0.07076382637023926,38,-0.54140625
0.07191801071166992,39,-1.018359375
0.07304692268371582,40,-1.533984375
0.07416582107543945,41,-0.167578125
0.07528281211853027,42,-0.23203125
0.07639479637145996,43,-0.37382812499999996
0.07754278182983398,44,-0.270703125
0.07866978645324707,45,-0.322265625
0.07985782623291016,46,-0.38671875
0.08109784126281738,47,-0.4125
0.08244085311889648,48,-0.167578125
0.08397293090820312,49,-0.02578125
0.0855259895324707,50,-0.20625
0.08712983131408691,51,-0.43828124999999996
0.08858394622802734,52,-0.6832031249999999
0.09003591537475586,53,-1.456640625
0.0917208194732666,54,-0.270703125
0.09439587593078613,55,-0.2578125
0.0959479808807373,56,-0.20625
0.09770798683166504,57,-0.399609375
0.09974980354309082,58,-0.12890625
0.10122394561767578,59,-0.09023437499999999
0.10244584083557129,60,-0.20625
0.10360193252563477,61,-0.4640625
0.10477900505065918,62,-0.6703125
0.10589599609375,63,-1.3148437499999999
0.10701584815979004,64,-1.65
0.10812878608703613,65,-0.0515625
0.10929179191589355,66,-0.30937499999999996
0.11044096946716309,67,-0.29648437499999997
0.11169695854187012,68,-0.322265625
0.11313986778259277,69,-0.20625
0.11458492279052734,70,-0.167578125
0.11619281768798828,71,0.038671874999999994
0.11778998374938965,72,-0.0515625
0.11928486824035645,73,-0.12890625
0.12081480026245117,74,-0.4125
0.12356281280517578,75,-0.734765625
0.1256098747253418,76,-0.064453125
0.1270618438720703,77,-0.28359375
0.1289229393005371,78,-0.43828124999999996
0.1309058666229248,79,-0.37382812499999996
0.13236379623413086,80,0.103125
0.13372492790222168,81,-0.02578125
0.1351327896118164,82,-0.09023437499999999
0.1363968849182129,83,-0.33515625
0.13754987716674805,84,-0.43828124999999996
0.13869380950927734,85,-0.992578125
0.1400299072265625,86,-1.5984375
0.14123892784118652,87,-0.07734374999999999
0.14253687858581543,88,-0.2578125
0.14402198791503906,89,-0.21914062499999998
0.1454780101776123,90,-0.348046875
0.1470329761505127,91,-0.29648437499999997
0.14857888221740723,92,-0.15468749999999998
0.15016984939575195,93,-0.012890625
0.15221285820007324,94,-0.103125
0.1545238494873047,95,-0.2578125
0.15597295761108398,96,-0.825
0.15763092041015625,97,-1.65
0.15962481498718262,98,-0.20625
0.1614999771118164,99,-0.21914062499999998
0.16280078887939453,100,-0.2578125
0.16398382186889648,101,-0.37382812499999996
0.16523981094360352,102,-0.23203125
0.16640996932983398,103,0.0
0.16753196716308594,104,-0.064453125
0.16868281364440918,105,-0.193359375
0.16989588737487793,106,-0.4640625
0.17106294631958008,107,-0.48984374999999997
0.17219996452331543,108,-1.1214843749999999
0.17344880104064941,109,-1.65
0.17488598823547363,110,-0.103125
0.17644500732421875,111,-0.29648437499999997
0.17803096771240234,112,-0.30937499999999996
0.17952799797058105,113,-0.15468749999999998
0.1812279224395752,114,-0.23203125
0.18291592597961426,115,-0.012890625
0.18543195724487305,116,-0.0515625
0.18698382377624512,117,-0.30937499999999996
0.1885669231414795,118,-0.554296875
0.19080495834350586,119,-1.3792968749999999
0.19239592552185059,120,-0.07734374999999999
0.1936500072479248,121,-0.2578125
0.19481396675109863,122,-0.322265625
0.19594883918762207,123,-0.12890625
0.19714999198913574,124,-0.30937499999999996
0.19830584526062012,125,-0.20625
0.19942188262939453,126,-0.012890625
0.20055580139160156,127,-0.02578125
0.20167994499206543,128,-0.20625
0.20279479026794434,129,-0.4640625
0.20400381088256836,130,-0.605859375
0.20549392700195312,131,-0.992578125
0.20695090293884277,132,-1.65
0.2086038589477539,133,-0.167578125
0.2102189064025879,134,-0.30937499999999996
0.21178388595581055,135,-0.502734375
0.21339797973632812,136,-0.167578125
0.21579980850219727,137,-0.0515625
0.2178668975830078,138,0.0
0.21931886672973633,139,-0.103125
0.2210559844970703,140,-0.4640625
0.22315287590026855,141,-0.837890625
0.224639892578125,142,-0.0515625
0.2258608341217041,143,-0.21914062499999998
0.22703790664672852,144,-0.193359375
0.22822189331054688,145,-0.322265625
0.22937583923339844,146,-0.167578125
0.23053383827209473,147,-0.30937499999999996
0.23194599151611328,148,-0.20625
0.23313093185424805,149,-0.012890625
0.23438382148742676,150,-0.0515625
0.2358248233795166,151,-0.15468749999999998
0.2373809814453125,152,-0.476953125
0.23894190788269043,153,-0.837890625
0.2407209873199463,154,-1.585546875
0.2425549030303955,155,-0.07734374999999999
0.2441699504852295,156,-0.29648437499999997
0.2464308738708496,157,-0.167578125
0.24864888191223145,158,-0.07734374999999999
0.25012683868408203,159,0.012890625
0.2517697811126709,160,-0.064453125
0.25388479232788086,161,-0.348046875
0.25531888008117676,162,-0.605859375
0.2565329074859619,163,-1.5082031249999999
0.25769782066345215,164,-0.0515625
0.25882482528686523,165,-0.29648437499999997
0.2602839469909668,166,-0.48984374999999997
0.2614889144897461,167,-0.33515625
0.26264190673828125,168,-0.07734374999999999
0.26380300521850586,169,-0.37382812499999996
0.26503801345825195,170,-0.30937499999999996
0.26647400856018066,171,-0.012890625
0.2679557800292969,172,-0.038671874999999994
0.2697279453277588,173,-0.21914062499999998
0.271345853805542,174,-0.4125
0.27282285690307617,175,-1.1214843749999999
0.27428698539733887,176,-0.631640625
0.2758150100708008,177,-0.12890625
0.27854084968566895,178,-0.270703125
0.280195951461792,179,-0.12890625
0.2816779613494873,180,0.07734374999999999
0.2835659980773926,181,-0.012890625
0.28553295135498047,182,-0.0515625
0.2868788242340088,183,-0.322265625
0.2880740165710449,184,-0.4640625
0.28922581672668457,185,-1.2374999999999998
0.29039478302001953,186,-1.65
0.29151296615600586,187,-0.167578125
0.29271697998046875,188,-0.399609375
0.2938649654388428,189,-0.20625
0.2951529026031494,190,-0.30937499999999996
0.29659581184387207,191,-0.502734375
0.29807281494140625,192,-0.33515625
0.29963088035583496,193,0.0
0.30126500129699707,194,-0.0515625
0.3027949333190918,195,-0.167578125
0.30437684059143066,196,-0.43828124999999996
0.3061239719390869,197,-0.9796874999999999
0.30873680114746094,198,-1.65
0.31044483184814453,199,-0.270703125
0.3120388984680176,200,-0.37382812499999996
0.31398582458496094,201,-0.37382812499999996
0.31583499908447266,202,-0.0515625
0.3171849250793457,203,-0.02578125
0.31840085983276367,204,-0.20625
0.31954479217529297,205,-0.476953125
0.320814847946167,206,-0.5671875
0.321943998336792,207,-1.044140625
0.3230619430541992,208,-1.611328125
0.3242208957672119,209,0.0
0.32544898986816406,210,-0.270703125
0.3268599510192871,211,-0.29648437499999997
0.3283519744873047,212,-0.4640625
0.33019185066223145,213,-0.29648437499999997
0.3324718475341797,214,-0.21914062499999998
0.3341097831726074,215,-0.012890625
0.3360269069671631,216,-0.167578125
0.33842992782592773,217,-0.399609375
0.3401298522949219,218,-1.198828125
0.3415977954864502,219,-0.270703125
0.3434758186340332,220,-0.2578125
0.3455989360809326,221,-0.322265625
0.34688591957092285,222,-0.33515625
0.34806084632873535,223,-0.20625
0.3492448329925537,224,-0.038671874999999994
0.3505208492279053,225,-0.07734374999999999
0.35172295570373535,226,-0.20625
0.3528928756713867,227,-0.451171875
0.3540189266204834,228,-0.476953125
0.35514283180236816,229,-0.992578125
0.35642194747924805,230,-1.546875
0.35799288749694824,231,-0.167578125
0.3594357967376709,232,-0.20625
0.36118388175964355,233,-0.30937499999999996
0.36270880699157715,234,-0.103125
0.3641388416290283,235,-0.30937499999999996
0.36574888229370117,236,-0.103125
0.36816883087158203,237,-0.07734374999999999
0.37014079093933105,238,-0.167578125
0.3715989589691162,239,-0.29648437499999997
0.3734259605407715,240,-1.198828125
0.3754439353942871,241,-0.116015625
0.37696194648742676,242,-0.28359375
0.3781728744506836,243,-0.4125
0.37931180000305176,244,-0.012890625
0.38045597076416016,245,-0.270703125
0.38161492347717285,246,-0.193359375
0.38274598121643066,247,0.0
0.3838789463043213,248,-0.02578125
0.3849978446960449,249,-0.15468749999999998
0.38612890243530273,250,-0.4640625
0.3873457908630371,251,-0.54140625
0.38886594772338867,252,-0.992578125
0.39045286178588867,253,-1.65
0.3921239376068115,254,-0.116015625
0.39363789558410645,255,-0.29648437499999997
0.3950169086456299,256,-0.322265625
0.3963778018951416,257,-0.270703125
0.39910888671875,258,-0.23203125
0.4008138179779053,259,-0.012890625
0.40221190452575684,260,-0.103125
0.404202938079834,261,-0.476953125
0.40614795684814453,262,-0.708984375
0.4074978828430176,263,-0.515625
0.40873098373413086,264,-0.24492187499999998
0.4099249839782715,265,-0.29648437499999997
0.41107892990112305,266,-0.37382812499999996
0.4122037887573242,267,-0.18046874999999998
0.4133608341217041,268,-0.4640625
0.41449880599975586,269,-0.399609375
0.4156157970428467,270,-0.012890625
0.4167759418487549,271,-0.012890625
0.4179978370666504,272,-0.103125
0.41943883895874023,273,-0.28359375
0.42103099822998047,274,-0.515625
0.4226698875427246,275,-1.0828125
0.4242098331451416,276,-1.65
0.4255979061126709,277,-0.24492187499999998
0.4269700050354004,278,-0.36093749999999997
0.4298548698425293,279,-0.37382812499999996
0.4316549301147461,280,-0.18046874999999998
0.4331967830657959,281,-0.012890625
0.4351198673248291,282,-0.0515625
0.4370307922363281,283,-0.37382812499999996
0.4384269714355469,284,-0.5285156249999999
0.4396059513092041,285,-1.4308593749999998
0.44089579582214355,286,-0.23203125
0.4420628547668457,287,-0.18046874999999998
0.44319796562194824,288,-0.29648437499999997
0.4443209171295166,289,-0.37382812499999996
0.4454638957977295,290,-0.167578125
0.4465789794921875,291,-0.4640625
0.4477698802947998,292,-0.399609375
0.44907593727111816,293,-0.02578125
0.4505939483642578,294,-0.02578125
0.4520869255065918,295,-0.167578125
0.4537179470062256,296,-0.476953125
0.45523786544799805,297,-0.6187499999999999
0.4567129611968994,298,-1.4953124999999998
0.45814990997314453,299,0.0
0.4602348804473877,300,-0.2578125
0.462479829788208,301,-0.4125
0.46402978897094727,302,-0.09023437499999999
0.46572399139404297,303,-0.0515625
0.4678058624267578,304,-0.02578125
0.46936893463134766,305,-0.12890625
0.47061800956726074,306,-0.476953125
0.47184300422668457,307,-0.889453125
0.47298479080200195,308,-1.5082031249999999
0.47411394119262695,309,-0.02578125
0.47522997856140137,310,-0.141796875
0.4763460159301758,311,-0.322265625
0.4774758815765381,312,-0.36093749999999997
0.4786088466644287,313,-0.24492187499999998
0.47992992401123047,314,-0.2578125
0.48138999938964844,315,-0.4125
0.4828479290008545,316,0.012890625
0.4844958782196045,317,-0.012890625
0.48610591888427734,318,-0.141796875
0.48750782012939453,319,-0.4125
0.4889688491821289,320,-0.928125
0.4913458824157715,321,-1.65
0.4933779239654541,322,-0.270703125
0.49483680725097656,323,-0.322265625
0.49657297134399414,324,-0.15468749999999998
0.49863195419311523,325,-0.15468749999999998
0.5000967979431152,326,0.012890625
0.5013868808746338,327,-0.09023437499999999
0.5025768280029297,328,-0.28359375
0.5037448406219482,329,-0.54140625
0.5049018859863281,330,-0.837890625
0.5060238838195801,331,-1.4437499999999999
0.5071477890014648,332,-0.02578125
0.5082600116729736,333,-0.116015625
0.5094008445739746,334,-0.37382812499999996
0.5106358528137207,335,-0.20625
0.5120868682861328,336,-0.23203125
0.513542890548706,337,-0.270703125
0.5151679515838623,338,-0.15468749999999998
0.5168478488922119,339,0.0
0.5183439254760742,340,-0.116015625
0.5200278759002686,341,-0.33515625
0.5218679904937744,342,-0.37382812499999996
0.5242569446563721,343,-1.1859374999999999
0.5258769989013672,344,-0.167578125
0.5274019241333008,345,-0.2578125
0.529465913772583,346,-0.270703125
0.5311667919158936,347,-0.4125
0.532465934753418,348,0.0
0.5336689949035645,349,-0.02578125
0.5348238945007324,350,-0.167578125
0.5359838008880615,351,-0.38671875
0.5371170043945312,352,-0.5285156249999999
0.53824782371521,353,-0.90234375
0.5396139621734619,354,-1.4953124999999998
0.5409839153289795,355,-0.20625
0.5424838066101074,356,-0.167578125
0.5440189838409424,357,-0.270703125
0.5457639694213867,358,-0.270703125
0.5473020076751709,359,-0.116015625
0.5488359928131104,360,0.0515625
0.5506289005279541,361,-0.0515625
0.5531258583068848,362,-0.103125
0.555060863494873,363,-0.4125
0.5564978122711182,364,-1.2503906249999999
0.5583629608154297,365,-0.20625
0.5603280067443848,366,-0.103125
0.5617489814758301,367,-0.29648437499999997
0.5629489421844482,368,-0.36093749999999997
0.5641319751739502,369,-0.33515625
0.5653409957885742,370,-0.15468749999999998
0.5664877891540527,371,-0.012890625
0.5676097869873047,372,-0.07734374999999999
0.5687789916992188,373,-0.20625
0.5699279308319092,374,-0.515625
0.5711688995361328,375,-0.5671875
0.5726048946380615,376,-1.224609375
0.5741407871246338,377,-0.631640625
0.575751781463623,378,-0.28359375
0.5773367881774902,379,-0.167578125
0.5787668228149414,380,-0.20625
0.5803158283233643,381,-0.20625
0.5822069644927979,382,-0.12890625
0.5847399234771729,383,0.0
0.5862839221954346,384,-0.12890625
0.5878078937530518,385,-0.348046875
0.5899639129638672,386,-0.992578125
0.591609001159668,387,-0.12890625
0.5929818153381348,388,-0.29648437499999997
0.5941689014434814,389,-0.30937499999999996
0.5953118801116943,390,-0.167578125
0.5964369773864746,391,-0.38671875
0.5975828170776367,392,-0.399609375
0.5987048149108887,393,-0.15468749999999998
0.599902868270874,394,-0.012890625
0.6011378765106201,395,-0.103125
0.6025547981262207,396,-0.2578125
0.6039919853210449,397,-0.476953125
0.6056509017944336,398,-0.95390625
0.6071908473968506,399,-1.65
0.6086828708648682,400,-0.15468749999999998
0.6102228164672852,401,-0.30937499999999996
0.6122968196868896,402,-0.193359375
0.6147208213806152,403,-0.30937499999999996
0.6162388324737549,404,-0.012890625
0.6178638935089111,405,-0.02578125
0.6199309825897217,406,-0.23203125
0.621567964553833,407,-0.4125
0.6228158473968506,408,-1.26328125
0.623999834060669,409,-0.2578125
0.6251490116119385,410,-0.167578125
0.626274824142456,411,-0.33515625
0.6273918151855469,412,-0.399609375
0.6285099983215332,413,-0.12890625
0.6296708583831787,414,-0.2578125
0.6308698654174805,415,-0.29648437499999997
0.6321208477020264,416,-0.103125
0.6335468292236328,417,-0.02578125
0.6350128650665283,418,-0.103125
0.6365559101104736,419,-0.37382812499999996
0.6384189128875732,420,-0.4125
0.6400289535522461,421,-1.340625
0.6415588855743408,422,-0.103125
0.6433749198913574,423,-0.270703125
0.6459698677062988,424,-0.28359375
0.6475229263305664,425,-0.038671874999999994
0.6492300033569336,426,0.193359375
0.6512389183044434,427,-0.012890625
0.6531507968902588,428,-0.09023437499999999
0.6544818878173828,429,-0.37382812499999996
0.6556649208068848,430,-1.1214843749999999
0.6572988033294678,431,-1.65
0.6584827899932861,432,-0.4125
0.6596169471740723,433,-0.322265625
0.6609089374542236,434,-0.28359375
0.662194013595581,435,-0.2578125
0.6636250019073486,436,-0.4640625
0.6651477813720703,437,-0.29648437499999997
0.6667208671569824,438,-0.012890625
0.66827392578125,439,-0.09023437499999999
0.6698470115661621,440,-0.270703125
0.6713500022888184,441,-0.37382812499999996
0.6731209754943848,442,-1.147265625
0.6755459308624268,443,-0.21914062499999998
0.6772079467773438,444,-0.33515625
0.6787610054016113,445,-0.29648437499999997
0.6809008121490479,446,-0.322265625
0.6825449466705322,447,0.09023437499999999
0.6838510036468506,448,-0.02578125
0.6850409507751465,449,-0.167578125
0.6862359046936035,450,-0.42539062499999997
0.6873729228973389,451,-0.502734375
0.6885068416595459,452,-1.03125
0.6896278858184814,453,-1.5984375
0.6908259391784668,454,0.0
0.6920418739318848,455,-0.20625
0.6935648918151855,456,-0.37382812499999996
0.6950349807739258,457,-0.2578125
0.6966249942779541,458,-0.33515625
0.6982338428497314,459,-0.20625
0.6997809410095215,460,0.0
0.7014567852020264,461,-0.0515625
0.7037777900695801,462,-0.2578125
0.7058439254760742,463,-0.30937499999999996
0.7072999477386475,464,-1.611328125
0.7090408802032471,465,-0.167578125
0.7111499309539795,466,-0.270703125
0.712655782699585,467,-0.193359375
0.7138888835906982,468,-0.37382812499999996
0.7150628566741943,469,-0.167578125
0.7162008285522461,470,0.0
0.7173819541931152,471,-0.02578125
0.718519926071167,472,-0.167578125
0.7196469306945801,473,-0.502734375
0.721193790435791,474,-0.476953125
0.7226979732513428,475,-1.1859374999999999
0.7242708206176758,476,-0.0515625
0.7257058620452881,477,-0.15468749999999998
0.7272059917449951,478,-0.23203125
0.7286758422851562,479,-0.270703125
0.7301769256591797,480,-0.20625
0.731766939163208,481,-0.07734374999999999
0.7333049774169922,482,-0.012890625
0.7348318099975586,483,-0.07734374999999999
0.7368898391723633,484,-0.270703125
0.7393438816070557,485,-0.37382812499999996
0.7411270141601562,486,-1.65
0.7425990104675293,487,-0.270703125
0.7444789409637451,488,-0.167578125
0.7462868690490723,489,-0.2578125
0.7476038932800293,490,-0.20625
0.7488408088684082,491,0.0515625
0.7500360012054443,492,-0.02578125
0.7511999607086182,493,-0.103125
0.7523818016052246,494,-0.33515625
0.7535099983215332,495,-0.554296875
0.7547998428344727,496,-0.7476562499999999
0.7561309337615967,497,-1.405078125
0.7576677799224854,498,-0.12890625
0.7591049671173096,499,-0.18046874999999998
0.7607998847961426,500,-0.21914062499999998
0.7623028755187988,501,-0.21914062499999998
0.763685941696167,502,-0.4125
0.7657968997955322,503,-0.23203125
0.7684478759765625,504,-0.012890625
0.7701389789581299,505,-0.20625
0.7715249061584473,506,-0.42539062499999997
0.773399829864502,507,-1.276171875
0.7753479480743408,508,-0.064453125
0.7767298221588135,509,-0.29648437499999997
0.7779319286346436,510,-0.29648437499999997
0.77907395362854,511,-0.116015625
0.7802770137786865,512,-0.29648437499999997
0.7814488410949707,513,-0.20625
0.7825748920440674,514,-0.0515625
0.7836909294128418,515,-0.02578125
0.784855842590332,516,-0.20625
0.7860479354858398,517,-0.4640625
0.787437915802002,518,-0.5929687499999999
0.7890019416809082,519,-1.0828125
0.7906749248504639,520,-1.65
0.7921907901763916,521,-0.12890625
0.7936389446258545,522,-0.37382812499999996
0.7951169013977051,523,-0.29648437499999997
0.7970468997955322,524,-0.37382812499999996
0.7994639873504639,525,-0.23203125
0.801170825958252,526,-0.09023437499999999
0.8027589321136475,527,-0.21914062499999998
0.8049368858337402,528,-0.476953125
0.806574821472168,529,-1.2503906249999999
0.8078939914703369,530,-0.116015625
0.8090758323669434,531,-0.21914062499999998
0.8103108406066895,532,-0.193359375
0.8114638328552246,533,-0.29648437499999997
0.8125858306884766,534,-0.30937499999999996
0.8137609958648682,535,-0.4125
0.8148930072784424,536,-0.24492187499999998
0.816119909286499,537,-0.012890625
0.8175389766693115,538,-0.0515625
0.8191239833831787,539,-0.12890625
0.8209128379821777,540,-0.4640625
0.8225197792053223,541,-0.90234375
0.8240578174591064,542,-1.65
0.8255629539489746,543,-0.2578125
0.8278658390045166,544,-0.193359375
0.8299968242645264,545,-0.30937499999999996
0.8315529823303223,546,-0.07734374999999999
0.833406925201416,547,0.012890625
0.8353598117828369,548,-0.09023437499999999
0.8368299007415771,549,-0.30937499999999996
0.8380568027496338,550,-0.5285156249999999
0.8392148017883301,551,-1.276171875
0.8404278755187988,552,-0.43828124999999996
0.8415608406066895,553,-0.193359375
0.8426878452301025,554,-0.36093749999999997
0.843803882598877,555,-0.2578125
0.8449268341064453,556,-0.193359375
0.846411943435669,557,-0.4125
0.8479788303375244,558,-0.42539062499999997
0.849437952041626,559,-0.012890625
0.851111888885498,560,-0.116015625
0.8528478145599365,561,-0.193359375
0.8543498516082764,562,-0.4125
0.8558459281921387,563,-1.0570312499999999
0.8582379817962646,564,-1.65
0.8603448867797852,565,-0.21914062499999998
0.8618729114532471,566,-0.2578125
0.8634309768676758,567,-0.4125
0.8655300140380859,568,-0.29648437499999997
0.867081880569458,569,-0.02578125
0.8683857917785645,570,-0.18046874999999998
0.8695769309997559,571,-0.451171875
0.8708078861236572,572,-0.515625
0.8719708919525146,573,-1.134375
0.8731019496917725,574,-1.65
0.8742117881774902,575,-0.064453125
0.8753268718719482,576,-0.193359375
0.8765389919281006,577,-0.322265625
0.8780388832092285,578,-0.399609375
0.8794717788696289,579,-0.116015625
0.8811559677124023,580,-0.270703125
0.8826828002929688,581,0.0
0.884166955947876,582,-0.012890625
0.8858239650726318,583,-0.167578125
0.8882288932800293,584,-0.4640625
0.8902390003204346,585,-0.992578125
0.8916938304901123,586,-0.103125
0.8933839797973633,587,-0.322265625
0.8954110145568848,588,-0.33515625
0.8969559669494629,589,-0.322265625
0.8982038497924805,590,-0.012890625
0.899371862411499,591,-0.012890625
0.9005308151245117,592,-0.038671874999999994
0.9017419815063477,593,-0.167578125
0.90287184715271,594,-0.5285156249999999
0.9046127796173096,595,-0.54140625
0.9057998657226562,596,-1.069921875
0.9070699214935303,597,-0.167578125
0.9085309505462646,598,-0.167578125
0.9100878238677979,599,-0.24492187499999998
0.9117128849029541,600,-0.36093749999999997
0.9133188724517822,601,-0.33515625
0.914801836013794,602,-0.167578125
0.9163589477539062,603,-0.012890625
0.9188258647918701,604,-0.103125
0.9208719730377197,605,-0.29648437499999997
0.9223430156707764,606,-0.837890625
0.924062967300415,607,-1.65
0.9261989593505859,608,-0.167578125
0.9276177883148193,609,-0.24492187499999998
0.9288959503173828,610,-0.15468749999999998
0.9300777912139893,611,-0.399609375
0.9312210083007812,612,-0.30937499999999996
0.9323968887329102,613,0.0
0.9335358142852783,614,-0.103125
0.934661865234375,615,-0.18046874999999998
0.9358048439025879,616,-0.399609375
0.9370529651641846,617,-0.580078125
0.9384839534759521,618,-0.928125
0.9399700164794922,619,-1.585546875
0.9416658878326416,620,-0.07734374999999999
0.943228006362915,621,-0.28359375
0.9448208808898926,622,-0.2578125
0.9463949203491211,623,-0.07734374999999999
0.9480588436126709,624,-0.18046874999999998
0.9497778415679932,625,0.012890625
0.952427864074707,626,-0.02578125
0.954136848449707,627,-0.322265625
0.9555099010467529,628,-0.8765624999999999
0.9574458599090576,629,-1.6242187499999998
0.9595248699188232,630,-0.28359375
0.9611499309539795,631,-0.29648437499999997
0.9623868465423584,632,-0.09023437499999999
0.963554859161377,633,-0.29648437499999997
0.9647879600524902,634,-0.20625
0.965939998626709,635,0.0
0.9672048091888428,636,-0.02578125
0.9687058925628662,637,-0.12890625
0.9701919555664062,638,-0.4640625
0.9717099666595459,639,-0.605859375
0.9733560085296631,640,-1.41796875
0.9748218059539795,641,-0.167578125
0.9762477874755859,642,-0.30937499999999996
0.978334903717041,643,-0.42539062499999997
0.9806818962097168,644,-0.09023437499999999
0.9822089672088623,645,0.348046875
0.983922004699707,646,-0.012890625
