time,count,voltage
0.0061511993408203125,1,-0.167578125
0.0077250003814697266,2,-1.611328125
0.009119987487792969,3,-0.116015625
0.01047205924987793,4,-0.167578125
0.012202024459838867,5,-0.21914062499999998
0.01401519775390625,6,-0.167578125
0.0158231258392334,7,0.193359375
0.01763606071472168,8,-0.012890625
0.019711971282958984,9,-0.0515625
0.021286964416503906,10,-0.30937499999999996
0.02268218994140625,11,-1.147265625
0.024029970169067383,12,0.0
0.02535104751586914,13,0.0
0.0269320011138916,14,-0.07734374999999999
0.028567075729370117,15,-0.4125
0.03031015396118164,16,-0.36093749999999997
0.032041072845458984,17,-0.012890625
0.033831119537353516,18,0.012890625
0.03567004203796387,19,-0.02578125
0.037590980529785156,20,-0.322265625
0.0392000675201416,21,-0.9152343749999999
0.040817975997924805,22,-1.65
0.04248809814453125,23,-0.116015625
0.04549217224121094,24,-0.064453125
0.048441171646118164,25,-0.103125
0.0502171516418457,26,0.0
0.05186605453491211,27,-0.02578125
0.05419111251831055,28,-0.2578125
0.05646800994873047,29,-0.6703125
0.05810904502868652,30,-0.0515625
0.059576988220214844,31,-0.193359375
0.06099700927734375,32,-0.28359375
0.062380075454711914,33,-0.141796875
0.0637810230255127,34,-0.36093749999999997
0.06517314910888672,35,-0.064453125
0.06665515899658203,36,0.012890625
0.06806015968322754,37,-0.0515625
0.06943011283874512,38,-0.23203125
0.07076811790466309,39,-0.322265625
0.07210111618041992,40,-0.928125
0.07343101501464844,41,-1.65
0.07480311393737793,42,0.012890625
0.07621598243713379,43,-0.12890625
0.07767319679260254,44,-0.270703125
0.0791940689086914,45,-0.18046874999999998
0.08088803291320801,46,-0.322265625
0.0825960636138916,47,0.09023437499999999
0.08454108238220215,48,0.0
0.08716797828674316,49,-0.064453125
0.0888361930847168,50,-0.2578125
0.09024715423583984,51,-1.4953124999999998
0.09213614463806152,52,0.012890625
0.09453201293945312,53,-0.18046874999999998
0.09608912467956543,54,-0.167578125
0.09792804718017578,55,-0.23203125
0.10004901885986328,56,0.0
0.10147619247436523,57,-0.012890625
0.1028909683227539,58,-0.28359375
0.10411715507507324,59,-0.37382812499999996
0.10526919364929199,60,-0.9796874999999999
0.10640716552734375,61,-1.6371093749999999
0.10767817497253418,62,0.0
0.1091620922088623,63,0.0
0.11062097549438477,64,-0.103125
0.11224913597106934,65,-0.23203125
0.1137380599975586,66,-0.18046874999999998
0.11512899398803711,67,0.09023437499999999
0.11719012260437012,68,0.0
0.11948800086975098,69,-0.012890625
0.1213831901550293,70,-0.322265625
0.12288212776184082,71,-1.134375
0.12478518486022949,72,-0.02578125
0.12691497802734375,73,-0.09023437499999999
0.12831997871398926,74,-0.322265625
0.1295020580291748,75,-0.37382812499999996
0.13066911697387695,76,-0.348046875
0.13183116912841797,77,-0.116015625
0.1330280303955078,78,0.012890625
0.1341381072998047,79,-0.012890625
0.13522815704345703,80,-0.064453125
0.13635015487670898,81,-0.348046875
0.1375441551208496,82,-0.37382812499999996
0.13901710510253906,83,-1.0570312499999999
0.14053797721862793,84,-1.65
0.14212298393249512,85,-0.012890625
0.14367008209228516,86,-0.12890625
0.14509010314941406,87,-0.193359375
0.14652299880981445,88,-0.322265625
0.14858508110046387,89,-0.21914062499999998
0.1510610580444336,90,0.012890625
0.15253400802612305,91,-0.0515625
0.15407919883728027,92,-0.30937499999999996
0.15630507469177246,93,-0.8121093749999999
0.15791606903076172,94,-1.0828125
0.15921998023986816,95,-0.116015625
0.1603860855102539,96,-0.193359375
0.16150498390197754,97,-0.167578125
0.16261005401611328,98,-0.36093749999999997
0.16379714012145996,99,-0.37382812499999996
0.1649329662322998,100,-0.167578125
0.16613316535949707,101,0.0
0.1672379970550537,102,0.0
0.168410062789917,103,-0.02578125
0.1698009967803955,104,-0.36093749999999997
0.17132115364074707,105,-0.30937499999999996
0.17297005653381348,106,-1.198828125
0.17451000213623047,107,0.0
0.17601609230041504,108,-0.038671874999999994
0.17750811576843262,109,-0.2578125
0.17937517166137695,110,-0.09023437499999999
0.1820681095123291,111,-0.37382812499999996
0.18358111381530762,112,0.012890625
0.1851181983947754,113,-0.02578125
0.1872851848602295,114,-0.322265625
0.1889040470123291,115,-0.5671875
0.19016504287719727,116,-1.65
0.1913290023803711,117,0.0
0.1924431324005127,118,-0.167578125
0.19354510307312012,119,-0.23203125
0.19468116760253906,120,-0.20625
0.19582915306091309,121,-0.0515625
0.19704699516296387,122,-0.2578125
0.19818902015686035,123,-0.064453125
0.1994171142578125,124,0.0
0.20081710815429688,125,0.0
0.20224404335021973,126,-0.0515625
0.2038581371307373,127,-0.37382812499999996
0.20548200607299805,128,-0.64453125
0.2070021629333496,129,-1.6371093749999999
0.20835399627685547,130,0.012890625
0.21074819564819336,131,-0.103125
0.212615966796875,132,-0.23203125
0.21401405334472656,133,-0.30937499999999996
0.2160811424255371,134,0.0
0.21796607971191406,135,0.0
0.21939516067504883,136,-0.103125
0.22060513496398926,137,-0.322265625
0.22176909446716309,138,-0.90234375
0.22289514541625977,139,-1.546875
0.22403311729431152,140,0.0
0.22512507438659668,141,-0.0515625
0.2262401580810547,142,-0.09023437499999999
0.22736716270446777,143,-0.28359375
0.22846412658691406,144,-0.103125
0.22970819473266602,145,-0.2578125
0.2311410903930664,146,-0.2578125
0.23259997367858887,147,0.012890625
0.23414301872253418,148,0.0
0.23572206497192383,149,-0.012890625
0.2373189926147461,150,-0.29648437499999997
0.23885202407836914,151,-0.8121093749999999
0.24078106880187988,152,-1.6242187499999998
0.2431941032409668,153,0.0
0.2447490692138672,154,-0.2578125
0.2464151382446289,155,-0.0515625
0.2485029697418213,156,-0.116015625
0.25005197525024414,157,0.012890625
0.25136804580688477,158,-0.012890625
0.2525451183319092,159,-0.2578125
0.2536940574645996,160,-0.36093749999999997
0.25483107566833496,161,-0.79921875
0.2559330463409424,162,-1.405078125
0.25711703300476074,163,-0.012890625
0.2582249641418457,164,-0.012890625
0.25934696197509766,165,0.0
0.2605299949645996,166,-0.33515625
0.26196718215942383,167,-0.07734374999999999
0.2634429931640625,168,-0.23203125
0.265017032623291,169,-0.02578125
0.2665591239929199,170,0.012890625
0.268125057220459,171,-0.012890625
0.2695591449737549,172,-0.2578125
0.2711830139160156,173,-0.37382812499999996
0.2736811637878418,174,-1.00546875
0.27535414695739746,175,0.0
0.27689599990844727,176,-0.103125
0.2788829803466797,177,-0.37382812499999996
0.2807199954986572,178,-0.20625
0.2820281982421875,179,0.28359375
0.28325915336608887,180,-0.012890625
0.2843899726867676,181,-0.02578125
0.285520076751709,182,-0.167578125
0.28667616844177246,183,-0.4125
0.28778505325317383,184,-0.580078125
0.28889012336730957,185,-1.26328125
0.28998708724975586,186,-1.46953125
0.29120612144470215,187,0.0
0.2926290035247803,188,-0.15468749999999998
0.29415106773376465,189,-0.20625
0.29575514793395996,190,-0.07734374999999999
0.29738616943359375,191,-0.4125
0.2989201545715332,192,0.064453125
0.3004729747772217,193,-0.02578125
0.30234599113464355,194,-0.012890625
0.3047170639038086,195,-0.30937499999999996
0.3062419891357422,196,-1.095703125
0.3078429698944092,197,-0.103125
0.31000614166259766,198,-0.02578125
0.3115811347961426,199,-0.322265625
0.31284308433532715,200,-0.36093749999999997
0.3140079975128174,201,-0.30937499999999996
0.31522202491760254,202,-0.0515625
0.31636714935302734,203,0.012890625
0.3174870014190674,204,-0.012890625
0.318587064743042,205,-0.103125
0.31970810890197754,206,-0.36093749999999997
0.32081103324890137,207,-0.36093749999999997
0.3220071792602539,208,-1.044140625
0.3234891891479492,209,-1.65
0.3252131938934326,210,0.0
0.32691001892089844,211,-0.20625
0.32839202880859375,212,-0.23203125
0.3297581672668457,213,-0.36093749999999997
0.3311920166015625,214,-0.20625
0.3331310749053955,215,0.012890625
0.33542799949645996,216,-0.012890625
0.3369460105895996,217,-0.2578125
0.3384850025177002,218,-0.515625
0.3406500816345215,219,-1.3664062499999998
0.3423280715942383,220,0.0
0.3435680866241455,221,-0.02578125
0.34523606300354004,222,-0.20625
0.3464360237121582,223,-0.23203125
0.3475940227508545,224,-0.167578125
0.34877610206604004,225,0.0
0.3498830795288086,226,-0.012890625
0.3509809970855713,227,-0.012890625
0.35219812393188477,228,-0.18046874999999998
0.3536200523376465,229,-0.4125
0.35509419441223145,230,-0.5929687499999999
0.3568570613861084,231,-1.46953125
0.35840415954589844,232,0.0
0.3598031997680664,233,0.0
0.36117005348205566,234,-0.38671875
0.36324214935302734,235,0.0
0.3655121326446533,236,-0.23203125
0.3669869899749756,237,0.0
0.36855411529541016,238,-0.012890625
0.37056612968444824,239,-0.37382812499999996
0.37223219871520996,240,-0.580078125
0.37348103523254395,241,-1.65
0.37463903427124023,242,0.012890625
0.3757600784301758,243,-0.20625
0.37688517570495605,244,-0.21914062499999998
0.3780100345611572,245,-0.21914062499999998
0.3791060447692871,246,-0.167578125
0.38022708892822266,247,-0.322265625
0.3813650608062744,248,-0.167578125
0.38255906105041504,249,0.0
0.38404011726379395,250,-0.012890625
0.3854551315307617,251,-0.012890625
0.3871760368347168,252,-0.322265625
0.3887670040130615,253,-0.6187499999999999
0.39023613929748535,254,-1.5597656249999998
0.3916921615600586,255,0.0
0.3935530185699463,256,-0.116015625
0.39609408378601074,257,-0.33515625
0.39771103858947754,258,0.012890625
0.3994631767272949,259,0.012890625
0.40143299102783203,260,0.0
0.4029221534729004,261,-0.167578125
0.40416717529296875,262,-0.2578125
0.40534400939941406,263,-0.9796874999999999
0.40654897689819336,264,-1.65
0.4076690673828125,265,0.0
0.4087710380554199,266,-0.0515625
0.4098691940307617,267,-0.116015625
0.4109821319580078,268,-0.23203125
0.41210317611694336,269,-0.103125
0.41334009170532227,270,-0.399609375
0.41480517387390137,271,-0.24492187499999998
0.4163219928741455,272,0.0
0.4178740978240967,273,-0.012890625
0.41945505142211914,274,-0.12890625
0.4209761619567871,275,-0.270703125
0.4222831726074219,276,-0.9796874999999999
0.42505908012390137,277,-1.65
0.4269390106201172,278,-0.09023437499999999
0.4284031391143799,279,-0.33515625
0.4303929805755615,280,-0.33515625
0.4323241710662842,281,0.0
0.4336400032043457,282,0.0
0.43485498428344727,283,0.0
0.43607616424560547,284,-0.322265625
0.4372689723968506,285,-0.37382812499999996
0.438399076461792,286,-0.9152343749999999
0.43950414657592773,287,-1.5726562499999999
0.4406111240386963,288,0.0
0.441694974899292,289,-0.02578125
0.4428269863128662,290,-0.18046874999999998
0.4440310001373291,291,-0.322265625
0.44550514221191406,292,-0.103125
0.44701719284057617,293,-0.29648437499999997
0.4486250877380371,294,-0.012890625
0.45010900497436523,295,0.0
0.4515540599822998,296,-0.012890625
0.45294904708862305,297,-0.33515625
0.455502986907959,298,-0.33515625
0.45716214179992676,299,-1.405078125
0.4585151672363281,300,0.0
0.46046900749206543,301,-0.038671874999999994
0.46240901947021484,302,-0.29648437499999997
0.463853120803833,303,-0.2578125
0.4650261402130127,304,0.07734374999999999
0.46618103981018066,305,0.012890625
0.4673731327056885,306,-0.02578125
0.4684791564941406,307,-0.02578125
0.4696030616760254,308,-0.36093749999999997
0.4707059860229492,309,-0.37382812499999996
0.4718050956726074,310,-0.992578125
0.4729151725769043,311,-1.611328125
0.47410011291503906,312,0.0
0.4755690097808838,313,-0.02578125
0.4771251678466797,314,0.0
0.4786679744720459,315,-0.12890625
0.4804041385650635,316,-0.2578125
0.4818270206451416,317,0.012890625
0.48310208320617676,318,0.012890625
0.4855930805206299,319,-0.0515625
0.487415075302124,320,-0.20625
0.4887871742248535,321,-0.837890625
0.49061107635498047,322,-1.611328125
0.4926300048828125,323,0.038671874999999994
0.49399304389953613,324,-0.2578125
0.49520206451416016,325,-0.24492187499999998
0.49636006355285645,326,-0.24492187499999998
0.49750399589538574,327,-0.24492187499999998
0.4986381530761719,328,0.012890625
0.4998311996459961,329,-0.012890625
0.5009551048278809,330,-0.038671874999999994
0.5021011829376221,331,-0.141796875
0.5032021999359131,332,-0.33515625
0.5043790340423584,333,-0.476953125
0.5057740211486816,334,-1.198828125
0.5074291229248047,335,-1.044140625
0.5091140270233154,336,-0.0515625
0.5105960369110107,337,-0.20625
0.5120720863342285,338,-0.21914062499999998
0.5135071277618408,339,-0.21914062499999998
0.5154011249542236,340,-0.02578125
0.5181131362915039,341,0.012890625
0.5195810794830322,342,-0.20625
0.5211479663848877,343,-0.23203125
0.5233371257781982,344,-0.992578125
0.5249180793762207,345,0.0
0.5261900424957275,346,-0.23203125
0.5273699760437012,347,-0.322265625
0.5284881591796875,348,-0.167578125
0.52960205078125,349,-0.2578125
0.5307250022888184,350,-0.2578125
0.5318710803985596,351,-0.012890625
0.5329771041870117,352,0.0
0.5340921878814697,353,-0.0515625
0.5352630615234375,354,-0.0515625
0.5367519855499268,355,-0.4125
0.5382239818572998,356,-0.515625
0.5398530960083008,357,-1.405078125
0.5414881706237793,358,0.0
0.5429589748382568,359,-0.167578125
0.5444049835205078,360,-0.33515625
0.5464901924133301,361,-0.141796875
0.5489151477813721,362,-0.28359375
0.5504071712493896,363,0.0
0.5520451068878174,364,-0.02578125
0.5540351867675781,365,-0.30937499999999996
0.5555291175842285,366,-0.6703125
0.5568101406097412,367,-1.65
0.5579490661621094,368,0.0
0.5590531826019287,369,-0.193359375
0.5601851940155029,370,-0.103125
0.5612931251525879,371,-0.116015625
0.5623860359191895,372,-0.141796875
0.5634891986846924,373,-0.29648437499999997
0.564640998840332,374,-0.18046874999999998
0.5658791065216064,375,0.0
0.5673661231994629,376,-0.012890625
0.5687901973724365,377,-0.02578125
0.5703420639038086,378,-0.30937499999999996
0.5719141960144043,379,-0.5671875
0.573415994644165,380,-1.4953124999999998
0.5748701095581055,381,0.012890625
0.5766410827636719,382,-0.24492187499999998
0.5791101455688477,383,-0.28359375
0.580808162689209,384,-0.116015625
0.5823800563812256,385,0.270703125
0.5843591690063477,386,0.0
0.5859081745147705,387,-0.0515625
0.5873000621795654,388,-0.270703125
0.5884799957275391,389,-0.8765624999999999
0.5896379947662354,390,-1.5726562499999999
0.5907800197601318,391,0.0
0.5918900966644287,392,-0.09023437499999999
0.5929951667785645,393,-0.167578125
0.594088077545166,394,-0.399609375
0.5951969623565674,395,-0.12890625
0.5964381694793701,396,-0.36093749999999997
0.597891092300415,397,-0.24492187499999998
0.599351167678833,398,0.0
0.600898027420044,399,-0.012890625
0.602384090423584,400,-0.09023437499999999
0.6038720607757568,401,-0.348046875
0.6054041385650635,402,-0.7218749999999999
0.6068720817565918,403,-1.611328125
0.6094269752502441,404,0.0
0.611091136932373,405,-0.09023437499999999
0.6125390529632568,406,-0.103125
0.6144711971282959,407,-0.20625
0.6163561344146729,408,0.012890625
0.6176831722259521,409,0.0
0.618908166885376,410,-0.141796875
0.6200671195983887,411,-0.399609375
0.6212551593780518,412,-0.5671875
0.6223690509796143,413,-1.327734375
0.6234700679779053,414,0.0
0.6245520114898682,415,0.0
0.6256310939788818,416,-0.12890625
0.626878023147583,417,-0.193359375
0.6283290386199951,418,-0.29648437499999997
0.6298391819000244,419,-0.28359375
0.6314480304718018,420,-0.09023437499999999
0.6333260536193848,421,0.0
0.634796142578125,422,-0.064453125
0.6363279819488525,423,-0.2578125
0.6386950016021729,424,-0.36093749999999997
0.6408720016479492,425,-1.3148437499999999
0.6422991752624512,426,-0.167578125
0.6442379951477051,427,-0.141796875
0.6462509632110596,428,-0.064453125
0.6476750373840332,429,-0.167578125
0.6488950252532959,430,0.012890625
0.650029182434082,431,0.0
0.6511449813842773,432,-0.012890625
0.6522819995880127,433,-0.20625
0.653386116027832,434,-0.348046875
0.6544880867004395,435,-0.6187499999999999
0.655609130859375,436,-1.2890625
0.6568131446838379,437,-0.7734375
0.6582190990447998,438,0.0
0.6597001552581787,439,-0.28359375
0.6613421440124512,440,-0.270703125
0.6628479957580566,441,-0.09023437499999999
0.6642470359802246,442,-0.09023437499999999
0.6657721996307373,443,0.0
0.6672511100769043,444,0.0
0.6697311401367188,445,-0.012890625
0.6720561981201172,446,-0.2578125
0.6735219955444336,447,-1.456640625
0.6754200458526611,448,0.0
0.6773700714111328,449,-0.012890625
0.6787021160125732,450,-0.18046874999999998
0.6798911094665527,451,-0.38671875
0.6810159683227539,452,-0.21914062499999998
0.6821250915527344,453,0.012890625
0.683264970779419,454,0.012890625
0.6843690872192383,455,-0.012890625
0.6854631900787354,456,-0.193359375
0.6865861415863037,457,-0.4125
0.6878290176391602,458,-0.515625
0.6892340183258057,459,-1.2890625
0.6906900405883789,460,0.0
0.6923410892486572,461,0.0
0.6938819885253906,462,-0.02578125
0.6953001022338867,463,-0.18046874999999998
0.6968221664428711,464,-0.20625
0.6985681056976318,465,0.0
0.7012641429901123,466,0.012890625
0.7028090953826904,467,-0.116015625
0.7043910026550293,468,-0.33515625
0.706489086151123,469,-0.992578125
0.7081930637359619,470,0.0
0.7094399929046631,471,-0.103125
0.7106139659881592,472,-0.29648437499999997
0.7117321491241455,473,-0.15468749999999998
0.7128400802612305,474,-0.23203125
0.7139379978179932,475,-0.2578125
0.7150371074676514,476,-0.02578125
0.7161800861358643,477,0.012890625
0.7173080444335938,478,-0.012890625
0.718487024307251,479,-0.0515625
0.7199230194091797,480,-0.399609375
0.7214031219482422,481,-0.451171875
0.7230679988861084,482,-1.327734375
0.7246840000152588,483,-0.0515625
0.7262701988220215,484,-0.167578125
0.7277400493621826,485,-0.30937499999999996
0.7297279834747314,486,-0.15468749999999998
0.7322690486907959,487,-0.270703125
0.7337741851806641,488,0.012890625
0.7354650497436523,489,-0.012890625
0.7374601364135742,490,-0.29648437499999997
0.7389721870422363,491,-0.734765625
0.7402031421661377,492,-1.65
0.741387128829956,493,-0.012890625
0.742501974105835,494,-0.2578125
0.7436070442199707,495,-0.2578125
0.7447090148925781,496,-0.103125
0.7458021640777588,497,-0.322265625
0.7469990253448486,498,-0.4125
0.7481570243835449,499,-0.18046874999999998
0.7494080066680908,500,0.012890625
0.7508821487426758,501,-0.012890625
0.7523460388183594,502,-0.0515625
0.7538771629333496,503,-0.30937499999999996
0.7554690837860107,504,-0.734765625
0.7570900917053223,505,-1.65
0.7585651874542236,506,0.0
0.7603909969329834,507,-0.09023437499999999
0.7629539966583252,508,-0.33515625
0.7645549774169922,509,-0.0515625
0.7663431167602539,510,0.012890625
0.7684111595153809,511,0.012890625
0.7698001861572266,512,-0.23203125
0.7710201740264893,513,-0.322265625
0.7722070217132568,514,-1.134375
0.773353099822998,515,-1.65
0.7744550704956055,516,0.0
0.7755470275878906,517,-0.18046874999999998
0.776677131652832,518,-0.116015625
0.7777869701385498,519,-0.4125
0.7789220809936523,520,0.0
0.78013014793396,521,-0.33515625
0.7816660404205322,522,-0.167578125
0.7832331657409668,523,0.0
0.7847590446472168,524,-0.012890625
0.7862520217895508,525,-0.270703125
0.7876629829406738,526,-0.36093749999999997
0.789039134979248,527,-1.0828125
0.7912311553955078,528,0.0
0.7932260036468506,529,-0.0515625
0.7946391105651855,530,-0.21914062499999998
0.7970061302185059,531,-0.0515625
0.7996339797973633,532,0.20625
0.8009209632873535,533,-0.012890625
0.8020691871643066,534,-0.103125
0.8032350540161133,535,-0.4125
0.8043770790100098,536,-0.5285156249999999
0.8054890632629395,537,-1.2503906249999999
0.806624174118042,538,-1.5726562499999999
0.8077449798583984,539,0.0
0.8088359832763672,540,-0.07734374999999999
0.8099381923675537,541,-0.12890625
0.8111741542816162,542,-0.2578125
0.812608003616333,543,-0.064453125
0.8141460418701172,544,-0.23203125
0.8157191276550293,545,0.103125
0.8174231052398682,546,-0.02578125
0.8187801837921143,547,-0.0515625
0.8202271461486816,548,-0.33515625
0.8225409984588623,549,-0.580078125
0.8244540691375732,550,-1.6371093749999999
0.8258390426635742,551,-0.064453125
0.8281030654907227,552,-0.23203125
0.8301141262054443,553,-0.116015625
0.8314449787139893,554,0.21914062499999998
0.8326129913330078,555,0.0
0.8337211608886719,556,0.0
0.834827184677124,557,-0.012890625
0.8360409736633301,558,-0.322265625
0.8372671604156494,559,-0.36093749999999997
0.8383851051330566,560,-0.9410156249999999
0.8394839763641357,561,-1.5726562499999999
0.8405711650848389,562,0.0
0.8417379856109619,563,-0.02578125
0.8526849746704102,564,0.0
0.8547871112823486,565,-0.23203125
0.8562929630279541,566,-1.16015625
0.8581480979919434,567,-0.103125
0.8601460456848145,568,-0.12890625
0.8621909618377686,569,-0.4125
0.8634800910949707,570,-0.103125
0.8646180629730225,571,0.012890625
0.8657221794128418,572,0.0
0.8668990135192871,573,-0.012890625
0.8680219650268555,574,-0.012890625
0.8691561222076416,575,-0.30937499999999996
0.8702671527862549,576,-0.43828124999999996
0.8713600635528564,577,-0.8121093749999999
0.8725931644439697,578,-1.4308593749999998
0.8740310668945312,579,0.0
0.87552809715271,580,-0.064453125
0.8771960735321045,581,-0.0515625
0.8786520957946777,582,-0.038671874999999994
0.8801360130310059,583,-0.193359375
0.8815081119537354,584,-0.02578125
0.8841831684112549,585,0.012890625
0.8857400417327881,586,-0.012890625
0.8874599933624268,587,-0.322265625
0.8894741535186768,588,-0.8507812499999999
0.8911051750183105,589,-0.02578125
0.8924109935760498,590,-0.12890625
0.8935930728912354,591,-0.167578125
0.894719123840332,592,-0.15468749999999998
0.8958861827850342,593,-0.29648437499999997
0.8971030712127686,594,-0.37382812499999996
0.8982691764831543,595,-0.116015625
0.8994140625,596,0.0
0.9005110263824463,597,-0.012890625
0.901623010635376,598,-0.012890625
0.9028229713439941,599,-0.322265625
0.9042301177978516,600,-0.37382812499999996
0.905689001083374,601,-1.03125
0.9072780609130859,602,-1.3019531249999998
0.908851146697998,603,-0.012890625
0.9102799892425537,604,-0.064453125
0.9115979671478271,605,-0.20625
0.9139649868011475,606,-0.322265625
0.915848970413208,607,0.012890625
0.9174900054931641,608,-0.012890625
0.9194350242614746,609,-0.0515625
0.9211821556091309,610,-0.28359375
0.9224810600280762,611,-1.10859375
0.9236891269683838,612,-0.064453125
0.924889087677002,613,0.0
0.9261031150817871,614,-0.064453125
0.9272820949554443,615,-0.33515625
0.9283931255340576,616,-0.12890625
0.9294931888580322,617,-0.270703125
0.9305880069732666,618,-0.270703125
0.9317100048065186,619,-0.07734374999999999
0.9329731464385986,620,0.012890625
0.9344210624694824,621,-0.012890625
0.9358551502227783,622,-0.15468749999999998
0.9375090599060059,623,-0.322265625
0.9390771389007568,624,-0.9410156249999999
0.9406800270080566,625,-1.65
0.9423651695251465,626,0.012890625
0.9449560642242432,627,-0.103125
0.9465479850769043,628,-0.116015625
0.948371171951294,629,0.07734374999999999
0.9505150318145752,630,0.0
0.9519670009613037,631,-0.02578125
0.9531810283660889,632,-0.322265625
0.9543170928955078,633,-0.4125
0.9554910659790039,634,-1.173046875
0.9566681385040283,635,-1.65
0.9578051567077637,636,0.0
0.9589259624481201,637,-0.167578125
0.9600250720977783,638,-0.20625
0.9611191749572754,639,-0.37382812499999996
0.9622139930725098,640,0.0
0.963447093963623,641,-0.322265625
0.9649531841278076,642,-0.15468749999999998
0.9664781093597412,643,0.0
0.9680221080780029,644,-0.012890625
0.9694831371307373,645,-0.21914062499999998
0.9709901809692383,646,-0.36093749999999997
0.9724271297454834,647,-1.018359375
0.9749720096588135,648,0.0
0.976823091506958,649,-0.02578125
0.9781961441040039,650,-0.20625
0.9802401065826416,651,-0.33515625
0.9821701049804688,652,-0.09023437499999999
0.983497142791748,653,0.0
0.9846529960632324,654,-0.012890625
0.9857690334320068,655,-0.2578125
0.9870049953460693,656,-0.4125
0.9881670475006104,657,-0.825
0.989307165145874,658,-1.482421875
0.9904091358184814,659,-0.02578125
0.9915060997009277,660,-0.064453125
0.9925971031188965,661,-0.103125
0.9937870502471924,662,-0.28359375
0.9952051639556885,663,-0.15468749999999998
0.9968340396881104,664,-0.28359375
0.9983949661254883,665,-0.012890625
0.9999229907989502,666,0.0
1.0012710094451904,667,-0.0515625
1.0025839805603027,668,-0.24492187499999998
1.0052831172943115,669,-0.33515625
1.0070481300354004,670,-1.2503906249999999
