time,count,voltage
0.005427837371826172,1,-0.116015625
0.0070269107818603516,2,-0.18046874999999998
0.008508920669555664,3,-0.012890625
0.009886980056762695,4,0.0
0.011703014373779297,5,-0.0515625
0.0134429931640625,6,-0.18046874999999998
0.015164852142333984,7,-0.7734375
0.01690387725830078,8,-1.65
0.01860499382019043,9,-0.02578125
0.020280838012695312,10,-0.29648437499999997
0.021904945373535156,11,-0.07734374999999999
0.023350954055786133,12,-0.2578125
0.02473282814025879,13,-0.012890625
0.02608799934387207,14,0.0
0.027431011199951172,15,-0.038671874999999994
0.02922987937927246,16,-0.24492187499999998
0.030972003936767578,17,-0.20625
0.03269600868225098,18,-1.21171875
0.034448862075805664,19,0.0
0.0362849235534668,20,-0.193359375
0.03797793388366699,21,-0.20625
0.039849042892456055,22,-0.167578125
0.04146003723144531,23,0.038671874999999994
0.04314303398132324,24,-0.012890625
0.04524087905883789,25,-0.012890625
0.048132896423339844,26,-0.24492187499999998
0.05015301704406738,27,-1.3019531249999998
0.05182504653930664,28,-0.09023437499999999
0.053494930267333984,29,-0.167578125
0.05555891990661621,30,-0.193359375
0.057862043380737305,31,-0.23203125
0.059732913970947266,32,0.012890625
0.06125783920288086,33,-0.012890625
0.06266999244689941,34,-0.21914062499999998
0.06405282020568848,35,-0.399609375
0.06541800498962402,36,-1.21171875
0.06676793098449707,37,-0.12890625
0.06813287734985352,38,-0.09023437499999999
0.06959390640258789,39,-0.064453125
0.07096290588378906,40,-0.167578125
0.07231688499450684,41,-0.37382812499999996
0.07367491722106934,42,-0.29648437499999997
0.07503485679626465,43,-0.012890625
0.0763859748840332,44,-0.012890625
0.07774496078491211,45,-0.0515625
0.07910895347595215,46,-0.21914062499999998
0.08058881759643555,47,-0.2578125
0.08212685585021973,48,-1.1214843749999999
0.08387303352355957,49,-0.33515625
0.08561301231384277,50,-0.064453125
0.08740401268005371,51,-0.270703125
0.08934402465820312,52,-0.0515625
0.09102582931518555,53,0.07734374999999999
0.09267401695251465,54,0.012890625
0.09448599815368652,55,-0.02578125
0.09680986404418945,56,-0.21914062499999998
0.09961390495300293,57,-0.43828124999999996
0.10149693489074707,58,-0.09023437499999999
0.10319399833679199,59,-0.0515625
0.10489892959594727,60,-0.012890625
0.10694694519042969,61,-0.270703125
0.1092379093170166,62,0.09023437499999999
0.11103987693786621,63,-0.012890625
0.11280202865600586,64,-0.23203125
0.1145319938659668,65,-0.36093749999999997
0.11629891395568848,66,-1.3664062499999998
0.11831784248352051,67,-0.038671874999999994
0.12009882926940918,68,-0.116015625
0.12171387672424316,69,-0.103125
0.12328791618347168,70,-0.37382812499999996
0.12596988677978516,71,-0.038671874999999994
0.12836503982543945,72,-0.012890625
0.13012003898620605,73,-0.23203125
0.13165283203125,74,-0.8121093749999999
0.13358497619628906,75,-1.611328125
0.13538384437561035,76,-0.064453125
0.13672184944152832,77,-0.116015625
0.1378929615020752,78,-0.141796875
0.1390700340270996,79,-0.4125
0.14022088050842285,80,-0.36093749999999997
0.14146685600280762,81,-0.012890625
0.1428828239440918,82,0.0
0.14433789253234863,83,-0.0515625
0.14589381217956543,84,-0.20625
0.14747095108032227,85,-0.2578125
0.14906787872314453,86,-1.173046875
0.15053296089172363,87,-0.02578125
0.15193796157836914,88,-0.116015625
0.15435385704040527,89,-0.193359375
0.15633201599121094,90,-0.21914062499999998
0.1578209400177002,91,0.167578125
0.1594069004058838,92,0.0
0.16136884689331055,93,-0.038671874999999994
0.16289591789245605,94,-0.20625
0.1641559600830078,95,-0.48984374999999997
0.1653449535369873,96,-1.2503906249999999
0.16649198532104492,97,-0.21914062499999998
0.16762995719909668,98,-0.07734374999999999
0.16884994506835938,99,-0.322265625
0.16998887062072754,100,-0.2578125
0.17110586166381836,101,-0.15468749999999998
0.1723318099975586,102,-0.33515625
0.17375588417053223,103,-0.322265625
0.1752338409423828,104,0.012890625
0.17673087120056152,105,0.0
0.17848801612854004,106,-0.0515625
0.17997503280639648,107,-0.20625
0.18143796920776367,108,-0.7863281249999999
0.18281888961791992,109,-1.546875
0.18518781661987305,110,0.0
0.18714499473571777,111,-0.103125
0.18860888481140137,112,-0.116015625
0.19019603729248047,113,-0.20625
0.19213294982910156,114,-0.012890625
0.19370698928833008,115,0.0
0.19496583938598633,116,-0.116015625
0.19615602493286133,117,-0.29648437499999997
0.1973259449005127,118,-0.5285156249999999
0.19849491119384766,119,-1.2503906249999999
0.1996300220489502,120,-0.20625
0.20075702667236328,121,0.0
0.20186591148376465,122,-0.23203125
0.2030630111694336,123,-0.20625
0.20448899269104004,124,-0.12890625
0.20596790313720703,125,-0.270703125
0.20750999450683594,126,-0.116015625
0.2090740203857422,127,-0.012890625
0.2105088233947754,128,-0.038671874999999994
0.2119300365447998,129,-0.116015625
0.21333885192871094,130,-0.2578125
0.2156538963317871,131,-0.8507812499999999
0.21764492988586426,132,-1.65
0.21912193298339844,133,-0.23203125
0.22066092491149902,134,-0.270703125
0.22256088256835938,135,-0.0515625
0.22430682182312012,136,-0.0515625
0.22557592391967773,137,0.0
0.22672295570373535,138,-0.02578125
0.22786688804626465,139,-0.0515625
0.2290349006652832,140,-0.28359375
0.23018693923950195,141,-0.322265625
0.23131704330444336,142,-1.018359375
0.23244190216064453,143,-1.5984375
0.23364901542663574,144,0.012890625
0.23506784439086914,145,-0.12890625
0.2365279197692871,146,-0.193359375
0.23801183700561523,147,-0.064453125
0.23967385292053223,148,-0.20625
0.2410898208618164,149,0.0
0.24239802360534668,150,0.012890625
0.24385786056518555,151,-0.038671874999999994
0.24648094177246094,152,-0.103125
0.24812793731689453,153,-0.348046875
0.24967503547668457,154,-1.46953125
0.25153088569641113,155,0.0
0.25341296195983887,156,-0.15468749999999998
0.25478386878967285,157,-0.0515625
0.25597691535949707,158,-0.399609375
0.2571108341217041,159,-0.30937499999999996
0.2583448886871338,160,0.0
0.2595558166503906,161,0.0
0.2607388496398926,162,-0.09023437499999999
0.2618868350982666,163,-0.23203125
0.2630150318145752,164,-0.23203125
0.2642500400543213,165,-0.734765625
0.2656729221343994,166,-1.405078125
0.2671539783477783,167,-0.012890625
0.2687079906463623,168,-0.103125
0.2702488899230957,169,-0.15468749999999998
0.2715878486633301,170,-0.064453125
0.272907018661499,171,-0.36093749999999997
0.274716854095459,172,-0.20625
0.2770090103149414,173,0.012890625
0.278548002243042,174,-0.0515625
0.2800178527832031,175,-0.23203125
0.28194499015808105,176,-0.7863281249999999
0.28374695777893066,177,-1.65
0.28506994247436523,178,0.0
0.28626298904418945,179,-0.103125
0.2873978614807129,180,-0.20625
0.28853893280029297,181,-0.29648437499999997
0.2896718978881836,182,-0.38671875
0.2908029556274414,183,-0.23203125
0.2919328212738037,184,0.0
0.29304003715515137,185,-0.012890625
0.2942538261413574,186,-0.02578125
0.2956829071044922,187,-0.270703125
0.2971508502960205,188,-0.270703125
0.2987058162689209,189,-1.044140625
0.30029797554016113,190,-0.605859375
0.30177998542785645,191,-0.103125
0.30315494537353516,192,-0.15468749999999998
0.3052349090576172,193,-0.167578125
0.3074328899383545,194,-0.12890625
0.30899786949157715,195,0.012890625
0.310884952545166,196,-0.02578125
0.31281304359436035,197,-0.12890625
0.31412196159362793,198,-0.37382812499999996
0.3153049945831299,199,-1.224609375
0.31646084785461426,200,-0.23203125
0.31759095191955566,201,0.0
0.3187978267669678,202,-0.2578125
0.3199169635772705,203,-0.2578125
0.32102394104003906,204,-0.193359375
0.3221249580383301,205,-0.2578125
0.3232309818267822,206,-0.33515625
0.32446789741516113,207,-0.20625
0.3258788585662842,208,-0.012890625
0.3273448944091797,209,-0.02578125
0.32900190353393555,210,-0.167578125
0.3305048942565918,211,-0.20625
0.33179783821105957,212,-1.03125
0.33313894271850586,213,-1.65
0.3350539207458496,214,-0.0515625
0.3371889591217041,215,-0.2578125
0.3391098976135254,216,-0.07734374999999999
0.3418538570404053,217,-0.20625
0.3435068130493164,218,0.0
0.34485697746276855,219,-0.02578125
0.34686899185180664,220,-0.21914062499999998
0.3483238220214844,221,-0.8507812499999999
0.34967589378356934,222,-1.5597656249999998
0.35096287727355957,223,0.0
0.3522059917449951,224,-0.23203125
0.3571169376373291,225,-0.29648437499999997
0.3589940071105957,226,-0.15468749999999998
0.36057496070861816,227,-0.02578125
0.36197996139526367,228,-0.167578125
0.363386869430542,229,-0.21914062499999998
0.3656768798828125,230,-0.837890625
0.36780381202697754,231,-1.65
0.36926698684692383,232,-0.2578125
0.3713829517364502,233,-0.30937499999999996
0.3732109069824219,234,-0.30937499999999996
0.3745098114013672,235,0.15468749999999998
0.37566590309143066,236,-0.02578125
0.37679386138916016,237,-0.012890625
0.3779149055480957,238,-0.0515625
0.3790738582611084,239,-0.2578125
0.38019490242004395,240,-0.2578125
0.3813660144805908,241,-0.9796874999999999
0.38246989250183105,242,-1.5984375
0.38357090950012207,243,0.0
0.38478684425354004,244,-0.012890625
0.38621997833251953,245,-0.07734374999999999
0.3877449035644531,246,-0.29648437499999997
0.38940882682800293,247,-0.322265625
0.3908858299255371,248,-0.167578125
0.3922598361968994,249,0.0
0.3935868740081787,250,-0.02578125
0.39600491523742676,251,-0.064453125
0.3979678153991699,252,-0.167578125
0.3994588851928711,253,-1.2890625
0.40126681327819824,254,0.0
0.40321898460388184,255,-0.21914062499999998
0.40463685989379883,256,-0.18046874999999998
0.4058709144592285,257,-0.28359375
0.40703892707824707,258,-0.23203125
0.4082820415496826,259,0.012890625
0.4094119071960449,260,-0.012890625
0.410524845123291,261,-0.0515625
0.4116368293762207,262,-0.12890625
0.4127628803253174,263,-0.20625
0.41388797760009766,264,-0.4640625
0.4150848388671875,265,-1.16015625
0.4165070056915283,266,-1.65
0.41796088218688965,267,-0.0515625
0.41963791847229004,268,-0.038671874999999994
0.4212169647216797,269,-0.193359375
0.42292284965515137,270,-0.270703125
0.4245638847351074,271,-0.167578125
0.4270899295806885,272,0.0
0.4287528991699219,273,-0.012890625
0.43048095703125,274,-0.07734374999999999
0.43252992630004883,275,-0.825
0.43389391899108887,276,-0.103125
0.43510890007019043,277,-0.12890625
0.4362928867340088,278,-0.167578125
0.4374690055847168,279,-0.20625
0.4386169910430908,280,-0.30937499999999996
0.43976688385009766,281,-0.37382812499999996
0.44090986251831055,282,-0.23203125
0.44203901290893555,283,0.012890625
0.4431788921356201,284,-0.012890625
0.44438695907592773,285,-0.02578125
0.4458949565887451,286,-0.23203125
0.44779181480407715,287,-0.167578125
0.44965600967407227,288,-1.198828125
0.4515528678894043,289,0.0
0.45352792739868164,290,-0.103125
0.45603394508361816,291,-0.15468749999999998
0.4590480327606201,292,-0.2578125
0.4610910415649414,293,0.0
0.46298885345458984,294,-0.193359375
0.46532583236694336,295,-0.322265625
0.46743297576904297,296,-1.546875
0.4692800045013428,297,-0.12890625
0.4708528518676758,298,-0.20625
0.4725029468536377,299,-0.193359375
0.47408390045166016,300,-0.0515625
0.47570204734802246,301,0.0
0.47747302055358887,302,-0.02578125
0.4794039726257324,303,-0.12890625
0.4812920093536377,304,-0.21914062499999998
0.48340797424316406,305,-1.26328125
0.49212098121643066,306,0.012890625
0.49456000328063965,307,0.0
0.4969370365142822,308,-0.141796875
0.4993138313293457,309,-0.5671875
0.5009770393371582,310,0.012890625
0.502586841583252,311,-0.2578125
0.5041658878326416,312,-0.23203125
0.5056748390197754,313,-0.24492187499999998
0.5074429512023926,314,-0.193359375
0.5101938247680664,315,0.0
0.5118520259857178,316,-0.012890625
0.5132589340209961,317,-0.167578125
0.5146198272705078,318,-0.734765625
0.5160360336303711,319,-1.456640625
0.5174369812011719,320,0.0
0.5189909934997559,321,-0.167578125
0.5204219818115234,322,-0.167578125
0.5217690467834473,323,-0.15468749999999998
0.5237388610839844,324,-0.322265625
0.529620885848999,325,-0.167578125
0.531613826751709,326,-0.23203125
0.5334749221801758,327,-1.353515625
0.5354609489440918,328,-0.02578125
0.5435478687286377,329,-0.09023437499999999
0.5452039241790771,330,-0.02578125
0.5466530323028564,331,-0.21914062499999998
0.5480859279632568,332,-0.734765625
0.5498030185699463,333,-1.4953124999999998
0.5523660182952881,334,0.0
0.5539708137512207,335,-0.193359375
0.5555839538574219,336,-0.064453125
0.5577049255371094,337,-0.193359375
0.5592310428619385,338,0.012890625
0.5604579448699951,339,-0.0515625
0.5616118907928467,340,-0.116015625
0.5627379417419434,341,-0.30937499999999996
0.5638768672943115,342,-0.502734375
0.5650029182434082,343,-1.1859374999999999
0.5661768913269043,344,-1.65
0.5673489570617676,345,0.0
0.5859179496765137,346,-0.12890625
0.587364912033081,347,-0.20625
0.5885739326477051,348,-0.18046874999999998
0.5897338390350342,349,-0.2578125
0.5908808708190918,350,-0.20625
0.5919859409332275,351,0.0
0.5930788516998291,352,-0.012890625
0.594174861907959,353,-0.038671874999999994
0.5952849388122559,354,-0.23203125
0.5963869094848633,355,-0.2578125
0.5974829196929932,356,-0.7476562499999999
0.5988118648529053,357,-1.3664062499999998
0.6002578735351562,358,-0.0515625
0.6016778945922852,359,-0.012890625
0.6032719612121582,360,-0.09023437499999999
0.6047778129577637,361,-0.038671874999999994
0.606132984161377,362,-0.21914062499999998
0.6074779033660889,363,-0.167578125
0.6098499298095703,364,0.012890625
0.6116030216217041,365,-0.038671874999999994
0.6130518913269043,366,-0.20625
0.6150100231170654,367,-0.476953125
0.6166608333587646,368,-1.4308593749999998
0.6179070472717285,369,-0.09023437499999999
0.6190898418426514,370,-0.167578125
0.6202249526977539,371,-0.270703125
0.621351957321167,372,-0.09023437499999999
0.6224608421325684,373,-0.4125
0.6235668659210205,374,-0.37382812499999996
0.6246979236602783,375,-0.02578125
0.6257929801940918,376,0.0
0.6268839836120605,377,-0.02578125
0.6279878616333008,378,-0.116015625
0.629241943359375,379,-0.322265625
0.6306328773498535,380,-0.37382812499999996
0.6320738792419434,381,-1.16015625
0.6335389614105225,382,-0.064453125
0.6350729465484619,383,-0.064453125
0.6365318298339844,384,-0.064453125
0.6379969120025635,385,-0.20625
0.6397759914398193,386,-0.20625
0.6422498226165771,387,-0.012890625
0.6439130306243896,388,-0.02578125
0.6452748775482178,389,-0.103125
0.6470258235931396,390,-0.2578125
0.6490249633789062,391,-0.8507812499999999
0.6504018306732178,392,0.0
0.651580810546875,393,-0.07734374999999999
0.6527369022369385,394,-0.103125
0.653864860534668,395,-0.21914062499999998
0.6549839973449707,396,-0.09023437499999999
0.6560938358306885,397,-0.36093749999999997
0.6571979522705078,398,-0.30937499999999996
0.6583189964294434,399,0.012890625
0.6594998836517334,400,0.0
0.6609039306640625,401,-0.0515625
0.6623449325561523,402,-0.193359375
0.6638808250427246,403,-0.20625
0.6654999256134033,404,-0.9796874999999999
0.6669750213623047,405,-0.02578125
0.6684298515319824,406,-0.064453125
0.6707909107208252,407,-0.15468749999999998
0.6726770401000977,408,-0.064453125
0.6741769313812256,409,0.038671874999999994
0.676131010055542,410,0.0
0.6777188777923584,411,-0.0515625
0.678980827331543,412,-0.20625
0.6801328659057617,413,-0.20625
0.6812598705291748,414,-0.889453125
0.682373046875,415,-1.533984375
0.6834819316864014,416,0.0
0.6845788955688477,417,-0.0515625
0.6856839656829834,418,-0.23203125
0.6867818832397461,419,-0.2578125
0.6878769397735596,420,-0.0515625
0.6889858245849609,421,-0.33515625
0.6901688575744629,422,-0.33515625
0.6915578842163086,423,-0.15468749999999998
0.6929788589477539,424,0.0
0.6944398880004883,425,-0.064453125
0.6959919929504395,426,-0.23203125
0.6974539756774902,427,-0.23203125
0.6990430355072021,428,-1.16015625
0.7004578113555908,429,-0.18046874999999998
0.7027699947357178,430,-0.07734374999999999
0.7047100067138672,431,-0.29648437499999997
0.7061429023742676,432,-0.2578125
0.7077908515930176,433,-0.064453125
0.7098159790039062,434,0.012890625
0.711298942565918,435,-0.0515625
0.7125158309936523,436,-0.2578125
0.7136468887329102,437,-0.2578125
0.7147719860076904,438,-1.018359375
0.7158908843994141,439,-1.585546875
