time,count,voltage
0.00541996955871582,1,-0.012890625
0.007085084915161133,2,-0.0515625
0.00853109359741211,3,-0.23203125
0.009905099868774414,4,-0.825
0.011667013168334961,5,-1.5984375
0.013228178024291992,6,0.0
0.014934062957763672,7,-0.064453125
0.016592025756835938,8,-0.23203125
0.01849508285522461,9,-0.20625
0.020107030868530273,10,0.116015625
0.021785974502563477,11,0.0
0.02325296401977539,12,-0.012890625
0.024636030197143555,13,-0.29648437499999997
0.025999069213867188,14,-0.42539062499999997
0.02737116813659668,15,-1.2890625
0.028928041458129883,16,-0.103125
0.030614137649536133,17,0.0
0.03227996826171875,18,-0.167578125
0.03395795822143555,19,-0.038671874999999994
0.03590703010559082,20,-0.20625
0.0377349853515625,21,0.012890625
0.03942108154296875,22,-0.02578125
0.04097414016723633,23,-0.20625
0.04264497756958008,24,-0.23203125
0.04450106620788574,25,-1.147265625
0.04716897010803223,26,-0.038671874999999994
0.049738168716430664,27,-0.012890625
0.0516359806060791,28,-0.322265625
0.05326509475708008,29,0.09023437499999999
0.05509209632873535,30,-0.012890625
0.05733203887939453,31,-0.0515625
0.059420108795166016,32,-0.23203125
0.06113100051879883,33,-1.0828125
0.06259298324584961,34,0.0
0.06396698951721191,35,-0.167578125
0.06532812118530273,36,-0.21914062499999998
0.06668210029602051,37,-0.116015625
0.06824517250061035,38,-0.4125
0.06955409049987793,39,-0.12890625
0.07069897651672363,40,0.0
0.07179617881774902,41,0.0
0.07288217544555664,42,-0.02578125
0.07398009300231934,43,-0.270703125
0.07507514953613281,44,-0.29648437499999997
0.07618308067321777,45,-0.8765624999999999
0.07729101181030273,46,-1.46953125
0.07847213745117188,47,-0.064453125
0.07970595359802246,48,-0.038671874999999994
0.08113408088684082,49,-0.193359375
0.08259105682373047,50,-0.193359375
0.0841071605682373,51,-0.02578125
0.08572101593017578,52,-0.103125
0.0872030258178711,53,0.012890625
0.08860516548156738,54,0.0
0.09074616432189941,55,-0.02578125
0.09279608726501465,56,-0.20625
0.09440207481384277,57,-1.173046875
0.09581208229064941,58,-0.02578125
0.09746718406677246,59,-0.09023437499999999
0.09938311576843262,60,-0.24492187499999998
0.10095405578613281,61,-0.103125
0.10224699974060059,62,0.012890625
0.10341715812683105,63,0.0
0.1045379638671875,64,0.012890625
0.10564613342285156,65,-0.02578125
0.10675501823425293,66,-0.193359375
0.10793900489807129,67,-0.37382812499999996
0.1091611385345459,68,-0.515625
0.11053109169006348,69,-1.276171875
0.11198997497558594,70,-0.012890625
0.11342096328735352,71,-0.064453125
0.11496496200561523,72,-0.103125
0.11635208129882812,73,-0.20625
0.11781597137451172,74,-0.23203125
0.11923599243164062,75,-0.116015625
0.12175607681274414,76,0.0
0.12347412109375,77,-0.012890625
0.12483716011047363,78,-0.270703125
0.1267080307006836,79,-0.554296875
0.12862205505371094,80,-1.4953124999999998
0.12994599342346191,81,-0.012890625
0.1311020851135254,82,0.0
0.13223505020141602,83,-0.23203125
0.1333620548248291,84,-0.15468749999999998
0.13448309898376465,85,-0.399609375
0.1355900764465332,86,-0.30937499999999996
0.13669395446777344,87,0.012890625
0.13781213760375977,88,0.0
0.13893508911132812,89,-0.02578125
0.14012503623962402,90,-0.12890625
0.14147210121154785,91,-0.33515625
0.14294815063476562,92,-0.605859375
0.14438104629516602,93,-1.4308593749999998
0.14597201347351074,94,-0.012890625
0.14738202095031738,95,-0.193359375
0.1487720012664795,96,-0.23203125
0.15015697479248047,97,-0.09023437499999999
0.1526789665222168,98,-0.37382812499999996
0.15428400039672852,99,0.012890625
0.15574216842651367,100,-0.012890625
0.15775418281555176,101,-0.103125
0.15950918197631836,102,-0.18046874999999998
0.1608121395111084,103,-1.198828125
0.1619739532470703,104,0.0
0.16310501098632812,105,-0.012890625
0.1642320156097412,106,-0.103125
0.16534805297851562,107,-0.23203125
0.1664581298828125,108,-0.064453125
0.16758418083190918,109,-0.37382812499999996
0.16870999336242676,110,-0.348046875
0.16980910301208496,111,0.0
0.17095708847045898,112,0.012890625
0.17230510711669922,113,-0.012890625
0.17377114295959473,114,-0.116015625
0.17523407936096191,115,-0.23203125
0.17676615715026855,116,-0.825
0.1782081127166748,117,-1.65
0.17957210540771484,118,-0.038671874999999994
0.1812760829925537,119,-0.12890625
0.18368101119995117,120,-0.29648437499999997
0.18525910377502441,121,0.0
0.18671011924743652,122,0.24492187499999998
0.18867015838623047,123,0.0
0.19051313400268555,124,-0.02578125
0.19202899932861328,125,-0.23203125
0.1932220458984375,126,-0.9152343749999999
0.19437003135681152,127,-1.5984375
0.1956620216369629,128,0.0
0.19701910018920898,129,-0.0515625
0.19829297065734863,130,-0.103125
0.19954299926757812,131,-0.20625
0.2057051658630371,132,-0.322265625
0.20799803733825684,133,-0.30937499999999996
0.209442138671875,134,-0.36093749999999997
0.21087312698364258,135,-1.26328125
0.21236896514892578,136,0.0
0.21487212181091309,137,0.0
0.2164781093597412,138,-0.193359375
0.21832799911499023,139,-0.21914062499999998
0.22058796882629395,140,-0.103125
0.22216200828552246,141,-0.012890625
0.2234940528869629,142,-0.0515625
0.2247600555419922,143,-0.33515625
0.22600412368774414,144,-0.515625
0.22727012634277344,145,-1.2890625
0.22852110862731934,146,0.0
0.2297501564025879,147,0.0
0.23733115196228027,148,-0.12890625
0.23914813995361328,149,-0.270703125
0.24070215225219727,150,-0.167578125
0.24323511123657227,151,-0.23203125
0.24486207962036133,152,-1.327734375
0.24651002883911133,153,0.0
0.24852514266967773,154,-0.116015625
0.24990415573120117,155,-0.116015625
0.25107312202453613,156,-0.38671875
0.2522151470184326,157,-0.29648437499999997
0.2533390522003174,158,0.012890625
0.25444912910461426,159,0.012890625
0.25554704666137695,160,-0.038671874999999994
0.2566521167755127,161,-0.15468749999999998
0.25777411460876465,162,-0.29648437499999997
0.2588810920715332,163,-0.4640625
0.2599830627441406,164,-1.173046875
0.26108312606811523,165,-1.65
0.2622501850128174,166,0.012890625
0.2636301517486572,167,0.0
0.26502108573913574,168,-0.12890625
0.2665581703186035,169,-0.167578125
0.2682340145111084,170,-0.20625
0.2696850299835205,171,0.064453125
0.27112698554992676,172,0.0
0.2736639976501465,173,-0.012890625
0.27538204193115234,174,-0.2578125
0.27695298194885254,175,-0.889453125
0.27904415130615234,176,-1.65
0.2805750370025635,177,0.0
0.281749963760376,178,-0.21914062499999998
0.28288912773132324,179,-0.167578125
0.284013032913208,180,-0.270703125
0.285128116607666,181,-0.322265625
0.28623008728027344,182,-0.103125
0.28746795654296875,183,0.012890625
0.28859400749206543,184,-0.02578125
0.2897369861602783,185,-0.0515625
0.29088401794433594,186,-0.36093749999999997
0.2920069694519043,187,-0.33515625
0.2932450771331787,188,-1.03125
0.29459595680236816,189,-1.65
0.2960360050201416,190,0.012890625
0.29750514030456543,191,0.0
0.29900503158569336,192,-0.2578125
0.3003661632537842,193,-0.0515625
0.3016831874847412,194,-0.270703125
0.3035311698913574,195,-0.064453125
0.30571603775024414,196,0.0
0.3072030544281006,197,-0.116015625
0.3088700771331787,198,-0.29648437499999997
0.3108811378479004,199,-0.9152343749999999
0.3123290538787842,200,0.0
0.31352901458740234,201,-0.038671874999999994
0.314669132232666,202,0.0
0.3157801628112793,203,-0.2578125
0.31700897216796875,204,0.0
0.31817102432250977,205,-0.270703125
0.3193221092224121,206,-0.116015625
0.3204500675201416,207,0.012890625
0.32154297828674316,208,0.0
0.3226289749145508,209,-0.012890625
0.32381296157836914,210,-0.23203125
0.32521796226501465,211,-0.322265625
0.32666707038879395,212,-0.889453125
0.3282749652862549,213,-1.65
0.32974815368652344,214,0.0
0.33104896545410156,215,-0.193359375
0.33236098289489746,216,-0.2578125
0.3344390392303467,217,-0.15468749999999998
0.33649706840515137,218,-0.15468749999999998
0.33797597885131836,219,0.012890625
0.33962106704711914,220,-0.0515625
0.3416411876678467,221,-0.23203125
0.3430771827697754,222,-0.4640625
0.3442699909210205,223,-1.4953124999999998
0.34540605545043945,224,0.0
0.3465151786804199,225,-0.012890625
0.34842705726623535,226,-0.064453125
0.34961795806884766,227,-0.064453125
0.35074615478515625,228,-0.2578125
0.35186100006103516,229,-0.270703125
0.3529951572418213,230,-0.09023437499999999
0.3542051315307617,231,0.0
0.35561203956604004,232,-0.012890625
0.3571760654449463,233,-0.12890625
0.3591480255126953,234,-0.2578125
0.3605639934539795,235,-1.0828125
0.3619539737701416,236,-0.167578125
0.3632841110229492,237,0.012890625
0.365739107131958,238,-0.09023437499999999
0.36739611625671387,239,-0.064453125
0.36881017684936523,240,-0.103125
0.37064695358276367,241,0.0
0.3724939823150635,242,0.0
0.373852014541626,243,-0.167578125
0.37502098083496094,244,-0.28359375
0.37615013122558594,245,-0.8121093749999999
0.37727904319763184,246,-1.482421875
0.37839412689208984,247,0.0
0.3794989585876465,248,-0.02578125
0.380601167678833,249,-0.193359375
0.38169407844543457,250,-0.23203125
0.38278913497924805,251,-0.167578125
0.3838939666748047,252,-0.33515625
0.3850719928741455,253,-0.38671875
0.38646411895751953,254,-0.15468749999999998
0.38796114921569824,255,0.0
0.3895449638366699,256,-0.012890625
0.39106011390686035,257,-0.23203125
0.39238810539245605,258,-0.29648437499999997
0.3936901092529297,259,-1.147265625
0.3954930305480957,260,-0.23203125
0.39784812927246094,261,-0.07734374999999999
0.3992941379547119,262,-0.23203125
0.40111708641052246,263,-0.18046874999999998
0.40299510955810547,264,-0.0515625
0.40430212020874023,265,0.0
0.4054679870605469,266,-0.012890625
0.4065971374511719,267,-0.103125
0.4077341556549072,268,-0.30937499999999996
0.40885114669799805,269,-0.42539062499999997
0.4099550247192383,270,-1.16015625
0.41104602813720703,271,-1.65
0.4121429920196533,272,0.012890625
0.41324496269226074,273,-0.0515625
0.414337158203125,274,-0.09023437499999999
0.4155130386352539,275,-0.193359375
0.41697096824645996,276,-0.02578125
0.41843199729919434,277,-0.29648437499999997
0.420025110244751,278,-0.012890625
0.42154812812805176,279,-0.012890625
0.42889404296875,280,-0.02578125
0.4305450916290283,281,-0.2578125
0.43246006965637207,282,-0.23203125
0.43417811393737793,283,-0.15468749999999998
0.43560194969177246,284,-0.012890625
0.43685007095336914,285,0.012890625
0.4381439685821533,286,0.012890625
0.43929505348205566,287,-0.02578125
0.4404151439666748,288,-0.2578125
0.44152116775512695,289,-0.29648437499999997
0.4426290988922119,290,-0.7476562499999999
0.44374513626098633,291,-1.405078125
0.44486117362976074,292,-0.012890625
0.44609904289245605,293,-0.0515625
0.4476499557495117,294,-0.0515625
0.4490699768066406,295,-0.28359375
0.45058608055114746,296,-0.02578125
0.4521780014038086,297,-0.20625
0.453693151473999,298,0.0
0.45505213737487793,299,-0.012890625
0.4572930335998535,300,-0.012890625
0.4593181610107422,301,-0.270703125
0.4608190059661865,302,-1.10859375
0.46251416206359863,303,-0.064453125
0.4644930362701416,304,-0.07734374999999999
0.4659130573272705,305,-0.23203125
0.46719908714294434,306,-0.09023437499999999
0.4684109687805176,307,-0.20625
0.4696030616760254,308,-0.012890625
0.47072815895080566,309,0.012890625
0.4718310832977295,310,-0.012890625
0.47292304039001465,311,-0.02578125
0.4740149974822998,312,-0.33515625
0.4751441478729248,313,-0.322265625
0.47634100914001465,314,-0.9152343749999999
0.47785115242004395,315,-1.5597656249999998
0.4793219566345215,316,0.0
0.48089003562927246,317,-0.15468749999999998
0.48236513137817383,318,-0.2578125
0.4838571548461914,319,-0.20625
0.48529815673828125,320,-0.23203125
0.48766112327575684,321,0.0515625
0.48954010009765625,322,-0.012890625
0.49092817306518555,323,-0.20625
0.49311399459838867,324,-0.20625
0.4947819709777832,325,-1.2503906249999999
0.49609804153442383,326,0.0
0.49727606773376465,327,-0.12890625
0.4986081123352051,328,-0.15468749999999998
0.4998049736022949,329,-0.12890625
0.5010261535644531,330,-0.4125
0.5021750926971436,331,-0.348046875
0.5033130645751953,332,0.0
0.5044171810150146,333,0.0
0.5055060386657715,334,-0.02578125
0.5067009925842285,335,-0.167578125
0.5082981586456299,336,-0.30937499999999996
0.509835958480835,337,-0.631640625
0.5114951133728027,338,-1.52109375
0.5130250453948975,339,0.0
0.514423131942749,340,-0.0515625
0.5160300731658936,341,-0.29648437499999997
0.5180721282958984,342,-0.116015625
0.5203590393066406,343,-0.02578125
0.521881103515625,344,0.0
0.523468017578125,345,-0.0515625
0.5255601406097412,346,-0.322265625
0.5272459983825684,347,-0.734765625
0.5285580158233643,348,-0.038671874999999994
0.5297281742095947,349,-0.012890625
0.5308511257171631,350,-0.012890625
0.5319869518280029,351,-0.322265625
0.533149003982544,352,-0.0515625
0.5342659950256348,353,-0.42539062499999997
0.53537917137146,354,-0.33515625
0.5364739894866943,355,0.0
0.5376529693603516,356,-0.012890625
0.5390720367431641,357,-0.012890625
0.5405781269073486,358,-0.167578125
0.5421621799468994,359,-0.29648437499999997
0.5437619686126709,360,-0.9410156249999999
0.5451550483703613,361,-0.502734375
0.5464930534362793,362,0.0
0.5489640235900879,363,-0.0515625
0.550771951675415,364,-0.20625
0.5522830486297607,365,-0.103125
0.5542430877685547,366,0.0
0.5558669567108154,367,-0.012890625
0.5571901798248291,368,-0.20625
0.5583720207214355,369,-0.30937499999999996
0.5595560073852539,370,-0.837890625
0.5606780052185059,371,-1.4953124999999998
0.5617959499359131,372,0.0
0.5630490779876709,373,-0.02578125
0.5641920566558838,374,-0.02578125
0.5653061866760254,375,-0.270703125
0.5664379596710205,376,-0.07734374999999999
0.5676469802856445,377,-0.42539062499999997
0.5690510272979736,378,-0.36093749999999997
0.5704991817474365,379,0.0
0.5720651149749756,380,0.0
0.5737471580505371,381,-0.0515625
0.5752520561218262,382,-0.2578125
0.5766961574554443,383,-0.825
0.5785200595855713,384,-1.611328125
0.5809521675109863,385,-0.012890625
0.5825681686401367,386,-0.193359375
0.5853681564331055,387,-0.15468749999999998
0.5873770713806152,388,0.36093749999999997
0.588798999786377,389,0.0
0.5900230407714844,390,-0.09023437499999999
0.5911891460418701,391,-0.29648437499999997
0.5923171043395996,392,-0.4640625
0.5934369564056396,393,-1.198828125
0.5945420265197754,394,-1.65
0.5956711769104004,395,-0.012890625
0.5969440937042236,396,-0.103125
0.5982530117034912,397,-0.15468749999999998
0.599694013595581,398,-0.116015625
0.6011321544647217,399,-0.29648437499999997
0.602729082107544,400,-0.12890625
0.6043641567230225,401,0.012890625
0.6058681011199951,402,-0.012890625
0.6074509620666504,403,-0.193359375
0.6091611385345459,404,-0.21914062499999998
0.6116621494293213,405,-0.9796874999999999
0.613332986831665,406,-0.12890625
0.6147890090942383,407,-0.09023437499999999
0.6166770458221436,408,-0.167578125
0.618556022644043,409,-0.2578125
0.6198790073394775,410,0.20625
0.6211299896240234,411,-0.012890625
0.6222691535949707,412,-0.02578125
0.6233811378479004,413,-0.18046874999999998
0.6245269775390625,414,-0.36093749999999997
0.6256310939788818,415,-0.48984374999999997
0.6267290115356445,416,-1.224609375
0.627918004989624,417,-1.65
0.6291670799255371,418,-0.12890625
0.6305949687957764,419,-0.0515625
0.6320209503173828,420,-0.20625
0.6335580348968506,421,-0.038671874999999994
0.6351790428161621,422,-0.36093749999999997
0.6368069648742676,423,-0.02578125
0.6385531425476074,424,-0.012890625
0.6404399871826172,425,-0.012890625
0.6427931785583496,426,-0.30937499999999996
0.6444799900054932,427,-1.147265625
0.6459109783172607,428,0.0
0.6478619575500488,429,-0.12890625
0.6496090888977051,430,-0.2578125
0.6509051322937012,431,-0.30937499999999996
0.6521971225738525,432,-0.20625
0.6534130573272705,433,0.0
0.6545431613922119,434,0.0
0.6556651592254639,435,-0.02578125
0.656771183013916,436,-0.167578125
0.6579430103302002,437,-0.322265625
0.659214973449707,438,-0.5671875
0.6606781482696533,439,-1.26328125
0.6621279716491699,440,0.0
0.6636290550231934,441,0.0
0.6650760173797607,442,-0.12890625
0.66646409034729,443,-0.0515625
0.6687860488891602,444,-0.23203125
0.6712660789489746,445,0.28359375
0.6732721328735352,446,-0.02578125
0.6747090816497803,447,-0.21914062499999998
