time,count,voltage
0.005366086959838867,1,-0.012890625
0.006910085678100586,2,-0.0515625
0.008322954177856445,3,-0.30937499999999996
0.009698152542114258,4,-0.8121093749999999
0.011057138442993164,5,-1.546875
0.012603998184204102,6,0.0
0.014409065246582031,7,-0.167578125
0.016119956970214844,8,-0.4125
0.01788496971130371,9,-0.322265625
0.019511938095092773,10,-0.02578125
0.021188020706176758,11,0.0
0.022706031799316406,12,-0.064453125
0.024212121963500977,13,-0.28359375
0.025599956512451172,14,-0.30937499999999996
0.02696514129638672,15,-1.134375
0.028499126434326172,16,-0.193359375
0.030189990997314453,17,-0.064453125
0.031903982162475586,18,-0.0515625
0.0336611270904541,19,-0.07734374999999999
0.035633087158203125,20,-0.322265625
0.03733110427856445,21,0.012890625
0.03905797004699707,22,0.0
0.040656089782714844,23,-0.167578125
0.042333126068115234,24,-0.37382812499999996
0.04409313201904297,25,-1.1214843749999999
0.04637503623962402,26,0.0
0.049217939376831055,27,-0.20625
0.05104207992553711,28,-0.167578125
0.0526731014251709,29,0.038671874999999994
0.054708003997802734,30,0.012890625
0.05688905715942383,31,-0.012890625
0.05889296531677246,32,-0.322265625
0.060459136962890625,33,-1.00546875
0.06189608573913574,34,0.0
0.063262939453125,35,-0.09023437499999999
0.0647439956665039,36,-0.064453125
0.06609797477722168,37,-0.23203125
0.06744503974914551,38,-0.322265625
0.0688011646270752,39,-0.23203125
0.07022309303283691,40,0.012890625
0.07189011573791504,41,0.0
0.07337212562561035,42,-0.02578125
0.0748751163482666,43,-0.322265625
0.07633304595947266,44,-0.7218749999999999
0.0778341293334961,45,-1.5082031249999999
0.07953310012817383,46,0.0
0.08124494552612305,47,-0.21914062499999998
0.08299612998962402,48,-0.270703125
0.08490109443664551,49,-0.36093749999999997
0.08659195899963379,50,0.012890625
0.08804106712341309,51,0.012890625
0.08937597274780273,52,-0.012890625
0.09153413772583008,53,-0.270703125
0.09366011619567871,54,-0.42539062499999997
0.09509706497192383,55,-1.65
0.09688901901245117,56,-0.103125
0.09877800941467285,57,-0.103125
0.10009098052978516,58,-0.18046874999999998
0.10129594802856445,59,-0.33515625
0.10244202613830566,60,-0.193359375
0.1036369800567627,61,0.0
0.10482311248779297,62,0.0
0.10605216026306152,63,-0.012890625
0.10734796524047852,64,-0.30937499999999996
0.10880804061889648,65,-0.37382812499999996
0.11024594306945801,66,-1.0828125
0.11180710792541504,67,-0.7218749999999999
0.1132819652557373,68,-0.038671874999999994
0.1147761344909668,69,-0.0515625
0.11623001098632812,70,-0.270703125
0.11764001846313477,71,-0.33515625
0.12011313438415527,72,-0.167578125
0.12199211120605469,73,-0.012890625
0.1234130859375,74,-0.064453125
0.12514209747314453,75,-0.37382812499999996
0.12711095809936523,76,-0.7734375
0.12864208221435547,77,-0.992578125
0.12987112998962402,78,-0.0515625
0.13101696968078613,79,-0.038671874999999994
0.13216209411621094,80,-0.42539062499999997
0.1333019733428955,81,-0.116015625
0.1344740390777588,82,-0.36093749999999997
0.13560199737548828,83,-0.21914062499999998
0.13678908348083496,84,0.0
0.13815712928771973,85,0.0
0.1396181583404541,86,-0.012890625
0.1410810947418213,87,-0.33515625
0.14267611503601074,88,-0.4640625
0.14410614967346191,89,-1.340625
0.1455211639404297,90,0.012890625
0.14704012870788574,91,-0.09023437499999999
0.14947795867919922,92,-0.12890625
0.15110206604003906,93,-0.064453125
0.15268611907958984,94,0.103125
0.15473198890686035,95,0.0
0.15637493133544922,96,-0.012890625
0.1576690673828125,97,-0.29648437499999997
0.15885615348815918,98,-0.4640625
0.15999412536621094,99,-1.198828125
0.16111207008361816,100,-1.65
0.16221213340759277,101,0.0
0.16331005096435547,102,-0.15468749999999998
0.16446304321289062,103,-0.12890625
0.16558504104614258,104,-0.2578125
0.16681909561157227,105,-0.23203125
0.16817712783813477,106,-0.348046875
0.1696760654449463,107,-0.15468749999999998
0.17113399505615234,108,0.0
0.1727139949798584,109,-0.012890625
0.17426609992980957,110,-0.322265625
0.17572593688964844,111,-0.43828124999999996
0.177138090133667,112,-1.276171875
0.17880797386169434,113,0.0
0.18121695518493652,114,-0.07734374999999999
0.1828479766845703,115,-0.30937499999999996
0.18429994583129883,116,-0.36093749999999997
0.1860980987548828,117,-0.15468749999999998
0.18806099891662598,118,0.0
0.18947911262512207,119,-0.0515625
0.1906721591949463,120,-0.322265625
0.19180703163146973,121,-0.33515625
0.19291996955871582,122,-0.992578125
0.1941230297088623,123,-1.611328125
0.1952500343322754,124,0.0
0.196364164352417,125,-0.0515625
0.1975719928741455,126,-0.0515625
0.19896602630615234,127,-0.4125
0.20040607452392578,128,-0.15468749999999998
0.20188093185424805,129,-0.21914062499999998
0.20342803001403809,130,0.0515625
0.20498108863830566,131,0.0
0.20638012886047363,132,-0.012890625
0.20780611038208008,133,-0.36093749999999997
0.20993614196777344,134,-0.502734375
0.211989164352417,135,-1.46953125
0.21361112594604492,136,-0.103125
0.21505498886108398,137,-0.0515625
0.21688508987426758,138,-0.20625
0.21879005432128906,139,-0.193359375
0.22013211250305176,140,0.0
0.22132110595703125,141,-0.012890625
0.22246694564819336,142,-0.012890625
0.22365808486938477,143,-0.29648437499999997
0.2248079776763916,144,-0.451171875
0.22592401504516602,145,-0.8765624999999999
0.2270340919494629,146,-1.533984375
0.2282271385192871,147,0.0
0.22961115837097168,148,-0.064453125
0.23110008239746094,149,-0.0515625
0.2325880527496338,150,-0.270703125
0.23416900634765625,151,-0.12890625
0.23565196990966797,152,-0.038671874999999994
0.2370741367340088,153,0.0
0.2387690544128418,154,0.0
0.2406139373779297,155,-0.02578125
0.24216699600219727,156,-0.30937499999999996
0.24392199516296387,157,-1.03125
0.24637603759765625,158,0.012890625
0.24806809425354004,159,-0.103125
0.24989604949951172,160,-0.23203125
0.2518880367279053,161,-0.28359375
0.25338101387023926,162,0.20625
0.2546701431274414,163,-0.012890625
0.25581908226013184,164,-0.012890625
0.2569420337677002,165,-0.2578125
0.25805115699768066,166,-0.37382812499999996
0.2592580318450928,167,-0.8121093749999999
0.2606799602508545,168,-1.456640625
0.2621309757232666,169,0.0
0.26372313499450684,170,0.0
0.2653350830078125,171,-0.12890625
0.26677393913269043,172,-0.15468749999999998
0.26819396018981934,173,-0.322265625
0.2704460620880127,174,-0.038671874999999994
0.27260398864746094,175,0.012890625
0.2740941047668457,176,-0.20625
0.2760159969329834,177,-0.28359375
0.2778661251068115,178,-1.198828125
0.27916502952575684,179,0.0
0.2803330421447754,180,-0.20625
0.28147101402282715,181,-0.2578125
0.2825801372528076,182,-0.0515625
0.2837660312652588,183,-0.348046875
0.2849271297454834,184,-0.37382812499999996
0.2860579490661621,185,-0.12890625
0.2871890068054199,186,0.0
0.2882871627807617,187,-0.012890625
0.28946995735168457,188,-0.02578125
0.2908661365509033,189,-0.37382812499999996
0.2923460006713867,190,-0.322265625
0.29394102096557617,191,-1.21171875
0.2954890727996826,192,0.0
0.2969050407409668,193,0.0
0.29828500747680664,194,-0.167578125
0.3001260757446289,195,-0.193359375
0.3025059700012207,196,-0.21914062499999998
0.30399203300476074,197,0.012890625
0.30553412437438965,198,-0.02578125
0.3075430393218994,199,-0.07734374999999999
0.30922508239746094,200,-0.33515625
0.3105130195617676,201,-1.26328125
0.31168293952941895,202,-0.064453125
0.31280994415283203,203,-0.02578125
0.3139491081237793,204,-0.116015625
0.3150660991668701,205,-0.322265625
0.31617093086242676,206,-0.116015625
0.3172791004180908,207,-0.270703125
0.3183910846710205,208,-0.270703125
0.31960296630859375,209,-0.0515625
0.3210129737854004,210,0.02578125
0.32247209548950195,211,-0.02578125
0.3239729404449463,212,-0.21914062499999998
0.3256089687347412,213,-0.37382812499999996
0.32698512077331543,214,-1.134375
0.3283660411834717,215,0.0
0.3296530246734619,216,-0.0515625
0.33214712142944336,217,-0.15468749999999998
0.3339059352874756,218,-0.12890625
0.33544206619262695,219,-0.18046874999999998
0.33751702308654785,220,-0.012890625
0.3396151065826416,221,-0.012890625
0.3409099578857422,222,-0.29648437499999997
0.3420829772949219,223,-0.399609375
0.3432130813598633,224,-1.16015625
0.34435200691223145,225,-1.65
0.3454749584197998,226,0.0
0.3465709686279297,227,-0.103125
0.34767794609069824,228,-0.116015625
0.34878015518188477,229,-0.2578125
0.349977970123291,230,-0.0515625
0.3513829708099365,231,-0.322265625
0.35285115242004395,232,-0.12890625
0.3545379638671875,233,0.012890625
0.3560800552368164,234,-0.0515625
0.3575279712677002,235,-0.29648437499999997
0.35892510414123535,236,-0.270703125
0.3612380027770996,237,-1.147265625
0.36313700675964355,238,0.0
0.3646430969238281,239,-0.12890625
0.36669111251831055,240,-0.30937499999999996
0.36835813522338867,241,-0.167578125
0.36962103843688965,242,0.21914062499999998
0.37077999114990234,243,0.0
0.3719151020050049,244,-0.012890625
0.3730430603027344,245,-0.103125
0.3742239475250244,246,-0.4125
0.3753631114959717,247,-0.43828124999999996
0.3764841556549072,248,-1.1859374999999999
0.37760210037231445,249,-1.65
0.37870216369628906,250,0.0
0.3798689842224121,251,-0.103125
0.38126397132873535,252,-0.103125
0.38270998001098633,253,-0.399609375
0.38427114486694336,254,-0.322265625
0.38587498664855957,255,-0.15468749999999998
0.3872561454772949,256,0.0
0.38863205909729004,257,-0.012890625
0.3901970386505127,258,-0.064453125
0.39267706871032715,259,-0.4125
0.39440107345581055,260,-1.26328125
0.3960540294647217,261,0.0
0.39810895919799805,262,-0.20625
0.3995189666748047,263,-0.29648437499999997
0.40070509910583496,264,-0.29648437499999997
0.4018440246582031,265,-0.2578125
0.40297794342041016,266,0.0
0.40418505668640137,267,0.0
0.40532612800598145,268,-0.02578125
0.4064450263977051,269,-0.103125
0.4075450897216797,270,-0.4125
0.408642053604126,271,-0.515625
0.40973615646362305,272,-1.16015625
0.4109079837799072,273,-1.65
0.41230106353759766,274,0.0
0.41382598876953125,275,-0.116015625
0.4154379367828369,276,-0.20625
0.41695594787597656,277,-0.167578125
0.41837406158447266,278,-0.322265625
0.41983795166015625,279,0.0
0.4219779968261719,280,0.012890625
0.4241659641265869,281,-0.012890625
0.42563295364379883,282,-0.2578125
0.4274449348449707,283,-1.134375
0.42939305305480957,284,0.0
0.43071699142456055,285,-0.270703125
0.43187999725341797,286,-0.29648437499999997
0.4330000877380371,287,-0.116015625
0.43419814109802246,288,-0.399609375
0.43531298637390137,289,-0.30937499999999996
0.4364280700683594,290,0.0
0.43752193450927734,291,-0.012890625
0.438615083694458,292,-0.064453125
0.43971705436706543,293,-0.116015625
0.44091105461120605,294,-0.399609375
0.44230198860168457,295,-0.4640625
0.44382500648498535,296,-1.26328125
0.44536709785461426,297,0.0
0.4468221664428711,298,-0.0515625
0.44815611839294434,299,-0.167578125
0.44943904876708984,300,-0.12890625
0.45166516304016113,301,-0.322265625
0.4536409378051758,302,-0.012890625
0.45509910583496094,303,0.0
0.45688796043395996,304,-0.0515625
0.4587881565093994,305,-0.37382812499999996
0.46016597747802734,306,-1.03125
0.46134400367736816,307,-0.193359375
0.4624819755554199,308,-0.064453125
0.4636659622192383,309,-0.24492187499999998
0.46482014656066895,310,-0.21914062499999998
0.4659309387207031,311,-0.21914062499999998
0.4670281410217285,312,-0.36093749999999997
0.46813416481018066,313,-0.37382812499999996
0.4692699909210205,314,-0.193359375
0.4703710079193115,315,0.012890625
0.47153401374816895,316,-0.012890625
0.47292494773864746,317,-0.012890625
0.47443604469299316,318,-0.38671875
0.47600603103637695,319,-0.502734375
0.4775431156158447,320,-1.405078125
0.47889208793640137,321,0.0
0.4801959991455078,322,-0.116015625
0.4823150634765625,323,-0.167578125
0.4844169616699219,324,-0.167578125
0.48587608337402344,325,0.09023437499999999
0.4878511428833008,326,0.0
0.48958516120910645,327,-0.02578125
0.49085497856140137,328,-0.322265625
0.4920220375061035,329,-0.4125
0.4931471347808838,330,-1.134375
0.49433112144470215,331,-1.65
0.49550604820251465,332,0.0
0.4966239929199219,333,-0.12890625
0.49773311614990234,334,-0.02578125
0.49883413314819336,335,-0.2578125
0.49993300437927246,336,-0.09023437499999999
0.5010600090026855,337,-0.38671875
0.5022790431976318,338,-0.270703125
0.5037250518798828,339,0.012890625
0.5052430629730225,340,0.0
0.5068120956420898,341,-0.064453125
0.5083310604095459,342,-0.322265625
0.5097100734710693,343,-0.8507812499999999
0.5111010074615479,344,-1.611328125
0.5128340721130371,345,0.0
0.5151700973510742,346,-0.193359375
0.5167291164398193,347,-0.116015625
0.5181519985198975,348,-0.322265625
0.5201921463012695,349,-0.103125
0.5219240188598633,350,0.0
0.5232081413269043,351,-0.064453125
0.5244171619415283,352,-0.33515625
0.5255639553070068,353,-0.5671875
0.5266821384429932,354,-1.2890625
0.5277891159057617,355,-1.03125
0.5288889408111572,356,0.0
0.5299720764160156,357,-0.0515625
0.5310590267181396,358,-0.167578125
0.532228946685791,359,-0.322265625
0.5336530208587646,360,-0.167578125
0.5351221561431885,361,-0.2578125
0.5366449356079102,362,0.07734374999999999
0.5381340980529785,363,0.0
0.5395171642303467,364,-0.012890625
0.5408871173858643,365,-0.33515625
0.5424759387969971,366,-0.33515625
0.5449609756469727,367,-1.1859374999999999
0.5465359687805176,368,0.0
0.5479180812835693,369,-0.103125
0.5497860908508301,370,-0.33515625
0.5516140460968018,371,-0.322265625
0.5529229640960693,372,0.15468749999999998
0.5541839599609375,373,0.012890625
0.5553250312805176,374,-0.012890625
0.5564460754394531,375,-0.116015625
0.5575580596923828,376,-0.42539062499999997
0.5586669445037842,377,-0.515625
0.5597610473632812,378,-1.198828125
0.5608551502227783,379,-1.65
0.5619421005249023,380,0.0
0.5631110668182373,381,-0.02578125
0.5645120143890381,382,-0.103125
0.5659620761871338,383,-0.2578125
0.5674769878387451,384,-0.270703125
0.5690491199493408,385,-0.167578125
0.5704569816589355,386,0.0
0.571876049041748,387,-0.012890625
0.5733239650726318,388,-0.0515625
0.5759029388427734,389,-0.399609375
0.5775480270385742,390,-1.10859375
0.5789210796356201,391,0.0
0.5807490348815918,392,-0.167578125
0.5826010704040527,393,-0.21914062499999998
0.5839459896087646,394,-0.18046874999999998
0.5851550102233887,395,-0.103125
0.5863039493560791,396,0.0
0.5874030590057373,397,0.0
0.588508129119873,398,-0.02578125
0.5896091461181641,399,-0.07734374999999999
0.5907101631164551,400,-0.36093749999999997
0.5918059349060059,401,-0.37382812499999996
0.5929019451141357,402,-1.0828125
0.5941629409790039,403,-1.65
0.5955641269683838,404,0.0
0.5969979763031006,405,-0.09023437499999999
0.5985519886016846,406,-0.20625
0.6000649929046631,407,-0.18046874999999998
0.6014270782470703,408,-0.33515625
0.6028130054473877,409,-0.09023437499999999
0.6049370765686035,410,0.0
0.607064962387085,411,-0.02578125
0.6084671020507812,412,-0.24492187499999998
0.6102659702301025,413,-0.928125
0.6121280193328857,414,-1.65
0.6134071350097656,415,-0.07734374999999999
0.6146409511566162,416,-0.20625
0.6157810688018799,417,-0.193359375
0.6168899536132812,418,-0.270703125
0.6179890632629395,419,-0.322265625
0.6191129684448242,420,-0.193359375
0.6202099323272705,421,0.012890625
0.6213099956512451,422,0.0
0.622406005859375,423,-0.02578125
0.6234951019287109,424,-0.30937499999999996
0.6247360706329346,425,-0.399609375
0.6261470317840576,426,-0.8121093749999999
0.6276199817657471,427,-1.5597656249999998
0.6291611194610596,428,0.0
0.630713939666748,429,-0.12890625
0.6321389675140381,430,-0.37382812499999996
0.6334891319274902,431,-0.167578125
0.6352009773254395,432,-0.30937499999999996
0.6376421451568604,433,-0.02578125
0.6392419338226318,434,-0.012890625
0.6406359672546387,435,-0.28359375
0.6424961090087891,436,-0.37382812499999996
0.6444189548492432,437,-1.198828125
0.6457359790802002,438,0.0
0.6468961238861084,439,-0.167578125
0.6480281352996826,440,-0.21914062499999998
0.6491460800170898,441,-0.21914062499999998
0.6502480506896973,442,-0.29648437499999997
0.6513500213623047,443,-0.36093749999999997
0.6524789333343506,444,-0.193359375
0.6536331176757812,445,0.012890625
0.6552879810333252,446,-0.012890625
0.6567549705505371,447,-0.064453125
0.6581840515136719,448,-0.37382812499999996
0.6599249839782715,449,-0.8121093749999999
0.6615090370178223,450,-1.65
0.6630210876464844,451,0.0
0.6644301414489746,452,-0.116015625
0.6668829917907715,453,-0.23203125
0.6687390804290771,454,-0.167578125
0.6702320575714111,455,0.012890625
0.6722891330718994,456,0.0
0.6739230155944824,457,-0.103125
0.6751470565795898,458,-0.30937499999999996
0.6763110160827637,459,-0.992578125
0.677480936050415,460,-1.6371093749999999
0.678617000579834,461,0.0
0.6797201633453369,462,-0.0515625
0.6808371543884277,463,-0.0515625
0.6819419860839844,464,-0.322265625
0.6830329895019531,465,-0.18046874999999998
0.6842150688171387,466,-0.4125
0.6854300498962402,467,-0.29648437499999997
0.6868419647216797,468,0.012890625
0.6882810592651367,469,0.0
0.6898109912872314,470,-0.02578125
0.6912820339202881,471,-0.322265625
0.6926641464233398,472,-0.580078125
0.694080114364624,473,-1.41796875
0.6962180137634277,474,0.0
0.6983230113983154,475,-0.141796875
0.6997711658477783,476,-0.167578125
0.7018110752105713,477,-0.33515625
0.7035191059112549,478,0.0515625
0.704848051071167,479,-0.012890625
0.7060050964355469,480,-0.02578125
0.707129955291748,481,-0.322265625
0.708259105682373,482,-0.348046875
0.7093760967254639,483,-0.928125
0.7104859352111816,484,-1.5597656249999998
0.7115910053253174,485,0.0
0.7126801013946533,486,-0.012890625
0.713792085647583,487,-0.20625
0.7148909568786621,488,-0.37382812499999996
0.7160630226135254,489,-0.15468749999999998
0.7174570560455322,490,-0.270703125
0.7189509868621826,491,-0.193359375
0.7205359935760498,492,0.0
0.722038984298706,493,-0.012890625
0.7234320640563965,494,-0.12890625
0.7251291275024414,495,-0.399609375
0.7277159690856934,496,-0.928125
0.7293961048126221,497,0.0
0.730942964553833,498,-0.02578125
0.732978105545044,499,-0.33515625
0.7344400882720947,500,-0.37382812499999996
0.7356600761413574,501,-0.012890625
0.7368199825286865,502,0.012890625
0.7379319667816162,503,-0.012890625
0.7390360832214355,504,-0.012890625
0.7401511669158936,505,-0.29648437499999997
0.7412610054016113,506,-0.42539062499999997
0.7423651218414307,507,-0.79921875
0.7434580326080322,508,-1.405078125
0.7446191310882568,509,0.0
0.7457129955291748,510,0.0
0.7468841075897217,511,-0.20625
0.7482731342315674,512,-0.21914062499999998
0.7497100830078125,513,-0.270703125
0.7512540817260742,514,-0.20625
0.7527821063995361,515,-0.0515625
0.7542951107025146,516,0.012890625
0.7557649612426758,517,-0.02578125
0.7581210136413574,518,-0.21914062499999998
0.7600679397583008,519,-0.37382812499999996
0.761584997177124,520,-1.65
0.763707160949707,521,-0.0515625
0.7653000354766846,522,-0.15468749999999998
0.7665081024169922,523,-0.18046874999999998
0.7676501274108887,524,-0.37382812499999996
0.768761157989502,525,-0.2578125
0.7698609828948975,526,0.0
0.7709569931030273,527,0.0
0.7720489501953125,528,-0.038671874999999994
0.7731540203094482,529,-0.167578125
0.7742819786071777,530,-0.37382812499999996
0.7753920555114746,531,-0.54140625
0.7765021324157715,532,-1.2503906249999999
0.7776839733123779,533,-1.65
0.7790830135345459,534,0.0
0.7806861400604248,535,-0.193359375
0.7820601463317871,536,-0.33515625
0.7834250926971436,537,-0.20625
0.784930944442749,538,-0.29648437499999997
0.7864410877227783,539,0.038671874999999994
0.7879059314727783,540,-0.012890625
0.7903850078582764,541,-0.02578125
0.7921450138092041,542,-0.30937499999999996
0.7935280799865723,543,-1.0570312499999999
0.7953810691833496,544,-0.322265625
0.7973170280456543,545,-0.0515625
0.7989399433135986,546,-0.29648437499999997
0.8005490303039551,547,-0.12890625
0.801811933517456,548,-0.0515625
0.8029780387878418,549,-0.012890625
0.8042311668395996,550,0.0
0.8054120540618896,551,0.0
0.8065390586853027,552,-0.20625
0.8077831268310547,553,-0.42539062499999997
0.8092060089111328,554,-0.5929687499999999
0.8106651306152344,555,-1.405078125
0.812359094619751,556,0.0
0.813971996307373,557,0.0
0.8154430389404297,558,-0.2578125
0.8168830871582031,559,-0.167578125
0.8186039924621582,560,-0.30937499999999996
0.8210439682006836,561,-0.012890625
0.8226759433746338,562,-0.07734374999999999
0.8241429328918457,563,-0.36093749999999997
0.8260440826416016,564,-0.399609375
0.8281710147857666,565,-1.3019531249999998
0.8295390605926514,566,-0.15468749999999998
0.8307631015777588,567,-0.038671874999999994
0.8319010734558105,568,-0.37382812499999996
0.8330090045928955,569,-0.18046874999999998
0.8342239856719971,570,-0.4640625
0.8353660106658936,571,-0.322265625
0.836522102355957,572,0.0
0.8377749919891357,573,-0.064453125
0.8391740322113037,574,-0.116015625
0.84067702293396,575,-0.270703125
0.8422119617462158,576,-0.399609375
0.8438270092010498,577,-1.134375
0.845391035079956,578,0.0
0.8468639850616455,579,-0.09023437499999999
0.8487679958343506,580,-0.103125
0.8509941101074219,581,-0.167578125
0.8525979518890381,582,0.064453125
0.8541860580444336,583,0.0
0.8561761379241943,584,-0.038671874999999994
0.8578269481658936,585,-0.24492187499999998
0.8591079711914062,586,-0.515625
0.8602840900421143,587,-1.340625
0.8615009784698486,588,0.0
0.8626241683959961,589,-0.0515625
0.8637599945068359,590,-0.103125
0.8648681640625,591,-0.30937499999999996
0.8659780025482178,592,-0.12890625
0.8670711517333984,593,-0.33515625
0.8682589530944824,594,-0.33515625
0.8696920871734619,595,-0.167578125
0.871406078338623,596,-0.012890625
0.8729400634765625,597,-0.12890625
0.8746981620788574,598,-0.4125
0.876641035079956,599,-0.631640625
0.8782219886779785,600,-1.65
0.8804600238800049,601,-0.012890625
0.8822629451751709,602,-0.064453125
0.8838951587677002,603,-0.15468749999999998
0.8861870765686035,604,-0.23203125
0.8878109455108643,605,0.0
0.8890650272369385,606,-0.15468749999999998
0.8902220726013184,607,-0.4125
0.891355037689209,608,-0.54140625
0.8925149440765381,609,-0.9152343749999999
0.893726110458374,610,-1.5082031249999999
0.8948781490325928,611,0.0
0.8959710597991943,612,-0.07734374999999999
0.8970639705657959,613,-0.193359375
0.898252010345459,614,-0.30937499999999996
0.899677038192749,615,-0.103125
0.9011480808258057,616,-0.23203125
0.902703046798706,617,-0.0515625
0.9044530391693115,618,0.0
0.9059021472930908,619,-0.116015625
0.9073221683502197,620,-0.43828124999999996
0.9099409580230713,621,-0.515625
0.9117310047149658,622,-1.4308593749999998
0.9132239818572998,623,-0.0515625
0.9153311252593994,624,-0.064453125
0.9169960021972656,625,-0.193359375
0.9182319641113281,626,-0.24492187499999998
0.9194049835205078,627,-0.038671874999999994
0.9205360412597656,628,-0.012890625
0.9216439723968506,629,-0.103125
0.9227590560913086,630,-0.20625
0.9239139556884766,631,-0.515625
0.925058126449585,632,-0.580078125
0.9261729717254639,633,-1.134375
0.9272799491882324,634,-1.65
0.928473949432373,635,0.0
0.9298591613769531,636,-0.0515625
0.9312870502471924,637,-0.09023437499999999
0.9329221248626709,638,-0.18046874999999998
0.9345071315765381,639,-0.36093749999999997
0.9360380172729492,640,-0.12890625
0.9378440380096436,641,-0.012890625
0.9402749538421631,642,-0.12890625
0.9422140121459961,643,-0.399609375
0.9436731338500977,644,-1.16015625
0.9455299377441406,645,-0.012890625
0.9474420547485352,646,-0.103125
0.9488680362701416,647,-0.28359375
0.9500589370727539,648,-0.141796875
0.9512100219726562,649,-0.30937499999999996
0.9524061679840088,650,-0.193359375
0.95353102684021,651,-0.012890625
0.9547410011291504,652,-0.0515625
0.9558830261230469,653,-0.12890625
0.9569981098175049,654,-0.4125
0.9581091403961182,655,-0.476953125
0.9593081474304199,656,-0.9796874999999999
0.9607291221618652,657,-1.5597656249999998
0.9621889591217041,658,0.0
0.9639401435852051,659,-0.09023437499999999
0.9655270576477051,660,-0.2578125
0.9669110774993896,661,-0.167578125
0.9681911468505859,662,-0.21914062499999998
0.9706571102142334,663,-0.012890625
0.9723899364471436,664,-0.0515625
0.9739861488342285,665,-0.33515625
0.9759690761566162,666,-0.515625
0.977614164352417,667,-1.340625
