time,count,voltage
0.004541873931884766,1,-0.193359375
0.005883932113647461,2,-0.103125
0.007162809371948242,3,-0.30937499999999996
0.008378982543945312,4,-0.28359375
0.009555816650390625,5,-0.012890625
0.010689020156860352,6,-0.02578125
0.011796951293945312,7,-0.064453125
0.012982845306396484,8,-0.270703125
0.014154911041259766,9,-0.02578125
0.015278816223144531,10,-0.7218749999999999
0.016536951065063477,11,-1.3019531249999998
0.01799297332763672,12,-1.65
0.01947498321533203,13,-0.270703125
0.020938873291015625,14,-0.116015625
0.02237391471862793,15,-0.038671874999999994
0.023640871047973633,16,-0.42539062499999997
0.024801015853881836,17,-0.322265625
0.025923967361450195,18,-0.193359375
0.027026891708374023,19,-0.012890625
0.02812790870666504,20,-0.0515625
0.029234886169433594,21,-0.20625
0.03042292594909668,22,-0.141796875
0.0316619873046875,23,-0.554296875
0.03312182426452637,24,-1.16015625
0.03453803062438965,25,-1.65
0.03607583045959473,26,-0.23203125
0.0374758243560791,27,-0.167578125
0.03894686698913574,28,-0.09023437499999999
0.040405988693237305,29,-0.4125
0.04258084297180176,30,-0.270703125
0.044571876525878906,31,-0.012890625
0.04596686363220215,32,-0.103125
0.04782581329345703,33,-0.064453125
0.04967379570007324,34,-0.6703125
0.05095195770263672,35,-1.5597656249999998
0.0521240234375,36,-0.28359375
0.05324983596801758,37,-0.038671874999999994
0.0543828010559082,38,-0.21914062499999998
0.05549192428588867,39,-0.0515625
0.05658888816833496,40,-0.4640625
0.05769085884094238,41,-0.4640625
0.058786869049072266,42,-0.348046875
0.05994987487792969,43,-0.012890625
0.06105685234069824,44,-0.0515625
0.06216692924499512,45,-0.103125
0.06326580047607422,46,-0.193359375
0.06437301635742188,47,-0.20625
0.06546998023986816,48,-0.8765624999999999
0.06656599044799805,49,-1.4308593749999998
0.0676729679107666,50,-1.4308593749999998
0.06877398490905762,51,-0.2578125
0.06992387771606445,52,-0.09023437499999999
0.07103586196899414,53,-0.12890625
0.07213783264160156,54,-0.193359375
0.07323789596557617,55,-0.48984374999999997
0.07433795928955078,56,-0.515625
0.07542896270751953,57,-0.37382812499999996
0.07652997970581055,58,-0.012890625
0.07763099670410156,59,-0.12890625
0.07872891426086426,60,-0.12890625
0.0798788070678711,61,-0.167578125
0.0811009407043457,62,-0.141796875
0.08227896690368652,63,-0.8507812499999999
0.08366894721984863,64,-1.4437499999999999
0.08511495590209961,65,-0.36093749999999997
0.08666086196899414,66,-0.270703125
0.08810997009277344,67,-0.167578125
0.08954787254333496,68,-0.064453125
0.09100699424743652,69,-0.2578125
0.09343791007995605,70,-0.09023437499999999
0.0951700210571289,71,-0.0515625
0.09662389755249023,72,-0.167578125
0.09856081008911133,73,-0.09023437499999999
0.1002650260925293,74,-1.00546875
0.10151100158691406,75,-0.502734375
0.10265898704528809,76,-0.30937499999999996
0.10379385948181152,77,-0.2578125
0.10490894317626953,78,-0.038671874999999994
0.10602688789367676,79,-0.322265625
0.10713481903076172,80,-0.42539062499999997
0.1082448959350586,81,-0.4125
0.10938882827758789,82,-0.103125
0.1105799674987793,83,-0.012890625
0.11176180839538574,84,-0.0515625
0.11315488815307617,85,-0.21914062499999998
0.11458492279052734,86,-0.02578125
0.1161038875579834,87,-0.837890625
0.11766886711120605,88,-1.5082031249999999
0.11949896812438965,89,-0.15468749999999998
0.12171292304992676,90,-0.2578125
0.1247859001159668,91,-0.09023437499999999
0.12723684310913086,92,0.24492187499999998
0.12964296340942383,93,-0.02578125
0.13120388984680176,94,-0.0515625
0.13257598876953125,95,-0.734765625
0.1339099407196045,96,-1.456640625
0.13517999649047852,97,-0.4125
0.1364138126373291,98,-0.2578125
0.13763999938964844,99,-0.2578125
0.13885998725891113,100,-0.116015625
0.1401669979095459,101,-0.48984374999999997
0.1593189239501953,102,-0.4125
0.1608729362487793,103,-0.23203125
0.1620619297027588,104,-0.064453125
0.1631917953491211,105,-0.116015625
0.16435885429382324,106,-0.15468749999999998
0.16548800468444824,107,-0.837890625
0.16661882400512695,108,-1.3792968749999999
0.16772699356079102,109,-1.134375
0.16883182525634766,110,-0.167578125
0.17000699043273926,111,-0.20625
0.17110800743103027,112,-0.12890625
0.17222881317138672,113,-0.12890625
0.1734638214111328,114,-0.4125
0.17498993873596191,115,-0.4125
0.17645502090454102,116,-0.07734374999999999
0.17797589302062988,117,-0.0515625
0.17943692207336426,118,-0.167578125
0.18097591400146484,119,-0.0515625
0.18250083923339844,120,-0.6832031249999999
0.18493294715881348,121,-1.4308593749999998
0.18647289276123047,122,-0.24492187499999998
0.18811583518981934,123,-0.20625
0.19019699096679688,124,-0.064453125
0.19179797172546387,125,-0.0515625
0.19304299354553223,126,-0.012890625
0.19419288635253906,127,-0.0515625
0.19530892372131348,128,-0.103125
0.1964418888092041,129,-0.2578125
0.19757294654846191,130,-0.07734374999999999
0.1987159252166748,131,-0.7863281249999999
0.1999068260192871,132,-1.3664062499999998
0.20103001594543457,133,-1.52109375
0.20213580131530762,134,-0.167578125
0.20323491096496582,135,-0.09023437499999999
0.20461487770080566,136,-0.2578125
0.20609593391418457,137,-0.038671874999999994
0.20754098892211914,138,-0.30937499999999996
0.20948386192321777,139,-0.103125
0.21097898483276367,140,-0.012890625
0.21241497993469238,141,-0.064453125
0.21376681327819824,142,-0.12890625
0.2162928581237793,143,-0.4125
0.21791601181030273,144,-1.405078125
0.21942782402038574,145,-0.28359375
0.22151899337768555,146,-0.23203125
0.2231769561767578,147,-0.09023437499999999
0.22444701194763184,148,-0.12890625
0.22564387321472168,149,-0.038671874999999994
0.22676897048950195,150,-0.0515625
0.22790002822875977,151,-0.103125
0.22901391983032227,152,-0.167578125
0.23021292686462402,153,-0.193359375
0.23132681846618652,154,-0.36093749999999997
0.23244094848632812,155,-1.00546875
0.23354697227478027,156,-1.546875
0.23471784591674805,157,-0.33515625
0.2361469268798828,158,-0.29648437499999997
0.23760485649108887,159,-0.23203125
0.23917388916015625,160,-0.20625
0.24083280563354492,161,-0.451171875
0.24221396446228027,162,-0.193359375
0.24357199668884277,163,-0.012890625
0.2460188865661621,164,-0.09023437499999999
0.24785780906677246,165,-0.09023437499999999
0.24931883811950684,166,-0.7863281249999999
0.251309871673584,167,-1.482421875
0.2530398368835449,168,-0.24492187499999998
0.2543950080871582,169,-0.193359375
0.2555699348449707,170,-0.12890625
0.25673985481262207,171,-0.42539062499999997
0.2578709125518799,172,-0.42539062499999997
0.25900697708129883,173,-0.30937499999999996
0.2602119445800781,174,-0.012890625
0.2613658905029297,175,-0.103125
0.26248598098754883,176,-0.20625
0.26358890533447266,177,-0.116015625
0.2647988796234131,178,-0.42539062499999997
0.26642680168151855,179,-1.0828125
0.26819801330566406,180,-1.65
0.2702369689941406,181,-0.270703125
0.27187395095825195,182,-0.23203125
0.2732839584350586,183,-0.36093749999999997
0.2745678424835205,184,-0.30937499999999996
0.27722692489624023,185,-0.167578125
0.2788369655609131,186,-0.07734374999999999
0.2802858352661133,187,-0.09023437499999999
0.28217291831970215,188,-0.2578125
0.28415393829345703,189,-1.1859374999999999
0.2856018543243408,190,-0.502734375
0.2868378162384033,191,-0.103125
0.28798484802246094,192,-0.21914062499999998
0.28913283348083496,193,-0.02578125
0.29029393196105957,194,-0.37382812499999996
0.29143190383911133,195,-0.33515625
0.29255080223083496,196,-0.193359375
0.29369688034057617,197,-0.0515625
0.29488086700439453,198,-0.038671874999999994
0.2962980270385742,199,-0.23203125
0.29773902893066406,200,-0.064453125
0.2992730140686035,201,-0.7476562499999999
0.3010749816894531,202,-1.4953124999999998
0.3026409149169922,203,-0.23203125
0.30432987213134766,204,-0.18046874999999998
0.3072500228881836,205,-0.15468749999999998
0.30888891220092773,206,0.12890625
0.3108329772949219,207,-0.012890625
0.3126099109649658,208,-0.012890625
0.3138728141784668,209,-0.02578125
0.31503891944885254,210,-0.54140625
0.31618595123291016,211,-1.16015625
0.31793785095214844,212,-1.65
0.31917786598205566,213,-0.2578125
0.3204169273376465,214,-0.18046874999999998
0.3215758800506592,215,-0.012890625
0.32268691062927246,216,-0.37382812499999996
0.3238508701324463,217,-0.5285156249999999
0.3250558376312256,218,-0.4125
0.32652783393859863,219,-0.012890625
0.3279860019683838,220,-0.0515625
0.3296499252319336,221,-0.103125
0.33132100105285645,222,-0.064453125
0.33290600776672363,223,-0.8121093749999999
0.3345048427581787,224,-1.5597656249999998
0.33722996711730957,225,-0.23203125
0.3388519287109375,226,-0.141796875
0.34038281440734863,227,-0.322265625
0.3425469398498535,228,-0.30937499999999996
0.3440239429473877,229,0.0
0.34519481658935547,230,-0.0515625
0.34632396697998047,231,-0.167578125
0.34743785858154297,232,-0.02578125
0.3485679626464844,233,-0.708984375
0.34978199005126953,234,-1.2890625
0.3509068489074707,235,-1.65
0.35201287269592285,236,-0.23203125
0.353147029876709,237,-0.270703125
0.3542609214782715,238,-0.2578125
0.3554198741912842,239,-0.02578125
0.3568398952484131,240,-0.42539062499999997
0.35840487480163574,241,-0.38671875
0.3599889278411865,242,-0.0515625
0.36143994331359863,243,-0.02578125
0.36277294158935547,244,-0.167578125
0.3641488552093506,245,-0.0515625
0.3667318820953369,246,-0.631640625
0.3685119152069092,247,-1.611328125
0.3699219226837158,248,-0.29648437499999997
0.37189602851867676,249,-0.270703125
0.3738830089569092,250,-0.20625
0.3752768039703369,251,0.07734374999999999
0.3764619827270508,252,0.012890625
0.37758779525756836,253,-0.0515625
0.37870287895202637,254,-0.103125
0.379957914352417,255,-0.2578125
0.3811149597167969,256,-0.141796875
0.38227081298828125,257,-0.8765624999999999
0.3833889961242676,258,-1.456640625
0.38449692726135254,259,-0.30937499999999996
0.38567686080932617,260,-0.15468749999999998
0.3870828151702881,261,-0.116015625
0.38860201835632324,262,-0.15468749999999998
0.3903169631958008,263,-0.30937499999999996
0.3918797969818115,264,-0.20625
0.39323997497558594,265,-0.012890625
0.39452481269836426,266,-0.064453125
0.39666199684143066,267,-0.12890625
0.39888787269592285,268,-0.064453125
0.4004359245300293,269,-1.1214843749999999
0.4024169445037842,270,-0.43828124999999996
0.40415287017822266,271,-0.18046874999999998
0.40590381622314453,272,-0.20625
0.40755391120910645,273,-0.4640625
0.4087059497833252,274,-0.064453125
0.4098958969116211,275,0.0
0.41101789474487305,276,-0.09023437499999999
0.4121429920196533,277,-0.09023437499999999
0.413287878036499,278,-0.167578125
0.41440701484680176,279,-0.193359375
0.41551995277404785,280,-0.863671875
0.4169299602508545,281,-1.4308593749999998
0.4184138774871826,282,-0.36093749999999997
0.41994690895080566,283,-0.38671875
0.42156195640563965,284,-0.193359375
0.4231288433074951,285,-0.12890625
0.42451000213623047,286,-0.193359375
0.425886869430542,287,-0.0515625
0.427534818649292,288,-0.02578125
0.430325984954834,289,-0.0515625
0.4319159984588623,290,-0.15468749999999998
0.4335169792175293,291,-1.0828125
0.43547797203063965,292,-1.65
0.43720102310180664,293,-0.270703125
0.4384768009185791,294,-0.103125
0.4396638870239258,295,-0.322265625
0.44080495834350586,296,-0.4125
0.4419288635253906,297,-0.29648437499999997
0.44304990768432617,298,0.0
0.4441509246826172,299,-0.0515625
0.44528889656066895,300,-0.12890625
0.4464139938354492,301,-0.21914062499999998
0.4475858211517334,302,-0.0515625
0.44902586936950684,303,-0.7734375
0.45047998428344727,304,-1.4308593749999998
0.45209598541259766,305,-0.42539062499999997
0.45368289947509766,306,-0.23203125
0.4551379680633545,307,-0.167578125
0.4565558433532715,308,-0.33515625
0.45830202102661133,309,-0.33515625
0.4609379768371582,310,-0.167578125
0.46254801750183105,311,-0.02578125
0.46422600746154785,312,-0.064453125
0.4662048816680908,313,-0.515625
0.4678049087524414,314,-1.4953124999999998
0.4691319465637207,315,-0.167578125
0.4703528881072998,316,-0.167578125
0.4714968204498291,317,-0.103125
0.47261691093444824,318,-0.2578125
0.4737370014190674,319,-0.42539062499999997
0.4748549461364746,320,-0.37382812499999996
0.47597384452819824,321,-0.167578125
0.4770839214324951,322,-0.012890625
0.4783298969268799,323,-0.0515625
0.4797790050506592,324,-0.21914062499999998
0.48125696182250977,325,-0.0515625
0.4828009605407715,326,-0.8121093749999999
0.484328031539917,327,-1.533984375
0.48581790924072266,328,-0.167578125
0.4872410297393799,329,-0.167578125
0.48903584480285645,330,-0.0515625
0.49155402183532715,331,-0.270703125
0.4932069778442383,332,0.24492187499999998
0.49474501609802246,333,-0.064453125
0.49684786796569824,334,-0.103125
0.49838995933532715,335,-0.09023437499999999
0.4996609687805176,336,-1.00546875
0.5009360313415527,337,-1.611328125
0.5021288394927979,338,-0.24492187499999998
0.5032830238342285,339,-0.193359375
0.5043950080871582,340,-0.20625
0.5054919719696045,341,-0.09023437499999999
0.5065908432006836,342,-0.43828124999999996
0.5077049732208252,343,-0.476953125
0.508965015411377,344,-0.33515625
0.510807991027832,345,-0.02578125
0.5122590065002441,346,-0.0515625
0.5137999057769775,347,-0.07734374999999999
0.5155868530273438,348,-0.348046875
0.5170919895172119,349,-1.16015625
0.5185339450836182,350,-0.4125
0.5231900215148926,351,-0.322265625
0.5248830318450928,352,0.116015625
0.5269439220428467,353,0.18046874999999998
0.5286448001861572,354,-0.09023437499999999
0.5300288200378418,355,-0.15468749999999998
0.5312089920043945,356,-0.167578125
0.5324029922485352,357,-0.9410156249999999
0.5335409641265869,358,-1.4953124999999998
0.5346798896789551,359,-0.322265625
0.5357890129089355,360,-0.2578125
0.5368998050689697,361,-0.2578125
0.5380008220672607,362,-0.167578125
0.5391860008239746,363,-0.012890625
0.5407118797302246,364,-0.33515625
0.5422458648681641,365,-0.21914062499999998
0.5438439846038818,366,-0.012890625
0.5453779697418213,367,-0.0515625
0.5467448234558105,368,-0.167578125
0.548151969909668,369,-0.15468749999999998
0.5499968528747559,370,-0.95390625
0.5524649620056152,371,-1.611328125
0.5540509223937988,372,-0.15468749999999998
0.5555298328399658,373,-0.103125
0.5577178001403809,374,-0.270703125
0.5595099925994873,375,0.0
0.5608408451080322,376,-0.02578125
0.5619978904724121,377,-0.0515625
0.5631229877471924,378,-0.20625
0.5642750263214111,379,-0.07734374999999999
0.5653958320617676,380,-0.7476562499999999
0.566511869430542,381,-1.353515625
0.5676169395446777,382,-1.6371093749999999
0.5687239170074463,383,-0.20625
0.5699648857116699,384,-0.012890625
0.5713818073272705,385,-0.193359375
0.5728609561920166,386,-0.02578125
0.5745129585266113,387,-0.29648437499999997
0.5761148929595947,388,-0.09023437499999999
0.5775449275970459,389,-0.012890625
0.5789508819580078,390,-0.02578125
0.5809648036956787,391,-0.116015625
0.5833449363708496,392,-0.33515625
0.5848369598388672,393,-1.5984375
0.5863759517669678,394,-0.322265625
0.5883808135986328,395,-0.193359375
0.5901808738708496,396,0.0
0.591472864151001,397,0.038671874999999994
0.5926668643951416,398,0.0515625
0.5937910079956055,399,-0.0515625
0.5948970317840576,400,-0.064453125
0.5960249900817871,401,-0.18046874999999998
0.5971558094024658,402,-0.0515625
0.5983138084411621,403,-0.5285156249999999
0.5994768142700195,404,-1.147265625
0.6006808280944824,405,-1.65
0.6020967960357666,406,-0.20625
0.6036138534545898,407,-0.270703125
0.6052868366241455,408,-0.103125
0.606846809387207,409,-0.30937499999999996
0.6083018779754639,410,-0.20625
0.6097478866577148,411,-0.064453125
0.6112089157104492,412,-0.0515625
0.6140680313110352,413,-0.09023437499999999
0.6157429218292236,414,-0.07734374999999999
0.6172428131103516,415,-1.2503906249999999
0.6191740036010742,416,-0.322265625
0.6209490299224854,417,-0.15468749999999998
0.622330904006958,418,-0.12890625
0.6235039234161377,419,-0.43828124999999996
0.6246588230133057,420,-0.37382812499999996
0.6257829666137695,421,-0.270703125
0.6269018650054932,422,-0.02578125
0.6280169486999512,423,-0.07734374999999999
0.6291508674621582,424,-0.20625
0.630314826965332,425,-0.167578125
0.6315000057220459,426,-0.38671875
