time,count,voltage
0.005207061767578125,1,-0.12890625
0.0068399906158447266,2,-0.4125
0.008340835571289062,3,-0.37382812499999996
0.00974893569946289,4,-1.2890625
0.011121988296508789,5,-0.21914062499999998
0.012753963470458984,6,-0.23203125
0.014490842819213867,7,-0.2578125
0.01620197296142578,8,-0.15468749999999998
0.01804804801940918,9,-0.28359375
0.019682884216308594,10,-0.038671874999999994
0.02124190330505371,11,-0.02578125
0.022655010223388672,12,-0.20625
0.024019956588745117,13,-0.4125
0.025365829467773438,14,-0.7863281249999999
0.02676701545715332,15,-1.5984375
0.028337955474853516,16,-0.193359375
0.03001999855041504,17,-0.270703125
0.03171896934509277,18,-0.43828124999999996
0.03352689743041992,19,0.0
0.03541398048400879,20,0.038671874999999994
0.037201881408691406,21,0.0
0.03908991813659668,22,-0.103125
0.040678977966308594,23,-0.4125
0.0424809455871582,24,-0.64453125
0.04459404945373535,25,-1.5984375
0.04770302772521973,26,-0.20625
0.049932003021240234,27,-0.36093749999999997
0.05168604850769043,28,-0.18046874999999998
0.053813934326171875,29,0.0
0.05611896514892578,30,-0.103125
0.05787086486816406,31,-0.4125
0.05932784080505371,32,-0.992578125
0.06073188781738281,33,-1.65
0.062111854553222656,34,-0.18046874999999998
0.06348896026611328,35,-0.2578125
0.06485891342163086,36,-0.38671875
0.06622505187988281,37,-0.103125
0.0677180290222168,38,-0.20625
0.06926894187927246,39,0.0
0.07086586952209473,40,-0.012890625
0.0725710391998291,41,-0.103125
0.07423090934753418,42,-0.42539062499999997
0.07606005668640137,43,-0.889453125
0.07800483703613281,44,-1.65
0.0796208381652832,45,-0.2578125
0.08125901222229004,46,-0.322265625
0.08287191390991211,47,0.0
0.08559989929199219,48,-0.33515625
0.08926105499267578,49,-0.012890625
0.09145903587341309,50,-0.2578125
0.09412693977355957,51,-0.7863281249999999
0.09624791145324707,52,-0.20625
0.10917401313781738,53,-0.20625
0.11210203170776367,54,-0.167578125
0.1145179271697998,55,-0.193359375
0.11643385887145996,56,-0.103125
0.11902499198913574,57,-0.29648437499999997
0.12059187889099121,58,-0.012890625
0.1219329833984375,59,-0.12890625
0.12322998046875,60,-0.4640625
0.1244809627532959,61,-0.43828124999999996
0.12575483322143555,62,-1.0828125
0.12704801559448242,63,-1.65
0.13710284233093262,64,0.0
0.1395859718322754,65,-0.270703125
0.1416640281677246,66,-0.451171875
0.1430978775024414,67,-1.198828125
0.14504694938659668,68,-0.322265625
0.14683294296264648,69,-0.2578125
0.1481008529663086,70,-0.399609375
0.14932799339294434,71,-0.193359375
0.15049505233764648,72,-0.30937499999999996
0.15164589881896973,73,-0.167578125
0.15276503562927246,74,0.0
0.1538689136505127,75,-0.012890625
0.15503692626953125,76,-0.116015625
0.15616202354431152,77,-0.42539062499999997
0.15729999542236328,78,-0.554296875
0.1584148406982422,79,-0.992578125
0.15964794158935547,80,-1.5597656249999998
0.16107487678527832,81,-0.2578125
0.1625058650970459,82,-0.193359375
0.1640329360961914,83,-0.07734374999999999
0.16550993919372559,84,-0.2578125
0.1669478416442871,85,-0.36093749999999997
0.16841793060302734,86,-0.193359375
0.17081689834594727,87,0.012890625
0.1727590560913086,88,-0.064453125
0.17425990104675293,89,-0.37382812499999996
0.17628693580627441,90,-0.889453125
0.17799687385559082,91,-1.65
0.17924189567565918,92,-0.270703125
0.18040204048156738,93,-0.21914062499999998
0.18154501914978027,94,-0.167578125
0.18268203735351562,95,-0.12890625
0.18379592895507812,96,-0.23203125
0.18491005897521973,97,-0.167578125
0.18603205680847168,98,0.0
0.18716788291931152,99,-0.012890625
0.18828797340393066,100,-0.167578125
0.1894090175628662,101,-0.5285156249999999
0.19059085845947266,102,-0.5929687499999999
0.1919548511505127,103,-0.992578125
0.19338583946228027,104,-1.65
0.1949319839477539,105,-0.02578125
0.19660592079162598,106,-0.2578125
0.1982429027557373,107,-0.4125
0.1997840404510498,108,-0.09023437499999999
0.20242094993591309,109,-0.07734374999999999
0.20400786399841309,110,0.0
0.2056269645690918,111,-0.103125
0.20771503448486328,112,-0.502734375
0.20910286903381348,113,-0.837890625
0.21028900146484375,114,-1.65
0.21143603324890137,115,0.0
0.2125558853149414,116,-0.2578125
0.2136828899383545,117,-0.2578125
0.21480798721313477,118,-0.515625
0.21591997146606445,119,-0.09023437499999999
0.2171308994293213,120,-0.2578125
0.2183070182800293,121,-0.23203125
0.21956706047058105,122,0.0
0.22529101371765137,123,-0.0515625
0.22678399085998535,124,-1.1214843749999999
0.22806692123413086,125,-0.20625
0.22932195663452148,126,-0.23203125
0.23059892654418945,127,-0.29648437499999997
0.23182392120361328,128,-0.270703125
0.23306488990783691,129,-0.37382812499999996
0.2343430519104004,130,-0.33515625
0.2355959415435791,131,-0.116015625
0.2368488311767578,132,-0.012890625
0.23816704750061035,133,-0.12890625
0.2393639087677002,134,-0.322265625
0.2405078411102295,135,-0.515625
0.24162602424621582,136,-0.889453125
0.24283194541931152,137,-1.4953124999999998
0.24434590339660645,138,-0.02578125
0.24594688415527344,139,-0.18046874999999998
0.24849486351013184,140,-0.12890625
0.2545619010925293,141,-0.20625
0.256242036819458,142,0.29648437499999997
0.25786495208740234,143,-0.23203125
0.25933194160461426,144,-0.95390625
0.26085686683654785,145,-1.65
0.263110876083374,146,-0.21914062499999998
0.2652139663696289,147,-0.270703125
0.26672792434692383,148,-0.29648437499999997
0.26862382888793945,149,-0.2578125
0.2704949378967285,150,0.0
0.27179384231567383,151,-0.12890625
0.27309203147888184,152,-0.4640625
0.2742478847503662,153,-0.4640625
0.2753770351409912,154,-1.0828125
0.27655982971191406,155,-1.65
0.27772092819213867,156,0.0
0.2788279056549072,157,-0.23203125
0.2799389362335205,158,-0.23203125
0.28104496002197266,159,-0.48984374999999997
0.2822699546813965,160,-0.18046874999999998
0.28368091583251953,161,-0.4640625
0.2851278781890869,162,-0.21914062499999998
0.2867410182952881,163,0.0
0.28832483291625977,164,-0.0515625
0.2897319793701172,165,-0.33515625
0.29108190536499023,166,-0.4125
0.2934119701385498,167,-1.0828125
0.2952759265899658,168,-0.103125
0.29684901237487793,169,-0.28359375
0.2989509105682373,170,-0.4640625
0.30049800872802734,171,-0.399609375
0.3017148971557617,172,-0.09023437499999999
0.30287790298461914,173,0.0
0.30400800704956055,174,-0.02578125
0.30512189865112305,175,-0.103125
0.3062429428100586,176,-0.580078125
0.3073890209197998,177,-0.5929687499999999
0.30850696563720703,178,-1.044140625
0.30962300300598145,179,-1.65
0.3107328414916992,180,-0.0515625
0.3118410110473633,181,-0.23203125
0.3130168914794922,182,-0.2578125
0.3143959045410156,183,-0.399609375
0.31583690643310547,184,-0.24492187499999998
0.31746602058410645,185,-0.476953125
0.3189718723297119,186,-0.12890625
0.320343017578125,187,-0.02578125
0.3217759132385254,188,-0.116015625
0.32404303550720215,189,-0.4125
0.3258810043334961,190,-0.631640625
0.3273189067840576,191,-1.65
0.3290879726409912,192,-0.33515625
0.3310060501098633,193,-0.21914062499999998
0.332413911819458,194,-0.167578125
0.333629846572876,195,-0.399609375
0.3347890377044678,196,-0.2578125
0.33591699600219727,197,0.0
0.33711695671081543,198,-0.02578125
0.33824586868286133,199,-0.15468749999999998
0.3393738269805908,200,-0.4125
0.34049391746520996,201,-0.54140625
0.34160494804382324,202,-0.95390625
0.34272003173828125,203,-1.52109375
0.3438990116119385,204,0.0
0.34527087211608887,205,-0.167578125
0.34679603576660156,206,-0.37382812499999996
0.34833383560180664,207,-0.33515625
0.3498568534851074,208,-0.116015625
0.35126686096191406,209,-0.0515625
0.35268187522888184,210,-0.02578125
0.354964017868042,211,-0.02578125
0.3569028377532959,212,-0.193359375
0.3583049774169922,213,-0.37382812499999996
0.35992884635925293,214,-1.327734375
0.361940860748291,215,-0.270703125
0.3634200096130371,216,-0.29648437499999997
0.36464905738830566,217,-0.37382812499999996
0.3658180236816406,218,-0.141796875
0.36704492568969727,219,-0.322265625
0.3681929111480713,220,-0.15468749999999998
0.3693208694458008,221,-0.012890625
0.3709559440612793,222,-0.012890625
0.37212395668029785,223,-0.193359375
0.37325596809387207,224,-0.515625
0.3745269775390625,225,-0.502734375
0.3759429454803467,226,-1.224609375
0.37741804122924805,227,-1.21171875
0.3789520263671875,228,-0.20625
0.3804759979248047,229,-0.23203125
0.3818960189819336,230,-0.38671875
0.3833189010620117,231,-0.322265625
0.38549184799194336,232,-0.20625
0.3875908851623535,233,-0.038671874999999994
0.3890500068664551,234,-0.09023437499999999
0.3906118869781494,235,-0.4640625
0.3925600051879883,236,-0.64453125
0.3941190242767334,237,-1.6371093749999999
0.39537501335144043,238,-0.23203125
0.39662599563598633,239,-0.38671875
0.3977999687194824,240,-0.580078125
0.39893198013305664,241,-0.12890625
0.40004801750183105,242,-0.4125
0.4011528491973877,243,-0.322265625
0.40226292610168457,244,-0.012890625
0.4033699035644531,245,-0.012890625
0.4045579433441162,246,-0.116015625
0.4059429168701172,247,-0.29648437499999997
0.4073789119720459,248,-0.5285156249999999
0.4088718891143799,249,-0.9410156249999999
0.4103970527648926,250,-1.65
0.4118309020996094,251,-0.012890625
0.4132959842681885,252,-0.37382812499999996
0.4148550033569336,253,-0.399609375
0.41736888885498047,254,-0.141796875
0.4190690517425537,255,0.193359375
0.4204080104827881,256,-0.02578125
0.4221620559692383,257,-0.15468749999999998
0.4240579605102539,258,-0.476953125
0.4254288673400879,259,-0.7476562499999999
0.4267120361328125,260,-1.5726562499999999
0.4278860092163086,261,0.0
0.42900991439819336,262,-0.23203125
0.43013882637023926,263,-0.23203125
0.431257963180542,264,-0.30937499999999996
0.4323689937591553,265,-0.064453125
0.43347787857055664,266,-0.33515625
0.4346740245819092,267,-0.24492187499999998
0.436068058013916,268,-0.012890625
0.43753695487976074,269,-0.012890625
0.4390590190887451,270,-0.167578125
0.44057202339172363,271,-0.4640625
0.44196391105651855,272,-0.7476562499999999
0.4435000419616699,273,-1.5597656249999998
0.445814847946167,274,0.0
0.44771885871887207,275,-0.29648437499999997
0.4491419792175293,276,-0.20625
0.4507448673248291,277,-0.36093749999999997
0.45273303985595703,278,-0.116015625
0.4542429447174072,279,-0.02578125
0.4556009769439697,280,-0.18046874999999998
0.4568459987640381,281,-0.5285156249999999
0.4580049514770508,282,-0.605859375
0.4591388702392578,283,-1.340625
0.4602549076080322,284,-1.5597656249999998
0.46136999130249023,285,-0.0515625
0.46248602867126465,286,-0.20625
0.4635939598083496,287,-0.2578125
0.46478700637817383,288,-0.4125
0.4661588668823242,289,-0.103125
0.46761202812194824,290,-0.20625
0.4691288471221924,291,0.02578125
0.47071194648742676,292,-0.02578125
0.47214484214782715,293,-0.15468749999999998
0.47357702255249023,294,-0.502734375
0.475261926651001,295,-0.580078125
0.4778430461883545,296,-1.4437499999999999
0.47943997383117676,297,-0.29648437499999997
0.4808158874511719,298,-0.270703125
0.482619047164917,299,-0.167578125
0.484544038772583,300,-0.167578125
0.4859039783477783,301,0.116015625
0.4871819019317627,302,-0.012890625
0.48833298683166504,303,-0.103125
0.48946285247802734,304,-0.42539062499999997
0.49058985710144043,305,-0.54140625
0.4917018413543701,306,-0.992578125
0.49282002449035645,307,-1.5597656249999998
0.493945837020874,308,-0.167578125
0.49513697624206543,309,-0.2578125
0.4965798854827881,310,-0.29648437499999997
0.49808502197265625,311,-0.37382812499999996
0.49965500831604004,312,-0.116015625
0.5012550354003906,313,-0.322265625
0.5027010440826416,314,0.012890625
0.5041768550872803,315,-0.012890625
0.506403923034668,316,-0.103125
0.5084178447723389,317,-0.4125
0.509861946105957,318,-1.2890625
0.5114688873291016,319,-0.12890625
0.5134599208831787,320,-0.20625
0.5149738788604736,321,-0.30937499999999996
0.516218900680542,322,-0.30937499999999996
0.5174100399017334,323,-0.30937499999999996
0.5185658931732178,324,-0.15468749999999998
0.5197010040283203,325,0.012890625
0.5208170413970947,326,-0.09023437499999999
0.5219278335571289,327,-0.21914062499999998
0.5230369567871094,328,-0.5285156249999999
0.5241539478302002,329,-0.502734375
0.5253360271453857,330,-1.1214843749999999
0.5267980098724365,331,-1.65
0.5282249450683594,332,-0.012890625
0.5297508239746094,333,-0.29648437499999997
0.5313069820404053,334,-0.4125
0.5327658653259277,335,-0.20625
0.5342340469360352,336,-0.2578125
0.536017894744873,337,-0.15468749999999998
0.5384588241577148,338,-0.012890625
0.5400300025939941,339,-0.30937499999999996
0.5414109230041504,340,-0.322265625
0.5433008670806885,341,-1.198828125
0.54510498046875,342,-0.2578125
0.546440839767456,343,-0.322265625
0.5477108955383301,344,-0.42539062499999997
0.5488739013671875,345,-0.21914062499999998
0.5500109195709229,346,-0.4125
0.5511319637298584,347,-0.322265625
0.552271842956543,348,-0.02578125
0.5533900260925293,349,-0.0515625
0.5544970035552979,350,-0.103125
0.5556800365447998,351,-0.322265625
0.5571269989013672,352,-0.6187499999999999
0.558635950088501,353,-0.7863281249999999
0.5601768493652344,354,-1.611328125
0.5617079734802246,355,0.0
0.5631139278411865,356,-0.29648437499999997
0.5645968914031982,357,-0.348046875
0.5668179988861084,358,-0.103125
0.568871021270752,359,-0.064453125
0.5703179836273193,360,0.0
0.5719020366668701,361,-0.103125
0.5738818645477295,362,-0.4640625
0.5753870010375977,363,-0.64453125
0.5767040252685547,364,-1.611328125
0.577873945236206,365,0.0
0.579010009765625,366,-0.2578125
0.580132007598877,367,-0.193359375
0.5812468528747559,368,-0.33515625
0.5823688507080078,369,-0.064453125
0.5836548805236816,370,-0.451171875
0.58479905128479,371,-0.2578125
0.5860068798065186,372,0.0
0.5874178409576416,373,-0.0515625
0.5890190601348877,374,-0.12890625
0.5904579162597656,375,-0.43828124999999996
0.5918200016021729,376,-0.6832031249999999
0.5932018756866455,377,-1.456640625
0.5947070121765137,378,-0.103125
0.5961408615112305,379,-0.28359375
0.5985050201416016,380,-0.20625
0.6004698276519775,381,-0.103125
0.6018838882446289,382,0.270703125
0.6036009788513184,383,0.0
0.605557918548584,384,-0.116015625
0.6069929599761963,385,-0.38671875
0.6081759929656982,386,-0.580078125
0.6093130111694336,387,-1.340625
0.6104450225830078,388,-1.3148437499999999
0.6115689277648926,389,-0.18046874999999998
0.612684965133667,390,-0.37382812499999996
0.6138110160827637,391,-0.322265625
0.6149258613586426,392,-0.15468749999999998
0.6161379814147949,393,-0.322265625
0.6175298690795898,394,-0.33515625
0.6189768314361572,395,-0.12890625
0.6204800605773926,396,-0.012890625
0.6220638751983643,397,-0.20625
0.6234879493713379,398,-0.48984374999999997
0.6248290538787842,399,-0.580078125
0.6267828941345215,400,-1.3921875
0.629058837890625,401,-0.28359375
0.6305689811706543,402,-0.103125
0.6320788860321045,403,-0.15468749999999998
0.6340670585632324,404,-0.270703125
0.635699987411499,405,0.09023437499999999
0.6370530128479004,406,-0.012890625
0.6382529735565186,407,-0.15468749999999998
0.6394858360290527,408,-0.5671875
0.6406290531158447,409,-0.580078125
0.641746997833252,410,-1.03125
0.642866849899292,411,-1.6371093749999999
0.643988847732544,412,-0.116015625
0.6450989246368408,413,-0.2578125
0.6463010311126709,414,-0.322265625
0.647773027420044,415,-0.399609375
0.6492319107055664,416,-0.12890625
0.6507618427276611,417,-0.322265625
0.6523208618164062,418,-0.0515625
0.6538100242614746,419,-0.012890625
0.6552660465240479,420,-0.07734374999999999
0.6570260524749756,421,-0.54140625
0.6594328880310059,422,-0.580078125
0.6610798835754395,423,-1.65
0.6624579429626465,424,-0.21914062499999998
0.6642439365386963,425,-0.21914062499999998
0.6661708354949951,426,-0.20625
0.6676859855651855,427,-0.322265625
0.6688799858093262,428,0.07734374999999999
0.6701068878173828,429,-0.02578125
0.6712310314178467,430,-0.12890625
0.6723349094390869,431,-0.36093749999999997
0.6734440326690674,432,-0.580078125
0.6745789051055908,433,-0.7734375
0.6756818294525146,434,-1.3792968749999999
0.6768848896026611,435,-1.5082031249999999
0.6783499717712402,436,0.0
0.6797709465026855,437,-0.36093749999999997
