time,count,voltage
0.005522012710571289,1,-0.012890625
0.007153987884521484,2,-0.18046874999999998
0.008805036544799805,3,-0.2578125
0.01026296615600586,4,-1.134375
0.0116729736328125,5,-0.167578125
0.01306915283203125,6,-0.18046874999999998
0.014451980590820312,7,-0.21914062499999998
0.015813112258911133,8,-0.15468749999999998
0.017178058624267578,9,-0.37382812499999996
0.02782416343688965,10,-0.322265625
0.029562950134277344,11,-0.0515625
0.031003952026367188,12,-0.23203125
0.03238201141357422,13,-0.116015625
0.03380703926086426,14,-0.20625
0.03530406951904297,15,-0.20625
0.04036116600036621,16,0.012890625
0.04224896430969238,17,-0.038671874999999994
0.044303178787231445,18,-1.0828125
0.04617500305175781,19,-0.24492187499999998
0.04783797264099121,20,-0.167578125
0.0497591495513916,21,-0.0515625
0.05194497108459473,22,-0.2578125
0.05439615249633789,23,0.0515625
0.05588102340698242,24,-0.012890625
0.05771517753601074,25,-0.20625
0.059774160385131836,26,-0.42539062499999997
0.06113100051879883,27,-1.65
0.06229400634765625,28,-0.103125
0.06342196464538574,29,-0.18046874999999998
0.06452608108520508,30,-0.322265625
0.06561708450317383,31,-0.193359375
0.06670498847961426,32,-0.42539062499999997
0.0678110122680664,33,-0.4640625
0.06900811195373535,34,-0.270703125
0.0701451301574707,35,-0.012890625
0.07125115394592285,36,-0.012890625
0.07237601280212402,37,-0.09023437499999999
0.07348012924194336,38,-0.322265625
0.0745689868927002,39,-0.29648437499999997
0.07569408416748047,40,-0.9410156249999999
0.07679295539855957,41,-1.52109375
0.07790207862854004,42,0.0
0.07899904251098633,43,-0.09023437499999999
0.08010315895080566,44,-0.09023437499999999
0.08119916915893555,45,-0.30937499999999996
0.0822911262512207,46,-0.167578125
0.08351516723632812,47,-0.4640625
0.08484196662902832,48,-0.43828124999999996
0.08634495735168457,49,-0.167578125
0.08784198760986328,50,0.012890625
0.08952617645263672,51,-0.02578125
0.09091711044311523,52,-0.20625
0.0924229621887207,53,-0.631640625
0.0945429801940918,54,-1.3921875
0.09749507904052734,55,-0.167578125
0.09934496879577637,56,-0.20625
0.1014871597290039,57,-0.270703125
0.10283899307250977,58,0.15468749999999998
0.10405302047729492,59,-0.012890625
0.10540318489074707,60,-0.02578125
0.10696005821228027,61,-0.23203125
0.10871410369873047,62,-0.20625
0.11031508445739746,63,-1.0828125
0.11184310913085938,64,-0.103125
0.11327099800109863,65,-0.167578125
0.11460709571838379,66,-0.29648437499999997
0.11608314514160156,67,-0.167578125
0.11797499656677246,68,-0.37382812499999996
0.11982107162475586,69,-0.193359375
0.12130498886108398,70,-0.012890625
0.12285208702087402,71,-0.09023437499999999
0.1255640983581543,72,-0.167578125
0.12743616104125977,73,-0.9152343749999999
0.12905001640319824,74,-0.0515625
0.1312730312347412,75,-0.21914062499999998
0.13283896446228027,76,-0.0515625
0.13406705856323242,77,-0.348046875
0.13521409034729004,78,-0.23203125
0.13634610176086426,79,0.012890625
0.137437105178833,80,0.0
0.13887310028076172,81,-0.038671874999999994
0.14013099670410156,82,-0.2578125
0.14127016067504883,83,-0.15468749999999998
0.14240598678588867,84,-0.889453125
0.1435070037841797,85,-1.4953124999999998
0.1447131633758545,86,-0.167578125
0.14610910415649414,87,-0.09023437499999999
0.1476001739501953,88,-0.103125
0.14930295944213867,89,-0.141796875
0.15080499649047852,90,-0.20625
0.1522071361541748,91,-0.012890625
0.15352416038513184,92,0.0
0.1562490463256836,93,-0.02578125
0.15788817405700684,94,-0.193359375
0.15950798988342285,95,-0.7863281249999999
0.16150903701782227,96,-1.5597656249999998
0.16318106651306152,97,-0.103125
0.16448211669921875,98,-0.23203125
0.16567111015319824,99,-0.12890625
0.16680216789245605,100,-0.4125
0.1679539680480957,101,-0.4125
0.16915106773376465,102,-0.18046874999999998
0.17027997970581055,103,-0.012890625
0.17139315605163574,104,-0.038671874999999994
0.17253708839416504,105,-0.12890625
0.17363595962524414,106,-0.270703125
0.1748349666595459,107,-0.38671875
0.17622113227844238,108,-1.0570312499999999
0.1776411533355713,109,-1.65
0.17933416366577148,110,-0.0515625
0.18090295791625977,111,-0.20625
0.18233418464660645,112,-0.103125
0.18370795249938965,113,-0.2578125
0.1863269805908203,114,-0.21914062499999998
0.18794608116149902,115,-0.012890625
0.18968605995178223,116,-0.064453125
0.19169998168945312,117,-0.167578125
0.19327497482299805,118,-0.8765624999999999
0.19453215599060059,119,-1.2890625
0.19573712348937988,120,0.0
0.19689297676086426,121,-0.02578125
0.19803500175476074,122,-0.193359375
0.19924306869506836,123,-0.15468749999999998
0.20039105415344238,124,-0.399609375
0.20149612426757812,125,-0.36093749999999997
0.20259904861450195,126,-0.0515625
0.20371603965759277,127,-0.012890625
0.204941987991333,128,-0.064453125
0.2063770294189453,129,-0.20625
0.20783305168151855,130,-0.20625
0.20945405960083008,131,-0.8121093749999999
0.21092605590820312,132,-1.5726562499999999
0.21250104904174805,133,-0.0515625
0.21379518508911133,134,-0.193359375
0.21636605262756348,135,-0.20625
0.21816110610961914,136,-0.167578125
0.21967506408691406,137,0.28359375
0.22178316116333008,138,0.0
0.22351598739624023,139,-0.103125
0.22480511665344238,140,-0.0515625
0.22596216201782227,141,-0.889453125
0.22716116905212402,142,-1.533984375
0.22830414772033691,143,-0.012890625
0.2295081615447998,144,-0.167578125
0.23062896728515625,145,-0.141796875
0.23173999786376953,146,-0.15468749999999998
0.23284602165222168,147,-0.21914062499999998
0.23393797874450684,148,-0.36093749999999997
0.23521113395690918,149,-0.29648437499999997
0.23671817779541016,150,0.0
0.23822498321533203,151,-0.012890625
0.23980402946472168,152,-0.12890625
0.24125003814697266,153,-0.20625
0.24260401725769043,154,-0.825
0.24392199516296387,155,-1.546875
0.24631905555725098,156,-0.103125
0.24851298332214355,157,-0.064453125
0.2501411437988281,158,-0.193359375
0.2523510456085205,159,-0.103125
0.2540760040283203,160,0.0
0.2553420066833496,161,-0.038671874999999994
0.2565040588378906,162,-0.23203125
0.2576291561126709,163,-0.23203125
0.2588009834289551,164,-0.79921875
0.25993800163269043,165,-1.3792968749999999
0.26110410690307617,166,-0.15468749999999998
0.26221704483032227,167,-0.0515625
0.2633330821990967,168,-0.21914062499999998
0.26445817947387695,169,-0.322265625
0.26564502716064453,170,-0.02578125
0.26708006858825684,171,-0.36093749999999997
0.26865315437316895,172,-0.322265625
0.2702779769897461,173,0.0
0.27175402641296387,174,-0.02578125
0.2731211185455322,175,-0.193359375
0.27449703216552734,176,-0.20625
0.27631402015686035,177,-0.79921875
0.2789280414581299,178,-1.533984375
0.280609130859375,179,-0.21914062499999998
0.28214097023010254,180,-0.064453125
0.2843620777130127,181,-0.322265625
0.2859971523284912,182,-0.012890625
0.2872591018676758,183,-0.012890625
0.28841304779052734,184,-0.07734374999999999
0.28963804244995117,185,-0.24492187499999998
0.290769100189209,186,-0.21914062499999998
0.29189109802246094,187,-0.7218749999999999
0.29310107231140137,188,-1.3148437499999999
0.294219970703125,189,-1.147265625
0.2953221797943115,190,-0.116015625
0.296550989151001,191,-0.193359375
0.2979710102081299,192,-0.30937499999999996
0.2994670867919922,193,-0.15468749999999998
0.3010599613189697,194,-0.37382812499999996
0.30268001556396484,195,-0.167578125
0.30410218238830566,196,0.0
0.30550718307495117,197,-0.0515625
0.3074500560760498,198,-0.2578125
0.3100240230560303,199,-0.167578125
0.31156396865844727,200,-1.5984375
0.31310105323791504,201,-0.103125
0.31520915031433105,202,-0.116015625
0.316845178604126,203,-0.012890625
0.3181781768798828,204,-0.012890625
0.31938815116882324,205,0.038671874999999994
0.32054805755615234,206,-0.012890625
0.3216691017150879,207,-0.0515625
0.322767972946167,208,-0.2578125
0.323883056640625,209,-0.322265625
0.32505011558532715,210,-0.54140625
0.3261551856994629,211,-1.21171875
0.32733917236328125,212,-1.65
0.32885003089904785,213,-0.103125
0.3303091526031494,214,-0.167578125
0.33194804191589355,215,-0.2578125
0.33353710174560547,216,-0.167578125
0.33563995361328125,217,-0.103125
0.3370239734649658,218,-0.012890625
0.33953118324279785,219,-0.0515625
0.3415851593017578,220,-0.20625
0.3429839611053467,221,-0.889453125
0.3447699546813965,222,-1.65
0.34694600105285645,223,-0.167578125
0.3483870029449463,224,-0.2578125
0.35005807876586914,225,-0.103125
0.35123205184936523,226,-0.103125
0.3523521423339844,227,-0.012890625
0.35346007347106934,228,0.0
0.3545570373535156,229,-0.012890625
0.3556950092315674,230,-0.103125
0.3567981719970703,231,-0.2578125
0.35802412033081055,232,-0.322265625
0.35946011543273926,233,-0.992578125
0.3609030246734619,234,-1.65
0.36244702339172363,235,-0.09023437499999999
0.36406803131103516,236,-0.167578125
0.3655250072479248,237,-0.012890625
0.3669731616973877,238,-0.322265625
0.36897897720336914,239,-0.2578125
0.3713650703430176,240,-0.012890625
0.3728921413421631,241,-0.02578125
0.37447595596313477,242,-0.141796875
0.3764619827270508,243,-0.69609375
0.37799906730651855,244,-1.65
0.37944912910461426,245,-0.07734374999999999
0.3806769847869873,246,-0.2578125
0.3818080425262451,247,-0.09023437499999999
0.3829319477081299,248,-0.270703125
0.3840460777282715,249,-0.4125
0.3851439952850342,250,-0.322265625
0.38624000549316406,251,-0.012890625
0.38733506202697754,252,-0.012890625
0.38863515853881836,253,-0.0515625
0.39009809494018555,254,-0.29648437499999997
0.39157795906066895,255,-0.167578125
0.3931140899658203,256,-0.95390625
0.39459705352783203,257,-1.65
0.39611005783081055,258,-0.038671874999999994
0.3975870609283447,259,-0.064453125
0.39984703063964844,260,-0.141796875
0.4020860195159912,261,-0.07734374999999999
0.4035630226135254,262,0.0
0.4052419662475586,263,-0.012890625
0.40735912322998047,264,-0.20625
0.40885496139526367,265,-0.30937499999999996
0.41003894805908203,266,-1.2890625
0.4112281799316406,267,-0.103125
0.41234898567199707,268,-0.012890625
0.41352105140686035,269,-0.0515625
0.4146261215209961,270,-0.21914062499999998
0.4157249927520752,271,-0.167578125
0.41681814193725586,272,-0.48984374999999997
0.41791200637817383,273,-0.451171875
0.41924095153808594,274,-0.21914062499999998
0.4207460880279541,275,-0.012890625
0.4222891330718994,276,-0.02578125
0.4238901138305664,277,-0.2578125
0.42539310455322266,278,-0.37382812499999996
0.4267730712890625,279,-1.2374999999999998
0.4282670021057129,280,-0.07734374999999999
0.4300711154937744,281,-0.15468749999999998
0.4325380325317383,282,-0.193359375
0.43411707878112793,283,-0.322265625
0.43556714057922363,284,-0.0515625
0.4376859664916992,285,0.0
0.43950510025024414,286,-0.038671874999999994
0.44082117080688477,287,-0.116015625
0.44199609756469727,288,-0.631640625
0.4431800842285156,289,-1.2890625
0.44432997703552246,290,-0.992578125
0.445634126663208,291,-0.09023437499999999
0.44678401947021484,292,-0.103125
0.4478931427001953,293,-0.21914062499999998
0.4491591453552246,294,-0.103125
0.45058608055114746,295,-0.451171875
0.45207905769348145,296,-0.322265625
0.4536721706390381,297,0.012890625
0.455247163772583,298,-0.0515625
0.4566960334777832,299,-0.21914062499999998
0.45813918113708496,300,-0.167578125
0.45990896224975586,301,-0.928125
0.46260809898376465,302,-1.65
0.46412205696105957,303,-0.15468749999999998
0.46564507484436035,304,-0.12890625
0.4676849842071533,305,-0.322265625
0.4694991111755371,306,-0.0515625
0.4707779884338379,307,-0.012890625
0.47195911407470703,308,-0.0515625
0.4730870723724365,309,-0.270703125
0.474200963973999,310,-0.20625
0.475322961807251,311,-0.7734375
0.4764430522918701,312,-1.3664062499999998
0.4775850772857666,313,-0.502734375
0.4787421226501465,314,-0.012890625
0.47994518280029297,315,-0.20625
0.4813570976257324,316,-0.322265625
0.48279905319213867,317,-0.0515625
0.4844839572906494,318,-0.33515625
0.48601317405700684,319,-0.12890625
0.4873850345611572,320,-0.02578125
0.4888920783996582,321,-0.02578125
0.4907040596008301,322,-0.28359375
0.49344396591186523,323,-0.2578125
0.4949660301208496,324,-1.2890625
0.49654102325439453,325,-0.103125
0.4985160827636719,326,-0.21914062499999998
0.5002429485321045,327,-0.103125
0.50164794921875,328,-0.0515625
0.5028481483459473,329,-0.012890625
0.5040349960327148,330,-0.012890625
0.5051469802856445,331,-0.012890625
0.5062441825866699,332,-0.2578125
0.5073471069335938,333,-0.29648437499999997
0.5084741115570068,334,-0.708984375
0.5096540451049805,335,-1.2890625
0.5108859539031982,336,-0.5671875
0.5123159885406494,337,-0.0515625
0.5137641429901123,338,-0.21914062499999998
0.5154240131378174,339,-0.20625
0.5170300006866455,340,-0.2578125
0.518543004989624,341,-0.09023437499999999
0.5201461315155029,342,0.0
0.5219941139221191,343,-0.0515625
0.5245871543884277,344,-0.116015625
0.5261380672454834,345,-0.5285156249999999
0.5276851654052734,346,-1.5082031249999999
0.5297529697418213,347,-0.0515625
0.5313689708709717,348,-0.15468749999999998
0.5326659679412842,349,-0.09023437499999999
0.5338261127471924,350,-0.37382812499999996
0.5349540710449219,351,-0.322265625
0.5360879898071289,352,-0.012890625
0.5371861457824707,353,-0.012890625
0.5382800102233887,354,-0.064453125
0.5394110679626465,355,-0.2578125
0.5405621528625488,356,-0.21914062499999998
0.5417881011962891,357,-0.580078125
0.543179988861084,358,-1.2503906249999999
0.5446410179138184,359,-0.7863281249999999
0.5462021827697754,360,-0.07734374999999999
0.5478379726409912,361,-0.193359375
0.5493960380554199,362,-0.141796875
0.5508310794830322,363,-0.37382812499999996
0.5527009963989258,364,-0.193359375
0.5552020072937012,365,-0.012890625
0.5570850372314453,366,-0.15468749999999998
0.5588390827178955,367,-0.24492187499999998
0.5608031749725342,368,-1.16015625
0.5622351169586182,369,-0.270703125
0.5634469985961914,370,-0.20625
0.5646309852600098,371,-0.33515625
0.5657570362091064,372,-0.15468749999999998
0.5668761730194092,373,-0.4640625
0.5680270195007324,374,-0.399609375
0.5692191123962402,375,-0.116015625
0.570328950881958,376,0.0
0.5714280605316162,377,-0.0515625
0.5726730823516846,378,-0.20625
0.574134111404419,379,-0.28359375
0.5755760669708252,380,-0.580078125
0.5770959854125977,381,-1.3664062499999998
0.5786411762237549,382,-0.103125
0.5801091194152832,383,-0.23203125
0.5815651416778564,384,-0.2578125
0.5835280418395996,385,-0.15468749999999998
0.5859441757202148,386,-0.322265625
0.587486982345581,387,0.012890625
0.5892040729522705,388,-0.012890625
0.5912890434265137,389,-0.270703125
0.5927391052246094,390,-0.631640625
0.5939450263977051,391,-1.585546875
0.5951290130615234,392,-0.103125
0.5963070392608643,393,-0.116015625
0.5974750518798828,394,-0.23203125
0.5986330509185791,395,-0.141796875
0.5997800827026367,396,-0.36093749999999997
0.6009140014648438,397,-0.4125
0.6020150184631348,398,-0.29648437499999997
0.6032750606536865,399,0.0
0.6047790050506592,400,-0.012890625
0.6062970161437988,401,-0.07734374999999999
0.607867956161499,402,-0.193359375
0.60943603515625,403,-0.79921875
0.6108560562133789,404,-1.611328125
0.612421989440918,405,0.0
0.6142280101776123,406,-0.193359375
0.6168241500854492,407,-0.193359375
0.6184241771697998,408,-0.15468749999999998
0.6202480792999268,409,0.0
0.6224281787872314,410,-0.02578125
0.6238789558410645,411,-0.167578125
0.6250801086425781,412,-0.4125
0.6262049674987793,413,-1.16015625
0.627357006072998,414,-1.65
0.6284980773925781,415,-0.02578125
0.629716157913208,416,-0.23203125
0.6308460235595703,417,-0.29648437499999997
0.6319751739501953,418,-0.141796875
0.6331820487976074,419,-0.322265625
0.6345911026000977,420,-0.37382812499999996
0.636120080947876,421,-0.167578125
0.6377129554748535,422,0.0
0.6392831802368164,423,-0.0515625
0.6407201290130615,424,-0.20625
0.6421420574188232,425,-0.4640625
0.6438391208648682,426,-1.2890625
0.6466221809387207,427,-0.103125
0.6482100486755371,428,-0.29648437499999997
0.6497421264648438,429,-0.103125
0.651757001876831,430,-0.30937499999999996
0.6534891128540039,431,0.0
0.6550171375274658,432,-0.02578125
0.6562120914459229,433,-0.2578125
0.6573600769042969,434,-0.270703125
0.658473014831543,435,-0.6703125
0.6597080230712891,436,-1.2890625
0.6612870693206787,437,-0.4125
0.6624860763549805,438,-0.15468749999999998
0.663733959197998,439,-0.064453125
0.665147066116333,440,-0.28359375
0.6665680408477783,441,-0.21914062499999998
0.6681909561157227,442,-0.23203125
0.6698379516601562,443,0.038671874999999994
0.6712479591369629,444,-0.012890625
0.6726691722869873,445,-0.07734374999999999
0.6745419502258301,446,-0.2578125
0.6769540309906006,447,-0.54140625
0.6784870624542236,448,-0.012890625
0.6801571846008301,449,-0.21914062499999998
0.6821510791778564,450,-0.270703125
0.683743953704834,451,-0.36093749999999997
0.6850600242614746,452,-0.12890625
0.6864070892333984,453,0.012890625
0.687567949295044,454,-0.02578125
0.6887619495391846,455,-0.0515625
0.6898880004882812,456,-0.2578125
0.6909990310668945,457,-0.20625
0.6921689510345459,458,-0.837890625
0.6932671070098877,459,-1.4308593749999998
0.6945021152496338,460,-0.103125
0.6959531307220459,461,-0.103125
0.6974120140075684,462,-0.12890625
0.6989641189575195,463,-0.167578125
0.7006521224975586,464,-0.30937499999999996
0.7021181583404541,465,-0.116015625
0.7035331726074219,466,0.0
0.7052810192108154,467,-0.02578125
0.7077140808105469,468,-0.193359375
0.7094390392303467,469,-0.502734375
0.710975170135498,470,-1.533984375
0.7130300998687744,471,-0.116015625
0.7146320343017578,472,-0.15468749999999998
0.7159380912780762,473,-0.141796875
0.7171680927276611,474,-0.37382812499999996
0.7183051109313965,475,-0.30937499999999996
0.7194509506225586,476,0.0
0.7205560207366943,477,0.0
0.7216570377349854,478,-0.064453125
0.7227520942687988,479,-0.2578125
0.7238481044769287,480,-0.23203125
0.7250680923461914,481,-0.5671875
0.7264871597290039,482,-1.224609375
0.7279701232910156,483,-0.4125
0.729586124420166,484,-0.103125
0.7310631275177002,485,-0.167578125
0.7326209545135498,486,-0.064453125
0.7341389656066895,487,-0.4125
0.7363090515136719,488,-0.167578125
0.7384340763092041,489,-0.012890625
0.7400121688842773,490,-0.18046874999999998
0.7417411804199219,491,-0.09023437499999999
0.7437601089477539,492,-0.90234375
0.745197057723999,493,0.02578125
0.7463951110839844,494,-0.21914062499999998
0.7475380897521973,495,-0.24492187499999998
0.7487940788269043,496,-0.193359375
0.7499470710754395,497,-0.270703125
0.7510581016540527,498,-0.322265625
0.7523319721221924,499,-0.15468749999999998
0.7534961700439453,500,0.0
0.754608154296875,501,-0.02578125
0.7558460235595703,502,-0.12890625
0.7573511600494385,503,-0.322265625
0.7588579654693604,504,-0.5285156249999999
0.760491132736206,505,-1.353515625
0.7620060443878174,506,0.012890625
0.763463020324707,507,-0.167578125
0.7649800777435303,508,-0.29648437499999997
0.7672500610351562,509,-0.141796875
0.7694239616394043,510,-0.07734374999999999
0.7708899974822998,511,-0.012890625
0.7727270126342773,512,-0.0515625
0.7747690677642822,513,-0.193359375
0.7762150764465332,514,-0.837890625
0.7773900032043457,515,-1.65
0.7785170078277588,516,-0.103125
0.779771089553833,517,-0.20625
0.7808871269226074,518,-0.28359375
0.7820100784301758,519,-0.167578125
0.7831079959869385,520,-0.36093749999999997
0.7842071056365967,521,-0.43828124999999996
0.7853021621704102,522,-0.30937499999999996
0.7864949703216553,523,-0.012890625
0.7879631519317627,524,-0.038671874999999994
0.7895040512084961,525,-0.064453125
0.7910699844360352,526,-0.167578125
0.7926089763641357,527,-0.734765625
0.7939960956573486,528,-1.546875
0.7954959869384766,529,-0.09023437499999999
0.7975881099700928,530,-0.21914062499999998
0.7999939918518066,531,-0.167578125
0.8015220165252686,532,-0.15468749999999998
0.8031980991363525,533,-0.02578125
0.80550217628479,534,0.012890625
0.806934118270874,535,-0.21914062499999998
0.8081700801849365,536,-0.24492187499999998
0.809333086013794,537,-1.03125
0.8104519844055176,538,-1.6371093749999999
0.8115921020507812,539,-0.0515625
0.8127241134643555,540,-0.167578125
0.813831090927124,541,-0.21914062499999998
0.8149380683898926,542,-0.103125
0.8160300254821777,543,-0.0515625
0.817223072052002,544,-0.348046875
0.8186941146850586,545,-0.2578125
0.8202061653137207,546,-0.012890625
0.8218741416931152,547,-0.012890625
0.8235230445861816,548,-0.23203125
0.8249061107635498,549,-0.103125
0.8262851238250732,550,-0.992578125
0.828010082244873,551,-1.65
0.8310360908508301,552,-0.07734374999999999
0.8325300216674805,553,-0.12890625
0.834089994430542,554,-0.42539062499999997
0.8362550735473633,555,-0.270703125
0.8377840518951416,556,-0.012890625
0.8390121459960938,557,-0.0515625
0.8402040004730225,558,-0.29648437499999997
0.8413360118865967,559,-0.36093749999999997
0.8424420356750488,560,-1.0570312499999999
0.8435420989990234,561,-1.6242187499999998
0.8446600437164307,562,0.0
0.845750093460083,563,-0.07734374999999999
0.8468470573425293,564,-0.103125
0.8480191230773926,565,-0.20625
0.849574089050293,566,-0.15468749999999998
0.8510701656341553,567,-0.36093749999999997
0.8526120185852051,568,-0.02578125
0.853999137878418,569,-0.012890625
0.8553881645202637,570,-0.038671874999999994
0.8568971157073975,571,-0.23203125
0.858903169631958,572,-0.29648437499999997
0.8615741729736328,573,-1.0828125
0.8630859851837158,574,0.0
0.8646650314331055,575,-0.21914062499999998
0.8666231632232666,576,-0.0515625
0.8682630062103271,577,-0.23203125
0.8696010112762451,578,-0.012890625
0.8707740306854248,579,-0.0515625
0.8718991279602051,580,-0.0515625
0.8730151653289795,581,-0.2578125
0.874114990234375,582,-0.23203125
0.8752479553222656,583,-0.7863281249999999
0.8763501644134521,584,-1.340625
0.8774631023406982,585,-0.5671875
0.8787369728088379,586,-0.09023437499999999
0.8801801204681396,587,-0.29648437499999997
0.8816349506378174,588,-0.20625
0.8832170963287354,589,-0.103125
0.8848841190338135,590,-0.20625
0.8863561153411865,591,-0.012890625
0.8878481388092041,592,0.0
0.8897171020507812,593,-0.09023437499999999
0.8923380374908447,594,-0.20625
0.8939001560211182,595,-1.198828125
0.8954551219940186,596,0.0
0.8974270820617676,597,-0.193359375
0.8990421295166016,598,-0.20625
0.9003911018371582,599,-0.21914062499999998
0.9016330242156982,600,-0.12890625
0.902764081954956,601,0.012890625
0.9038791656494141,602,0.0
0.904987096786499,603,-0.0515625
0.9060821533203125,604,-0.270703125
0.9071941375732422,605,-0.30937499999999996
0.9083161354064941,606,-0.5929687499999999
0.9095580577850342,607,-1.2503906249999999
0.9109699726104736,608,-1.52109375
0.9124269485473633,609,-0.0515625
0.9139630794525146,610,-0.12890625
0.9155709743499756,611,-0.103125
0.9170300960540771,612,-0.2578125
0.9185311794281006,613,-0.12890625
0.9204480648040771,614,0.0
0.9228370189666748,615,-0.02578125
0.9245359897613525,616,-0.20625
0.926084041595459,617,-0.8121093749999999
0.9281051158905029,618,-1.5597656249999998
0.929732084274292,619,-0.012890625
0.9310121536254883,620,-0.23203125
0.9322850704193115,621,-0.193359375
0.9334499835968018,622,-0.451171875
0.9345979690551758,623,-0.399609375
0.9357481002807617,624,-0.103125
0.9368641376495361,625,-0.012890625
0.9379551410675049,626,-0.0515625
0.9391369819641113,627,-0.12890625
0.9403870105743408,628,-0.29648437499999997
0.9418830871582031,629,-0.43828124999999996
0.9433140754699707,630,-1.224609375
0.9448471069335938,631,-0.0515625
0.9463331699371338,632,-0.103125
0.9477930068969727,633,-0.21914062499999998
0.9494659900665283,634,-0.193359375
0.9514269828796387,635,-0.33515625
0.9538600444793701,636,-0.141796875
0.9554569721221924,637,-0.038671874999999994
0.9570901393890381,638,-0.20625
0.9592010974884033,639,-0.270703125
0.9607160091400146,640,-1.340625
0.9622490406036377,641,-0.103125
0.9634439945220947,642,-0.12890625
0.9646360874176025,643,-0.20625
0.9657721519470215,644,-0.09023437499999999
0.9668891429901123,645,-0.4125
0.9680051803588867,646,-0.399609375
0.9691891670227051,647,-0.0515625
0.9703891277313232,648,-0.02578125
0.9718821048736572,649,-0.09023437499999999
0.9734160900115967,650,-0.23203125
0.9750070571899414,651,-0.103125
0.9764599800109863,652,-0.992578125
0.9777979850769043,653,-1.3664062499999998
0.9793951511383057,654,-0.038671874999999994
0.9826569557189941,655,-0.0515625
0.9844341278076172,656,-0.270703125
0.9858691692352295,657,0.15468749999999998
0.9877760410308838,658,-0.012890625
0.9897119998931885,659,-0.02578125
0.99104905128479,660,-0.116015625
0.9922280311584473,661,-0.7734375
0.993340015411377,662,-1.41796875
0.9944541454315186,663,-0.116015625
0.9955720901489258,664,0.0
0.9967041015625,665,-0.02578125
0.9978091716766357,666,-0.322265625
0.9989340305328369,667,-0.02578125
1.000072956085205,668,-0.43828124999999996
1.0012741088867188,669,-0.399609375
1.002676010131836,670,-0.103125
1.0041799545288086,671,0.0
1.0057611465454102,672,-0.02578125
1.0072729587554932,673,-0.270703125
1.0086891651153564,674,-0.451171875
1.0100760459899902,675,-1.26328125
1.0116961002349854,676,-0.0515625
1.0143680572509766,677,-0.064453125
1.0160140991210938,678,-0.21914062499999998
1.0174341201782227,679,-0.4125
1.0194580554962158,680,-0.193359375
1.0213489532470703,681,0.0
1.0226690769195557,682,-0.064453125
1.0238440036773682,683,-0.21914062499999998
1.0249841213226318,684,-0.54140625
1.0260910987854004,685,-1.198828125
1.0272159576416016,686,-1.65
1.0283560752868652,687,-0.09023437499999999
1.0295350551605225,688,-0.20625
1.0306529998779297,689,-0.15468749999999998
1.0318610668182373,690,-0.116015625
1.033276081085205,691,-0.37382812499999996
1.034731149673462,692,-0.37382812499999996
1.0363140106201172,693,-0.0515625
1.037930965423584,694,-0.012890625
1.0394339561462402,695,-0.07734374999999999
1.0409510135650635,696,-0.15468749999999998
1.0434091091156006,697,-0.6703125
1.0459630489349365,698,-1.4953124999999998
1.047443151473999,699,-0.103125
1.0491740703582764,700,-0.15468749999999998
1.0512959957122803,701,-0.20625
1.0529160499572754,702,0.116015625
1.0542011260986328,703,-0.012890625
1.0553481578826904,704,-0.0515625
1.0564610958099365,705,-0.270703125
1.057554006576538,706,-0.167578125
1.0587761402130127,707,-0.7863281249999999
1.0600340366363525,708,-1.3664062499999998
1.0612330436706543,709,-0.20625
1.0624380111694336,710,-0.0515625
1.063892126083374,711,-0.20625
1.0653281211853027,712,0.0
1.0668261051177979,713,-0.33515625
1.0684349536895752,714,-0.21914062499999998
1.0700490474700928,715,0.012890625
1.0713520050048828,716,-0.012890625
1.0738470554351807,717,-0.103125
1.0755701065063477,718,-0.012890625
1.0770561695098877,719,-1.134375
1.0791850090026855,720,-0.21914062499999998
1.0808970928192139,721,-0.167578125
1.082170009613037,722,-0.103125
1.0833730697631836,723,-0.322265625
1.0845251083374023,724,-0.322265625
1.0860810279846191,725,-0.103125
1.0875329971313477,726,-0.012890625
1.0889530181884766,727,-0.02578125
1.0901761054992676,728,-0.24492187499999998
1.0913770198822021,729,-0.29648437499999997
1.0926401615142822,730,-1.018359375
1.0940489768981934,731,-1.65
1.0954890251159668,732,-0.064453125
1.097074031829834,733,-0.0515625
1.0999619960784912,734,-0.2578125
1.1017539501190186,735,-0.38671875
1.1038291454315186,736,0.012890625
1.106342077255249,737,-0.02578125
1.1083040237426758,738,-0.12890625
1.110504150390625,739,-0.9152343749999999
1.112476110458374,740,-0.21914062499999998
1.1140010356903076,741,-0.09023437499999999
1.115307092666626,742,-0.15468749999999998
1.1164700984954834,743,-0.37382812499999996
1.1176810264587402,744,-0.399609375
1.1188549995422363,745,-0.193359375
1.119992971420288,746,0.012890625
1.1210970878601074,747,-0.0515625
1.1221861839294434,748,-0.103125
1.1234161853790283,749,-0.2578125
1.1248700618743896,750,-0.2578125
1.1263439655303955,751,-1.0570312499999999
1.1279571056365967,752,-1.340625
1.1296210289001465,753,-0.02578125
1.1310961246490479,754,-0.23203125
1.1325840950012207,755,-0.07734374999999999
1.1351971626281738,756,-0.37382812499999996
1.1368839740753174,757,0.12890625
1.1384201049804688,758,-0.0515625
1.1407520771026611,759,-0.20625
1.1422011852264404,760,-0.322265625
1.1433839797973633,761,-1.340625
1.144545078277588,762,-0.15468749999999998
1.1456680297851562,763,-0.02578125
1.1467621326446533,764,-0.15468749999999998
1.1478891372680664,765,-0.23203125
1.1490371227264404,766,-0.116015625
1.1501669883728027,767,-0.43828124999999996
1.1512720584869385,768,-0.37382812499999996
1.1523690223693848,769,-0.064453125
1.153550148010254,770,-0.012890625
1.1549429893493652,771,-0.0515625
1.1564691066741943,772,-0.20625
1.158121109008789,773,-0.15468749999999998
1.1597249507904053,774,-0.9410156249999999
1.1612319946289062,775,-1.65
1.1630010604858398,776,0.0
1.1656990051269531,777,-0.193359375
1.1671860218048096,778,-0.21914062499999998
1.1690900325775146,779,-0.0515625
1.171126127243042,780,-0.012890625
1.1724960803985596,781,-0.0515625
1.1737260818481445,782,-0.21914062499999998
1.1748621463775635,783,-0.4125
1.175976037979126,784,-1.134375
1.1770739555358887,785,-1.65
1.1781799793243408,786,-0.0515625
1.1793529987335205,787,-0.20625
1.180469036102295,788,-0.20625
1.1816151142120361,789,-0.193359375
1.1827201843261719,790,-0.193359375
1.1839101314544678,791,-0.348046875
1.1853070259094238,792,-0.2578125
1.1867330074310303,793,0.0
1.1883621215820312,794,-0.0515625
1.1901421546936035,795,-0.167578125
1.1916940212249756,796,-0.167578125
1.1935691833496094,797,-1.03125
1.1960091590881348,798,-0.4125
1.1975791454315186,799,-0.116015625
1.1994030475616455,800,-0.167578125
1.2013921737670898,801,-0.30937499999999996
1.2027180194854736,802,0.193359375
1.2039251327514648,803,-0.012890625
1.205096960067749,804,-0.0515625
1.206240177154541,805,-0.24492187499999998
1.207348108291626,806,-0.2578125
1.2084519863128662,807,-0.760546875
1.2096421718597412,808,-1.340625
1.2107470035552979,809,-0.37382812499999996
1.2118730545043945,810,-0.07734374999999999
1.2129850387573242,811,-0.270703125
1.2142291069030762,812,-0.141796875
1.2156391143798828,813,-0.103125
1.2170910835266113,814,-0.2578125
1.218796968460083,815,-0.167578125
1.2205820083618164,816,0.012890625
1.2221219539642334,817,-0.064453125
1.223926067352295,818,-0.23203125
1.22639799118042,819,-0.270703125
1.2279901504516602,820,-1.6371093749999999
1.2299351692199707,821,-0.0515625
1.2318601608276367,822,-0.20625
1.2331550121307373,823,-0.33515625
1.2343180179595947,824,-0.30937499999999996
1.2354891300201416,825,-0.15468749999999998
1.2366771697998047,826,0.0
1.237807035446167,827,-0.02578125
1.23893404006958,828,-0.116015625
1.2400779724121094,829,-0.30937499999999996
1.2411890029907227,830,-0.30937499999999996
1.2422890663146973,831,-1.018359375
1.243394136428833,832,-1.5984375
1.2446160316467285,833,0.0
1.2460711002349854,834,-0.07734374999999999
1.247528076171875,835,-0.15468749999999998
1.2491321563720703,836,-0.12890625
1.2506611347198486,837,-0.20625
1.2522151470184326,838,-0.038671874999999994
1.2536261081695557,839,0.0
1.2562391757965088,840,-0.0515625
1.2578930854797363,841,-0.20625
1.2596421241760254,842,-0.8507812499999999
1.2617790699005127,843,-1.6242187499999998
1.263159990310669,844,-0.20625
1.2643439769744873,845,-0.23203125
1.265477180480957,846,-0.12890625
1.26658296585083,847,-0.37382812499999996
1.2677340507507324,848,-0.399609375
1.2689871788024902,849,-0.193359375
1.2701749801635742,850,0.012890625
1.2713091373443604,851,-0.0515625
1.2724180221557617,852,-0.167578125
1.2735259532928467,853,-0.29648437499999997
1.2747161388397217,854,-0.4125
1.2761080265045166,855,-1.10859375
1.2776141166687012,856,-1.65
1.2792291641235352,857,-0.167578125
1.2808001041412354,858,-0.15468749999999998
1.2822141647338867,859,-0.15468749999999998
1.2836921215057373,860,-0.24492187499999998
1.2864291667938232,861,-0.18046874999999998
1.2880980968475342,862,0.0
1.289734125137329,863,-0.103125
1.2918081283569336,864,-0.15468749999999998
1.293241024017334,865,-0.95390625
1.2944250106811523,866,-0.9410156249999999
1.2955660820007324,867,-0.116015625
1.2966711521148682,868,-0.167578125
1.297774076461792,869,-0.2578125
1.2988951206207275,870,-0.12890625
1.2999989986419678,871,-0.4640625
1.3011341094970703,872,-0.451171875
1.302281141281128,873,-0.141796875
1.3033900260925293,874,0.0
