time,count,voltage
0.0061910152435302734,1,-0.012890625
0.00789499282836914,2,-0.18046874999999998
0.009340047836303711,3,-0.54140625
0.010732173919677734,4,-1.327734375
0.012240171432495117,5,0.0
0.013898134231567383,6,0.0
0.015635967254638672,7,-0.167578125
0.017417192459106445,8,-0.515625
0.019165992736816406,9,-0.42539062499999997
0.02079319953918457,10,0.0
0.02244400978088379,11,-0.012890625
0.023905038833618164,12,-0.064453125
0.025294065475463867,13,-0.502734375
0.026669025421142578,14,-0.992578125
0.028057098388671875,15,-1.65
0.02960205078125,16,0.0
0.0313410758972168,17,-0.0515625
0.03308701515197754,18,-0.29648437499999997
0.03483319282531738,19,-0.2578125
0.036753177642822266,20,0.07734374999999999
0.038665056228637695,21,-0.012890625
0.04029703140258789,22,-0.038671874999999994
0.04182910919189453,23,-0.4125
0.04352211952209473,24,-0.837890625
0.0451960563659668,25,-1.65
0.0478510856628418,26,0.0
0.05016899108886719,27,-0.24492187499999998
0.05196499824523926,28,-0.451171875
0.05374312400817871,29,0.0515625
0.055555105209350586,30,0.0
0.05748605728149414,31,-0.02578125
0.0593411922454834,32,-0.43828124999999996
0.06107807159423828,33,-1.1859374999999999
0.06289315223693848,34,0.012890625
0.06509518623352051,35,-0.0515625
0.06736898422241211,36,-0.33515625
0.06929802894592285,37,-0.167578125
0.07105302810668945,38,0.0
0.07254600524902344,39,0.0
0.07392597198486328,40,-0.103125
0.0753011703491211,41,-0.48984374999999997
0.07668304443359375,42,-0.992578125
0.07808899879455566,43,-1.65
0.07955598831176758,44,0.0
0.08110809326171875,45,-0.103125
0.0828251838684082,46,-0.29648437499999997
0.08453512191772461,47,-0.24492187499999998
0.08645105361938477,48,-0.064453125
0.08831000328063965,49,0.0
0.08994007110595703,50,-0.02578125
0.09152603149414062,51,-0.33515625
0.09306001663208008,52,-0.6187499999999999
0.09471297264099121,53,-1.533984375
0.09731006622314453,54,0.0
0.0998079776763916,55,-0.20625
0.10139608383178711,56,-0.29648437499999997
0.10286903381347656,57,0.0515625
0.10462307929992676,58,0.0
0.1065831184387207,59,-0.012890625
0.1080331802368164,60,-0.28359375
0.10936999320983887,61,-0.5929687499999999
0.11084604263305664,62,-1.3792968749999999
0.1123039722442627,63,0.0
0.11383509635925293,64,-0.02578125
0.11536908149719238,65,-0.07734374999999999
0.11681413650512695,66,-0.5671875
0.1184091567993164,67,-0.28359375
0.11980509757995605,68,-0.012890625
0.12181901931762695,69,0.0
0.12413811683654785,70,-0.012890625
0.12572312355041504,71,-0.4125
0.1272411346435547,72,-1.1214843749999999
0.12918806076049805,73,-0.12890625
0.13095998764038086,74,0.0
0.13230204582214355,75,-0.193359375
0.13351798057556152,76,-0.476953125
0.13467001914978027,77,-0.322265625
0.13579607009887695,78,-0.21914062499999998
0.1369190216064453,79,0.0
0.13810110092163086,80,0.0
0.13931703567504883,81,-0.02578125
0.1407639980316162,82,-0.167578125
0.14228296279907227,83,-0.5671875
0.14378118515014648,84,-1.16015625
0.14537405967712402,85,-0.6187499999999999
0.14676308631896973,86,0.0
0.1482100486755371,87,-0.21914062499999998
0.15004897117614746,88,-0.33515625
0.15256619453430176,89,-0.322265625
0.1540510654449463,90,0.116015625
0.1557610034942627,91,0.0
0.1580190658569336,92,-0.0515625
0.1596221923828125,93,-0.502734375
0.16096997261047363,94,-1.3664062499999998
0.1622459888458252,95,0.0
0.1634981632232666,96,-0.064453125
0.16476011276245117,97,-0.2578125
0.1660161018371582,98,-0.43828124999999996
0.16734099388122559,99,-0.270703125
0.1776900291442871,100,-0.36093749999999997
0.1801600456237793,101,-0.103125
0.18232202529907227,102,-0.09023437499999999
0.18377304077148438,103,-0.348046875
0.18560099601745605,104,-0.42539062499999997
0.18761301040649414,105,0.0
0.1889781951904297,106,-0.012890625
0.19016408920288086,107,-0.064453125
0.19129705429077148,108,-0.502734375
0.1924149990081787,109,-0.6703125
0.19352102279663086,110,-1.327734375
0.19462013244628906,111,-0.5285156249999999
0.19572210311889648,112,0.0
0.1968090534210205,113,-0.02578125
0.19793701171875,114,-0.103125
0.19906115531921387,115,-0.4125
0.2003021240234375,116,-0.4640625
0.20172715187072754,117,-0.4125
0.2031559944152832,118,-0.141796875
0.2047121524810791,119,-0.012890625
0.20615816116333008,120,-0.012890625
0.20826196670532227,121,-0.20625
0.2106781005859375,122,-0.5929687499999999
0.21302413940429688,123,-1.546875
0.21484112739562988,124,-0.02578125
0.2172391414642334,125,-0.322265625
0.21903705596923828,126,-0.4125
0.22054409980773926,127,0.193359375
0.2218329906463623,128,-0.012890625
0.22308802604675293,129,-0.0515625
0.22432899475097656,130,-0.29648437499999997
0.22556519508361816,131,-0.631640625
0.22678899765014648,132,-1.16015625
0.22803306579589844,133,-1.65
0.24642610549926758,134,0.0
0.2480931282043457,135,0.0
0.24933314323425293,136,-0.4125
0.25048017501831055,137,-0.24492187499999998
0.25161218643188477,138,-0.348046875
0.2527320384979248,139,-0.20625
0.2538740634918213,140,0.02578125
0.2549750804901123,141,-0.012890625
0.256072998046875,142,-0.07734374999999999
0.2571861743927002,143,-0.270703125
0.25829100608825684,144,-0.580078125
0.2593870162963867,145,-0.8765624999999999
0.26065897941589355,146,-1.533984375
0.26210498809814453,147,0.0
0.2634861469268799,148,-0.012890625
0.2650730609893799,149,-0.141796875
0.26655006408691406,150,-0.4640625
0.26884007453918457,151,-0.4125
0.27149105072021484,152,0.07734374999999999
0.27370500564575195,153,-0.012890625
0.2755711078643799,154,-0.399609375
0.2778921127319336,155,-0.8121093749999999
0.2794630527496338,156,0.0
0.28077101707458496,157,0.0
0.28203511238098145,158,-0.20625
0.283282995223999,159,-0.6832031249999999
0.2845301628112793,160,-0.399609375
0.285768985748291,161,-0.270703125
0.2870001792907715,162,0.012890625
0.2883269786834717,163,-0.012890625
0.29720115661621094,164,-0.02578125
0.2991340160369873,165,-0.2578125
0.30165910720825195,166,-0.4125
0.3035891056060791,167,-0.167578125
0.30500102043151855,168,0.0
0.3067171573638916,169,-0.0515625
0.3087880611419678,170,-0.29648437499999997
0.31018519401550293,171,-0.8765624999999999
0.3113729953765869,172,-1.65
0.31249403953552246,173,0.0
0.31366515159606934,174,-0.116015625
0.31478214263916016,175,-0.18046874999999998
0.3159031867980957,176,-0.4125
0.3170599937438965,177,-0.28359375
0.3182539939880371,178,-0.4125
0.3194010257720947,179,-0.20625
0.32065701484680176,180,0.012890625
0.3221011161804199,181,0.0
0.3235321044921875,182,-0.0515625
0.32512712478637695,183,-0.4125
0.32662105560302734,184,-0.7863281249999999
0.32803916931152344,185,-1.65
0.32946109771728516,186,0.0
0.33144116401672363,187,-0.012890625
0.33371520042419434,188,-0.20625
0.33526611328125,189,-0.23203125
0.33689117431640625,190,0.103125
0.3390500545501709,191,0.0
0.34060215950012207,192,-0.02578125
0.3418540954589844,193,-0.451171875
0.343015193939209,194,-0.928125
0.3441481590270996,195,-1.5984375
0.3452610969543457,196,0.0
0.34635210037231445,197,0.0
0.3474559783935547,198,-0.116015625
0.3485720157623291,199,-0.24492187499999998
0.34969401359558105,200,-0.54140625
0.3508889675140381,201,-0.29648437499999997
0.352323055267334,202,-0.270703125
0.3538219928741455,203,-0.012890625
0.3554060459136963,204,-0.012890625
0.35696911811828613,205,-0.0515625
0.35849618911743164,206,-0.43828124999999996
0.35990405082702637,207,-0.837890625
0.36159610748291016,208,-1.65
0.3639199733734131,209,0.0
0.36551904678344727,210,-0.103125
0.36698317527770996,211,-0.6187499999999999
0.3691880702972412,212,-0.2578125
0.3708610534667969,213,0.2578125
0.37210917472839355,214,-0.012890625
0.37328314781188965,215,-0.038671874999999994
0.37442803382873535,216,-0.451171875
0.37554001808166504,217,-0.6703125
0.37664103507995605,218,-1.2374999999999998
0.377777099609375,219,-1.65
0.3788790702819824,220,0.0
0.37996912002563477,221,0.0
0.3811759948730469,222,-0.20625
0.38262414932250977,223,-0.33515625
0.38410305976867676,224,-0.37382812499999996
0.38565707206726074,225,-0.322265625
0.3872339725494385,226,0.064453125
0.38876819610595703,227,0.012890625
0.39216113090515137,228,-0.02578125
0.3942680358886719,229,-0.5671875
0.39574098587036133,230,0.0
0.3977820873260498,231,0.0
0.3994920253753662,232,-0.20625
0.4009370803833008,233,-0.33515625
0.40212297439575195,234,-0.193359375
0.4032590389251709,235,0.038671874999999994
0.4043881893157959,236,0.0
0.40549707412719727,237,-0.012890625
0.4065980911254883,238,-0.0515625
0.4077281951904297,239,-0.43828124999999996
0.4088401794433594,240,-0.6703125
0.40993714332580566,241,-1.2374999999999998
0.41113996505737305,242,-1.65
0.4125370979309082,243,0.0
0.41398119926452637,244,-0.02578125
0.4155910015106201,245,-0.12890625
0.41711997985839844,246,-0.322265625
0.418658971786499,247,-0.36093749999999997
0.4201090335845947,248,-0.012890625
0.42276597023010254,249,0.012890625
0.4243760108947754,250,-0.064453125
0.4260430335998535,251,-0.502734375
0.42818617820739746,252,-1.2374999999999998
0.42957210540771484,253,0.0
0.43076205253601074,254,-0.103125
0.4318981170654297,255,-0.20625
0.4330141544342041,256,-0.42539062499999997
0.4341301918029785,257,-0.29648437499999997
0.4352450370788574,258,-0.29648437499999997
0.436352014541626,259,-0.116015625
0.43747711181640625,260,-0.012890625
0.4385950565338135,261,0.012890625
0.4397001266479492,262,-0.02578125
0.4407989978790283,263,-0.38671875
0.4419829845428467,264,-0.6703125
0.44339799880981445,265,-1.10859375
0.44487905502319336,266,-1.65
0.4463939666748047,267,0.0
0.4480130672454834,268,-0.141796875
0.4494760036468506,269,-0.38671875
0.45096898078918457,270,-0.322265625
0.454071044921875,271,-0.12890625
0.4556281566619873,272,-0.012890625
0.45773816108703613,273,-0.0515625
0.45980000495910645,274,-0.502734375
0.4615020751953125,275,-1.405078125
0.4628150463104248,276,0.0
0.4640991687774658,277,-0.038671874999999994
0.46537113189697266,278,-0.167578125
0.4666152000427246,279,-0.554296875
0.4678840637207031,280,-0.42539062499999997
0.4691929817199707,281,-0.29648437499999997
0.4705770015716553,282,0.0
0.47748899459838867,283,0.0
0.4791250228881836,284,-0.0515625
0.4805881977081299,285,-0.116015625
0.48195314407348633,286,-0.064453125
0.48447418212890625,287,-0.42539062499999997
0.48630404472351074,288,-0.0515625
0.48788905143737793,289,0.012890625
0.48991918563842773,290,0.0
0.49147605895996094,291,-0.23203125
0.4927060604095459,292,-0.631640625
0.49384617805480957,293,-1.405078125
0.4949820041656494,294,-0.0515625
0.49608612060546875,295,0.0
0.4972059726715088,296,-0.09023437499999999
0.49831509590148926,297,-0.18046874999999998
0.4994230270385742,298,-0.399609375
0.500540018081665,299,-0.21914062499999998
0.501676082611084,300,-0.30937499999999996
0.5029191970825195,301,-0.167578125
0.5043301582336426,302,0.012890625
0.5057439804077148,303,0.012890625
0.5073599815368652,304,-0.09023437499999999
0.5089070796966553,305,-0.48984374999999997
0.5102989673614502,306,-1.095703125
0.511693000793457,307,-1.5984375
0.5136680603027344,308,0.0
0.5157949924468994,309,-0.18046874999999998
0.5172901153564453,310,-0.29648437499999997
0.5191831588745117,311,-0.33515625
0.520989179611206,312,0.038671874999999994
0.5222620964050293,313,-0.012890625
0.5234150886535645,314,-0.103125
0.5245440006256104,315,-0.502734375
0.5256600379943848,316,-0.6703125
0.526777982711792,317,-1.2890625
0.52789306640625,318,-1.546875
0.5289959907531738,319,0.0
0.5300760269165039,320,0.0
0.5311651229858398,321,-0.167578125
0.532263994216919,322,-0.4125
0.533437967300415,323,-0.5285156249999999
0.5348331928253174,324,-0.270703125
0.536419153213501,325,-0.103125
0.5379431247711182,326,0.012890625
0.5394241809844971,327,0.0
0.540863037109375,328,-0.167578125
0.5423321723937988,329,-0.580078125
0.5439810752868652,330,-1.1859374999999999
0.5463919639587402,331,-0.02578125
0.5480680465698242,332,-0.064453125
0.5494441986083984,333,-0.36093749999999997
0.5512421131134033,334,-0.33515625
0.5531821250915527,335,-0.167578125
0.5545351505279541,336,0.0
0.5557060241699219,337,-0.012890625
0.556840181350708,338,-0.09023437499999999
0.5580661296844482,339,-0.515625
0.5591950416564941,340,-0.7476562499999999
0.5603141784667969,341,-1.405078125
0.5614151954650879,342,0.0
0.5624990463256836,343,0.0
0.5636701583862305,344,-0.0515625
0.5650839805603027,345,0.0
0.5665280818939209,346,-0.4125
0.5680480003356934,347,-0.4640625
0.5696840286254883,348,-0.2578125
0.5710861682891846,349,0.012890625
0.5724849700927734,350,-0.012890625
0.5737671852111816,351,-0.09023437499999999
0.5760681629180908,352,-0.48984374999999997
0.57808518409729,353,-1.0828125
0.5794870853424072,354,0.0
0.5811259746551514,355,-0.012890625
0.5831120014190674,356,-0.24492187499999998
0.5845901966094971,357,-0.21914062499999998
0.5858421325683594,358,0.038671874999999994
0.586982011795044,359,0.012890625
0.588191032409668,360,-0.012890625
0.589320182800293,361,-0.0515625
0.590425968170166,362,-0.23203125
0.5915281772613525,363,-0.5671875
0.5926220417022705,364,-0.837890625
0.5938010215759277,365,-1.482421875
0.5952081680297852,366,0.0
0.5966231822967529,367,0.0
0.5981321334838867,368,-0.167578125
0.599614143371582,369,-0.38671875
0.6009771823883057,370,-0.20625
0.6023650169372559,371,-0.12890625
0.6037120819091797,372,-0.012890625
0.605720043182373,373,-0.012890625
0.6081171035766602,374,-0.0515625
0.6096019744873047,375,-0.4640625
0.6111130714416504,376,-1.405078125
0.6130361557006836,377,0.0
0.6146421432495117,378,-0.12890625
0.6159000396728516,379,-0.38671875
0.6171331405639648,380,-0.33515625
0.618278980255127,381,-0.4125
0.6193959712982178,382,-0.20625
0.6205329895019531,383,0.0
0.6216371059417725,384,0.0
0.6227259635925293,385,-0.0515625
0.6239240169525146,386,-0.28359375
0.6253330707550049,387,-0.6187499999999999
0.626777172088623,388,-1.03125
0.6283931732177734,389,-1.65
0.6299161911010742,390,0.0
0.6312811374664307,391,-0.167578125
0.6326730251312256,392,-0.37382812499999996
0.6341080665588379,393,-0.399609375
0.636667013168335,394,-0.348046875
0.6384241580963135,395,0.012890625
0.6398000717163086,396,-0.0515625
0.6416079998016357,397,-0.322265625
0.6434900760650635,398,-0.64453125
0.6448991298675537,399,-1.65
0.6460850238800049,400,0.0
0.6472351551055908,401,-0.116015625
0.6483609676361084,402,-0.15468749999999998
0.6494770050048828,403,-0.4640625
0.650576114654541,404,-0.322265625
0.6516790390014648,405,-0.33515625
0.6528091430664062,406,-0.20625
0.6540071964263916,407,0.012890625
0.655407190322876,408,-0.012890625
0.6568601131439209,409,-0.0515625
0.6584861278533936,410,-0.4125
0.6600179672241211,411,-0.7863281249999999
0.6614019870758057,412,-1.65
0.6627531051635742,413,0.0
0.6642241477966309,414,-0.0515625
0.6667091846466064,415,-0.15468749999999998
0.6685400009155273,416,-0.20625
0.6699461936950684,417,0.2578125
0.6718010902404785,418,0.0
0.6736321449279785,419,-0.0515625
0.6749651432037354,420,-0.37382812499999996
0.6761460304260254,421,-0.7476562499999999
0.6772949695587158,422,-1.4953124999999998
0.6784191131591797,423,0.0
0.6795110702514648,424,0.0
0.68060302734375,425,-0.116015625
0.6817030906677246,426,-0.12890625
0.6827971935272217,427,-0.42539062499999997
0.6839911937713623,428,-0.2578125
0.685399055480957,429,-0.270703125
0.6868691444396973,430,-0.038671874999999994
0.6885221004486084,431,-0.012890625
0.6900670528411865,432,-0.0515625
0.6914470195770264,433,-0.399609375
0.692857027053833,434,-0.631640625
0.694188117980957,435,-1.456640625
0.6965100765228271,436,0.0
0.6982791423797607,437,0.0
0.6996681690216064,438,-0.42539062499999997
0.7013649940490723,439,-0.20625
0.7033240795135498,440,-0.0515625
0.7047171592712402,441,0.0
0.7058889865875244,442,-0.02578125
0.7070760726928711,443,-0.167578125
0.7083930969238281,444,-0.580078125
0.7096450328826904,445,-0.90234375
0.7107751369476318,446,-1.6242187499999998
0.7120361328125,447,0.0
0.7172219753265381,448,-0.012890625
0.7191650867462158,449,-0.193359375
0.7207942008972168,450,0.4640625
0.7222321033477783,451,0.0
0.7238540649414062,452,-0.0515625
0.7264630794525146,453,-0.4640625
0.7280611991882324,454,-1.405078125
0.7305500507354736,455,0.0
0.7323360443115234,456,-0.0515625
0.7336380481719971,457,-0.322265625
0.7348191738128662,458,-0.476953125
0.7359740734100342,459,-0.270703125
0.7371931076049805,460,0.0
0.7383379936218262,461,-0.012890625
0.7396891117095947,462,-0.0515625
0.7408571243286133,463,-0.28359375
0.742002010345459,464,-0.6187499999999999
0.743131160736084,465,-1.1214843749999999
0.744373083114624,466,-1.65
0.7457730770111084,467,0.0
0.7472970485687256,468,-0.02578125
0.7488851547241211,469,-0.12890625
0.7504050731658936,470,-0.348046875
0.7518069744110107,471,-0.322265625
0.7532031536102295,472,-0.09023437499999999
0.7547760009765625,473,0.012890625
0.7572519779205322,474,-0.02578125
0.7590551376342773,475,-0.30937499999999996
0.7604620456695557,476,-1.03125
0.7621181011199951,477,-0.167578125
0.7640330791473389,478,-0.012890625
0.765531063079834,479,-0.141796875
0.7667500972747803,480,-0.270703125
0.7679431438446045,481,-0.2578125
0.7690861225128174,482,-0.167578125
0.7702081203460693,483,0.0
0.7713520526885986,484,0.012890625
0.7724871635437012,485,-0.038671874999999994
0.7736201286315918,486,-0.12890625
0.7748169898986816,487,-0.54140625
0.7762360572814941,488,-0.7476562499999999
0.7777819633483887,489,-1.533984375
0.7793021202087402,490,0.0
0.7808489799499512,491,0.0
0.7822391986846924,492,-0.20625
0.7836320400238037,493,-0.2578125
0.7856509685516357,494,-0.20625
0.7878341674804688,495,0.0515625
0.7893221378326416,496,-0.012890625
0.7907660007476807,497,-0.167578125
0.7926361560821533,498,-0.54140625
0.7943949699401855,499,-1.198828125
0.795691967010498,500,0.0
0.7968690395355225,501,-0.038671874999999994
0.7981321811676025,502,-0.167578125
0.7992851734161377,503,-0.43828124999999996
0.8004331588745117,504,-0.37382812499999996
0.8015530109405518,505,-0.4125
0.8026590347290039,506,-0.23203125
0.803765058517456,507,0.012890625
0.8049609661102295,508,0.012890625
0.8063721656799316,509,-0.0515625
0.8078880310058594,510,-0.2578125
0.8094379901885986,511,-0.631640625
0.8109471797943115,512,-1.353515625
0.8124220371246338,513,0.0
0.8138670921325684,514,-0.0515625
0.8152110576629639,515,-0.20625
0.8176829814910889,516,-0.43828124999999996
0.8196301460266113,517,-0.18046874999999998
0.8210780620574951,518,0.012890625
0.8226981163024902,519,-0.012890625
0.8246421813964844,520,-0.07734374999999999
0.8261651992797852,521,-0.502734375
0.8274211883544922,522,-1.3664062499999998
0.8286120891571045,523,0.0
0.8297610282897949,524,-0.064453125
0.8308939933776855,525,-0.23203125
0.8320150375366211,526,-0.193359375
0.833125114440918,527,-0.348046875
0.8342530727386475,528,-0.399609375
0.8354511260986328,529,-0.36093749999999997
0.8368990421295166,530,-0.116015625
0.8384521007537842,531,0.012890625
0.8399710655212402,532,-0.064453125
0.8415360450744629,533,-0.322265625
0.8429501056671143,534,-0.631640625
0.8443870544433594,535,-1.5082031249999999
0.8460121154785156,536,0.0
0.848499059677124,537,-0.012890625
0.8501410484313965,538,-0.37382812499999996
0.8515181541442871,539,-0.322265625
0.8531429767608643,540,-0.103125
0.8550841808319092,541,0.0
0.856633186340332,542,-0.02578125
0.8579161167144775,543,-0.37382812499999996
0.8591129779815674,544,-0.580078125
0.8602941036224365,545,-1.2890625
0.8614490032196045,546,-0.2578125
0.8625710010528564,547,0.0
0.8636820316314697,548,-0.02578125
0.864793062210083,549,-0.167578125
0.8659930229187012,550,-0.5285156249999999
0.8674280643463135,551,-0.28359375
0.8688971996307373,552,-0.322265625
0.8704280853271484,553,0.07734374999999999
0.8719971179962158,554,-0.012890625
0.8733680248260498,555,-0.02578125
0.8747270107269287,556,-0.4125
0.8764591217041016,557,-0.631640625
0.8789441585540771,558,-1.3921875
0.8804831504821777,559,-0.012890625
0.8818809986114502,560,-0.18046874999999998
0.883695125579834,561,-0.631640625
0.8856041431427002,562,-0.322265625
0.8869709968566895,563,0.193359375
0.8882460594177246,564,-0.012890625
0.8893890380859375,565,-0.0515625
0.8905110359191895,566,-0.21914062499999998
0.8916430473327637,567,-0.580078125
0.8927781581878662,568,-0.889453125
0.893913984298706,569,-1.52109375
0.8950250148773193,570,0.0
0.896186113357544,571,0.0
0.8975830078125,572,-0.103125
0.8990499973297119,573,-0.20625
0.9005610942840576,574,-0.4640625
0.9021420478820801,575,-0.4640625
0.9035069942474365,576,-0.012890625
0.9048891067504883,577,0.0
0.9065849781036377,578,-0.0515625
0.909095048904419,579,-0.21914062499999998
0.9107091426849365,580,-0.928125
0.91208815574646,581,0.0
0.9138221740722656,582,-0.012890625
0.9157240390777588,583,-0.15468749999999998
0.9172160625457764,584,-0.322265625
0.9184341430664062,585,-0.4125
0.9195880889892578,586,-0.12890625
0.920741081237793,587,0.0
0.9218521118164062,588,0.0
0.9229650497436523,589,-0.0515625
0.9240841865539551,590,-0.322265625
0.9252030849456787,591,-0.5929687499999999
0.9264199733734131,592,-1.044140625
0.9279031753540039,593,-1.65
0.929326057434082,594,0.0
0.9308381080627441,595,0.0
0.932387113571167,596,-0.09023437499999999
0.9338090419769287,597,-0.2578125
0.9351921081542969,598,-0.38671875
0.9371411800384521,599,-0.116015625
0.9394700527191162,600,0.0
0.9410190582275391,601,-0.103125
0.9424400329589844,602,-0.515625
0.9443211555480957,603,-1.16015625
0.9461309909820557,604,0.0
0.9474830627441406,605,-0.02578125
0.9486939907073975,606,-0.29648437499999997
0.9498651027679443,607,-0.43828124999999996
0.9509961605072021,608,-0.37382812499999996
0.9521770477294922,609,-0.322265625
0.9533381462097168,610,-0.0515625
0.9544570446014404,611,0.0
0.9555690288543701,612,-0.012890625
0.9567780494689941,613,-0.09023437499999999
0.9582741260528564,614,-0.502734375
0.9597630500793457,615,-0.7476562499999999
0.9613091945648193,616,-1.611328125
0.9628250598907471,617,0.0
0.9642200469970703,618,-0.038671874999999994
0.9656851291656494,619,-0.21914062499999998
0.967581033706665,620,-0.605859375
0.9700000286102295,621,-0.43828124999999996
0.9715399742126465,622,0.012890625
0.9729931354522705,623,-0.0515625
0.9748141765594482,624,-0.2578125
0.9768171310424805,625,-0.605859375
0.9782490730285645,626,-1.65
0.9794301986694336,627,0.012890625
0.9805769920349121,628,-0.07734374999999999
0.9817211627960205,629,-0.167578125
0.9838070869445801,630,-0.580078125
0.9853980541229248,631,-0.5285156249999999
0.9868841171264648,632,-0.02578125
0.9886481761932373,633,0.012890625
0.9904510974884033,634,-0.012890625
0.9922990798950195,635,-0.28359375
0.9942309856414795,636,-0.7863281249999999
0.996096134185791,637,-0.15468749999999998
0.9981930255889893,638,-0.103125
1.0003981590270996,639,-0.30937499999999996
1.003251075744629,640,-0.4125
1.0050830841064453,641,0.012890625
1.0069420337677002,642,-0.0515625
1.0089759826660156,643,-0.36093749999999997
1.0113210678100586,644,-0.928125
1.0138180255889893,645,0.0
1.0156850814819336,646,-0.167578125
1.0174601078033447,647,-0.30937499999999996
1.0192821025848389,648,-0.322265625
1.0211820602416992,649,0.012890625
1.023090124130249,650,0.0
1.0251100063323975,651,-0.24492187499999998
1.0271191596984863,652,-0.605859375
1.028994083404541,653,-1.65
1.0316441059112549,654,-0.0515625
1.0339009761810303,655,-0.29648437499999997
1.035865068435669,656,-0.15468749999999998
1.0385141372680664,657,0.2578125
1.0403821468353271,658,-0.012890625
1.0419600009918213,659,-0.43828124999999996
1.0434961318969727,660,-0.8507812499999999
1.0450520515441895,661,-1.65
1.0471251010894775,662,0.0
1.0489380359649658,663,-0.15468749999999998
1.0506341457366943,664,-0.580078125
1.0523161888122559,665,-0.4640625
1.0541801452636719,666,0.0515625
1.0560011863708496,667,-0.012890625
1.0579349994659424,668,-0.09023437499999999
1.0595180988311768,669,-0.54140625
1.0609300136566162,670,-1.3664062499999998
1.0627520084381104,671,0.0
1.0646700859069824,672,-0.0515625
1.066521167755127,673,-0.30937499999999996
1.0686631202697754,674,-0.21914062499999998
1.0706870555877686,675,0.193359375
1.0726311206817627,676,-0.012890625
1.0750341415405273,677,-0.07734374999999999
1.0780410766601562,678,-0.515625
