time,count,voltage
0.00550389289855957,1,-0.33515625
0.007080078125,2,-0.322265625
0.008511066436767578,3,0.038671874999999994
0.009896039962768555,4,-0.0515625
0.011256933212280273,5,-0.20625
0.012698888778686523,6,-0.580078125
0.014163017272949219,7,-0.760546875
0.015722036361694336,8,-1.4953124999999998
0.017477035522460938,9,0.0
0.019138097763061523,10,-0.2578125
0.020898103713989258,11,-0.476953125
0.022505998611450195,12,-0.20625
0.024199962615966797,13,-0.322265625
0.0256960391998291,14,-0.012890625
0.027092933654785156,15,-0.0515625
0.028486967086791992,16,-0.2578125
0.029859066009521484,17,-0.6703125
0.03143191337585449,18,-1.03125
0.033158063888549805,19,-1.65
0.03488588333129883,20,-0.116015625
0.0365900993347168,21,-0.36093749999999997
0.03842306137084961,22,-0.4640625
0.04012799263000488,23,-0.167578125
0.04180288314819336,24,0.07734374999999999
0.043482065200805664,25,-0.02578125
0.04513096809387207,26,-0.20625
0.04679989814758301,27,-0.580078125
0.049217939376831055,28,-1.0828125
0.051805973052978516,29,0.0
0.05368995666503906,30,-0.4125
0.055290937423706055,31,-0.28359375
0.05714607238769531,32,-0.37382812499999996
0.059346914291381836,33,-0.012890625
0.06136202812194824,34,-0.02578125
0.0629570484161377,35,-0.4125
0.06441402435302734,36,-0.7476562499999999
0.06581497192382812,37,-1.52109375
0.06717991828918457,38,-0.038671874999999994
0.06855607032775879,39,-0.2578125
0.06990694999694824,40,-0.29648437499999997
0.07127690315246582,41,-0.33515625
0.07272505760192871,42,-0.33515625
0.07413792610168457,43,-0.193359375
0.07548689842224121,44,-0.012890625
0.07685494422912598,45,-0.038671874999999994
0.07820892333984375,46,-0.270703125
0.07955288887023926,47,-0.6703125
0.08089590072631836,48,-0.8765624999999999
0.08226203918457031,49,-1.5726562499999999
0.08373594284057617,50,0.0
0.0851430892944336,51,-0.24492187499999998
0.08676695823669434,52,-0.37382812499999996
0.08852100372314453,53,-0.54140625
0.09019589424133301,54,-0.399609375
0.09219694137573242,55,0.0
0.09410691261291504,56,-0.02578125
0.09574007987976074,57,-0.28359375
0.09724092483520508,58,-0.6187499999999999
0.09911489486694336,59,-1.26328125
0.10153388977050781,60,0.0
0.10306406021118164,61,-0.322265625
0.1047210693359375,62,-0.5671875
0.10679793357849121,63,-0.38671875
0.10831403732299805,64,0.064453125
0.10952901840209961,65,-0.012890625
0.11067795753479004,66,-0.15468749999999998
0.1118021011352539,67,-0.4125
0.11294293403625488,68,-0.7218749999999999
0.11413192749023438,69,-0.9796874999999999
0.11555290222167969,70,-1.5597656249999998
0.11703109741210938,71,0.012890625
0.11869311332702637,72,-0.30937499999999996
0.12026190757751465,73,-0.270703125
0.12167692184448242,74,-0.4125
0.12317299842834473,75,-0.515625
0.1255810260772705,76,-0.193359375
0.12747693061828613,77,-0.0515625
0.12888002395629883,78,-0.270703125
0.13089990615844727,79,-0.6187499999999999
0.13279199600219727,80,-1.340625
0.13408398628234863,81,-0.09023437499999999
0.1352519989013672,82,-0.29648437499999997
0.13639402389526367,83,-0.4640625
0.13750791549682617,84,-0.4125
0.1386110782623291,85,-0.20625
0.13970208168029785,86,-0.322265625
0.14081192016601562,87,-0.30937499999999996
0.14192509651184082,88,-0.012890625
0.14314699172973633,89,-0.103125
0.1443190574645996,90,-0.2578125
0.14565300941467285,91,-0.580078125
0.1470649242401123,92,-0.7734375
0.1485741138458252,93,-1.340625
0.1500229835510254,94,-0.141796875
0.1513659954071045,95,-0.167578125
0.15311789512634277,96,-0.37382812499999996
0.155595064163208,97,-0.33515625
0.15754389762878418,98,-0.103125
0.15906095504760742,99,0.0
0.16112709045410156,100,-0.02578125
0.16272711753845215,101,-0.37382812499999996
0.16396188735961914,102,-0.631640625
0.16511797904968262,103,-1.3664062499999998
0.1662590503692627,104,-0.15468749999999998
0.16738200187683105,105,-0.12890625
0.16848993301391602,106,-0.2578125
0.16960406303405762,107,-0.322265625
0.1707010269165039,108,-0.708984375
0.17179608345031738,109,-0.167578125
0.17290711402893066,110,-0.322265625
0.17401409149169922,111,-0.24492187499999998
0.17519092559814453,112,-0.012890625
0.17656493186950684,113,-0.0515625
0.17800307273864746,114,-0.23203125
0.17951703071594238,115,-0.5929687499999999
0.18099689483642578,116,-0.7734375
0.18236708641052246,117,-1.5984375
0.18392300605773926,118,0.0
0.1857600212097168,119,-0.2578125
0.1881699562072754,120,-0.322265625
0.18964505195617676,121,-0.38671875
0.1915450096130371,122,-0.0515625
0.19349002838134766,123,-0.02578125
0.1947920322418213,124,-0.193359375
0.19594907760620117,125,-0.580078125
0.19708991050720215,126,-0.734765625
0.19823598861694336,127,-1.340625
0.19936394691467285,128,-1.6371093749999999
0.20049095153808594,129,-0.0515625
0.20161104202270508,130,-0.2578125
0.2027900218963623,131,-0.322265625
0.20396995544433594,132,-0.4640625
0.20517992973327637,133,-0.21914062499999998
0.20658111572265625,134,-0.502734375
0.20804810523986816,135,-0.24492187499999998
0.20957398414611816,136,-0.012890625
0.21111607551574707,137,-0.167578125
0.2130260467529297,138,-0.4640625
0.21483302116394043,139,-0.69609375
0.21766304969787598,140,-1.611328125
0.21950888633728027,141,-0.193359375
0.2214970588684082,142,-0.399609375
0.22394800186157227,143,-0.2578125
0.22550392150878906,144,0.322265625
0.2268359661102295,145,-0.012890625
0.22809696197509766,146,-0.2578125
0.22935795783996582,147,-0.631640625
0.23061394691467285,148,-0.760546875
0.23185992240905762,149,-1.41796875
0.2332150936126709,150,0.0
0.2425670623779297,151,-0.103125
0.24434900283813477,152,-0.36093749999999997
0.2468869686126709,153,-0.43828124999999996
0.24855303764343262,154,-0.825
0.25014305114746094,155,-0.476953125
0.2523078918457031,156,-0.167578125
0.2537510395050049,157,-0.2578125
0.2549409866333008,158,-0.270703125
0.256087064743042,159,-0.476953125
0.25721311569213867,160,-0.322265625
0.2583301067352295,161,0.0
0.2594308853149414,162,-0.02578125
0.26053905487060547,163,-0.116015625
0.26165008544921875,164,-0.43828124999999996
0.26279211044311523,165,-0.734765625
0.26390910148620605,166,-0.928125
0.265017032623291,167,-1.5082031249999999
0.26623106002807617,168,0.0
0.26763296127319336,169,-0.23203125
0.2690739631652832,170,-0.28359375
0.27063608169555664,171,-0.322265625
0.27224206924438477,172,-0.270703125
0.2738819122314453,173,-0.37382812499999996
0.27573108673095703,174,-0.012890625
0.2782928943634033,175,-0.02578125
0.27985095977783203,176,-0.42539062499999997
0.28159189224243164,177,-0.825
0.28365302085876465,178,-1.6371093749999999
0.28502988815307617,179,-0.270703125
0.2862210273742676,180,-0.33515625
0.287355899810791,181,-0.48984374999999997
0.288499116897583,182,-0.2578125
0.28961706161499023,183,-0.33515625
0.2907249927520752,184,-0.2578125
0.29183101654052734,185,0.0
0.29296207427978516,186,-0.0515625
0.29408693313598633,187,-0.193359375
0.29519104957580566,188,-0.43828124999999996
0.296375036239624,189,-0.7863281249999999
0.29777002334594727,190,-1.0570312499999999
0.2991960048675537,191,-1.65
0.30071496963500977,192,-0.012890625
0.3023989200592041,193,-0.2578125
0.3038520812988281,194,-0.30937499999999996
0.30527496337890625,195,-0.270703125
0.3077530860900879,196,-0.36093749999999997
0.3094649314880371,197,0.012890625
0.3110060691833496,198,-0.103125
0.3131279945373535,199,-0.476953125
0.3146069049835205,200,-0.7734375
0.3157949447631836,201,-1.65
0.31696200370788574,202,0.0
0.31809210777282715,203,-0.23203125
0.3192160129547119,204,-0.476953125
0.3203849792480469,205,-0.48984374999999997
0.3215479850769043,206,-0.29648437499999997
0.32270288467407227,207,-0.451171875
0.32381606101989746,208,-0.42539062499999997
0.3249320983886719,209,-0.012890625
0.3260469436645508,210,-0.012890625
0.3272130489349365,211,-0.12890625
0.32857799530029297,212,-0.4125
0.33001208305358887,213,-0.7476562499999999
0.3315470218658447,214,-1.16015625
0.3332040309906006,215,-1.65
0.3346750736236572,216,-0.12890625
0.33617305755615234,217,-0.399609375
0.33869504928588867,218,-0.48984374999999997
0.3410029411315918,219,-0.21914062499999998
0.3429439067840576,220,0.012890625
0.3448948860168457,221,-0.064453125
0.346203088760376,222,-0.476953125
0.34737205505371094,223,-0.79921875
0.3485229015350342,224,-1.46953125
0.34966206550598145,225,-0.09023437499999999
0.35079407691955566,226,-0.167578125
0.3519120216369629,227,-0.270703125
0.353118896484375,228,-0.270703125
0.3542470932006836,229,-0.6187499999999999
0.35536909103393555,230,-0.2578125
0.3564798831939697,231,-0.42539062499999997
0.3576629161834717,232,-0.2578125
0.3590669631958008,233,0.0
0.3605189323425293,234,-0.0515625
0.36209797859191895,235,-0.2578125
0.3637220859527588,236,-0.6187499999999999
0.36516404151916504,237,-1.198828125
0.3665890693664551,238,-0.48984374999999997
0.3686048984527588,239,-0.2578125
0.370758056640625,240,-0.30937499999999996
0.37228894233703613,241,-0.20625
0.3742709159851074,242,-0.20625
0.3760569095611572,243,0.0
0.37743306159973145,244,-0.064453125
0.3786439895629883,245,-0.4640625
0.379802942276001,246,-0.7218749999999999
0.38094305992126465,247,-1.0828125
0.382174015045166,248,-1.6371093749999999
0.3833329677581787,249,0.0
0.38446998596191406,250,-0.21914062499999998
0.3856029510498047,251,-0.4125
0.3867061138153076,252,-0.322265625
0.38788890838623047,253,-0.33515625
0.3894059658050537,254,-0.37382812499999996
0.39092493057250977,255,-0.2578125
0.39260411262512207,256,0.012890625
0.3941829204559326,257,-0.064453125
0.3956129550933838,258,-0.37382812499999996
0.397305965423584,259,-0.64453125
0.4000070095062256,260,-1.327734375
0.40163207054138184,261,-0.18046874999999998
0.40323710441589355,262,-0.5671875
0.40538692474365234,263,-0.42539062499999997
0.4068930149078369,264,-0.103125
0.4081099033355713,265,0.21914062499999998
0.40928006172180176,266,-0.0515625
0.41040706634521484,267,-0.103125
0.4117460250854492,268,-0.4125
0.4129319190979004,269,-0.708984375
0.41410303115844727,270,-0.95390625
0.41523003578186035,271,-1.5597656249999998
0.4163839817047119,272,0.0
0.41749095916748047,273,-0.09023437499999999
0.41869091987609863,274,-0.29648437499999997
0.42009902000427246,275,-0.37382812499999996
0.4216299057006836,276,-0.322265625
0.4234580993652344,277,-0.193359375
0.4249858856201172,278,0.116015625
0.4263029098510742,279,0.0
0.4276449680328369,280,-0.15468749999999998
0.42986011505126953,281,-0.502734375
0.43198204040527344,282,-0.6832031249999999
0.433535099029541,283,-0.6187499999999999
0.43526792526245117,284,-0.2578125
0.43731093406677246,285,-0.322265625
0.43872904777526855,286,-0.37382812499999996
0.4399600028991699,287,-0.29648437499999997
0.4411170482635498,288,-0.12890625
0.4422750473022461,289,-0.012890625
0.4433860778808594,290,-0.0515625
0.44449901580810547,291,-0.23203125
0.4456470012664795,292,-0.5929687499999999
0.44677305221557617,293,-0.7734375
0.44791197776794434,294,-1.2503906249999999
0.4491100311279297,295,-1.65
0.4505019187927246,296,-0.012890625
0.4519379138946533,297,-0.2578125
0.453685998916626,298,-0.2578125
0.4551699161529541,299,-0.42539062499999997
0.4566309452056885,300,-0.4640625
0.4580249786376953,301,-0.167578125
0.45984888076782227,302,0.0
0.4624490737915039,303,-0.103125
0.46402788162231445,304,-0.502734375
0.4670848846435547,305,-1.2503906249999999
0.4688570499420166,306,-0.580078125
0.4701969623565674,307,-0.322265625
0.47139906883239746,308,-0.30937499999999996
0.4726550579071045,309,-0.4125
0.47380495071411133,310,-0.322265625
0.47492289543151855,311,-0.012890625
0.47603297233581543,312,-0.02578125
0.4772160053253174,313,-0.15468749999999998
0.47835206985473633,314,-0.399609375
0.4795539379119873,315,-0.6832031249999999
0.4810330867767334,316,-0.9152343749999999
0.48249197006225586,317,-1.611328125
0.484050989151001,318,0.0
0.4856419563293457,319,-0.20625
0.48704004287719727,320,-0.36093749999999997
0.48856496810913086,321,-0.28359375
0.49039506912231445,322,-0.36093749999999997
0.4930109977722168,323,-0.141796875
0.49457693099975586,324,-0.15468749999999998
0.4962499141693115,325,-0.515625
0.49822306632995605,326,-0.64453125
0.49973392486572266,327,-1.6371093749999999
0.5010199546813965,328,-0.0515625
0.5022790431976318,329,-0.322265625
0.5034420490264893,330,-0.4125
0.5045719146728516,331,-0.322265625
0.5056920051574707,332,-0.322265625
0.5067980289459229,333,-0.322265625
0.5079050064086914,334,-0.167578125
0.5090219974517822,335,-0.012890625
0.5105340480804443,336,-0.0515625
0.5120909214019775,337,-0.322265625
0.5135400295257568,338,-0.6703125
0.5151300430297852,339,-1.16015625
0.5166060924530029,340,-1.65
0.5180919170379639,341,-0.21914062499999998
0.5195488929748535,342,-0.42539062499999997
0.5218191146850586,343,-0.476953125
0.5241398811340332,344,-0.502734375
0.5257871150970459,345,0.0
0.5275518894195557,346,-0.07734374999999999
0.5295150279998779,347,-0.270703125
0.530879020690918,348,-0.605859375
0.5321331024169922,349,-1.456640625
0.5333950519561768,350,-0.012890625
0.5345509052276611,351,-0.348046875
0.5356740951538086,352,-0.322265625
0.5368480682373047,353,-0.399609375
0.5379619598388672,354,-0.476953125
0.5390799045562744,355,-0.29648437499999997
0.5403409004211426,356,-0.30937499999999996
0.5417969226837158,357,-0.103125
0.5433259010314941,358,-0.103125
0.5448529720306396,359,-0.20625
0.5463171005249023,360,-0.54140625
0.5476939678192139,361,-0.837890625
0.549185037612915,362,-1.5597656249999998
0.5508930683135986,363,0.012890625
0.5615649223327637,364,-0.28359375
0.5630888938903809,365,0.476953125
0.564337968826294,366,-0.502734375
0.5655190944671631,367,-1.3148437499999999
0.5666630268096924,368,-0.0515625
0.5678050518035889,369,-0.21914062499999998
0.5689470767974854,370,-0.42539062499999997
0.5700540542602539,371,-0.42539062499999997
0.5712809562683105,372,-0.36093749999999997
0.5729079246520996,373,-0.36093749999999997
0.5743649005889893,374,-0.167578125
0.5760269165039062,375,-0.012890625
0.5774528980255127,376,-0.0515625
0.5787758827209473,377,-0.4640625
0.5802268981933594,378,-0.708984375
0.5825169086456299,379,-1.198828125
0.5846529006958008,380,0.0
0.5860939025878906,381,-0.33515625
0.587662935256958,382,-0.43828124999999996
0.5899150371551514,383,-0.30937499999999996
0.5913679599761963,384,0.15468749999999998
0.5927350521087646,385,-0.012890625
0.593925952911377,386,-0.103125
0.595055103302002,387,-0.399609375
0.5961771011352539,388,-0.7218749999999999
0.597343921661377,389,-0.889453125
0.5984859466552734,390,-1.5082031249999999
0.5996050834655762,391,-0.012890625
0.6007480621337891,392,-0.12890625
0.6019570827484131,393,-0.270703125
0.6034369468688965,394,-0.23203125
0.6049621105194092,395,-0.580078125
0.6065618991851807,396,-0.193359375
0.6084110736846924,397,-0.012890625
0.6098320484161377,398,0.012890625
0.6111750602722168,399,-0.15468749999999998
0.6137480735778809,400,-0.515625
0.6154789924621582,401,-0.8507812499999999
0.6169068813323975,402,-0.09023437499999999
0.6187260150909424,403,-0.270703125
0.6206800937652588,404,-0.2578125
0.6221721172332764,405,-0.270703125
0.6233890056610107,406,-0.399609375
0.6245450973510742,407,-0.21914062499999998
0.6256890296936035,408,-0.0515625
0.6268520355224609,409,-0.0515625
0.6280210018157959,410,-0.24492187499999998
0.6292030811309814,411,-0.6187499999999999
0.6303598880767822,412,-0.7734375
0.631479024887085,413,-1.340625
0.6327369213104248,414,-1.65
0.6341331005096436,415,-0.02578125
0.635577917098999,416,-0.270703125
0.6372361183166504,417,-0.30937499999999996
0.6387810707092285,418,-0.399609375
0.6401820182800293,419,-0.36093749999999997
0.6415901184082031,420,-0.064453125
0.643402099609375,421,-0.012890625
0.6458430290222168,422,-0.167578125
0.6473839282989502,423,-0.54140625
0.6488869190216064,424,-1.3019531249999998
0.650860071182251,425,-0.038671874999999994
0.6525740623474121,426,-0.21914062499999998
0.6539270877838135,427,-0.348046875
0.6551098823547363,428,-0.20625
0.6562740802764893,429,-0.4640625
0.6574060916900635,430,-0.4125
0.6585180759429932,431,-0.012890625
0.6596269607543945,432,-0.038671874999999994
0.6607670783996582,433,-0.20625
0.6623549461364746,434,-0.48984374999999997
0.6636700630187988,435,-0.734765625
0.6651821136474609,436,-1.276171875
0.6666069030761719,437,-0.30937499999999996
0.6682469844818115,438,-0.21914062499999998
0.6697618961334229,439,-0.48984374999999997
0.6712090969085693,440,-0.4125
0.6727640628814697,441,-0.4125
0.6752068996429443,442,-0.167578125
0.6770598888397217,443,0.0
0.6785190105438232,444,-0.2578125
0.6803638935089111,445,-0.6187499999999999
0.6822969913482666,446,-1.044140625
0.683664083480835,447,0.0
0.6849460601806641,448,-0.167578125
0.6861269474029541,449,-0.4125
0.6872498989105225,450,-0.6832031249999999
0.6884310245513916,451,-0.2578125
0.689547061920166,452,-0.37382812499999996
0.6906599998474121,453,-0.29648437499999997
0.6917729377746582,454,0.012890625
0.6929330825805664,455,-0.0515625
0.6941490173339844,456,-0.15468749999999998
0.6955299377441406,457,-0.4640625
0.6970329284667969,458,-0.734765625
0.6986029148101807,459,-1.2503906249999999
0.7001769542694092,460,-0.193359375
0.7016839981079102,461,-0.20625
0.7031049728393555,462,-0.30937499999999996
0.7049369812011719,463,-0.5285156249999999
0.7073318958282471,464,-0.4125
0.708961009979248,465,0.28359375
0.7104899883270264,466,-0.012890625
0.712475061416626,467,-0.23203125
0.7141609191894531,468,-0.605859375
0.7154529094696045,469,-1.3664062499999998
0.7166929244995117,470,-0.103125
0.7178990840911865,471,-0.20625
0.7192890644073486,472,-0.4125
0.7204771041870117,473,-0.4125
0.7216119766235352,474,-0.322265625
0.7227630615234375,475,-0.5671875
0.7238740921020508,476,-0.4125
0.7250659465789795,477,0.0
0.7265009880065918,478,-0.02578125
0.7279999256134033,479,-0.20625
0.729780912399292,480,-0.502734375
0.7313721179962158,481,-0.734765625
0.7329590320587158,482,-1.65
0.7344510555267334,483,-0.12890625
0.7365829944610596,484,-0.4125
0.7387158870697021,485,-0.399609375
0.7402369976043701,486,-0.064453125
0.7418749332427979,487,0.15468749999999998
0.7440409660339355,488,-0.012890625
0.7455360889434814,489,-0.21914062499999998
0.7467761039733887,490,-0.580078125
0.7479751110076904,491,-1.134375
0.749169111251831,492,-1.65
0.7503139972686768,493,-0.012890625
0.7514369487762451,494,-0.21914062499999998
0.7526509761810303,495,-0.4125
0.7537920475006104,496,-0.42539062499999997
0.7549920082092285,497,-0.2578125
0.7563920021057129,498,-0.4125
0.7579100131988525,499,-0.322265625
0.759476900100708,500,-0.012890625
0.7610599994659424,501,-0.12890625
0.7624731063842773,502,-0.48984374999999997
0.7639720439910889,503,-0.69609375
0.7657699584960938,504,-1.340625
0.7682740688323975,505,-0.09023437499999999
0.7698850631713867,506,-0.322265625
0.7713301181793213,507,-0.64453125
0.7734858989715576,508,-0.37382812499999996
0.7752220630645752,509,-0.12890625
0.7765460014343262,510,-0.012890625
0.7777299880981445,511,-0.23203125
0.7788529396057129,512,-0.580078125
0.78000807762146,513,-0.7863281249999999
0.7811810970306396,514,-1.198828125
0.7823350429534912,515,-1.65
0.7834498882293701,516,0.0
0.78456711769104,517,-0.21914062499999998
0.7857749462127686,518,-0.37382812499999996
0.7871739864349365,519,-0.515625
0.7886080741882324,520,-0.399609375
0.7902660369873047,521,-0.399609375
0.791801929473877,522,-0.12890625
0.7933659553527832,523,-0.02578125
0.7947790622711182,524,-0.18046874999999998
0.7966060638427734,525,-0.6187499999999999
0.7990989685058594,526,-0.7863281249999999
0.8007071018218994,527,0.0
0.8023080825805664,528,-0.2578125
0.8042991161346436,529,-0.24492187499999998
0.8059420585632324,530,-0.20625
0.8072669506072998,531,-0.038671874999999994
0.8084850311279297,532,0.012890625
0.809636116027832,533,-0.0515625
0.8107619285583496,534,-0.193359375
0.8118979930877686,535,-0.4640625
0.8130879402160645,536,-0.760546875
0.814241886138916,537,-1.0570312499999999
0.8153650760650635,538,-1.5984375
0.8165769577026367,539,0.0
0.8179969787597656,540,-0.20625
0.8194670677185059,541,-0.399609375
0.8210821151733398,542,-0.43828124999999996
0.8228349685668945,543,-0.18046874999999998
0.8243410587310791,544,0.0
0.8256609439849854,545,-0.012890625
0.8281760215759277,546,-0.07734374999999999
0.8298189640045166,547,-0.38671875
0.8311970233917236,548,-0.8507812499999999
0.8335530757904053,549,-1.5726562499999999
0.8353180885314941,550,-0.21914062499999998
0.836651086807251,551,-0.322265625
0.8379249572753906,552,-0.33515625
0.8390779495239258,553,-0.36093749999999997
0.8402180671691895,554,-0.399609375
0.841346025466919,555,-0.193359375
0.8424699306488037,556,-0.012890625
0.8436040878295898,557,-0.09023437499999999
0.8447940349578857,558,-0.322265625
0.8459289073944092,559,-0.6574218749999999
0.8471250534057617,560,-0.7734375
0.8486270904541016,561,-1.405078125
0.8500769138336182,562,-0.012890625
0.8516039848327637,563,0.0
0.8531839847564697,564,-0.37382812499999996
0.8546240329742432,565,-0.6703125
0.8560678958892822,566,-0.38671875
0.8581550121307373,567,-0.23203125
0.8602480888366699,568,0.0
0.8616371154785156,569,-0.193359375
0.8634018898010254,570,-0.5671875
0.8653640747070312,571,-0.889453125
0.8667380809783936,572,-0.348046875
0.8679320812225342,573,-0.21914062499999998
0.8690810203552246,574,-0.33515625
0.8702600002288818,575,-0.37382812499999996
0.8713870048522949,576,-0.502734375
0.8726100921630859,577,-0.30937499999999996
0.8737421035766602,578,-0.24492187499999998
0.8748569488525391,579,-0.012890625
0.8759670257568359,580,-0.0515625
0.8772039413452148,581,-0.09023437499999999
0.8786299228668213,582,-0.322265625
0.8801159858703613,583,-0.708984375
0.881666898727417,584,-1.147265625
0.8832089900970459,585,-1.65
0.884598970413208,586,-0.12890625
0.8861439228057861,587,-0.36093749999999997
0.8881080150604248,588,-0.554296875
0.8904879093170166,589,-0.24492187499999998
0.8921430110931396,590,0.43828124999999996
0.893873929977417,591,-0.0515625
0.8958280086517334,592,-0.21914062499999998
0.8974039554595947,593,-0.580078125
0.8986630439758301,594,-1.3148437499999999
0.8998329639434814,595,-0.116015625
0.9009850025177002,596,-0.30937499999999996
0.9022328853607178,597,-0.399609375
0.9033870697021484,598,-0.399609375
0.9045259952545166,599,-0.502734375
0.9056370258331299,600,-0.36093749999999997
0.9067530632019043,601,-0.36093749999999997
0.9079630374908447,602,-0.18046874999999998
0.9095098972320557,603,-0.012890625
0.9109749794006348,604,-0.07734374999999999
0.9125680923461914,605,-0.24492187499999998
0.9140920639038086,606,-0.37382812499999996
0.9158000946044922,607,-1.134375
0.9173688888549805,608,-0.837890625
0.9192349910736084,609,-0.399609375
0.92153000831604,610,-0.322265625
0.9231040477752686,611,-0.36093749999999997
0.924630880355835,612,-0.02578125
0.9269280433654785,613,-0.012890625
0.9286088943481445,614,-0.167578125
0.9298899173736572,615,-0.515625
0.9310669898986816,616,-0.9152343749999999
0.9322259426116943,617,-1.546875
0.9334230422973633,618,-0.038671874999999994
0.9346299171447754,619,-0.20625
0.9358220100402832,620,-0.399609375
0.936988115310669,621,-0.4640625
0.9381899833679199,622,-0.322265625
0.939608097076416,623,-0.37382812499999996
0.9411458969116211,624,-0.20625
0.942755937576294,625,-0.012890625
0.9443318843841553,626,-0.09023437499999999
0.9458019733428955,627,-0.4125
0.9471828937530518,628,-0.708984375
0.9485929012298584,629,-1.340625
0.9508140087127686,630,0.0
0.9530940055847168,631,-0.23203125
0.9545619487762451,632,-0.43828124999999996
0.9560959339141846,633,-0.399609375
0.9582169055938721,634,-0.36093749999999997
0.9600598812103271,635,-0.012890625
0.9613900184631348,636,-0.15468749999999998
0.9626550674438477,637,-0.5285156249999999
0.9638180732727051,638,-0.69609375
0.9649910926818848,639,-1.340625
0.9661619663238525,640,-1.5726562499999999
0.9672839641571045,641,-0.12890625
0.9685869216918945,642,-0.2578125
0.9700229167938232,643,-0.23203125
0.9714860916137695,644,-0.33515625
0.9731199741363525,645,-0.43828124999999996
0.9747810363769531,646,-0.18046874999999998
0.9761679172515869,647,-0.012890625
0.9775099754333496,648,-0.12890625
0.9794280529022217,649,-0.399609375
