time,count,voltage
0.004274845123291016,1,-0.12890625
0.0057108402252197266,2,-0.399609375
0.006971836090087891,3,-0.9796874999999999
0.008149862289428711,4,-1.65
0.009305953979492188,5,0.0
0.010435819625854492,6,0.0
0.011570930480957031,7,-0.09023437499999999
0.012723922729492188,8,-0.37382812499999996
0.013882875442504883,9,-0.103125
0.015004873275756836,10,-0.322265625
0.02254486083984375,11,-0.20625
0.0238649845123291,12,-0.6703125
0.025055885314941406,13,-1.585546875
0.02619481086730957,14,0.0
0.027341842651367188,15,-0.167578125
0.028506994247436523,16,-0.103125
0.029711008071899414,17,-0.23203125
0.03084397315979004,18,-0.30937499999999996
0.050247907638549805,19,-0.36093749999999997
0.05168294906616211,20,0.0
0.05308794975280762,21,-0.0515625
0.05456686019897461,22,-0.270703125
0.056038856506347656,23,-0.33515625
0.057515859603881836,24,-1.095703125
0.0589900016784668,25,-0.064453125
0.06076502799987793,26,-0.0515625
0.06207585334777832,27,-0.20625
0.06325483322143555,28,-0.103125
0.06441998481750488,29,-0.2578125
0.06554388999938965,30,-0.2578125
0.06665682792663574,31,-0.0515625
0.06777787208557129,32,0.0
0.06888985633850098,33,-0.012890625
0.07021498680114746,34,-0.064453125
0.07159996032714844,35,-0.4125
0.0727999210357666,36,-0.5285156249999999
0.07393503189086914,37,-1.3019531249999998
0.07505989074707031,38,-0.21914062499999998
0.07618904113769531,39,0.0
0.07734084129333496,40,-0.103125
0.07844400405883789,41,-0.167578125
0.07963991165161133,42,-0.4640625
0.08086991310119629,43,-0.167578125
0.08219790458679199,44,-0.2578125
0.08370304107666016,45,-0.012890625
0.08524703979492188,46,0.0
0.08683991432189941,47,-0.012890625
0.08828997611999512,48,-0.37382812499999996
0.08981895446777344,49,-0.515625
0.09224486351013184,50,-1.3664062499999998
0.09417295455932617,51,0.0
0.09579181671142578,52,-0.103125
0.09796285629272461,53,-0.24492187499999998
0.099700927734375,54,-0.21914062499999998
0.10104990005493164,55,0.0
0.10222697257995605,56,-0.012890625
0.10335683822631836,57,-0.02578125
0.10447883605957031,58,-0.37382812499999996
0.1056058406829834,59,-0.4125
0.10670590400695801,60,-1.018359375
0.10782694816589355,61,-1.611328125
0.10895085334777832,62,0.0
0.11013293266296387,63,-0.064453125
0.11136388778686523,64,-0.116015625
0.11277103424072266,65,-0.37382812499999996
0.11424803733825684,66,-0.21914062499999998
0.11584782600402832,67,-0.23203125
0.11742496490478516,68,0.09023437499999999
0.11877703666687012,69,0.0
0.12017703056335449,70,-0.012890625
0.12230491638183594,71,-0.348046875
0.12450289726257324,72,-0.580078125
0.12609100341796875,73,0.0
0.12816786766052246,74,-0.064453125
0.1298668384552002,75,-0.30937499999999996
0.13112592697143555,76,-0.348046875
0.1323549747467041,77,-0.2578125
0.13352084159851074,78,-0.012890625
0.1346759796142578,79,0.012890625
0.13578081130981445,80,-0.02578125
0.13688898086547852,81,-0.103125
0.13803482055664062,82,-0.42539062499999997
0.13921689987182617,83,-0.43828124999999996
0.14041590690612793,84,-1.147265625
0.14162397384643555,85,-1.65
0.1430659294128418,86,0.0
0.14459681510925293,87,-0.103125
0.14617204666137695,88,-0.37382812499999996
0.14776897430419922,89,-0.167578125
0.14942502975463867,90,-0.141796875
0.15096783638000488,91,0.0
0.15282392501831055,92,0.012890625
0.15515685081481934,93,-0.0515625
0.15680789947509766,94,-0.4125
0.1583998203277588,95,-1.46953125
0.16044092178344727,96,0.012890625
0.16203904151916504,97,-0.0515625
0.1633000373840332,98,-0.322265625
0.16455388069152832,99,-0.29648437499999997
0.16573786735534668,100,-0.23203125
0.16688895225524902,101,0.0
0.16799497604370117,102,0.0
0.1691429615020752,103,-0.038671874999999994
0.17030692100524902,104,-0.09023437499999999
0.17147397994995117,105,-0.43828124999999996
0.17267704010009766,106,-0.515625
0.17416095733642578,107,-1.2374999999999998
0.1756730079650879,108,0.0
0.17725896835327148,109,-0.103125
0.17874884605407715,110,-0.012890625
0.1803419589996338,111,-0.322265625
0.18187594413757324,112,-0.20625
0.1836099624633789,113,-0.012890625
0.18597984313964844,114,0.012890625
0.18762803077697754,115,-0.02578125
0.18923401832580566,116,-0.37382812499999996
0.19137001037597656,117,-0.95390625
0.19307684898376465,118,0.0
0.194382905960083,119,-0.167578125
0.1955869197845459,120,-0.23203125
0.19675183296203613,121,-0.09023437499999999
0.19791483879089355,122,-0.24492187499999998
0.19908595085144043,123,-0.24492187499999998
0.20024800300598145,124,-0.012890625
0.20136404037475586,125,0.0
0.20246100425720215,126,-0.02578125
0.20365500450134277,127,-0.116015625
0.20510601997375488,128,-0.4125
0.20660901069641113,129,-0.631640625
0.20831990242004395,130,-1.482421875
0.2099900245666504,131,0.0
0.21152687072753906,132,-0.12890625
0.2130448818206787,133,-0.30937499999999996
0.21486902236938477,134,-0.064453125
0.21728801727294922,135,-0.116015625
0.21880197525024414,136,0.012890625
0.2205219268798828,137,-0.012890625
0.2227158546447754,138,-0.37382812499999996
0.2242898941040039,139,-0.928125
0.2255408763885498,140,0.0
0.22669100761413574,141,-0.0515625
0.2278609275817871,142,-0.103125
0.2289879322052002,143,-0.4125
0.23021388053894043,144,-0.103125
0.23133301734924316,145,-0.37382812499999996
0.23244690895080566,146,-0.29648437499999997
0.23363089561462402,147,0.0
0.23500704765319824,148,-0.012890625
0.23650503158569336,149,-0.02578125
0.23818302154541016,150,-0.30937499999999996
0.23990988731384277,151,-0.33515625
0.2416539192199707,152,-1.327734375
0.2430858612060547,153,0.0
0.2451918125152588,154,-0.20625
0.24747204780578613,155,-0.29648437499999997
0.249006986618042,156,-0.18046874999999998
0.2508058547973633,157,0.18046874999999998
0.25284886360168457,158,-0.012890625
0.2543158531188965,159,-0.103125
0.25552988052368164,160,-0.348046875
0.2567138671875,161,-0.9152343749999999
0.2578308582305908,162,-1.5984375
0.2589378356933594,163,0.0
0.2601590156555176,164,-0.038671874999999994
0.26134300231933594,165,-0.0515625
0.26244401931762695,166,-0.37382812499999996
0.26362085342407227,167,-0.20625
0.2650158405303955,168,-0.4640625
0.2664480209350586,169,-0.2578125
0.26790285110473633,170,0.0
0.2695178985595703,171,-0.012890625
0.27101898193359375,172,-0.15468749999999998
0.2724769115447998,173,-0.4125
0.27379894256591797,174,-1.00546875
0.27625298500061035,175,-1.65
0.27820396423339844,176,-0.02578125
0.279757022857666,177,-0.30937499999999996
0.28162288665771484,178,-0.103125
0.2835578918457031,179,-0.012890625
0.2849748134613037,180,0.0
0.28613996505737305,181,-0.02578125
0.2872769832611084,182,-0.21914062499999998
0.28842902183532715,183,-0.4125
0.2896769046783447,184,-0.708984375
0.29081082344055176,185,-1.405078125
0.2919609546661377,186,0.0
0.29306602478027344,187,0.012890625
0.29427599906921387,188,-0.270703125
0.2956979274749756,189,-0.24492187499999998
0.29717183113098145,190,-0.12890625
0.29873085021972656,191,-0.348046875
0.30043697357177734,192,-0.103125
0.3019280433654785,193,0.012890625
0.30335283279418945,194,-0.0515625
0.3051879405975342,195,-0.33515625
0.3078880310058594,196,-0.33515625
0.30951595306396484,197,0.0
0.31108689308166504,198,-0.0515625
0.3131449222564697,199,-0.2578125
0.31478190422058105,200,-0.116015625
0.3161759376525879,201,0.09023437499999999
0.31742286682128906,202,-0.012890625
0.3185539245605469,203,0.012890625
0.31972599029541016,204,-0.012890625
0.3208580017089844,205,-0.322265625
0.32196593284606934,206,-0.42539062499999997
0.323077917098999,207,-0.8507812499999999
0.3242678642272949,208,-1.46953125
0.32578182220458984,209,-0.09023437499999999
0.3272888660430908,210,0.012890625
0.3288438320159912,211,0.0
0.33046603202819824,212,-0.29648437499999997
0.33202695846557617,213,-0.23203125
0.3335750102996826,214,0.038671874999999994
0.3372938632965088,215,0.0
0.33910202980041504,216,-0.2578125
0.340656042098999,217,-0.95390625
0.34271693229675293,218,-1.65
0.34455394744873047,219,-0.0515625
0.34587788581848145,220,-0.2578125
0.34705495834350586,221,-0.15468749999999998
0.34821295738220215,222,-0.42539062499999997
0.3500218391418457,223,-0.29648437499999997
0.35121893882751465,224,0.012890625
0.35237884521484375,225,-0.012890625
0.35350489616394043,226,-0.064453125
0.35471296310424805,227,-0.42539062499999997
0.3562178611755371,228,-0.43828124999999996
0.35776185989379883,229,-1.2503906249999999
0.3594069480895996,230,0.0
0.36092281341552734,231,-0.0515625
0.3622908592224121,232,-0.20625
0.36374497413635254,233,-0.167578125
0.3657839298248291,234,-0.21914062499999998
0.3682239055633545,235,-0.038671874999999994
0.36983704566955566,236,-0.02578125
0.37151193618774414,237,-0.24492187499999998
0.3737599849700928,238,-0.399609375
0.37522387504577637,239,-1.4308593749999998
0.37642383575439453,240,-0.012890625
0.37756896018981934,241,-0.21914062499999998
0.37868690490722656,242,-0.270703125
0.379863977432251,243,-0.20625
0.38100385665893555,244,-0.322265625
0.38211488723754883,245,-0.33515625
0.38324999809265137,246,-0.15468749999999998
0.3843848705291748,247,0.0
0.3855478763580322,248,0.0
0.3869469165802002,249,-0.012890625
0.38846683502197266,250,-0.36093749999999997
0.39016199111938477,251,-0.554296875
0.39167284965515137,252,-1.4953124999999998
0.3930349349975586,253,0.0
0.3943510055541992,254,-0.116015625
0.39698100090026855,255,-0.23203125
0.3989219665527344,256,-0.0515625
0.4005579948425293,257,0.4125
0.40249204635620117,258,0.012890625
0.40431690216064453,259,-0.012890625
0.4058070182800293,260,-0.29648437499999997
0.4070110321044922,261,-0.9796874999999999
0.40815091133117676,262,-1.65
0.40929388999938965,263,0.012890625
0.410416841506958,264,-0.103125
0.41155481338500977,265,-0.0515625
0.4126698970794678,266,-0.605859375
0.4138338565826416,267,0.0
0.4149439334869385,268,-0.348046875
0.41612696647644043,269,-0.20625
0.4175739288330078,270,0.012890625
0.41909003257751465,271,0.0
0.4208400249481201,272,-0.02578125
0.4223759174346924,273,-0.399609375
0.42371702194213867,274,-0.928125
0.42503786087036133,275,-1.65
0.4273350238800049,276,0.0
0.4295928478240967,277,-0.103125
0.4310569763183594,278,-0.193359375
0.4328930377960205,279,-0.167578125
0.4348328113555908,280,0.0
0.4362180233001709,281,0.0
0.4374818801879883,282,-0.21914062499999998
0.4386420249938965,283,-0.451171875
0.4398059844970703,284,-0.8507812499999999
0.4409329891204834,285,-1.482421875
0.44203782081604004,286,0.0
0.4431338310241699,287,0.012890625
0.44423389434814453,288,-0.23203125
0.44539594650268555,289,-0.23203125
0.44658684730529785,290,-0.23203125
0.44806694984436035,291,-0.33515625
0.4495890140533447,292,-0.2578125
0.4511678218841553,293,0.012890625
0.4527750015258789,294,-0.012890625
0.45426082611083984,295,-0.103125
0.45559096336364746,296,-0.37382812499999996
0.4581449031829834,297,-0.928125
0.459913969039917,298,0.0
0.4612748622894287,299,-0.21914062499999998
0.46317601203918457,300,-0.270703125
0.46523499488830566,301,-0.116015625
0.46663689613342285,302,0.193359375
0.46787285804748535,303,0.0
0.4690859317779541,304,-0.012890625
0.4702608585357666,305,-0.064453125
0.47138190269470215,306,-0.38671875
0.4724888801574707,307,-0.42539062499999997
0.4736030101776123,308,-1.1214843749999999
0.4747190475463867,309,-1.65
0.4758429527282715,310,0.0
0.47705698013305664,311,-0.07734374999999999
0.47854089736938477,312,-0.103125
0.48009395599365234,313,-0.28359375
0.48167991638183594,314,-0.33515625
0.4832170009613037,315,-0.116015625
0.4848198890686035,316,0.012890625
0.48615097999572754,317,-0.012890625
0.4885389804840088,318,-0.20625
0.4905538558959961,319,-0.29648437499999997
0.49202799797058105,320,-1.5597656249999998
0.4939758777618408,321,0.0
0.4959218502044678,322,-0.07734374999999999
0.4972989559173584,323,-0.07734374999999999
0.49848484992980957,324,-0.36093749999999997
0.4997549057006836,325,-0.15468749999999998
0.5009288787841797,326,0.0
0.502068042755127,327,0.0
0.503216028213501,328,-0.012890625
0.5043449401855469,329,-0.37382812499999996
0.5054609775543213,330,-0.4640625
0.5065629482269287,331,-0.928125
0.5077509880065918,332,-1.5597656249999998
0.5092589855194092,333,0.0
0.5107808113098145,334,0.0
0.5123870372772217,335,-0.167578125
0.5138649940490723,336,-0.103125
0.5154428482055664,337,-0.399609375
0.517103910446167,338,-0.116015625
0.5197370052337646,339,0.012890625
0.5213909149169922,340,-0.12890625
0.5227680206298828,341,-0.30937499999999996
0.5248739719390869,342,-1.0828125
0.5267529487609863,343,0.0
0.5281219482421875,344,-0.116015625
0.5293278694152832,345,-0.399609375
0.5304698944091797,346,-0.12890625
0.5316200256347656,347,-0.4125
0.5327649116516113,348,-0.29648437499999997
0.5339460372924805,349,0.012890625
0.5350580215454102,350,-0.012890625
0.5361590385437012,351,-0.012890625
0.5372648239135742,352,-0.20625
0.5384500026702881,353,-0.43828124999999996
0.5399160385131836,354,-0.64453125
0.5414650440216064,355,-1.4308593749999998
0.5430710315704346,356,0.0
0.5446560382843018,357,-0.24492187499999998
0.5460109710693359,358,-0.30937499999999996
0.547339916229248,359,-0.103125
0.5499229431152344,360,-0.36093749999999997
0.5519180297851562,361,0.012890625
0.553351879119873,362,-0.02578125
0.5550780296325684,363,-0.322265625
0.5572359561920166,364,-0.37382812499999996
0.5586650371551514,365,-1.5726562499999999
0.5599439144134521,366,0.012890625
0.561115026473999,367,-0.09023437499999999
0.5622429847717285,368,-0.30937499999999996
0.5633809566497803,369,-0.064453125
0.5646998882293701,370,-0.270703125
0.5658998489379883,371,-0.167578125
0.5670409202575684,372,0.0
0.5681378841400146,373,0.012890625
0.5693199634552002,374,-0.012890625
0.570734977722168,375,-0.15468749999999998
0.5722880363464355,376,-0.4125
0.5739519596099854,377,-0.8507812499999999
0.5754978656768799,378,-1.65
0.5769319534301758,379,-0.02578125
0.5782530307769775,380,-0.02578125
0.5810680389404297,381,-0.476953125
0.5828938484191895,382,-0.193359375
0.5845038890838623,383,0.012890625
0.586482048034668,384,0.0
0.5879440307617188,385,-0.20625
0.5892479419708252,386,-0.322265625
0.5904488563537598,387,-0.992578125
0.5915858745574951,388,-1.65
0.592728853225708,389,0.012890625
0.5938408374786377,390,0.0
0.5949389934539795,391,-0.038671874999999994
0.5960719585418701,392,-0.502734375
0.597174882888794,393,-0.064453125
0.5982968807220459,394,-0.322265625
0.5994858741760254,395,-0.23203125
0.6008880138397217,396,0.012890625
0.6023299694061279,397,0.0
0.6038680076599121,398,-0.02578125
0.6054949760437012,399,-0.38671875
0.607017993927002,400,-0.6832031249999999
0.6084589958190918,401,-1.5984375
0.6098129749298096,402,0.038671874999999994
0.612278938293457,403,-0.167578125
0.6145429611206055,404,-0.2578125
0.6160469055175781,405,-0.20625
0.617952823638916,406,0.0
0.6198608875274658,407,0.0
0.6211898326873779,408,-0.20625
0.6224260330200195,409,-0.348046875
0.6235649585723877,410,-0.992578125
0.624737024307251,411,-1.6242187499999998
0.6339619159698486,412,0.0
0.6356308460235596,413,0.012890625
0.6371099948883057,414,-0.012890625
0.6384928226470947,415,-0.348046875
0.6406328678131104,416,-0.580078125
0.6429009437561035,417,-1.4953124999999998
0.6444439888000488,418,0.0
0.6459939479827881,419,-0.24492187499999998
0.6479768753051758,420,-0.12890625
0.6498029232025146,421,-0.15468749999999998
0.6511619091033936,422,0.0
0.6523268222808838,423,0.0
0.6535170078277588,424,-0.0515625
0.6546409130096436,425,-0.4125
0.6557679176330566,426,-0.36093749999999997
0.6568799018859863,427,-1.03125
0.6579680442810059,428,-1.65
0.6591470241546631,429,0.0
0.6604359149932861,430,0.012890625
0.6619198322296143,431,0.0
0.6633789539337158,432,-0.43828124999999996
0.6649408340454102,433,-0.348046875
0.6664388179779053,434,-0.167578125
0.6678340435028076,435,0.012890625
0.6692459583282471,436,0.0
0.6718640327453613,437,-0.09023437499999999
0.6736240386962891,438,-0.37382812499999996
0.6751508712768555,439,-1.456640625
0.6774430274963379,440,0.0
0.6789398193359375,441,-0.038671874999999994
0.680250883102417,442,-0.193359375
0.6814169883728027,443,-0.2578125
0.6825649738311768,444,-0.23203125
0.6836888790130615,445,0.0
0.6852469444274902,446,0.0
0.6864378452301025,447,0.0
0.6875648498535156,448,-0.322265625
0.6887099742889404,449,-0.4640625
0.6898460388183594,450,-0.863671875
0.6910400390625,451,-1.5082031249999999
0.6924729347229004,452,0.0
0.6940429210662842,453,0.0
0.695598840713501,454,-0.038671874999999994
0.6971440315246582,455,-0.322265625
0.6985678672790527,456,-0.2578125
0.7001018524169922,457,-0.0515625
0.7020258903503418,458,0.0
0.7045309543609619,459,-0.02578125
0.7060849666595459,460,-0.322265625
0.7077460289001465,461,-1.03125
0.7099518775939941,462,-1.044140625
0.711540937423706,463,-0.12890625
0.7129249572753906,464,-0.38671875
0.7141098976135254,465,-0.15468749999999998
0.7152509689331055,466,-0.30937499999999996
0.7164528369903564,467,-0.18046874999999998
0.7176158428192139,468,0.0
0.7187440395355225,469,-0.012890625
0.71993088722229,470,-0.0515625
0.7211289405822754,471,-0.29648437499999997
0.7225689888000488,472,-0.4125
0.7240760326385498,473,-1.044140625
0.7257249355316162,474,-1.65
0.7272608280181885,475,-0.012890625
0.728646993637085,476,-0.12890625
0.7301218509674072,477,-0.24492187499999998
0.7319860458374023,478,-0.33515625
0.7346458435058594,479,-0.193359375
0.7362439632415771,480,0.0
0.7377898693084717,481,-0.167578125
0.7399239540100098,482,-0.37382812499999996
0.7415938377380371,483,-1.147265625
0.7429049015045166,484,0.0
0.7440650463104248,485,-0.103125
0.7451930046081543,486,-0.21914062499999998
0.7463140487670898,487,-0.37382812499999996
0.7474520206451416,488,-0.116015625
0.7485840320587158,489,-0.2578125
0.7497859001159668,490,-0.12890625
0.7509088516235352,491,0.012890625
0.7520959377288818,492,0.012890625
0.7535169124603271,493,-0.012890625
0.7549829483032227,494,-0.399609375
0.7566049098968506,495,-0.4125
0.7581968307495117,496,-1.3019531249999998
0.759619951248169,497,0.0
0.7610080242156982,498,-0.103125
0.7634668350219727,499,-0.20625
0.7654569149017334,500,-0.064453125
0.7670128345489502,501,0.33515625
0.769171953201294,502,0.0
0.7706189155578613,503,-0.012890625
0.7718338966369629,504,-0.399609375
0.7730429172515869,505,-0.580078125
0.7741818428039551,506,-1.340625
0.775305986404419,507,0.012890625
0.7764139175415039,508,0.0
0.7775118350982666,509,-0.21914062499999998
0.7786209583282471,510,-0.24492187499999998
0.7797670364379883,511,-0.322265625
0.780937910079956,512,-0.20625
0.7821228504180908,513,-0.29648437499999997
0.7836289405822754,514,-0.103125
0.7851309776306152,515,-0.012890625
0.7866849899291992,516,-0.038671874999999994
0.7883279323577881,517,-0.270703125
0.7899868488311768,518,-0.4125
0.7914979457855225,519,-1.340625
0.7932298183441162,520,0.0
0.7957098484039307,521,-0.0515625
0.7973339557647705,522,-0.23203125
0.7989158630371094,523,-0.37382812499999996
0.8010678291320801,524,-0.103125
0.802642822265625,525,0.0
0.8039560317993164,526,-0.103125
0.8051450252532959,527,-0.37382812499999996
0.8063158988952637,528,-0.605859375
0.8074378967285156,529,-1.327734375
0.8085458278656006,530,0.0
0.8096678256988525,531,0.012890625
0.8107750415802002,532,-0.167578125
0.8119089603424072,533,-0.15468749999999998
0.8131158351898193,534,-0.2578125
0.8145768642425537,535,-0.193359375
0.8161609172821045,536,-0.12890625
0.8177199363708496,537,0.012890625
0.81927490234375,538,0.0
0.8208789825439453,539,-0.0515625
0.8224270343780518,540,-0.37382812499999996
0.8246538639068604,541,-0.8507812499999999
0.8268039226531982,542,-1.65
0.8283209800720215,543,-0.21914062499999998
0.8301489353179932,544,-0.4125
0.8322570323944092,545,-0.2578125
0.8337199687957764,546,0.193359375
0.8349189758300781,547,0.012890625
0.8361120223999023,548,-0.012890625
0.837263822555542,549,-0.20625
0.8384289741516113,550,-0.476953125
0.8396289348602295,551,-0.580078125
0.8407509326934814,552,-1.340625
0.8418619632720947,553,0.0
0.8430440425872803,554,0.0
0.8444828987121582,555,-0.09023437499999999
0.8460578918457031,556,-0.270703125
0.8477189540863037,557,-0.012890625
0.849402904510498,558,-0.270703125
0.850883960723877,559,0.0
0.8523678779602051,560,-0.012890625
0.854254961013794,561,-0.012890625
0.8566648960113525,562,-0.4125
0.858259916305542,563,-1.2503906249999999
0.8598549365997314,564,0.0
0.8619890213012695,565,-0.064453125
0.8636989593505859,566,-0.36093749999999997
0.8650310039520264,567,-0.20625
0.8662378787994385,568,-0.0515625
0.8674209117889404,569,0.0
0.8685839176177979,570,-0.012890625
0.8703210353851318,571,-0.02578125
0.8717269897460938,572,-0.322265625
0.8731119632720947,573,-0.515625
0.8745570182800293,574,-1.327734375
0.8762838840484619,575,-0.09023437499999999
0.87807297706604,576,0.0
0.8821969032287598,577,-0.270703125
0.8841109275817871,578,-0.02578125
0.8858790397644043,579,-0.012890625
0.8880188465118408,580,-0.012890625
0.8907358646392822,581,-0.36093749999999997
0.8927600383758545,582,-1.4437499999999999
0.8944649696350098,583,-0.0515625
0.8964338302612305,584,-0.2578125
0.8987150192260742,585,-0.103125
0.9008328914642334,586,0.15468749999999998
0.9023988246917725,587,0.0
0.9038128852844238,588,-0.038671874999999994
0.9053380489349365,589,-0.37382812499999996
0.9070439338684082,590,-0.5929687499999999
0.9088678359985352,591,-1.546875
0.9108560085296631,592,0.0
0.9126789569854736,593,-0.15468749999999998
0.9143359661102295,594,-0.20625
0.9160540103912354,595,-0.2578125
0.9183318614959717,596,0.02578125
0.9215779304504395,597,0.012890625
0.9235119819641113,598,-0.33515625
0.9252269268035889,599,-1.3148437499999999
0.9273428916931152,600,0.0
0.929675817489624,601,-0.064453125
0.9315810203552246,602,-0.064453125
0.9332318305969238,603,0.012890625
0.934689998626709,604,0.0
0.9361779689788818,605,-0.012890625
0.937870979309082,606,-0.12890625
0.9396989345550537,607,-0.4125
0.9416079521179199,608,-1.1214843749999999
0.9435310363769531,609,-0.012890625
0.9452528953552246,610,-0.2578125
0.9468808174133301,611,-0.37382812499999996
0.9487400054931641,612,-0.36093749999999997
0.9518589973449707,613,-0.064453125
0.9540739059448242,614,-0.012890625
0.9558498859405518,615,-0.37382812499999996
0.957705020904541,616,-0.8507812499999999
0.9601759910583496,617,-1.65
0.9622809886932373,618,-0.193359375
0.9638988971710205,619,-0.270703125
0.9654018878936768,620,-0.322265625
0.9669668674468994,621,-0.064453125
0.9686329364776611,622,0.012890625
0.9703588485717773,623,-0.02578125
0.9720058441162109,624,-0.322265625
0.9736268520355225,625,-0.580078125
0.9750640392303467,626,-1.5082031249999999
0.9764649868011475,627,0.0
0.978294849395752,628,-0.2578125
0.9808659553527832,629,-0.167578125
0.9824750423431396,630,-0.064453125
0.984367847442627,631,0.24492187499999998
0.9862058162689209,632,0.012890625
0.9875798225402832,633,-0.12890625
0.9887759685516357,634,-0.37382812499999996
0.9900069236755371,635,-0.8121093749999999
0.9911630153656006,636,-1.5082031249999999
0.9923419952392578,637,0.0
0.993466854095459,638,-0.0515625
0.9945738315582275,639,-0.064453125
0.9956989288330078,640,-0.36093749999999997
0.9969208240509033,641,-0.193359375
0.9983408451080322,642,-0.20625
0.9999508857727051,643,-0.116015625
1.0015149116516113,644,0.0
1.0029418468475342,645,-0.012890625
1.0042979717254639,646,-0.20625
1.0057189464569092,647,-0.4125
1.0080819129943848,648,-0.928125
1.0100929737091064,649,-1.65
1.0115950107574463,650,-0.167578125
1.0133979320526123,651,-0.4125
1.0155160427093506,652,-0.064453125
1.0169148445129395,653,0.30937499999999996
1.0181150436401367,654,0.012890625
1.019366979598999,655,-0.012890625
1.0206408500671387,656,-0.103125
1.0218489170074463,657,-0.4640625
1.0229768753051758,658,-0.6187499999999999
1.0240998268127441,659,-1.340625
1.0252118110656738,660,0.0
1.026310920715332,661,0.0
1.0275158882141113,662,-0.0515625
1.0290038585662842,663,-0.167578125
1.030601978302002,664,-0.29648437499999997
1.0321848392486572,665,-0.270703125
1.0336658954620361,666,-0.012890625
1.0349678993225098,667,0.0
1.036329984664917,668,-0.0515625
1.0384538173675537,669,-0.20625
1.0408639907836914,670,-0.43828124999999996
1.0423450469970703,671,-1.65
1.0447800159454346,672,-0.12890625
1.0467729568481445,673,-0.2578125
1.048105001449585,674,-0.399609375
1.0493228435516357,675,-0.23203125
1.0504639148712158,676,0.0
1.0516369342803955,677,0.012890625
1.0527639389038086,678,-0.0515625
1.0539538860321045,679,-0.141796875
1.0550589561462402,680,-0.42539062499999997
1.0561740398406982,681,-0.6187499999999999
1.057286024093628,682,-1.276171875
1.0584638118743896,683,-1.6371093749999999
1.0598928928375244,684,0.012890625
1.061357021331787,685,-0.103125
1.0629479885101318,686,-0.270703125
1.064443826675415,687,-0.09023437499999999
1.0657918453216553,688,-0.20625
1.067147970199585,689,0.0515625
1.069342851638794,690,0.0
1.071605920791626,691,-0.012890625
1.0730960369110107,692,-0.23203125
1.0748980045318604,693,-1.1859374999999999
1.0769219398498535,694,-0.103125
1.0783088207244873,695,-0.193359375
1.07958984375,696,-0.43828124999999996
1.0807499885559082,697,-0.09023437499999999
1.0818939208984375,698,-0.29648437499999997
1.0830259323120117,699,-0.20625
1.0841619968414307,700,0.0
1.0852789878845215,701,0.012890625
1.0864198207855225,702,-0.0515625
1.0875518321990967,703,-0.322265625
1.0887880325317383,704,-0.43828124999999996
1.0902268886566162,705,-0.7863281249999999
1.0917658805847168,706,-1.5597656249999998
1.0933258533477783,707,0.0
1.094925880432129,708,-0.20625
1.0962939262390137,709,-0.43828124999999996
1.097620964050293,710,-0.0515625
1.0999939441680908,711,-0.2578125
1.1020588874816895,712,0.103125
1.1035540103912354,713,-0.012890625
1.1056280136108398,714,-0.37382812499999996
1.1072378158569336,715,-0.6574218749999999
1.1085548400878906,716,-1.65
1.1097710132598877,717,0.0
1.1109390258789062,718,-0.0515625
1.1120710372924805,719,-0.20625
1.1131818294525146,720,-0.4125
1.1142799854278564,721,-0.28359375
1.1153738498687744,722,-0.36093749999999997
1.1165380477905273,723,-0.193359375
1.117663860321045,724,0.0
1.118858814239502,725,-0.012890625
1.1203689575195312,726,-0.012890625
1.121824026107788,727,-0.399609375
1.123370885848999,728,-0.5671875
1.125,729,-1.405078125
1.1264069080352783,730,0.0
1.1278228759765625,731,-0.167578125
1.1298918724060059,732,-0.23203125
1.132490873336792,733,-0.2578125
1.13411283493042,734,0.348046875
1.1357629299163818,735,-0.012890625
1.1378369331359863,736,0.0
1.1393158435821533,737,-0.348046875
1.140638828277588,738,-0.992578125
1.141845941543579,739,-1.65
1.1429698467254639,740,0.0
1.1440849304199219,741,-0.23203125
1.1451938152313232,742,-0.193359375
1.1462960243225098,743,-0.37382812499999996
1.1474058628082275,744,-0.167578125
1.148589849472046,745,-0.33515625
1.149864912033081,746,-0.20625
1.1512889862060547,747,0.012890625
1.1527788639068604,748,-0.02578125
1.1543538570404053,749,-0.12890625
1.1559178829193115,750,-0.37382812499999996
1.157343864440918,751,-0.95390625
1.1588430404663086,752,-1.65
1.160693883895874,753,0.0
1.1630709171295166,754,-0.24492187499999998
1.1647388935089111,755,-0.167578125
1.1664669513702393,756,-0.0515625
1.1685638427734375,757,0.012890625
1.1700618267059326,758,-0.012890625
1.1712968349456787,759,-0.30937499999999996
1.1725399494171143,760,-0.29648437499999997
1.1737089157104492,761,-0.928125
1.1748528480529785,762,-1.5984375
1.1759648323059082,763,0.0
1.177069902420044,764,-0.15468749999999998
1.1781768798828125,765,-0.0515625
1.1792960166931152,766,-0.5671875
1.1805789470672607,767,-0.15468749999999998
1.1821589469909668,768,-0.4125
1.1836578845977783,769,-0.103125
1.185204029083252,770,0.012890625
1.1867330074310303,771,-0.012890625
1.1882350444793701,772,-0.322265625
1.1901888847351074,773,-0.322265625
1.1920928955078125,774,-1.2503906249999999
1.194464921951294,775,0.012890625
1.196094036102295,776,-0.193359375
1.19759202003479,777,-0.15468749999999998
1.1996309757232666,778,-0.322265625
1.2022299766540527,779,0.0515625
1.2036628723144531,780,-0.0515625
1.2048850059509277,781,-0.37382812499999996
1.2060699462890625,782,-0.37382812499999996
1.2072038650512695,783,-1.10859375
1.208310842514038,784,-1.65
1.2094449996948242,785,0.0
1.214270830154419,786,-0.12890625
1.2159969806671143,787,-0.02578125
1.2174608707427979,788,0.28359375
1.218817949295044,789,-0.02578125
1.2206149101257324,790,-0.02578125
1.2232320308685303,791,-0.322265625
1.2248079776763916,792,-1.044140625
1.2262089252471924,793,0.012890625
1.2282660007476807,794,-0.15468749999999998
1.2301900386810303,795,-0.23203125
1.2315199375152588,796,-0.37382812499999996
1.2326998710632324,797,-0.21914062499999998
1.2338378429412842,798,0.0
1.2349748611450195,799,0.012890625
1.2361199855804443,800,-0.0515625
1.2372188568115234,801,-0.15468749999999998
1.2383439540863037,802,-0.4125
1.2394709587097168,803,-0.554296875
1.2407009601593018,804,-1.2503906249999999
1.2423598766326904,805,-1.65
1.2438139915466309,806,-0.0515625
1.2454109191894531,807,-0.12890625
1.246924877166748,808,-0.29648437499999997
1.2483420372009277,809,-0.29648437499999997
1.2500460147857666,810,-0.12890625
1.2520320415496826,811,0.0
1.2543299198150635,812,0.0
1.2557799816131592,813,-0.29648437499999997
1.2573418617248535,814,-0.8765624999999999
1.25950288772583,815,-1.65
1.261112928390503,816,-0.0515625
1.2623770236968994,817,-0.2578125
1.2635598182678223,818,-0.2578125
1.2646868228912354,819,-0.24492187499999998
1.265805959701538,820,-0.24492187499999998
1.2669479846954346,821,-0.038671874999999994
1.268096923828125,822,0.0
1.2693028450012207,823,-0.012890625
1.2704718112945557,824,-0.103125
1.2716708183288574,825,-0.43828124999999996
1.2730739116668701,826,-0.502734375
1.2745208740234375,827,-1.2890625
1.2760779857635498,828,0.0
1.277669906616211,829,-0.012890625
1.2792279720306396,830,-0.141796875
1.280750036239624,831,-0.24492187499999998
1.2824499607086182,832,-0.4125
1.2850379943847656,833,-0.12890625
1.2866098880767822,834,-0.012890625
1.2881379127502441,835,-0.29648437499999997
1.2902929782867432,836,-0.4125
1.2918999195098877,837,-1.3664062499999998
1.2931928634643555,838,0.0
1.2943878173828125,839,-0.193359375
1.2955498695373535,840,-0.21914062499999998
1.2966840267181396,841,-0.322265625
1.2978088855743408,842,-0.36093749999999997
1.298921823501587,843,-0.38671875
1.3001768589019775,844,-0.167578125
1.3013179302215576,845,0.0
1.3025670051574707,846,-0.02578125
1.3040049076080322,847,-0.038671874999999994
1.3054769039154053,848,-0.399609375
1.3070259094238281,849,-0.69609375
1.308593988418579,850,-1.5082031249999999
1.3101749420166016,851,0.038671874999999994
1.3116719722747803,852,-0.02578125
1.3135199546813965,853,-0.36093749999999997
1.3160488605499268,854,-0.09023437499999999
1.3176758289337158,855,0.451171875
1.3194358348846436,856,-0.012890625
1.321476936340332,857,-0.02578125
1.3229248523712158,858,-0.322265625
1.3242149353027344,859,-1.134375
1.3253989219665527,860,-0.4125
1.3266279697418213,861,0.0
1.3278248310089111,862,-0.20625
1.3289849758148193,863,-0.2578125
1.3301959037780762,864,-0.103125
1.3313179016113281,865,-0.2578125
1.3326120376586914,866,-0.2578125
1.334177017211914,867,-0.012890625
1.3356199264526367,868,0.0
1.3385798931121826,869,-0.012890625
1.3401648998260498,870,-0.29648437499999997
1.3417589664459229,871,-1.327734375
1.3437998294830322,872,0.0
1.3461098670959473,873,-0.15468749999999998
1.3476970195770264,874,-0.193359375
1.3495399951934814,875,-0.30937499999999996
1.3515939712524414,876,0.07734374999999999
1.3529939651489258,877,-0.012890625
1.3541908264160156,878,-0.20625
1.355327844619751,879,-0.4640625
1.356529951095581,880,-0.6832031249999999
1.357666015625,881,-1.405078125
1.3588030338287354,882,0.0
1.3599720001220703,883,-0.02578125
1.3610830307006836,884,-0.193359375
1.3621859550476074,885,-0.23203125
1.363407850265503,886,-0.37382812499999996
1.3649489879608154,887,-0.33515625
1.3664660453796387,888,-0.193359375
1.3680148124694824,889,0.012890625
1.3695399761199951,890,0.0
1.3709609508514404,891,-0.09023437499999999
1.3725688457489014,892,-0.4125
1.374696969985962,893,-0.8765624999999999
1.3769240379333496,894,-1.65
1.3784010410308838,895,0.0
