time,count,voltage
0.005357980728149414,1,-0.15468749999999998
0.0070040225982666016,2,-0.23203125
0.00843501091003418,3,0.038671874999999994
0.009820938110351562,4,-0.09023437499999999
0.01120305061340332,5,-0.167578125
0.012840032577514648,6,-0.605859375
0.014612913131713867,7,-0.734765625
0.016535043716430664,8,-1.65
0.01827692985534668,9,-0.21914062499999998
0.019875049591064453,10,-0.23203125
0.021563053131103516,11,-0.322265625
0.02302694320678711,12,-0.36093749999999997
0.024469852447509766,13,-0.0515625
0.0258638858795166,14,-0.012890625
0.02724599838256836,15,-0.12890625
0.02882695198059082,16,-0.4125
0.030520915985107422,17,-0.5671875
0.03224301338195801,18,-1.26328125
0.03399491310119629,19,-0.30937499999999996
0.03597283363342285,20,-0.37382812499999996
0.037698984146118164,21,-0.4125
0.03937101364135742,22,-0.37382812499999996
0.04096388816833496,23,-0.064453125
0.042630910873413086,24,0.0
0.04456591606140137,25,-0.09023437499999999
0.047104835510253906,26,-0.37382812499999996
0.05005002021789551,27,-0.928125
0.052008867263793945,28,-0.322265625
0.05365395545959473,29,-0.270703125
0.05545997619628906,30,-0.12890625
0.057617902755737305,31,-0.30937499999999996
0.05978083610534668,32,0.0
0.06162691116333008,33,-0.103125
0.06337785720825195,34,-0.4125
0.06495404243469238,35,-0.95390625
0.06642889976501465,36,-1.65
0.06789898872375488,37,-0.20625
0.06931686401367188,38,-0.33515625
0.07071089744567871,39,-0.33515625
0.07207202911376953,40,-0.29648437499999997
0.0734260082244873,41,-0.21914062499999998
0.07482504844665527,42,-0.09023437499999999
0.07628202438354492,43,-0.012890625
0.07776188850402832,44,-0.167578125
0.0793309211730957,45,-0.54140625
0.08103203773498535,46,-0.6703125
0.08274483680725098,47,-1.5984375
0.08455801010131836,48,-0.012890625
0.08650398254394531,49,-0.28359375
0.0881960391998291,50,-0.270703125
0.08984994888305664,51,-0.322265625
0.09209299087524414,52,-0.09023437499999999
0.0948328971862793,53,-0.012890625
0.09673404693603516,54,-0.399609375
0.09834098815917969,55,-0.928125
0.10032105445861816,56,-1.65
0.10260605812072754,57,-0.193359375
0.10457205772399902,58,-0.4125
0.10628199577331543,59,-0.23203125
0.10783600807189941,60,0.09023437499999999
0.10952997207641602,61,-0.012890625
0.11128783226013184,62,-0.0515625
0.11297392845153809,63,-0.43828124999999996
0.11495184898376465,64,-0.6832031249999999
0.11679196357727051,65,-1.65
0.11849784851074219,66,-0.12890625
0.1202390193939209,67,-0.2578125
0.12187600135803223,68,-0.20625
0.1246340274810791,69,-0.2578125
0.12703299522399902,70,0.012890625
0.1287548542022705,71,-0.21914062499999998
0.13041305541992188,72,-0.4640625
0.1325368881225586,73,-1.1859374999999999
0.1347799301147461,74,-0.141796875
0.13666391372680664,75,-0.29648437499999997
0.13826990127563477,76,-0.18046874999999998
0.13995885848999023,77,-0.348046875
0.14172005653381348,78,-0.02578125
0.14348387718200684,79,-0.012890625
0.14548087120056152,80,-0.167578125
0.14731287956237793,81,-0.4640625
0.1490640640258789,82,-1.276171875
0.15073490142822266,83,-0.0515625
0.15352892875671387,84,-0.270703125
0.15598797798156738,85,-0.20625
0.15758395195007324,86,0.15468749999999998
0.15934491157531738,87,0.012890625
0.1613478660583496,88,-0.09023437499999999
0.1627368927001953,89,-0.5285156249999999
0.1639268398284912,90,-0.734765625
0.16509699821472168,91,-1.482421875
0.1662449836730957,92,-0.167578125
0.16736292839050293,93,-0.15468749999999998
0.1685929298400879,94,-0.37382812499999996
0.17008399963378906,95,-0.4125
0.1715528964996338,96,-0.20625
0.17311787605285645,97,-0.33515625
0.17469286918640137,98,-0.02578125
0.17630791664123535,99,-0.012890625
0.17795896530151367,100,-0.103125
0.18052005767822266,101,-0.515625
0.18526291847229004,102,-1.198828125
0.1874098777770996,103,-0.37382812499999996
0.18868184089660645,104,-0.30937499999999996
0.18984103202819824,105,-0.23203125
0.19097089767456055,106,-0.18046874999999998
0.19211983680725098,107,-0.0515625
0.19325494766235352,108,-0.103125
0.19437503814697266,109,-0.2578125
0.19558405876159668,110,-0.605859375
0.19669485092163086,111,-0.631640625
0.19782400131225586,112,-1.2503906249999999
0.19903802871704102,113,-1.65
0.2004098892211914,114,-0.02578125
0.20183587074279785,115,-0.20625
0.20335602760314941,116,-0.322265625
0.20479583740234375,117,-0.20625
0.20647788047790527,118,-0.399609375
0.20797085762023926,119,-0.0515625
0.21062493324279785,120,-0.02578125
0.21221685409545898,121,-0.20625
0.2138838768005371,122,-0.36093749999999997
0.2160649299621582,123,-1.147265625
0.21741604804992676,124,-0.09023437499999999
0.2185988426208496,125,-0.37382812499999996
0.21972084045410156,126,-0.322265625
0.22082996368408203,127,-0.116015625
0.2219400405883789,128,-0.30937499999999996
0.2230379581451416,129,-0.33515625
0.22413086891174316,130,-0.21914062499999998
0.22525691986083984,131,0.0
0.226395845413208,132,-0.103125
0.2275099754333496,133,-0.167578125
0.22861385345458984,134,-0.5671875
0.22980403900146484,135,-0.6703125
0.23117804527282715,136,-1.147265625
0.232619047164917,137,-1.65
0.23418188095092773,138,0.0
0.23586297035217285,139,-0.322265625
0.23729395866394043,140,-0.43828124999999996
0.23871803283691406,141,-0.20625
0.24121499061584473,142,-0.103125
0.24286699295043945,143,-0.012890625
0.2444300651550293,144,-0.12890625
0.24666690826416016,145,-0.502734375
0.24808883666992188,146,-0.863671875
0.24926495552062988,147,-1.65
0.2503988742828369,148,-0.103125
0.2515230178833008,149,-0.23203125
0.25262904167175293,150,-0.322265625
0.2537369728088379,151,-0.580078125
0.25484204292297363,152,-0.103125
0.25602197647094727,153,-0.37382812499999996
0.2571380138397217,154,-0.193359375
0.2582590579986572,155,0.0
0.2593569755554199,156,-0.012890625
0.2605299949645996,157,-0.167578125
0.26195693016052246,158,-0.515625
0.263408899307251,159,-0.631640625
0.2649998664855957,160,-1.198828125
0.26661205291748047,161,-1.069921875
0.2680058479309082,162,-0.193359375
0.26939892768859863,163,-0.20625
0.27197790145874023,164,-0.64453125
0.27368903160095215,165,0.012890625
0.2753410339355469,166,0.0
0.27747297286987305,167,-0.012890625
0.27890801429748535,168,-0.270703125
0.280102014541626,169,-0.399609375
0.28124499320983887,170,-1.134375
0.2823660373687744,171,-1.65
0.2834808826446533,172,0.012890625
0.28458189964294434,173,-0.20625
0.2857370376586914,174,-0.141796875
0.28690600395202637,175,-0.580078125
0.28802490234375,176,-0.103125
0.28912997245788574,177,-0.36093749999999997
0.29023289680480957,178,-0.37382812499999996
0.29142284393310547,179,-0.012890625
0.2928168773651123,180,-0.012890625
0.29431796073913574,181,-0.12890625
0.2958719730377197,182,-0.4640625
0.2973918914794922,183,-0.5929687499999999
0.2987818717956543,184,-1.4953124999999998
0.30008888244628906,185,0.0
0.30192995071411133,186,-0.28359375
0.3042299747467041,187,-0.20625
0.30578184127807617,188,-0.348046875
0.30741190910339355,189,-0.07734374999999999
0.3094978332519531,190,-0.012890625
0.3110058307647705,191,-0.09023437499999999
0.3122718334197998,192,-0.4125
0.3134498596191406,193,-0.476953125
0.3145899772644043,194,-1.1859374999999999
0.3157508373260498,195,-1.65
0.316864013671875,196,0.0
0.3179769515991211,197,-0.20625
0.3190898895263672,198,-0.21914062499999998
0.32019901275634766,199,-0.33515625
0.32140088081359863,200,-0.0515625
0.32275986671447754,201,-0.4125
0.32420802116394043,202,-0.322265625
0.32587289810180664,203,-0.0515625
0.3273930549621582,204,-0.07734374999999999
0.3288249969482422,205,-0.4125
0.33022189140319824,206,-0.451171875
0.33199191093444824,207,-1.198828125
0.33448004722595215,208,-1.018359375
0.33612585067749023,209,-0.270703125
0.3376128673553467,210,-0.33515625
0.339526891708374,211,-0.36093749999999997
0.34122705459594727,212,-0.02578125
0.34254002571105957,213,-0.012890625
0.34371089935302734,214,-0.103125
0.34484195709228516,215,-0.43828124999999996
0.34604692459106445,216,-0.631640625
0.3471858501434326,217,-0.9152343749999999
0.3482990264892578,218,-1.5726562499999999
0.3499410152435303,219,-0.103125
0.35111498832702637,220,-0.12890625
0.3523290157318115,221,-0.24492187499999998
0.3537418842315674,222,-0.54140625
0.35521388053894043,223,-0.103125
0.35678791999816895,224,-0.116015625
0.35841894149780273,225,0.09023437499999999
0.359860897064209,226,-0.02578125
0.3612699508666992,227,-0.116015625
0.36302685737609863,228,-0.54140625
0.36547088623046875,229,-0.708984375
0.367063045501709,230,-0.167578125
0.36848902702331543,231,-0.20625
0.37046003341674805,232,-0.322265625
0.37220096588134766,233,-0.141796875
0.37358689308166504,234,0.0
0.37480998039245605,235,0.012890625
0.37604188919067383,236,-0.012890625
0.3771698474884033,237,-0.12890625
0.3782939910888672,238,-0.42539062499999997
0.3794269561767578,239,-0.5929687499999999
0.3805398941040039,240,-0.95390625
0.3816509246826172,241,-1.5597656249999998
0.3828868865966797,242,-0.012890625
0.3842909336090088,243,-0.15468749999999998
0.3857719898223877,244,-0.270703125
0.3873460292816162,245,-0.4125
0.38889288902282715,246,-0.038671874999999994
0.3903639316558838,247,0.0
0.3917200565338135,248,0.0
0.3937559127807617,249,-0.038671874999999994
0.3960719108581543,250,-0.15468749999999998
0.3975238800048828,251,-0.554296875
0.3994770050048828,252,-1.482421875
0.4012749195098877,253,-0.02578125
0.402554988861084,254,-0.28359375
0.4037320613861084,255,-0.2578125
0.4049088954925537,256,-0.116015625
0.40607595443725586,257,-0.2578125
0.40720295906066895,258,-0.23203125
0.40831494331359863,259,0.012890625
0.40941786766052246,260,-0.02578125
0.4105210304260254,261,-0.18046874999999998
0.41162896156311035,262,-0.515625
0.41280102729797363,263,-0.605859375
0.41422200202941895,264,-1.00546875
0.4157688617706299,265,-1.65
0.4173860549926758,266,0.0
0.418956995010376,267,-0.270703125
0.4203319549560547,268,-0.4640625
0.42168283462524414,269,-0.116015625
0.42371487617492676,270,-0.193359375
0.425933837890625,271,0.012890625
0.42738890647888184,272,-0.07734374999999999
0.42902493476867676,273,-0.42539062499999997
0.4310898780822754,274,-0.4125
0.4325580596923828,275,-1.5082031249999999
0.4337790012359619,276,0.0
0.4350090026855469,277,-0.23203125
0.4361898899078369,278,-0.30937499999999996
0.43732595443725586,279,-0.270703125
0.438464879989624,280,-0.36093749999999997
0.43956899642944336,281,-0.36093749999999997
0.44066905975341797,282,-0.270703125
0.4417600631713867,283,0.012890625
0.4429450035095215,284,-0.012890625
0.4443328380584717,285,-0.167578125
0.44580888748168945,286,-0.54140625
0.44739603996276855,287,-0.6703125
0.44888901710510254,288,-1.5082031249999999
0.4502549171447754,289,0.0
0.45166993141174316,290,-0.20625
0.4533720016479492,291,-0.4125
0.4559519290924072,292,-0.322265625
0.4575319290161133,293,0.12890625
0.4590320587158203,294,0.012890625
0.461000919342041,295,-0.103125
0.4627230167388916,296,-0.4125
0.4640049934387207,297,-0.734765625
0.46518492698669434,298,-1.5082031249999999
0.4663879871368408,299,-0.270703125
0.4675118923187256,300,-0.23203125
0.46860384941101074,301,-0.2578125
0.4697840213775635,302,-0.42539062499999997
0.4709129333496094,303,-0.193359375
0.47201991081237793,304,-0.2578125
0.473207950592041,305,-0.30937499999999996
0.47464799880981445,306,-0.20625
0.47687697410583496,307,-0.012890625
0.47897791862487793,308,-0.2578125
0.48064303398132324,309,-0.399609375
0.4820280075073242,310,-1.353515625
0.4841020107269287,311,-0.20625
0.48650193214416504,312,-0.21914062499999998
0.4879889488220215,313,-0.23203125
0.4895038604736328,314,-0.37382812499999996
0.49157190322875977,315,-0.2578125
0.4933760166168213,316,-0.02578125
0.49474000930786133,317,-0.193359375
0.4960000514984131,318,-0.476953125
0.49715089797973633,319,-0.8121093749999999
0.49834203720092773,320,-1.482421875
0.49949097633361816,321,-0.116015625
0.5006048679351807,322,-0.322265625
0.5017669200897217,323,-0.36093749999999997
0.5028870105743408,324,-0.36093749999999997
0.5040960311889648,325,-0.193359375
0.5055699348449707,326,-0.30937499999999996
0.5070500373840332,327,-0.18046874999999998
0.5085899829864502,328,0.012890625
0.5100748538970947,329,-0.012890625
0.5114409923553467,330,-0.21914062499999998
0.5127658843994141,331,-0.54140625
0.5150609016418457,332,-0.837890625
0.5174059867858887,333,-1.65
0.5189759731292725,334,-0.33515625
0.5208518505096436,335,-0.5285156249999999
0.5226988792419434,336,-0.270703125
0.5240139961242676,337,0.15468749999999998
0.5252559185028076,338,-0.038671874999999994
0.5264289379119873,339,-0.038671874999999994
0.5275669097900391,340,-0.15468749999999998
0.5286898612976074,341,-0.605859375
0.5297999382019043,342,-0.580078125
0.5309090614318848,343,-1.173046875
0.5320098400115967,344,-1.65
0.5331048965454102,345,-0.116015625
0.534376859664917,346,-0.23203125
0.5357880592346191,347,-0.21914062499999998
0.5372588634490967,348,-0.4640625
0.5388278961181641,349,-0.29648437499999997
0.5403709411621094,350,-0.15468749999999998
0.5418229103088379,351,0.0
0.5431439876556396,352,-0.02578125
0.5453858375549316,353,-0.116015625
0.5473799705505371,354,-0.43828124999999996
0.5488319396972656,355,-1.3664062499999998
0.5506360530853271,356,-0.2578125
0.552588939666748,357,-0.29648437499999997
0.5539970397949219,358,-0.4640625
0.5555360317230225,359,-0.399609375
0.5567760467529297,360,-0.2578125
0.5579400062561035,361,0.012890625
0.5590639114379883,362,-0.012890625
0.560157060623169,363,-0.103125
0.5612540245056152,364,-0.30937499999999996
0.5623788833618164,365,-0.515625
0.563478946685791,366,-0.6703125
0.5646698474884033,367,-1.340625
0.5661778450012207,368,-1.65
0.5676319599151611,369,-0.167578125
0.5691828727722168,370,-0.33515625
0.5707199573516846,371,-0.322265625
0.5720739364624023,372,-0.36093749999999997
0.5734689235687256,373,-0.20625
0.5752718448638916,374,-0.012890625
0.5777599811553955,375,-0.012890625
0.5797109603881836,376,-0.33515625
0.5812129974365234,377,-0.8765624999999999
0.5830948352813721,378,-1.611328125
0.5850958824157715,379,-0.23203125
0.586616039276123,380,-0.37382812499999996
0.5878579616546631,381,-0.20625
0.5889859199523926,382,-0.4125
0.5901648998260498,383,-0.2578125
0.5913059711456299,384,0.0
0.5924139022827148,385,-0.012890625
0.5935020446777344,386,-0.193359375
0.5947420597076416,387,-0.515625
0.5962140560150146,388,-0.6832031249999999
0.597714900970459,389,-1.018359375
0.5993058681488037,390,-1.65
0.6007919311523438,391,-0.103125
0.6021728515625,392,-0.28359375
0.603564977645874,393,-0.4640625
0.6059839725494385,394,-0.18046874999999998
0.6079540252685547,395,0.012890625
0.6093900203704834,396,-0.0515625
0.6112439632415771,397,-0.103125
0.6132440567016602,398,-0.4640625
0.6146759986877441,399,-0.889453125
0.6159539222717285,400,-1.65
0.6170878410339355,401,-0.167578125
0.618351936340332,402,-0.2578125
0.6195590496063232,403,-0.33515625
0.6206929683685303,404,-0.322265625
0.6218278408050537,405,-0.322265625
0.6229329109191895,406,-0.33515625
0.6240580081939697,407,-0.2578125
0.6252560615539551,408,-0.012890625
0.6266670227050781,409,-0.038671874999999994
0.628140926361084,410,-0.29648437499999997
0.6297929286956787,411,-0.5671875
0.6313338279724121,412,-1.00546875
0.6326730251312256,413,-1.65
0.633976936340332,414,-0.28359375
0.6364109516143799,415,-0.37382812499999996
0.6383519172668457,416,-0.30937499999999996
0.639807939529419,417,-0.2578125
0.6418309211730957,418,-0.02578125
0.6435019969940186,419,-0.012890625
0.6447310447692871,420,-0.2578125
0.6459848880767822,421,-0.476953125
0.6471340656280518,422,-0.837890625
0.6482460498809814,423,-1.4953124999999998
0.6493549346923828,424,-0.038671874999999994
0.6504640579223633,425,-0.20625
0.6515839099884033,426,-0.399609375
0.652677059173584,427,-0.33515625
0.6538059711456299,428,-0.29648437499999997
0.6550049781799316,429,-0.322265625
0.6562149524688721,430,-0.36093749999999997
0.6576080322265625,431,-0.167578125
0.6590888500213623,432,0.0
0.6606240272521973,433,-0.116015625
0.6621708869934082,434,-0.476953125
0.6635758876800537,435,-0.4640625
0.6649999618530273,436,-1.2890625
