time,count,voltage
0.004173994064331055,1,-0.193359375
0.0054700374603271484,2,-0.20625
0.006639957427978516,3,-1.0828125
0.007767915725708008,4,-1.65
0.008877992630004883,5,-0.012890625
0.010005950927734375,6,-0.20625
0.011158943176269531,7,-0.15468749999999998
0.012490987777709961,8,-0.064453125
0.01396799087524414,9,-0.37382812499999996
0.01541900634765625,10,-0.23203125
0.016846895217895508,11,0.012890625
0.018219947814941406,12,0.0
0.019568920135498047,13,-0.0515625
0.020852088928222656,14,-0.2578125
0.022018909454345703,15,-0.322265625
0.023138046264648438,16,-1.1214843749999999
0.024260997772216797,17,-1.65
0.02536487579345703,18,0.0
0.026448965072631836,19,-0.12890625
0.027679920196533203,20,-0.0515625
0.029113054275512695,21,-0.29648437499999997
0.030656099319458008,22,-0.2578125
0.03225994110107422,23,-0.15468749999999998
0.03374600410461426,24,0.0
0.03507399559020996,25,-0.012890625
0.03646707534790039,26,-0.0515625
0.03783893585205078,27,-0.30937499999999996
0.03927302360534668,28,-0.4640625
0.041832923889160156,29,-1.340625
0.043480873107910156,30,-0.02578125
0.04487299919128418,31,-0.167578125
0.04681587219238281,32,-0.116015625
0.048623085021972656,33,-0.33515625
0.050035953521728516,34,0.0
0.05124187469482422,35,0.0
0.05239295959472656,36,-0.038671874999999994
0.053526878356933594,37,-0.20625
0.05464506149291992,38,-0.2578125
0.05575299263000488,39,-0.79921875
0.056852102279663086,40,-1.3664062499999998
0.05794692039489746,41,0.0
0.059034109115600586,42,-0.064453125
0.060137033462524414,43,-0.103125
0.061242103576660156,44,-0.141796875
0.06234908103942871,45,-0.193359375
0.0634469985961914,46,-0.33515625
0.06455492973327637,47,-0.4125
0.06567096710205078,48,-0.29648437499999997
0.06677103042602539,49,0.012890625
0.06786489486694336,50,0.012890625
0.06895804405212402,51,-0.012890625
0.07005810737609863,52,-0.20625
0.0711519718170166,53,-0.270703125
0.07224702835083008,54,-0.6703125
0.0733339786529541,55,-1.2890625
0.07442188262939453,56,-1.353515625
0.07550692558288574,57,0.0
0.07659101486206055,58,-0.12890625
0.07768106460571289,59,-0.0515625
0.07887792587280273,60,-0.23203125
0.08010601997375488,61,-0.0515625
0.08153200149536133,62,-0.23203125
0.08301210403442383,63,-0.0515625
0.08453798294067383,64,0.0
0.08600091934204102,65,-0.02578125
0.08734893798828125,66,-0.21914062499999998
0.08867096900939941,67,-0.167578125
0.09064507484436035,68,-0.992578125
0.09283709526062012,69,-0.966796875
0.0942831039428711,70,-0.12890625
0.09600305557250977,71,-0.2578125
0.09795188903808594,72,-0.348046875
0.09931206703186035,73,0.0515625
0.10052108764648438,74,-0.012890625
0.10166692733764648,75,-0.012890625
0.10278987884521484,76,-0.09023437499999999
0.10390710830688477,77,-0.30937499999999996
0.10500788688659668,78,-0.20625
0.10610389709472656,79,-0.928125
0.10719895362854004,80,-1.5082031249999999
0.10829401016235352,81,-0.012890625
0.10947394371032715,82,0.0
0.11085104942321777,83,-0.09023437499999999
0.11231589317321777,84,-0.2578125
0.11377096176147461,85,-0.103125
0.11535310745239258,86,-0.141796875
0.11679601669311523,87,0.0
0.11815094947814941,88,0.0
0.11955809593200684,89,-0.012890625
0.12172889709472656,90,-0.270703125
0.12388896942138672,91,-0.515625
0.12536096572875977,92,-0.116015625
0.1268770694732666,93,-0.0515625
0.12844204902648926,94,-0.193359375
0.13034296035766602,95,-0.02578125
0.13212895393371582,96,-0.2578125
0.13343191146850586,97,0.0
0.13460087776184082,98,-0.012890625
0.13575196266174316,99,0.0
0.13686609268188477,100,-0.21914062499999998
0.13797807693481445,101,-0.270703125
0.13908004760742188,102,-0.825
0.1402750015258789,103,-1.3792968749999999
0.14169096946716309,104,0.0
0.14316010475158691,105,-0.167578125
0.1445920467376709,106,0.0
0.14612507820129395,107,-0.193359375
0.14746499061584473,108,-0.21914062499999998
0.1489238739013672,109,-0.167578125
0.15043401718139648,110,0.012890625
0.15246200561523438,111,0.0
0.1547091007232666,112,-0.09023437499999999
0.15622210502624512,113,-0.451171875
0.15765810012817383,114,-1.405078125
0.15950608253479004,115,0.0
0.1613481044769287,116,-0.193359375
0.16266298294067383,117,-0.116015625
0.16384100914001465,118,-0.23203125
0.1649930477142334,119,-0.28359375
0.16616606712341309,120,-0.09023437499999999
0.16728997230529785,121,0.0
0.16838693618774414,122,-0.0515625
0.16948390007019043,123,-0.064453125
0.17067599296569824,124,-0.2578125
0.17209291458129883,125,-0.30937499999999996
0.17355990409851074,126,-1.10859375
0.17503905296325684,127,-0.270703125
0.17657899856567383,128,0.0
0.1779179573059082,129,-0.167578125
0.17923498153686523,130,-0.02578125
0.1808769702911377,131,-0.322265625
0.1833360195159912,132,-0.270703125
0.1848750114440918,133,-0.012890625
0.18642401695251465,134,-0.02578125
0.18842601776123047,135,-0.2578125
0.18997788429260254,136,-0.6703125
0.19120192527770996,137,-1.611328125
0.19234108924865723,138,0.012890625
0.19346308708190918,139,-0.193359375
0.1945641040802002,140,-0.167578125
0.19566607475280762,141,-0.20625
0.1967780590057373,142,-0.30937499999999996
0.19789505004882812,143,-0.4125
0.19901800155639648,144,-0.2578125
0.20013689994812012,145,-0.012890625
0.2013108730316162,146,0.012890625
0.20270109176635742,147,-0.012890625
0.20415496826171875,148,-0.270703125
0.20558404922485352,149,-0.270703125
0.2070779800415039,150,-1.16015625
0.20847702026367188,151,-0.038671874999999994
0.20987987518310547,152,-0.0515625
0.21127009391784668,153,-0.09023437499999999
0.21307706832885742,154,-0.18046874999999998
0.21544909477233887,155,-0.30937499999999996
0.21700787544250488,156,0.0
0.21843504905700684,157,-0.012890625
0.2203359603881836,158,-0.038671874999999994
0.22216296195983887,159,-0.21914062499999998
0.22352099418640137,160,-0.992578125
0.22471094131469727,161,-0.270703125
0.22585201263427734,162,-0.02578125
0.22696399688720703,163,-0.21914062499999998
0.2280740737915039,164,-0.167578125
0.22918009757995605,165,-0.141796875
0.2303760051727295,166,-0.322265625
0.231611967086792,167,-0.33515625
0.23306894302368164,168,-0.141796875
0.2345280647277832,169,0.0
0.23603010177612305,170,-0.02578125
0.23756790161132812,171,-0.193359375
0.23904705047607422,172,-0.30937499999999996
0.24063706398010254,173,-1.198828125
0.24204802513122559,174,-0.012890625
0.24436306953430176,175,-0.09023437499999999
0.24626588821411133,176,-0.21914062499999998
0.24775290489196777,177,-0.193359375
0.24921607971191406,178,-0.0515625
0.251101016998291,179,0.0
0.2528660297393799,180,-0.0515625
0.25419092178344727,181,-0.20625
0.25537610054016113,182,-0.322265625
0.2565300464630127,183,-1.134375
0.2576460838317871,184,-1.65
0.2587430477142334,185,0.0
0.2599198818206787,186,-0.18046874999999998
0.26105809211730957,187,-0.116015625
0.26225709915161133,188,-0.167578125
0.2636570930480957,189,-0.012890625
0.26511287689208984,190,-0.167578125
0.26665306091308594,191,0.09023437499999999
0.26820802688598633,192,-0.012890625
0.2696340084075928,193,-0.0515625
0.27113890647888184,194,-0.24492187499999998
0.27253198623657227,195,-0.4125
0.2748270034790039,196,-1.2890625
0.2767601013183594,197,-0.193359375
0.2781829833984375,198,-0.103125
0.279710054397583,199,-0.116015625
0.2817809581756592,200,-0.2578125
0.2833859920501709,201,0.141796875
0.28465700149536133,202,-0.012890625
0.2858250141143799,203,-0.012890625
0.28696203231811523,204,-0.28359375
0.2880859375,205,-0.2578125
0.28919100761413574,206,-0.8121093749999999
0.29039597511291504,207,-1.4437499999999999
0.29152393341064453,208,-0.012890625
0.29271793365478516,209,0.0
0.2941110134124756,210,0.0
0.2955629825592041,211,-0.270703125
0.297029972076416,212,-0.0515625
0.298583984375,213,-0.116015625
0.3000819683074951,214,0.0
0.3015429973602295,215,-0.012890625
0.30300188064575195,216,-0.012890625
0.30480504035949707,217,-0.270703125
0.307157039642334,218,-0.43828124999999996
0.3087348937988281,219,-0.012890625
0.3100900650024414,220,-0.064453125
0.3118419647216797,221,-0.103125
0.3137199878692627,222,-0.20625
0.31511497497558594,223,-0.23203125
0.31684088706970215,224,0.012890625
0.3180510997772217,225,0.012890625
0.319195032119751,226,-0.012890625
0.3204059600830078,227,-0.21914062499999998
0.32153797149658203,228,-0.23203125
0.3227400779724121,229,-0.889453125
0.32416701316833496,230,-1.4953124999999998
0.32561707496643066,231,0.0
0.32707905769348145,232,-0.116015625
0.3285980224609375,233,-0.20625
0.3300960063934326,234,-0.103125
0.3315310478210449,235,-0.322265625
0.3329660892486572,236,-0.064453125
0.3350040912628174,237,0.0
0.33727002143859863,238,-0.012890625
0.3387789726257324,239,-0.064453125
0.34017395973205566,240,-0.9796874999999999
0.3422050476074219,241,-1.65
0.34424400329589844,242,-0.02578125
0.3457159996032715,243,-0.23203125
0.34691691398620605,244,-0.30937499999999996
0.3480720520019531,245,-0.322265625
0.3492279052734375,246,-0.167578125
0.3504679203033447,247,-0.012890625
0.35159897804260254,248,-0.012890625
0.35280704498291016,249,-0.038671874999999994
0.35423898696899414,250,-0.29648437499999997
0.35572099685668945,251,-0.33515625
0.35720109939575195,252,-1.2503906249999999
0.35875988006591797,253,0.0
0.3601670265197754,254,0.0
0.361583948135376,255,-0.167578125
0.36336708068847656,256,-0.02578125
0.3658630847930908,257,-0.37382812499999996
0.3674020767211914,258,0.0
0.36904406547546387,259,-0.02578125
0.3710770606994629,260,-0.18046874999999998
0.37250304222106934,261,-0.28359375
0.3737039566040039,262,-1.2890625
0.3748319149017334,263,-0.012890625
0.37594008445739746,264,-0.103125
0.377032995223999,265,-0.103125
0.37811899185180664,266,-0.2578125
0.3792109489440918,267,-0.103125
0.3803858757019043,268,-0.28359375
0.38151001930236816,269,-0.322265625
0.3826160430908203,270,-0.12890625
0.3838191032409668,271,0.0
0.38521695137023926,272,0.0
0.38666605949401855,273,-0.064453125
0.3881969451904297,274,-0.270703125
0.3896160125732422,275,-0.708984375
0.3911559581756592,276,-1.5597656249999998
0.39258790016174316,277,0.0
0.3946199417114258,278,-0.167578125
0.39675402641296387,279,-0.193359375
0.39821910858154297,280,-0.33515625
0.40025806427001953,281,-0.038671874999999994
0.4020040035247803,282,-0.012890625
0.40326499938964844,283,-0.09023437499999999
0.40442895889282227,284,-0.270703125
0.4055640697479248,285,-0.580078125
0.40668797492980957,286,-1.2503906249999999
0.4078249931335449,287,-0.631640625
0.4089200496673584,288,-0.0515625
0.4100310802459717,289,-0.20625
0.411113977432251,290,-0.103125
0.4122049808502197,291,-0.141796875
0.4132990837097168,292,-0.193359375
0.4144771099090576,293,-0.322265625
0.4158759117126465,294,-0.23203125
0.417388916015625,295,0.0
0.41902709007263184,296,-0.012890625
0.4207570552825928,297,-0.167578125
0.4222390651702881,298,-0.141796875
0.42368006706237793,299,-1.0828125
0.42615509033203125,300,-0.0515625
0.427854061126709,301,-0.07734374999999999
0.42934489250183105,302,-0.193359375
0.43145108222961426,303,-0.30937499999999996
0.4330739974975586,304,0.012890625
0.43428707122802734,305,0.0
0.4354128837585449,306,-0.0515625
0.43652796745300293,307,-0.167578125
0.4376399517059326,308,-0.2578125
0.43874096870422363,309,-0.4640625
0.4399099349975586,310,-1.1859374999999999
0.44103288650512695,311,-1.65
0.4421250820159912,312,-0.0515625
0.4432239532470703,313,-0.0515625
0.4443690776824951,314,-0.141796875
0.44577693939208984,315,-0.20625
0.4472188949584961,316,-0.29648437499999997
0.4487650394439697,317,-0.193359375
0.45033693313598633,318,0.012890625
0.4517800807952881,319,-0.012890625
0.4531989097595215,320,-0.064453125
0.4556419849395752,321,-0.2578125
0.4574570655822754,322,-0.7863281249999999
0.45894503593444824,323,0.0
0.4610869884490967,324,-0.141796875
0.462615966796875,325,-0.28359375
0.46381187438964844,326,-0.28359375
0.4649479389190674,327,-0.28359375
0.466080904006958,328,-0.09023437499999999
0.46718788146972656,329,-0.012890625
0.4682769775390625,330,-0.02578125
0.4693880081176758,331,-0.038671874999999994
0.47052597999572754,332,-0.33515625
0.4716300964355469,333,-0.20625
0.47272610664367676,334,-0.928125
0.47382187843322754,335,-1.533984375
0.47498297691345215,336,0.0
0.476362943649292,337,0.0
0.4777710437774658,338,-0.0515625
0.47930192947387695,339,-0.20625
0.48091888427734375,340,-0.33515625
0.48241710662841797,341,-0.12890625
0.4838979244232178,342,0.0
0.4862949848175049,343,-0.012890625
0.4882240295410156,344,-0.167578125
0.4896678924560547,345,-0.6703125
0.49173402786254883,346,-1.456640625
0.4934260845184326,347,-0.07734374999999999
0.4946560859680176,348,-0.116015625
0.4958040714263916,349,-0.09023437499999999
0.49692201614379883,350,-0.37382812499999996
0.4980430603027344,351,-0.4125
0.4991469383239746,352,-0.24492187499999998
0.5003359317779541,353,0.0
0.5014610290527344,354,-0.012890625
0.5025990009307861,355,-0.0515625
0.5036969184875488,356,-0.24492187499999998
0.5047988891601562,357,-0.21914062499999998
0.5059928894042969,358,-0.8507812499999999
0.5074059963226318,359,-1.46953125
0.5088529586791992,360,0.0
0.5103590488433838,361,-0.09023437499999999
0.5118579864501953,362,-0.20625
0.5131740570068359,363,-0.12890625
0.5144751071929932,364,-0.33515625
0.516373872756958,365,-0.20625
0.5185348987579346,366,0.0
0.5200068950653076,367,-0.064453125
0.5217649936676025,368,-0.193359375
0.5237090587615967,369,-0.7218749999999999
0.5251309871673584,370,-1.2503906249999999
0.5263080596923828,371,-0.038671874999999994
0.527432918548584,372,-0.012890625
0.5285439491271973,373,-0.270703125
0.5296518802642822,374,-0.0515625
0.530829906463623,375,-0.399609375
0.5319440364837646,376,-0.30937499999999996
0.5330469608306885,377,0.0
0.5341370105743408,378,-0.012890625
0.535228967666626,379,-0.038671874999999994
0.5364139080047607,380,-0.15468749999999998
0.5378010272979736,381,-0.322265625
0.5392370223999023,382,-0.476953125
0.5408210754394531,383,-1.340625
0.5423860549926758,384,0.0
0.543781042098999,385,-0.18046874999999998
0.5451850891113281,386,-0.21914062499999998
0.5477349758148193,387,-0.193359375
0.5494599342346191,388,-0.0515625
0.5509610176086426,389,0.0
0.552980899810791,390,-0.012890625
0.5546739101409912,391,-0.24492187499999998
0.5559110641479492,392,-0.580078125
0.5570709705352783,393,-1.353515625
0.558190107345581,394,-0.012890625
0.5592970848083496,395,-0.0515625
0.5604219436645508,396,-0.193359375
0.5615189075469971,397,-0.2578125
0.5626180171966553,398,-0.167578125
0.5637109279632568,399,-0.270703125
0.5648000240325928,400,-0.322265625
0.5659160614013672,401,-0.167578125
0.567101001739502,402,0.0
0.568464994430542,403,-0.012890625
0.5699660778045654,404,-0.0515625
0.5715250968933105,405,-0.2578125
0.5730140209197998,406,-0.6832031249999999
0.5743520259857178,407,-1.52109375
0.5756680965423584,408,-0.012890625
0.5777530670166016,409,-0.23203125
0.579766035079956,410,-0.20625
0.5813229084014893,411,-0.167578125
0.5830578804016113,412,0.02578125
0.5849730968475342,413,0.012890625
0.5863380432128906,414,-0.02578125
0.5875139236450195,415,-0.18046874999999998
0.5886659622192383,416,-0.37382812499999996
0.5898330211639404,417,-1.134375
0.5909678936004639,418,-1.65
0.5920670032501221,419,-0.012890625
0.5931611061096191,420,-0.116015625
0.5942480564117432,421,-0.18046874999999998
0.5953381061553955,422,-0.2578125
0.5964269638061523,423,-0.07734374999999999
0.5976159572601318,424,-0.33515625
0.5990209579467773,425,-0.30937499999999996
0.6005520820617676,426,0.012890625
0.6020920276641846,427,-0.012890625
0.6035890579223633,428,-0.103125
0.6049211025238037,429,-0.167578125
0.6062240600585938,430,-0.8121093749999999
0.6083600521087646,431,-1.52109375
0.6103909015655518,432,0.0
0.6118149757385254,433,-0.20625
0.6134030818939209,434,-0.12890625
0.6153850555419922,435,-0.37382812499999996
0.6169109344482422,436,0.07734374999999999
0.6181459426879883,437,0.0
0.6192779541015625,438,-0.0515625
0.6204299926757812,439,-0.29648437499999997
0.6215798854827881,440,-0.193359375
0.6227250099182129,441,-0.863671875
0.6238338947296143,442,-1.4953124999999998
0.6249818801879883,443,0.0
0.6260900497436523,444,0.0
0.6276650428771973,445,-0.12890625
0.6290009021759033,446,-0.29648437499999997
0.6305339336395264,447,-0.20625
0.6320250034332275,448,-0.103125
0.6335859298706055,449,0.012890625
0.6349620819091797,450,0.0
0.6363070011138916,451,-0.0515625
0.6378939151763916,452,-0.30937499999999996
0.640362024307251,453,-0.4125
0.6419069766998291,454,-1.6242187499999998
0.6432490348815918,455,-0.09023437499999999
0.6451148986816406,456,-0.07734374999999999
0.6469919681549072,457,-0.09023437499999999
0.6484038829803467,458,-0.21914062499999998
0.6495800018310547,459,0.09023437499999999
0.6507930755615234,460,0.012890625
0.6519179344177246,461,-0.0515625
0.6530420780181885,462,-0.103125
0.6541500091552734,463,-0.30937499999999996
0.6552529335021973,464,-0.43828124999999996
0.6563510894775391,465,-1.134375
0.6574389934539795,466,-1.65
0.6586060523986816,467,0.012890625
0.6600658893585205,468,-0.064453125
0.6615180969238281,469,-0.07734374999999999
0.6630690097808838,470,-0.103125
0.664715051651001,471,-0.270703125
0.6661949157714844,472,-0.0515625
0.6675770282745361,473,0.0
0.6698899269104004,474,-0.0515625
0.6720259189605713,475,-0.167578125
0.6734929084777832,476,-0.9152343749999999
0.6754539012908936,477,-1.65
0.6772029399871826,478,-0.038671874999999994
0.6784579753875732,479,-0.103125
0.6796200275421143,480,-0.103125
0.6808309555053711,481,-0.4125
0.6819639205932617,482,-0.322265625
0.6830959320068359,483,0.0
0.6842060089111328,484,0.0
0.6853349208831787,485,-0.0515625
0.6865909099578857,486,-0.167578125
0.6881411075592041,487,-0.2578125
0.6898510456085205,488,-0.708984375
0.6916489601135254,489,-1.5597656249999998
0.6931710243225098,490,-0.0515625
0.6947040557861328,491,-0.23203125
0.6961500644683838,492,-0.15468749999999998
0.6975550651550293,493,-0.24492187499999998
0.6989889144897461,494,-0.141796875
0.7016439437866211,495,0.0
0.7033300399780273,496,-0.02578125
0.7048161029815674,497,-0.193359375
0.706855058670044,498,-0.64453125
0.7084810733795166,499,-1.65
0.7097179889678955,500,-0.02578125
0.710961103439331,501,-0.116015625
0.7120928764343262,502,-0.270703125
0.7132019996643066,503,0.0
0.7143099308013916,504,-0.270703125
0.7154018878936768,505,-0.21914062499999998
0.7165100574493408,506,0.0
0.7176039218902588,507,0.012890625
0.7186970710754395,508,-0.02578125
0.7199089527130127,509,-0.20625
0.7213330268859863,510,-0.33515625
0.7227740287780762,511,-0.6703125
0.7243070602416992,512,-1.46953125
0.7258749008178711,513,0.0
0.7272329330444336,514,-0.0515625
0.7286109924316406,515,-0.270703125
0.7314729690551758,516,-0.15468749999999998
0.7336850166320801,517,-0.18046874999999998
0.735666036605835,518,-0.012890625
0.7378599643707275,519,-0.064453125
0.7393550872802734,520,-0.2578125
0.7407078742980957,521,-1.2503906249999999
0.7419860363006592,522,0.0
0.7432310581207275,523,-0.09023437499999999
0.7444620132446289,524,-0.116015625
0.7456889152526855,525,-0.21914062499999998
0.7469151020050049,526,-0.193359375
0.7481329441070557,527,-0.2578125
0.7602338790893555,528,-0.103125
0.7625489234924316,529,0.012890625
0.7639858722686768,530,-0.2578125
0.7666299343109131,531,-0.141796875
0.768470048904419,532,0.0
0.7699389457702637,533,-0.0515625
0.771291971206665,534,-0.20625
0.7726008892059326,535,-0.5671875
0.7738850116729736,536,-1.2890625
0.7751579284667969,537,-0.012890625
0.7763979434967041,538,-0.012890625
0.777616024017334,539,-0.20625
0.7788300514221191,540,-0.2578125
0.790276050567627,541,-0.0515625
0.7927539348602295,542,-0.270703125
0.7943680286407471,543,-0.20625
0.7957329750061035,544,-0.28359375
0.7974441051483154,545,-0.29648437499999997
0.7994310855865479,546,-0.20625
0.8009638786315918,547,0.0
0.8021600246429443,548,-0.02578125
0.8033030033111572,549,-0.23203125
0.8044250011444092,550,-0.322265625
0.8055500984191895,551,-0.631640625
0.8066649436950684,552,-1.3019531249999998
0.8077700138092041,553,-0.708984375
0.8088610172271729,554,0.0
0.8099720478057861,555,-0.0515625
0.8111860752105713,556,-0.116015625
0.8126070499420166,557,-0.23203125
0.814054012298584,558,-0.33515625
0.8155820369720459,559,-0.20625
0.8170480728149414,560,0.012890625
0.8183538913726807,561,-0.012890625
0.8196089267730713,562,-0.0515625
0.8214058876037598,563,-0.29648437499999997
0.8238310813903809,564,-0.476953125
0.8253779411315918,565,-0.02578125
0.8269689083099365,566,-0.0515625
0.8289520740509033,567,-0.15468749999999998
0.830467939376831,568,-0.09023437499999999
0.8316819667816162,569,-0.09023437499999999
0.8328208923339844,570,0.0515625
0.8339328765869141,571,0.0
0.8350269794464111,572,-0.02578125
0.8361279964447021,573,-0.0515625
0.8372189998626709,574,-0.270703125
0.8383181095123291,575,-0.270703125
0.8394079208374023,576,-0.95390625
0.8405139446258545,577,-1.533984375
0.84169602394104,578,0.0
0.8430840969085693,579,-0.038671874999999994
0.8445029258728027,580,-0.09023437499999999
0.846045970916748,581,-0.2578125
0.8475260734558105,582,-0.322265625
0.8488988876342773,583,-0.15468749999999998
0.8502910137176514,584,0.0
0.8521249294281006,585,0.0
0.8544480800628662,586,-0.0515625
0.85595703125,587,-0.29648437499999997
0.8574309349060059,588,-1.3019531249999998
0.8593099117279053,589,-0.0515625
0.8610520362854004,590,-0.193359375
0.8623359203338623,591,-0.167578125
0.8634929656982422,592,-0.270703125
0.8646149635314941,593,-0.322265625
0.8657279014587402,594,-0.20625
0.8668239116668701,595,-0.012890625
0.8679149150848389,596,-0.012890625
0.8690118789672852,597,-0.0515625
0.8701400756835938,598,-0.2578125
0.87123703956604,599,-0.2578125
0.8724119663238525,600,-0.734765625
0.8738059997558594,601,-1.3664062499999998
0.8753340244293213,602,-0.23203125
0.8768589496612549,603,-0.02578125
0.8783040046691895,604,-0.103125
0.8796429634094238,605,0.0
0.8811769485473633,606,-0.37382812499999996
0.8834810256958008,607,-0.12890625
0.885504961013794,608,-0.012890625
0.8869619369506836,609,-0.15468749999999998
0.8889389038085938,610,-0.23203125
0.8907148838043213,611,-1.03125
0.8919699192047119,612,-0.09023437499999999
0.8931479454040527,613,-0.064453125
0.8942630290985107,614,-0.116015625
0.8953690528869629,615,-0.37382812499999996
0.8964779376983643,616,-0.103125
0.8975780010223389,617,-0.37382812499999996
0.8986740112304688,618,-0.29648437499999997
0.8998498916625977,619,0.0
0.9009649753570557,620,-0.012890625
0.9020659923553467,621,-0.02578125
0.9032440185546875,622,-0.167578125
0.9046320915222168,623,-0.33515625
0.906080961227417,624,-0.6574218749999999
0.9075920581817627,625,-1.456640625
0.9090869426727295,626,0.0
0.910646915435791,627,-0.193359375
0.9121279716491699,628,-0.2578125
0.914423942565918,629,-0.012890625
0.9163470268249512,630,-0.02578125
0.9178071022033691,631,0.0
0.9198648929595947,632,-0.038671874999999994
0.9215610027313232,633,-0.20625
0.9227919578552246,634,-0.7734375
0.9239420890808105,635,-1.46953125
0.9250640869140625,636,0.0
0.926163911819458,637,-0.07734374999999999
0.9272570610046387,638,-0.012890625
0.9283499717712402,639,-0.2578125
0.9294378757476807,640,-0.103125
0.9306941032409668,641,-0.4640625
0.93184494972229,642,-0.36093749999999997
0.9330298900604248,643,0.012890625
0.9344379901885986,644,-0.012890625
0.9358789920806885,645,-0.038671874999999994
0.937391996383667,646,-0.23203125
0.9388868808746338,647,-0.167578125
0.9409918785095215,648,-1.0828125
0.9431619644165039,649,-0.07734374999999999
0.9457008838653564,650,-0.24492187499999998
0.9474160671234131,651,-0.116015625
0.9501140117645264,652,-0.064453125
0.9517760276794434,653,0.012890625
0.9531259536743164,654,-0.038671874999999994
0.954401969909668,655,-0.23203125
0.9556820392608643,656,-0.348046875
0.9569740295410156,657,-1.147265625
0.9582700729370117,658,-0.64453125
0.9595038890838623,659,-0.0515625
0.9607610702514648,660,-0.103125
0.9619960784912109,661,-0.322265625
0.9679250717163086,662,-0.103125
0.9700589179992676,663,-0.36093749999999997
0.9723279476165771,664,-0.15468749999999998
0.975147008895874,665,-0.7734375
0.9772069454193115,666,-0.23203125
0.9790809154510498,667,-0.167578125
