time,count,voltage
0.005486965179443359,1,-0.09023437499999999
0.0073010921478271484,2,-0.21914062499999998
0.008786916732788086,3,-0.15468749999999998
0.01020503044128418,4,-0.193359375
0.011599063873291016,5,0.09023437499999999
0.012953042984008789,6,-0.012890625
0.014274120330810547,7,0.0
0.015600919723510742,8,-0.270703125
0.016962051391601562,9,-0.36093749999999997
0.018507003784179688,10,-0.992578125
0.02023911476135254,11,-1.65
0.021881103515625,12,-0.0515625
0.023591995239257812,13,-0.038671874999999994
0.025144100189208984,14,-0.141796875
0.026886940002441406,15,-0.38671875
0.028376102447509766,16,0.09023437499999999
0.0297701358795166,17,-0.012890625
0.031105995178222656,18,-0.02578125
0.03242897987365723,19,-0.270703125
0.03393292427062988,20,-0.30937499999999996
0.03558707237243652,21,-1.0570312499999999
0.03730607032775879,22,0.0
0.0390019416809082,23,-0.038671874999999994
0.04089212417602539,24,-0.20625
0.042591094970703125,25,-0.09023437499999999
0.04444098472595215,26,-0.012890625
0.046234130859375,27,0.0
0.04794907569885254,28,0.0
0.05005598068237305,29,-0.2578125
0.056826114654541016,30,-0.5285156249999999
0.059008121490478516,31,0.0
0.061944007873535156,32,-0.193359375
0.06408214569091797,33,0.0
0.06578803062438965,34,-0.103125
0.06740713119506836,35,-0.20625
0.0688941478729248,36,-1.069921875
0.07033300399780273,37,0.0
0.07169914245605469,38,-0.012890625
0.07305097579956055,39,-0.103125
0.07438802719116211,40,-0.2578125
0.07578611373901367,41,-0.322265625
0.07726311683654785,42,-0.20625
0.0786750316619873,43,0.0
0.08002400398254395,44,-0.012890625
0.08135700225830078,45,-0.012890625
0.08270692825317383,46,-0.33515625
0.08406996726989746,47,-0.33515625
0.08543610572814941,48,-1.198828125
0.08762502670288086,49,0.0
0.08913993835449219,50,-0.07734374999999999
0.0907890796661377,51,-0.322265625
0.0925910472869873,52,-0.0515625
0.0944681167602539,53,-0.0515625
0.09653401374816895,54,0.012890625
0.09884905815124512,55,-0.012890625
0.10052108764648438,56,-0.270703125
0.10295796394348145,57,-0.966796875
0.10510492324829102,58,0.0
0.1065680980682373,59,-0.02578125
0.10874199867248535,60,-0.28359375
0.11057114601135254,61,-0.09023437499999999
0.11183810234069824,62,0.012890625
0.11299514770507812,63,0.0
0.11410403251647949,64,0.0
0.1152341365814209,65,-0.21914062499999998
0.11640214920043945,66,-0.4125
0.11754202842712402,67,-0.7476562499999999
0.11879706382751465,68,-1.405078125
0.12026500701904297,69,0.0
0.12170696258544922,70,0.0
0.12329411506652832,71,-0.012890625
0.12486910820007324,72,-0.193359375
0.1263749599456787,73,-0.15468749999999998
0.1278691291809082,74,-0.012890625
0.12998509407043457,75,0.012890625
0.13223910331726074,76,-0.012890625
0.13380813598632812,77,-0.20625
0.13594412803649902,78,-0.928125
0.13766098022460938,79,0.0
0.13889503479003906,80,-0.012890625
0.14005613327026367,81,-0.2578125
0.14125514030456543,82,-0.09023437499999999
0.14239001274108887,83,-0.21914062499999998
0.14350008964538574,84,-0.21914062499999998
0.14463210105895996,85,0.0
0.14572811126708984,86,0.012890625
0.1468360424041748,87,-0.012890625
0.14797091484069824,88,-0.0515625
0.14923501014709473,89,-0.37382812499999996
0.15070009231567383,90,-0.28359375
0.1521930694580078,91,-1.147265625
0.153792142868042,92,0.0
0.15528392791748047,93,0.0
0.1568470001220703,94,-0.12890625
0.15864992141723633,95,-0.12890625
0.161268949508667,96,-0.33515625
0.16281914710998535,97,0.012890625
0.16463994979858398,98,0.0
0.16666913032531738,99,-0.2578125
0.16801714897155762,100,-0.580078125
0.1692049503326416,101,-1.533984375
0.17033910751342773,102,0.0
0.17146897315979004,103,0.0
0.1726081371307373,104,0.0
0.17374610900878906,105,-0.43828124999999996
0.17486000061035156,106,-0.02578125
0.17596101760864258,107,-0.399609375
0.1771531105041504,108,-0.29648437499999997
0.17828607559204102,109,0.012890625
0.17954611778259277,110,0.012890625
0.18099093437194824,111,-0.012890625
0.18250203132629395,112,-0.30937499999999996
0.18413591384887695,113,-0.322265625
0.18559694290161133,114,-1.147265625
0.18693304061889648,115,0.0
0.18837714195251465,116,-0.02578125
0.1908740997314453,117,-0.02578125
0.1926720142364502,118,-0.103125
0.19420814514160156,119,0.07734374999999999
0.1967790126800537,120,0.0
0.19824695587158203,121,-0.012890625
0.19946503639221191,122,-0.322265625
0.20064496994018555,123,-0.4640625
0.2017669677734375,124,-1.2374999999999998
0.2028789520263672,125,-1.0570312499999999
0.20399808883666992,126,-0.012890625
0.20513296127319336,127,-0.116015625
0.20631814002990723,128,-0.103125
0.2074599266052246,129,-0.2578125
0.20856404304504395,130,0.0
0.20974493026733398,131,-0.270703125
0.2112281322479248,132,-0.116015625
0.21274805068969727,133,0.012890625
0.21431899070739746,134,-0.012890625
0.21591901779174805,135,-0.20625
0.21741604804992676,136,-0.270703125
0.21887898445129395,137,-1.147265625
0.2207629680633545,138,0.0
0.2232511043548584,139,0.0
0.22565603256225586,140,-0.18046874999999998
0.22774004936218262,141,-0.12890625
0.22965312004089355,142,0.012890625
0.23094797134399414,143,-0.012890625
0.23215794563293457,144,-0.28359375
0.23330402374267578,145,-0.322265625
0.2344200611114502,146,-0.8765624999999999
0.23554205894470215,147,-1.52109375
0.23677301406860352,148,-0.012890625
0.237900972366333,149,0.0
0.23900508880615234,150,-0.02578125
0.24021601676940918,151,-0.36093749999999997
0.24164795875549316,152,-0.103125
0.24310994148254395,153,-0.322265625
0.24481701850891113,154,-0.02578125
0.2464311122894287,155,0.012890625
0.24790406227111816,156,-0.02578125
0.24937796592712402,157,-0.30937499999999996
0.2512669563293457,158,-0.29648437499999997
0.2537879943847656,159,-1.1859374999999999
0.25529909133911133,160,0.0
0.25697898864746094,161,-0.20625
0.258958101272583,162,-0.20625
0.26072001457214355,163,-0.24492187499999998
0.26201391220092773,164,0.0
0.26315808296203613,165,0.012890625
0.264315128326416,166,-0.012890625
0.2654290199279785,167,-0.33515625
0.266556978225708,168,-0.4125
0.26769113540649414,169,-0.8507812499999999
0.2688629627227783,170,-1.533984375
0.269974946975708,171,0.0
0.27117109298706055,172,0.0
0.2725830078125,173,-0.141796875
0.27403807640075684,174,-0.33515625
0.2757151126861572,175,-0.103125
0.2774660587310791,176,-0.23203125
0.2789320945739746,177,0.012890625
0.2803690433502197,178,0.0
0.28188204765319824,179,-0.0515625
0.28466010093688965,180,-0.4125
0.2864100933074951,181,-1.198828125
0.28783702850341797,182,0.0
0.2896890640258789,183,-0.09023437499999999
0.29156994819641113,184,-0.28359375
0.29292798042297363,185,-0.21914062499999998
0.2941579818725586,186,-0.012890625
0.2953190803527832,187,0.0
0.29670095443725586,188,-0.012890625
0.297868013381958,189,0.0
0.2989919185638428,190,-0.30937499999999996
0.30011510848999023,191,-0.36093749999999997
0.3013920783996582,192,-0.95390625
0.3028559684753418,193,-1.611328125
0.30431199073791504,194,0.0
0.3062169551849365,195,-0.193359375
0.30789613723754883,196,-0.21914062499999998
0.3094010353088379,197,-0.36093749999999997
0.31085896492004395,198,-0.15468749999999998
0.31304097175598145,199,0.012890625
0.3150489330291748,200,0.0
0.3166389465332031,201,-0.29648437499999997
0.3184549808502197,202,-0.69609375
0.3204231262207031,203,-1.611328125
0.3218410015106201,204,-0.02578125
0.32303810119628906,205,-0.167578125
0.32430601119995117,206,-0.167578125
0.32546210289001465,207,-0.270703125
0.32669997215270996,208,-0.30937499999999996
0.32789111137390137,209,-0.0515625
0.3290109634399414,210,0.012890625
0.33010005950927734,211,0.0
0.33132195472717285,212,-0.02578125
0.33280205726623535,213,-0.399609375
0.33431005477905273,214,-0.37382812499999996
0.33587098121643066,215,-1.340625
0.3374800682067871,216,0.0
0.33884692192077637,217,0.012890625
0.3403310775756836,218,-0.21914062499999998
0.34218406677246094,219,-0.0515625
0.34477901458740234,220,-0.348046875
0.34636902809143066,221,-0.012890625
0.34791994094848633,222,-0.012890625
0.3500490188598633,223,-0.30937499999999996
0.3516061305999756,224,-0.580078125
0.3533470630645752,225,-1.65
0.35457611083984375,226,-0.0515625
0.3557720184326172,227,-0.064453125
0.35692501068115234,228,-0.322265625
0.3580489158630371,229,-0.193359375
0.35915708541870117,230,-0.322265625
0.3602910041809082,231,-0.28359375
0.36148810386657715,232,0.0
0.3628699779510498,233,0.012890625
0.3643500804901123,234,-0.012890625
0.3659961223602295,235,-0.2578125
0.3676021099090576,236,-0.33515625
0.3689839839935303,237,-1.2503906249999999
0.37036609649658203,238,0.0
0.3717219829559326,239,0.0
0.37430596351623535,240,-0.012890625
0.3762030601501465,241,-0.141796875
0.37765002250671387,242,0.15468749999999998
0.3796260356903076,243,0.0
0.38145995140075684,244,0.0
0.3828139305114746,245,-0.2578125
0.3839859962463379,246,-0.43828124999999996
0.3851299285888672,247,-1.2374999999999998
0.3863210678100586,248,-1.327734375
0.387470006942749,249,0.012890625
0.3886239528656006,250,-0.09023437499999999
0.3897860050201416,251,-0.167578125
0.3909029960632324,252,-0.103125
0.39209508895874023,253,-0.28359375
0.3935201168060303,254,-0.33515625
0.39498114585876465,255,-0.0515625
0.3966400623321533,256,0.012890625
0.3981931209564209,257,-0.02578125
0.399583101272583,258,-0.29648437499999997
0.40104007720947266,259,-0.451171875
0.40285706520080566,260,-1.340625
0.4057619571685791,261,-0.012890625
0.40735912322998047,262,-0.2578125
0.40908312797546387,263,-0.064453125
0.41116905212402344,264,-0.167578125
0.41272902488708496,265,0.0
0.41391491889953613,266,-0.012890625
0.41506004333496094,267,-0.167578125
0.4162631034851074,268,-0.4125
0.4173910617828369,269,-0.5285156249999999
0.4184989929199219,270,-1.3019531249999998
0.41960811614990234,271,-0.12890625
0.42077112197875977,272,-0.02578125
0.4218759536743164,273,-0.103125
0.42306995391845703,274,-0.167578125
0.4245269298553467,275,-0.30937499999999996
0.42600011825561523,276,-0.348046875
0.42778611183166504,277,-0.12890625
0.42940807342529297,278,0.012890625
0.43088197708129883,279,-0.012890625
0.4323139190673828,280,-0.24492187499999998
0.4340519905090332,281,-0.37382812499999996
0.43667006492614746,282,-0.9796874999999999
0.43824100494384766,283,-0.038671874999999994
0.4398970603942871,284,0.0
0.4418931007385254,285,-0.42539062499999997
0.44362401962280273,286,-0.07734374999999999
0.4449620246887207,287,0.29648437499999997
0.4462299346923828,288,0.0
0.4473750591278076,289,-0.02578125
0.44849610328674316,290,-0.20625
0.44960999488830566,291,-0.4125
0.4507150650024414,292,-0.64453125
0.45186495780944824,293,-1.3148437499999999
0.45306992530822754,294,0.0
0.4545109272003174,295,0.0
0.455996036529541,296,-0.02578125
0.4576590061187744,297,-0.33515625
0.45921993255615234,298,-0.116015625
0.46084094047546387,299,-0.012890625
0.4623260498046875,300,0.012890625
0.46381711959838867,301,-0.012890625
0.4664270877838135,302,-0.0515625
0.46820592880249023,303,-0.20625
0.46970605850219727,304,-1.456640625
0.471729040145874,305,0.012890625
0.47355103492736816,306,-0.0515625
0.47486305236816406,307,-0.116015625
0.4760589599609375,308,-0.37382812499999996
0.47734808921813965,309,-0.2578125
0.478518009185791,310,0.0
0.47963500022888184,311,0.0
0.4807240962982178,312,-0.012890625
0.4818129539489746,313,-0.23203125
0.48291611671447754,314,-0.33515625
0.484112024307251,315,-0.580078125
0.48557209968566895,316,-1.327734375
0.487105131149292,317,0.0
0.48871302604675293,318,0.0
0.4902820587158203,319,-0.116015625
0.49169492721557617,320,-0.103125
0.4932069778442383,321,-0.322265625
0.494840145111084,322,-0.064453125
0.49733805656433105,323,0.012890625
0.4989290237426758,324,-0.0515625
0.5004191398620605,325,-0.24492187499999998
0.5029120445251465,326,-0.9152343749999999
0.5045850276947021,327,0.0
0.5058419704437256,328,-0.167578125
0.5070319175720215,329,-0.43828124999999996
0.5081779956817627,330,0.0
0.5093450546264648,331,-0.37382812499999996
0.5104660987854004,332,-0.270703125
0.511599063873291,333,0.012890625
0.5126919746398926,334,0.012890625
0.5137829780578613,335,-0.012890625
0.5149600505828857,336,-0.12890625
0.5164759159088135,337,-0.399609375
0.5180330276489258,338,-0.54140625
0.5197100639343262,339,-1.5597656249999998
0.5212140083312988,340,0.0
0.5225529670715332,341,-0.07734374999999999
0.5240681171417236,342,-0.322265625
0.5261890888214111,343,-0.15468749999999998
0.5284960269927979,344,-0.193359375
0.529973030090332,345,0.0
0.5316400527954102,346,-0.012890625
0.5338339805603027,347,-0.33515625
0.5353491306304932,348,-0.7218749999999999
0.536592960357666,349,-0.167578125
0.537769079208374,350,-0.07734374999999999
0.5388989448547363,351,-0.12890625
0.5400331020355225,352,-0.2578125
0.5411620140075684,353,-0.2578125
0.5422890186309814,354,-0.33515625
0.543389081954956,355,-0.30937499999999996
0.5445120334625244,356,-0.12890625
0.5457150936126709,357,0.012890625
0.5471241474151611,358,0.0
0.5486819744110107,359,-0.02578125
0.5502669811248779,360,-0.322265625
0.5518441200256348,361,-0.837890625
0.5532770156860352,362,-1.65
0.5547101497650146,363,0.012890625
0.5568840503692627,364,-0.12890625
0.5592501163482666,365,-0.270703125
0.5608270168304443,366,-0.103125
0.5624511241912842,367,0.0
0.5645661354064941,368,-0.012890625
0.5660700798034668,369,-0.20625
0.5673820972442627,370,-0.29648437499999997
0.5685570240020752,371,-1.147265625
0.5697140693664551,372,-1.0570312499999999
0.5708229541778564,373,0.0
0.5719509124755859,374,-0.15468749999999998
0.5730700492858887,375,-0.167578125
0.5742080211639404,376,-0.12890625
0.5753049850463867,377,-0.0515625
0.5764939785003662,378,-0.21914062499999998
0.5779259204864502,379,-0.116015625
0.5794570446014404,380,0.0
0.5810549259185791,381,-0.012890625
0.5825910568237305,382,-0.2578125
0.5839560031890869,383,-0.21914062499999998
0.5852780342102051,384,-1.0570312499999999
0.5876741409301758,385,-0.5671875
0.5897021293640137,386,0.0
0.5911481380462646,387,-0.30937499999999996
0.5931670665740967,388,-0.2578125
0.5947611331939697,389,0.09023437499999999
0.5960321426391602,390,0.012890625
0.5974421501159668,391,-0.012890625
0.5986170768737793,392,-0.2578125
0.5997879505157471,393,-0.37382812499999996
0.6009140014648438,394,-0.6703125
0.6020169258117676,395,-1.3664062499999998
0.6031179428100586,396,0.0
0.6042320728302002,397,0.0
0.605363130569458,398,0.0
0.6065559387207031,399,-0.20625
0.6079621315002441,400,-0.23203125
0.6094160079956055,401,-0.30937499999999996
0.6110389232635498,402,-0.12890625
0.6127159595489502,403,0.012890625
0.6145200729370117,404,0.0
0.6160030364990234,405,-0.29648437499999997
0.61844801902771,406,-0.322265625
0.6204290390014648,407,-1.41796875
0.6219501495361328,408,-0.012890625
0.6238110065460205,409,-0.103125
0.6256990432739258,410,-0.12890625
0.6271100044250488,411,-0.167578125
0.6283879280090332,412,0.0
0.629539966583252,413,-0.012890625
0.6306769847869873,414,-0.012890625
0.6318209171295166,415,-0.167578125
0.6329269409179688,416,-0.37382812499999996
0.6340389251708984,417,-0.5671875
0.635127067565918,418,-1.26328125
0.6362810134887695,419,-0.825
0.6375279426574707,420,0.0
0.6389729976654053,421,-0.09023437499999999
0.6404380798339844,422,-0.20625
0.641977071762085,423,-0.103125
0.6435890197753906,424,-0.322265625
0.6450750827789307,425,0.038671874999999994
0.6465680599212646,426,0.0
0.6482830047607422,427,-0.02578125
0.6507229804992676,428,-0.29648437499999997
0.6523699760437012,429,-0.837890625
0.6538951396942139,430,0.0
0.65584397315979,431,-0.02578125
0.6576449871063232,432,-0.20625
0.6589469909667969,433,-0.167578125
0.6601719856262207,434,-0.09023437499999999
0.6614091396331787,435,0.0515625
0.6625399589538574,436,-0.012890625
0.6636569499969482,437,-0.012890625
0.6647679805755615,438,-0.09023437499999999
0.665869951248169,439,-0.38671875
0.6670029163360596,440,-0.29648437499999997
0.6682090759277344,441,-1.03125
0.6697039604187012,442,-1.65
0.6711781024932861,443,0.0
0.6727249622344971,444,0.0
0.6742260456085205,445,-0.4125
0.6756689548492432,446,-0.0515625
0.677314043045044,447,-0.116015625
0.6791319847106934,448,0.012890625
0.6819560527801514,449,0.0
0.6834959983825684,450,-0.30937499999999996
0.6853439807891846,451,-0.7476562499999999
0.6873819828033447,452,-1.65
0.6887650489807129,453,0.0
0.6899540424346924,454,-0.20625
0.6910860538482666,455,-0.2578125
0.6922519207000732,456,-0.30937499999999996
0.6934349536895752,457,-0.30937499999999996
0.6945819854736328,458,-0.0515625
0.6957149505615234,459,0.012890625
0.6968479156494141,460,-0.012890625
0.6979529857635498,461,-0.02578125
0.6991469860076904,462,-0.399609375
0.700624942779541,463,-0.37382812499999996
0.7021679878234863,464,-1.10859375
0.7037091255187988,465,0.0
0.7052309513092041,466,-0.012890625
0.7066450119018555,467,0.0
0.7081770896911621,468,-0.2578125
0.7101891040802002,469,-0.20625
0.7129340171813965,470,0.0
0.7143640518188477,471,-0.012890625
0.7159781455993652,472,-0.2578125
0.7182250022888184,473,-0.37382812499999996
0.7196710109710693,474,-1.4308593749999998
0.7208831310272217,475,0.0
0.7220160961151123,476,-0.12890625
0.7231290340423584,477,-0.167578125
0.724308967590332,478,-0.193359375
0.7254519462585449,479,-0.270703125
0.7266430854797363,480,-0.322265625
0.7278540134429932,481,-0.103125
0.728996992111206,482,0.012890625
0.7301809787750244,483,0.0
0.7316479682922363,484,-0.02578125
0.7331550121307373,485,-0.322265625
0.7347230911254883,486,-0.6187499999999999
0.7363080978393555,487,-1.456640625
0.7377281188964844,488,0.0
0.7391519546508789,489,-0.02578125
0.7411620616912842,490,-0.322265625
0.7438340187072754,491,-0.116015625
0.7453460693359375,492,0.48984374999999997
0.7470331192016602,493,0.0
0.7492120265960693,494,-0.012890625
0.7506730556488037,495,-0.21914062499999998
0.7518820762634277,496,-1.069921875
0.7530241012573242,497,-1.611328125
0.7541499137878418,498,0.0
0.7552580833435059,499,-0.0515625
0.7564690113067627,500,-0.18046874999999998
0.757620096206665,501,-0.09023437499999999
0.7587549686431885,502,-0.21914062499999998
0.7598860263824463,503,-0.29648437499999997
0.7610940933227539,504,-0.116015625
0.7625429630279541,505,0.0
0.7641050815582275,506,0.0
0.7657139301300049,507,-0.167578125
0.7673470973968506,508,-0.30937499999999996
0.7690210342407227,509,-1.0828125
0.7704651355743408,510,0.0
0.7718400955200195,511,0.0
0.7731280326843262,512,-0.038671874999999994
0.7757351398468018,513,-0.30937499999999996
0.7777070999145508,514,-0.103125
0.7794840335845947,515,0.0
0.7816579341888428,516,-0.012890625
0.7830660343170166,517,-0.29648437499999997
0.7842590808868408,518,-0.54140625
0.7853920459747314,519,-1.340625
0.7865340709686279,520,0.0
0.7876830101013184,521,-0.0515625
0.7888650894165039,522,-0.02578125
0.7899870872497559,523,-0.193359375
0.7911920547485352,524,-0.103125
0.7926609516143799,525,-0.36093749999999997
0.7941739559173584,526,-0.23203125
0.7957780361175537,527,0.012890625
0.7975261211395264,528,0.0
0.7990050315856934,529,-0.15468749999999998
0.8005011081695557,530,-0.322265625
0.8022079467773438,531,-0.992578125
0.8048410415649414,532,-1.65
0.8064761161804199,533,-0.103125
0.8080589771270752,534,-0.167578125
0.8104150295257568,535,-0.36093749999999997
0.8121500015258789,536,0.038671874999999994
0.8134739398956299,537,-0.012890625
0.8146820068359375,538,-0.02578125
0.8158180713653564,539,-0.322265625
0.8169620037078857,540,-0.33515625
0.818073034286499,541,-0.992578125
0.8191750049591064,542,-1.611328125
0.8203339576721191,543,0.0
0.8215329647064209,544,0.0
0.8230190277099609,545,-0.064453125
0.8246550559997559,546,-0.2578125
0.826179027557373,547,-0.322265625
0.8277831077575684,548,-0.12890625
0.829232931137085,549,-0.012890625
0.8307480812072754,550,0.0
0.8326001167297363,551,-0.15468749999999998
0.8349850177764893,552,-0.29648437499999997
0.8367090225219727,553,-1.4437499999999999
0.83827805519104,554,0.0
0.8403520584106445,555,-0.02578125
0.8420159816741943,556,-0.15468749999999998
0.8433511257171631,557,-0.2578125
0.8445589542388916,558,-0.02578125
0.8457479476928711,559,0.012890625
0.8469009399414062,560,0.0
0.8480110168457031,561,-0.0515625
0.8491189479827881,562,-0.37382812499999996
0.8502249717712402,563,-0.322265625
0.8513500690460205,564,-0.9796874999999999
0.8525819778442383,565,-1.611328125
0.8540599346160889,566,0.0
0.8555450439453125,567,0.0
0.8571829795837402,568,-0.167578125
0.8587419986724854,569,-0.09023437499999999
0.860353946685791,570,-0.2578125
0.8619749546051025,571,0.103125
0.8642230033874512,572,0.0
0.866300106048584,573,-0.02578125
0.8677899837493896,574,-0.29648437499999997
0.869534969329834,575,-1.327734375
0.8716681003570557,576,0.0
0.8731179237365723,577,-0.12890625
0.8743200302124023,578,-0.33515625
0.8755190372467041,579,-0.2578125
0.8767750263214111,580,-0.29648437499999997
0.877953052520752,581,-0.012890625
0.8790719509124756,582,-0.012890625
0.8801670074462891,583,-0.012890625
0.8812580108642578,584,-0.02578125
0.8823521137237549,585,-0.36093749999999997
0.8836159706115723,586,-0.38671875
0.8850760459899902,587,-0.9796874999999999
0.8866031169891357,588,-1.65
0.8881931304931641,589,0.0
0.8897850513458252,590,-0.07734374999999999
0.8912019729614258,591,-0.23203125
0.89280104637146,592,-0.37382812499999996
0.8953239917755127,593,-0.193359375
0.8972189426422119,594,0.012890625
0.8986251354217529,595,-0.064453125
0.9005539417266846,596,-0.29648437499999997
0.9026679992675781,597,-0.8121093749999999
0.9041030406951904,598,0.0
0.9052910804748535,599,-0.02578125
0.9064540863037109,600,-0.18046874999999998
0.9076271057128906,601,-0.15468749999999998
0.9088189601898193,602,-0.103125
0.9099631309509277,603,-0.20625
0.9110960960388184,604,-0.0515625
0.9122121334075928,605,0.0
0.913301944732666,606,-0.012890625
0.914484977722168,607,-0.012890625
0.9159009456634521,608,-0.322265625
0.9175419807434082,609,-0.270703125
0.9191629886627197,610,-1.147265625
0.9208059310913086,611,0.0
0.9222559928894043,612,-0.02578125
0.9236810207366943,613,-0.21914062499999998
0.9263730049133301,614,-0.103125
0.9281599521636963,615,0.02578125
0.9295830726623535,616,-0.012890625
0.9314770698547363,617,-0.012890625
0.9335319995880127,618,-0.2578125
0.934934139251709,619,-0.631640625
0.9362070560455322,620,-1.5726562499999999
0.937391996383667,621,0.0
0.9385190010070801,622,-0.02578125
0.9396519660949707,623,-0.12890625
0.9408121109008789,624,-0.348046875
0.9419429302215576,625,-0.012890625
0.9430561065673828,626,-0.2578125
0.9441530704498291,627,-0.12890625
0.945336103439331,628,0.012890625
0.9467959403991699,629,-0.012890625
0.9482889175415039,630,-0.012890625
0.9499330520629883,631,-0.322265625
0.9515409469604492,632,-0.515625
0.9530849456787109,633,-1.52109375
0.9546029567718506,634,0.0
0.9569449424743652,635,-0.0515625
0.9592480659484863,636,-0.29648437499999997
0.9608080387115479,637,-0.12890625
0.9624381065368652,638,0.012890625
0.964561939239502,639,0.0
0.9661669731140137,640,-0.167578125
0.9674420356750488,641,-0.2578125
0.9686119556427002,642,-1.1214843749999999
0.9697489738464355,643,-1.5726562499999999
0.9708559513092041,644,0.0
0.9720029830932617,645,-0.116015625
0.9731109142303467,646,-0.20625
0.9742429256439209,647,-0.20625
0.9754459857940674,648,-0.103125
0.9769201278686523,649,-0.23203125
0.9783999919891357,650,0.0515625
0.9799449443817139,651,0.0
0.9815869331359863,652,-0.012890625
0.9830930233001709,653,-0.270703125
0.9848790168762207,654,-0.502734375
0.9868600368499756,655,-1.5082031249999999
0.9894430637359619,656,0.0
0.991563081741333,657,-0.2578125
0.9930069446563721,658,-0.193359375
0.9948229789733887,659,-0.038671874999999994
0.9968400001525879,660,0.0
0.9984040260314941,661,-0.012890625
0.9996349811553955,662,-0.2578125
1.0008289813995361,663,-0.43828124999999996
1.0019640922546387,664,-1.2374999999999998
1.0030889511108398,665,-0.5285156249999999
1.0042071342468262,666,0.0
1.0054740905761719,667,-0.12890625
1.0070240497589111,668,-0.167578125
1.0084829330444336,669,-0.07734374999999999
1.010054111480713,670,-0.36093749999999997
1.011693000793457,671,-0.09023437499999999
1.0132191181182861,672,0.0
1.0147650241851807,673,-0.012890625
