time,count,voltage
0.004192829132080078,1,-0.4640625
0.005475044250488281,2,-0.167578125
0.00665283203125,3,-0.21914062499999998
0.0077970027923583984,4,-0.141796875
0.008919000625610352,5,0.012890625
0.010035037994384766,6,-0.02578125
0.011176824569702148,7,-0.20625
0.012482881546020508,8,-0.476953125
0.013968944549560547,9,-0.708984375
0.015437841415405273,10,-1.26328125
0.016862869262695312,11,-0.29648437499999997
0.01825404167175293,12,-0.116015625
0.019533872604370117,13,-0.2578125
0.020747900009155273,14,-0.631640625
0.022020816802978516,15,-0.37382812499999996
0.023187875747680664,16,-0.37382812499999996
0.024324893951416016,17,-0.167578125
0.02544403076171875,18,0.012890625
0.026561975479125977,19,-0.0515625
0.02779388427734375,20,-0.141796875
0.029219865798950195,21,-0.451171875
0.030679941177368164,22,-0.6703125
0.03231501579284668,23,-1.2890625
0.03376483917236328,24,0.0
0.03514695167541504,25,-0.20625
0.03653287887573242,26,-0.20625
0.037869930267333984,27,-0.580078125
0.039285898208618164,28,-0.09023437499999999
0.04159688949584961,29,-0.038671874999999994
0.04359698295593262,30,-0.0515625
0.04499483108520508,31,-0.0515625
0.04677391052246094,32,-0.502734375
0.04871797561645508,33,-0.7734375
0.05004382133483887,34,-1.65
0.05123496055603027,35,-0.2578125
0.05238795280456543,36,-0.2578125
0.05351686477661133,37,-0.322265625
0.05464601516723633,38,-0.7734375
0.05576205253601074,39,-0.37382812499999996
0.05687594413757324,40,-0.30937499999999996
0.058013916015625,41,-0.12890625
0.0591280460357666,42,0.012890625
0.06023883819580078,43,-0.012890625
0.061430931091308594,44,-0.07734374999999999
0.06276702880859375,45,-0.476953125
0.06407904624938965,46,-0.64453125
0.0652768611907959,47,-1.327734375
0.06642985343933105,48,-0.502734375
0.06756281852722168,49,-0.012890625
0.06866884231567383,50,-0.167578125
0.06978893280029297,51,-0.02578125
0.07097601890563965,52,-0.631640625
0.07218289375305176,53,-0.116015625
0.07340002059936523,54,-0.21914062499999998
0.07489299774169922,55,-0.09023437499999999
0.07634687423706055,56,0.0
0.07789301872253418,57,-0.064453125
0.07935595512390137,58,-0.322265625
0.08068585395812988,59,-0.580078125
0.08223700523376465,60,-1.26328125
0.08430004119873047,61,0.0
0.0863809585571289,62,-0.064453125
0.08780097961425781,63,-0.37382812499999996
0.08964681625366211,64,0.0
0.09162402153015137,65,0.09023437499999999
0.09296584129333496,66,0.012890625
0.09414887428283691,67,-0.09023437499999999
0.09530186653137207,68,-0.29648437499999997
0.09643197059631348,69,-0.631640625
0.0975489616394043,70,-0.8121093749999999
0.09866595268249512,71,-1.4953124999999998
0.09978485107421875,72,0.0
0.10094094276428223,73,-0.0515625
0.10219502449035645,74,-0.20625
0.10354804992675781,75,-0.29648437499999997
0.105010986328125,76,-0.28359375
0.10647892951965332,77,-0.33515625
0.10804486274719238,78,-0.193359375
0.10944294929504395,79,0.0
0.11079692840576172,80,-0.02578125
0.11223101615905762,81,-0.270703125
0.11451983451843262,82,-0.6703125
0.11647891998291016,83,-1.340625
0.11796188354492188,84,0.0
0.11949491500854492,85,-0.24492187499999998
0.12148094177246094,86,-0.37382812499999996
0.12324404716491699,87,-0.20625
0.12456297874450684,88,0.09023437499999999
0.12575984001159668,89,-0.012890625
0.12691283226013184,90,-0.012890625
0.12803983688354492,91,-0.09023437499999999
0.12915492057800293,92,-0.54140625
0.1303410530090332,93,-0.708984375
0.13152599334716797,94,-1.2374999999999998
0.13272905349731445,95,-1.65
0.13406896591186523,96,0.0
0.13550686836242676,97,-0.167578125
0.136962890625,98,-0.21914062499999998
0.13844084739685059,99,-0.43828124999999996
0.13979792594909668,100,-0.20625
0.1411750316619873,101,-0.012890625
0.14252090454101562,102,0.012890625
0.1450188159942627,103,-0.02578125
0.14667081832885742,104,-0.28359375
0.14811992645263672,105,-0.7476562499999999
0.1501178741455078,106,-1.5597656249999998
0.15177392959594727,107,-0.103125
0.1530299186706543,108,-0.07734374999999999
0.15419387817382812,109,-0.580078125
0.1553490161895752,110,-0.103125
0.15648102760314941,111,-0.2578125
0.1576099395751953,112,-0.20625
0.15873098373413086,113,0.012890625
0.1598360538482666,114,-0.02578125
0.1610088348388672,115,-0.167578125
0.16214299201965332,116,-0.4125
0.16331982612609863,117,-0.760546875
0.1646578311920166,118,-1.03125
0.1661078929901123,119,-1.65
0.16751790046691895,120,0.0
0.16900181770324707,121,-0.15468749999999998
0.17044901847839355,122,-0.29648437499999997
0.1719379425048828,123,-0.322265625
0.17335295677185059,124,-0.33515625
0.1753690242767334,125,-0.12890625
0.17759394645690918,126,-0.0515625
0.17911100387573242,127,-0.20625
0.18059897422790527,128,-0.502734375
0.18268799781799316,129,-1.16015625
0.18436598777770996,130,-0.012890625
0.1856369972229004,131,-0.20625
0.18680882453918457,132,-0.348046875
0.1879589557647705,133,0.0
0.18907499313354492,134,-0.37382812499999996
0.1901988983154297,135,-0.2578125
0.19144201278686523,136,-0.103125
0.19257092475891113,137,0.0
0.19375300407409668,138,-0.038671874999999994
0.19511699676513672,139,-0.18046874999999998
0.19659805297851562,140,-0.64453125
0.19803690910339355,141,-0.837890625
0.1995849609375,142,-1.65
0.20105504989624023,143,0.0
0.20247101783752441,144,-0.20625
0.20391392707824707,145,-0.37382812499999996
0.20573687553405762,146,-0.4640625
0.20813393592834473,147,-0.399609375
0.20970702171325684,148,-0.012890625
0.21120691299438477,149,-0.09023437499999999
0.21314287185668945,150,-0.37382812499999996
0.2149488925933838,151,-0.580078125
0.21628785133361816,152,-1.65
0.21746587753295898,153,0.0
0.21860384941101074,154,-0.21914062499999998
0.21974992752075195,155,-0.167578125
0.22093892097473145,156,-0.631640625
0.22208595275878906,157,-0.09023437499999999
0.22321701049804688,158,-0.20625
0.22441983222961426,159,-0.116015625
0.22579693794250488,160,0.012890625
0.22727084159851074,161,-0.012890625
0.22869181632995605,162,-0.12890625
0.23024296760559082,163,-0.54140625
0.23179292678833008,164,-1.03125
0.23325204849243164,165,-1.65
0.23465991020202637,166,-0.116015625
0.23645496368408203,167,-0.399609375
0.23877882957458496,168,-0.42539062499999997
0.24042081832885742,169,-0.09023437499999999
0.24188995361328125,170,0.24492187499999998
0.24382400512695312,171,-0.012890625
0.24565792083740234,172,-0.103125
0.24698305130004883,173,-0.502734375
0.2481708526611328,174,-1.095703125
0.24930286407470703,175,-1.65
0.2504298686981201,176,-0.064453125
0.25158095359802246,177,-0.103125
0.2526969909667969,178,-0.29648437499999997
0.25382184982299805,179,-0.451171875
0.255018949508667,180,-0.36093749999999997
0.25636887550354004,181,-0.36093749999999997
0.25786900520324707,182,-0.193359375
0.2593109607696533,183,0.0
0.2609069347381592,184,-0.02578125
0.26244497299194336,185,-0.270703125
0.263934850692749,186,-0.580078125
0.26539087295532227,187,-1.2374999999999998
0.26673388481140137,188,-0.012890625
0.26893091201782227,189,-0.18046874999999998
0.27100682258605957,190,-0.116015625
0.27251100540161133,191,-0.12890625
0.27414703369140625,192,-0.012890625
0.27614498138427734,193,0.012890625
0.27774882316589355,194,-0.012890625
0.2790260314941406,195,-0.33515625
0.2801978588104248,196,-0.605859375
0.2814149856567383,197,-1.134375
0.2825629711151123,198,-1.65
0.283689022064209,199,0.0
0.28480005264282227,200,0.0
0.2859840393066406,201,-0.270703125
0.28734493255615234,202,-0.4640625
0.28882288932800293,203,-0.30937499999999996
0.2902958393096924,204,-0.2578125
0.2918870449066162,205,0.038671874999999994
0.29335498809814453,206,-0.064453125
0.294766902923584,207,-0.064453125
0.2960679531097412,208,-0.502734375
0.29833292961120605,209,-0.5671875
0.30029892921447754,210,-1.546875
0.3017458915710449,211,-0.18046874999999998
0.30327892303466797,212,-0.141796875
0.30522584915161133,213,-0.580078125
0.30695605278015137,214,-0.167578125
0.30824899673461914,215,0.24492187499999998
0.30942201614379883,216,-0.012890625
0.31057095527648926,217,-0.0515625
0.31172704696655273,218,-0.20625
