time,count,voltage
0.08238601684570312,1,-0.928125
0.08371186256408691,2,-0.29648437499999997
0.08493900299072266,3,-0.322265625
0.08620595932006836,4,-0.23203125
0.08755087852478027,5,0.0
0.08868789672851562,6,-0.012890625
0.08987188339233398,7,-0.038671874999999994
0.0912330150604248,8,-0.2578125
0.09239387512207031,9,-0.43828124999999996
0.09350800514221191,10,-1.00546875
0.09465384483337402,11,-1.5984375
0.09578680992126465,12,0.0
0.09707999229431152,13,-0.02578125
0.0981898307800293,14,-0.09023437499999999
0.09952688217163086,15,-0.322265625
0.10095882415771484,16,-0.141796875
0.10215497016906738,17,-0.29648437499999997
0.1032559871673584,18,-0.103125
0.10437488555908203,19,0.0
0.10545182228088379,20,-0.012890625
0.10666894912719727,21,-0.0515625
0.1077578067779541,22,-0.33515625
0.10882902145385742,23,-0.4125
0.10992693901062012,24,-0.9152343749999999
0.11113095283508301,25,-1.4953124999999998
0.11249399185180664,26,0.0
0.11361289024353027,27,-0.038671874999999994
0.11477494239807129,28,-0.064453125
0.11612892150878906,29,-0.399609375
0.11724996566772461,30,-0.15468749999999998
0.11834597587585449,31,-0.4125
0.11956095695495605,32,-0.322265625
0.12114191055297852,33,0.012890625
0.12260079383850098,34,0.012890625
0.1240839958190918,35,-0.064453125
0.1255018711090088,36,-0.4125
0.1269538402557373,37,-0.7734375
0.12856292724609375,38,-1.5597656249999998
0.1300508975982666,39,0.0
0.1315159797668457,40,-0.167578125
0.1329188346862793,41,-0.399609375
0.1344609260559082,42,-0.15468749999999998
0.1359109878540039,43,-0.2578125
0.1373579502105713,44,0.09023437499999999
0.13910293579101562,45,0.012890625
0.1415719985961914,46,-0.02578125
0.14307880401611328,47,-0.28359375
0.144927978515625,48,-1.147265625
0.14689302444458008,49,-0.064453125
0.14819002151489258,50,-0.103125
0.14934992790222168,51,-0.37382812499999996
0.1505298614501953,52,-0.20625
0.15164995193481445,53,-0.42539062499999997
0.15276098251342773,54,-0.348046875
0.15385079383850098,55,0.0
0.15492486953735352,56,-0.012890625
0.156005859375,57,-0.0515625
0.1570909023284912,58,-0.103125
0.15820002555847168,59,-0.43828124999999996
0.1592998504638672,60,-0.515625
0.16043901443481445,61,-1.16015625
0.16152501106262207,62,-1.65
0.16262197494506836,63,0.0
0.16377592086791992,64,-0.141796875
0.1650679111480713,65,-0.15468749999999998
0.1665198802947998,66,-0.33515625
0.16792082786560059,67,-0.15468749999999998
0.16955089569091797,68,-0.12890625
0.1711428165435791,69,0.012890625
0.1726229190826416,70,-0.012890625
0.17397379875183105,71,-0.0515625
0.1767559051513672,72,-0.33515625
0.17854785919189453,73,-0.9796874999999999
0.18000102043151855,74,0.0
0.18181490898132324,75,-0.29648437499999997
0.18381500244140625,76,-0.270703125
0.18520379066467285,77,-0.20625
0.18636298179626465,78,-0.0515625
0.18747591972351074,79,0.0
0.1885669231414795,80,-0.012890625
0.18995094299316406,81,-0.0515625
0.19121193885803223,82,-0.270703125
0.1923677921295166,83,-0.37382812499999996
0.1934969425201416,84,-0.9796874999999999
0.19470500946044922,85,-1.5984375
0.19607996940612793,86,0.0
0.19750499725341797,87,-0.116015625
0.19910883903503418,88,-0.0515625
0.2007448673248291,89,-0.167578125
0.202164888381958,90,-0.399609375
0.20358800888061523,91,-0.103125
0.20496797561645508,92,0.012890625
0.20771193504333496,93,-0.02578125
0.20939302444458008,94,-0.270703125
0.2108290195465088,95,-0.992578125
0.21269488334655762,96,-1.3664062499999998
0.21456384658813477,97,-0.02578125
0.2159438133239746,98,-0.21914062499999998
0.21712779998779297,99,-0.103125
0.21825098991394043,100,-0.399609375
0.21935796737670898,101,-0.29648437499999997
0.22048687934875488,102,0.0
0.2215719223022461,103,0.0
0.22267484664916992,104,-0.02578125
0.22377681732177734,105,-0.12890625
0.22495388984680176,106,-0.476953125
0.2263469696044922,107,-0.5671875
0.22782492637634277,108,-1.3019531249999998
0.22933197021484375,109,-0.07734374999999999
0.2309868335723877,110,-0.103125
0.23250484466552734,111,-0.167578125
0.2339458465576172,112,-0.23203125
0.23552799224853516,113,-0.38671875
0.2380678653717041,114,-0.167578125
0.23981380462646484,115,-0.012890625
0.2412869930267334,116,-0.20625
0.2433478832244873,117,-0.4125
0.2451000213623047,118,-1.2374999999999998
0.24640798568725586,119,0.0
0.24760079383850098,120,-0.20625
0.24872589111328125,121,-0.20625
0.24990296363830566,122,-0.270703125
0.25101494789123535,123,-0.322265625
0.25211596488952637,124,-0.399609375
0.25322699546813965,125,-0.20625
0.25431299209594727,126,0.0
0.2554938793182373,127,-0.012890625
0.25690388679504395,128,-0.02578125
0.2584068775177002,129,-0.322265625
0.2600078582763672,130,-0.502734375
0.26152491569519043,131,-1.327734375
0.2629668712615967,132,0.012890625
0.26442790031433105,133,-0.103125
0.26585984230041504,134,-0.20625
0.2683119773864746,135,-0.167578125
0.27016592025756836,136,-0.167578125
0.2716348171234131,137,0.0
0.2735269069671631,138,-0.07734374999999999
0.27544379234313965,139,-0.24492187499999998
0.2767918109893799,140,-0.605859375
0.2779548168182373,141,-1.456640625
0.2791719436645508,142,0.012890625
0.28037285804748535,143,-0.09023437499999999
0.2815108299255371,144,-0.167578125
0.282606840133667,145,-0.399609375
0.28368496894836426,146,-0.15468749999999998
0.2847738265991211,147,-0.4640625
0.28592395782470703,148,-0.37382812499999996
0.28741979598999023,149,0.012890625
0.28918886184692383,150,0.0
0.29080796241760254,151,-0.07734374999999999
0.29229283332824707,152,-0.4125
0.2937037944793701,153,-0.8507812499999999
0.29517698287963867,154,-1.611328125
0.297137975692749,155,0.0
0.2994987964630127,156,-0.193359375
0.301088809967041,157,-0.167578125
0.3025989532470703,158,-0.193359375
0.30469679832458496,159,0.064453125
0.30633091926574707,160,0.0
0.30762791633605957,161,-0.21914062499999998
0.3087928295135498,162,-0.4125
0.3099348545074463,163,-0.8765624999999999
0.3111228942871094,164,-1.4953124999999998
0.3122539520263672,165,0.0
0.31336379051208496,166,-0.02578125
0.31444883346557617,167,-0.167578125
0.31553196907043457,168,-0.28359375
0.3166768550872803,169,-0.29648437499999997
0.3180978298187256,170,-0.322265625
0.31965184211730957,171,-0.30937499999999996
0.32135486602783203,172,0.0
0.3228418827056885,173,-0.02578125
0.32427191734313965,174,-0.12890625
0.3256359100341797,175,-0.43828124999999996
0.3279898166656494,176,-0.928125
0.33011484146118164,177,-1.6242187499999998
0.331514835357666,178,-0.2578125
0.3332200050354004,179,-0.37382812499999996
0.3352968692779541,180,-0.141796875
0.33673596382141113,181,0.15468749999999998
0.3379249572753906,182,0.012890625
0.33907580375671387,183,-0.02578125
0.3402090072631836,184,-0.064453125
0.34131789207458496,185,-0.37382812499999996
0.34241580963134766,186,-0.43828124999999996
0.34355783462524414,187,-1.0828125
0.3446779251098633,188,-1.6371093749999999
0.34576988220214844,189,0.0
0.34691691398620605,190,-0.02578125
0.34827399253845215,191,-0.167578125
0.3497188091278076,192,-0.29648437499999997
0.3514828681945801,193,-0.116015625
0.35310888290405273,194,-0.103125
0.3545398712158203,195,0.0
0.35588979721069336,196,-0.012890625
0.35829782485961914,197,-0.09023437499999999
0.3602638244628906,198,-0.348046875
0.36168599128723145,199,-1.405078125
0.3634629249572754,200,0.0
0.36543798446655273,201,-0.167578125
0.3668549060821533,202,-0.2578125
0.36810779571533203,203,-0.23203125
0.369243860244751,204,-0.20625
0.3704519271850586,205,-0.012890625
0.3715689182281494,206,0.012890625
0.3726639747619629,207,-0.012890625
0.37375497817993164,208,-0.167578125
0.37484288215637207,209,-0.4640625
0.3759758472442627,210,-0.5285156249999999
0.3771688938140869,211,-1.224609375
0.3785560131072998,212,-1.65
0.38004493713378906,213,0.0
0.381544828414917,214,-0.103125
0.38308191299438477,215,-0.399609375
0.3844749927520752,216,-0.103125
0.3859388828277588,217,-0.167578125
0.3880329132080078,218,0.012890625
0.3902609348297119,219,-0.012890625
0.3917708396911621,220,-0.30937499999999996
0.39342784881591797,221,-0.580078125
0.39542102813720703,222,-1.405078125
0.39740800857543945,223,0.0
0.39898085594177246,224,-0.15468749999999998
0.40023183822631836,225,-0.20625
0.40140700340270996,226,-0.270703125
0.40256285667419434,227,-0.2578125
0.40370798110961914,228,0.0
0.4048027992248535,229,-0.012890625
0.4058868885040283,230,-0.0515625
0.4069960117340088,231,-0.103125
0.408214807510376,232,-0.451171875
0.40964698791503906,233,-0.580078125
0.4111909866333008,234,-1.3148437499999999
0.41273999214172363,235,0.0
0.414287805557251,236,-0.0515625
0.41573500633239746,237,-0.12890625
0.41710901260375977,238,-0.20625
0.41951489448547363,239,-0.42539062499999997
0.42148399353027344,240,0.038671874999999994
0.42292094230651855,241,-0.02578125
0.42473888397216797,242,-0.193359375
0.4267098903656006,243,-0.4125
0.4280998706817627,244,-1.340625
0.4292879104614258,245,0.012890625
0.4304509162902832,246,-0.0515625
0.4316129684448242,247,-0.15468749999999998
0.43273496627807617,248,-0.29648437499999997
0.4338529109954834,249,-0.20625
0.43498897552490234,250,-0.37382812499999996
0.4360837936401367,251,-0.270703125
0.43717288970947266,252,0.012890625
0.43834996223449707,253,0.0
0.4398369789123535,254,-0.09023437499999999
0.44135093688964844,255,-0.2578125
0.44289398193359375,256,-0.37382812499999996
0.44435596466064453,257,-1.147265625
0.44571781158447266,258,0.0
0.4471437931060791,259,-0.02578125
0.44962096214294434,260,-0.12890625
0.45154786109924316,261,-0.116015625
0.4530038833618164,262,0.012890625
0.45481300354003906,263,0.0
0.4568209648132324,264,-0.012890625
0.4581778049468994,265,-0.270703125
0.45935797691345215,266,-0.4125
0.46051502227783203,267,-1.16015625
0.46162986755371094,268,-1.65
0.46276402473449707,269,0.0
0.4638948440551758,270,-0.103125
0.46503281593322754,271,-0.167578125
0.4661598205566406,272,-0.29648437499999997
0.4672558307647705,273,-0.12890625
0.46842479705810547,274,-0.36093749999999997
0.4698808193206787,275,-0.23203125
0.47145795822143555,276,0.012890625
0.4730520248413086,277,-0.02578125
0.4745140075683594,278,-0.20625
0.47588181495666504,279,-0.42539062499999997
0.4772520065307617,280,-1.0570312499999999
0.47932887077331543,281,-1.65
0.4817469120025635,282,0.012890625
0.48328089714050293,283,-0.29648437499999997
0.48490190505981445,284,-0.36093749999999997
0.487001895904541,285,-0.23203125
0.4885690212249756,286,0.0
0.48984289169311523,287,-0.02578125
0.49102282524108887,288,-0.28359375
0.49214792251586914,289,-0.4640625
0.49324989318847656,290,-0.95390625
0.49434685707092285,291,-1.5597656249999998
0.4954819679260254,292,0.0
0.4967617988586426,293,-0.141796875
0.4979088306427002,294,-0.141796875
0.4991168975830078,295,-0.36093749999999997
0.5005528926849365,296,-0.21914062499999998
0.5020170211791992,297,-0.43828124999999996
0.5037119388580322,298,-0.141796875
0.5051989555358887,299,0.0
0.506598949432373,300,-0.0515625
0.508091926574707,301,-0.2578125
0.5099639892578125,302,-0.37382812499999996
0.512610912322998,303,-1.147265625
0.5141499042510986,304,-0.0515625
0.5158529281616211,305,-0.167578125
0.5178148746490479,306,-0.18046874999999998
0.5195598602294922,307,-0.270703125
0.5209369659423828,308,0.0
0.5220839977264404,309,0.0
0.5231988430023193,310,-0.02578125
0.5242919921875,311,-0.30937499999999996
0.5253980159759521,312,-0.4125
0.5264890193939209,313,-0.928125
0.5276048183441162,314,-1.5082031249999999
0.5287008285522461,315,-0.0515625
0.5299198627471924,316,-0.064453125
0.5313479900360107,317,-0.18046874999999998
0.53277587890625,318,-0.37382812499999996
0.5343749523162842,319,-0.15468749999999998
0.5359640121459961,320,-0.28359375
0.5374088287353516,321,0.0
0.5388069152832031,322,0.0
0.5412979125976562,323,-0.02578125
0.5432260036468506,324,-0.2578125
0.5446968078613281,325,-1.2503906249999999
0.5466217994689941,326,0.0
0.5485458374023438,327,-0.07734374999999999
0.5500068664550781,328,-0.33515625
0.5513088703155518,329,-0.36093749999999997
0.5525169372558594,330,-0.23203125
0.553642988204956,331,-0.012890625
0.5547418594360352,332,-0.012890625
0.555823802947998,333,-0.02578125
0.5569088459014893,334,-0.12890625
0.5579929351806641,335,-0.43828124999999996
0.5595359802246094,336,-0.4640625
0.5609269142150879,337,-1.1214843749999999
0.5623509883880615,338,0.0
0.5643398761749268,339,-0.116015625
0.5655179023742676,340,-0.2578125
0.5666699409484863,341,-0.20625
0.5681068897247314,342,-0.2578125
0.5696008205413818,343,-0.21914062499999998
0.5712199211120605,344,0.012890625
0.5726509094238281,345,-0.012890625
0.5739970207214355,346,-0.09023437499999999
0.5810079574584961,347,-0.4125
0.5836539268493652,348,-1.3664062499999998
0.5855448246002197,349,-0.4125
0.586871862411499,350,0.12890625
0.5887629985809326,351,0.0
0.5899949073791504,352,-0.02578125
0.5982789993286133,353,-0.322265625
0.6006629467010498,354,-0.4125
0.6032729148864746,355,-0.28359375
0.6055378913879395,356,0.012890625
0.608320951461792,357,-0.038671874999999994
0.6112008094787598,358,-0.30937499999999996
0.6124749183654785,359,0.0
0.6136050224304199,360,-0.0515625
0.614736795425415,361,-0.09023437499999999
0.6158478260040283,362,-0.322265625
0.6169588565826416,363,-0.12890625
0.6180388927459717,364,-0.4125
0.619114875793457,365,-0.37382812499999996
0.6202709674835205,366,0.0
0.6214749813079834,367,0.012890625
0.6229448318481445,368,-0.0515625
0.6244029998779297,369,-0.21914062499999998
0.631011962890625,370,-0.37382812499999996
0.6325139999389648,371,-0.4640625
0.6338958740234375,372,-0.15468749999999998
0.6352849006652832,373,-0.4125
0.6366918087005615,374,-0.116015625
0.6380460262298584,375,0.012890625
0.6394388675689697,376,-0.012890625
0.6409568786621094,377,-0.193359375
0.6428968906402588,378,-0.43828124999999996
0.6456069946289062,379,-1.00546875
0.6481938362121582,380,-0.02578125
0.6556398868560791,381,-0.24492187499999998
0.6577699184417725,382,-0.36093749999999997
0.6595568656921387,383,-0.348046875
0.6614220142364502,384,-1.044140625
0.6629970073699951,385,-0.12890625
0.6645028591156006,386,-0.07734374999999999
0.6660268306732178,387,-0.2578125
0.6675360202789307,388,-0.20625
0.6690349578857422,389,-0.37382812499999996
0.6708128452301025,390,-0.0515625
0.6727018356323242,391,0.012890625
0.6748809814453125,392,-0.02578125
0.6771337985992432,393,-0.322265625
0.6804208755493164,394,-1.2890625
0.6902058124542236,395,-0.0515625
0.692436933517456,396,-0.15468749999999998
0.6949758529663086,397,-0.43828124999999996
0.6979479789733887,398,-1.5597656249999998
0.6999719142913818,399,-0.30937499999999996
0.7028388977050781,400,-0.141796875
0.7046549320220947,401,0.322265625
0.7062978744506836,402,-0.02578125
0.7080299854278564,403,-0.167578125
0.7098870277404785,404,-0.33515625
0.7125539779663086,405,-1.16015625
0.7195658683776855,406,0.0
0.7214069366455078,407,0.0
0.7230288982391357,408,-0.012890625
0.7246878147125244,409,-0.193359375
0.7262439727783203,410,-0.36093749999999997
0.7277998924255371,411,-1.134375
0.7294368743896484,412,-0.0515625
0.7312319278717041,413,-0.0515625
0.7328839302062988,414,-0.20625
0.7344658374786377,415,-0.193359375
0.7361958026885986,416,-0.21914062499999998
0.7377719879150391,417,0.0
0.7394199371337891,418,0.0
0.7409908771514893,419,-0.064453125
0.7491028308868408,420,-0.4125
0.7511839866638184,421,-0.992578125
0.7544779777526855,422,-0.476953125
0.7563159465789795,423,0.0
0.7580409049987793,424,-0.193359375
0.7598938941955566,425,-0.37382812499999996
0.7618198394775391,426,-1.224609375
0.7641468048095703,427,0.0
0.766960859298706,428,-0.15468749999999998
0.7697298526763916,429,-0.37382812499999996
0.7717099189758301,430,0.0
0.7738368511199951,431,-0.0515625
0.7753238677978516,432,-0.270703125
0.7767548561096191,433,-0.7218749999999999
0.778127908706665,434,-1.4953124999999998
0.7795159816741943,435,0.0
0.781080961227417,436,-0.15468749999999998
0.7824978828430176,437,-0.270703125
0.7838668823242188,438,-0.20625
0.7853238582611084,439,-0.399609375
0.7867119312286377,440,-0.116015625
0.7879059314727783,441,0.012890625
0.7889888286590576,442,-0.02578125
0.7901089191436768,443,-0.064453125
