time,count,voltage
0.004225015640258789,1,-0.43828124999999996
0.0055348873138427734,2,-1.2890625
0.006736040115356445,3,-1.65
0.007880926132202148,4,-0.322265625
0.0090179443359375,5,-0.708984375
0.010143041610717773,6,-0.270703125
0.011276960372924805,7,-0.167578125
0.01260685920715332,8,-0.4640625
0.014077901840209961,9,-0.399609375
0.015547990798950195,10,-0.012890625
0.01702284812927246,11,-0.064453125
0.018398046493530273,12,-0.33515625
0.01969289779663086,13,-0.54140625
0.020871877670288086,14,-0.928125
0.022131919860839844,15,-1.4953124999999998
0.023293018341064453,16,-0.322265625
0.024422883987426758,17,-0.23203125
0.02555704116821289,18,-0.54140625
0.026669025421142578,19,-0.43828124999999996
0.02795886993408203,20,-0.15468749999999998
0.029413938522338867,21,-0.42539062499999997
0.030897855758666992,22,-0.20625
0.0325169563293457,23,-0.012890625
0.03406405448913574,24,-0.09023437499999999
0.035449981689453125,25,-0.37382812499999996
0.036813974380493164,26,-0.476953125
0.0381929874420166,27,-1.03125
0.039700984954833984,28,-1.65
0.042378902435302734,29,-0.270703125
0.04415702819824219,30,-0.23203125
0.04557204246520996,31,-0.29648437499999997
0.047544002532958984,32,-0.23203125
0.04928898811340332,33,-0.0515625
0.05055999755859375,34,-0.15468749999999998
0.051753997802734375,35,-0.36093749999999997
0.05290389060974121,36,-0.5285156249999999
0.05406308174133301,37,-0.837890625
0.055191993713378906,38,-1.4308593749999998
0.056307077407836914,39,-0.6703125
0.05742788314819336,40,-0.29648437499999997
0.05853700637817383,41,-0.4640625
0.05963587760925293,42,-0.270703125
0.060751914978027344,43,-0.2578125
0.06189894676208496,44,-0.36093749999999997
0.06302285194396973,45,-0.451171875
0.06412291526794434,46,-0.30937499999999996
0.06523394584655762,47,-0.064453125
0.06633901596069336,48,-0.09023437499999999
0.06744599342346191,49,-0.322265625
0.06854104995727539,50,-0.54140625
0.06964492797851562,51,-0.64453125
0.0707559585571289,52,-0.992578125
0.07188105583190918,53,-1.533984375
0.07309508323669434,54,-0.2578125
0.07439398765563965,55,-0.24492187499999998
0.07586407661437988,56,-0.554296875
0.07732486724853516,57,-0.29648437499999997
0.07894206047058105,58,-0.103125
0.08039402961730957,59,-0.12890625
0.08187484741210938,60,0.038671874999999994
0.08353805541992188,61,-0.0515625
0.08602690696716309,62,-0.28359375
0.08770394325256348,63,-0.4125
0.08912086486816406,64,-1.353515625
0.09068799018859863,65,-0.42539062499999997
0.09277105331420898,66,-0.37382812499999996
0.09448695182800293,67,-0.21914062499999998
0.09578800201416016,68,-0.30937499999999996
0.09697198867797852,69,-0.30937499999999996
0.09811902046203613,70,-0.167578125
0.09925389289855957,71,-0.0515625
0.10037088394165039,72,-0.30937499999999996
0.10160303115844727,73,-0.54140625
0.10275697708129883,74,-0.6703125
0.10397601127624512,75,-0.8765624999999999
0.10540199279785156,76,-1.4308593749999998
0.10688185691833496,77,-0.09023437499999999
0.10844087600708008,78,-0.2578125
0.11003589630126953,79,-0.322265625
0.11152887344360352,80,-0.21914062499999998
0.11300086975097656,81,-0.4125
0.11444306373596191,82,-0.20625
0.11673188209533691,83,-0.07734374999999999
0.11874008178710938,84,-0.167578125
0.12018394470214844,85,-0.4125
0.12177491188049316,86,-1.03125
0.1237790584564209,87,-1.65
0.12540006637573242,88,-0.270703125
0.12669801712036133,89,-0.30937499999999996
0.12787604331970215,90,-0.167578125
0.1290280818939209,91,-0.43828124999999996
0.1301560401916504,92,-0.4640625
0.1312868595123291,93,-0.2578125
0.1324610710144043,94,-0.0515625
0.13365793228149414,95,-0.18046874999999998
0.13490605354309082,96,-0.38671875
0.13633298873901367,97,-0.631640625
0.13779687881469727,98,-0.863671875
0.13933706283569336,99,-1.6371093749999999
0.14093494415283203,100,-0.167578125
0.1425459384918213,101,-0.42539062499999997
0.14400887489318848,102,-0.322265625
0.14564299583435059,103,-0.09023437499999999
0.14809703826904297,104,-0.30937499999999996
0.1497359275817871,105,-0.012890625
0.15123295783996582,106,-0.23203125
0.1530919075012207,107,-0.4640625
0.1549849510192871,108,-0.708984375
0.156358003616333,109,-1.65
0.15758299827575684,110,-0.30937499999999996
0.15876007080078125,111,-0.554296875
0.15988492965698242,112,-0.30937499999999996
0.1610109806060791,113,-0.322265625
0.16222095489501953,114,-0.270703125
0.16333889961242676,115,-0.322265625
0.1644458770751953,116,-0.20625
0.16565704345703125,117,-0.064453125
0.16708588600158691,118,-0.167578125
0.16855096817016602,119,-0.4125
0.170090913772583,120,-0.580078125
0.17165303230285645,121,-1.095703125
0.1731128692626953,122,-1.65
0.17453408241271973,123,-0.29648437499999997
0.17644906044006348,124,-0.476953125
0.17868494987487793,125,-0.270703125
0.18011903762817383,126,-0.2578125
0.1819319725036621,127,-0.038671874999999994
0.18393492698669434,128,-0.038671874999999994
0.18540287017822266,129,-0.29648437499999997
0.18661093711853027,130,-0.37382812499999996
0.18776607513427734,131,-0.966796875
0.18891191482543945,132,-1.546875
0.19005703926086426,133,-0.30937499999999996
0.19121885299682617,134,-0.33515625
0.19234299659729004,135,-0.54140625
0.19346094131469727,136,-0.36093749999999997
0.1945810317993164,137,-0.012890625
0.1957850456237793,138,-0.42539062499999997
0.19719696044921875,139,-0.36093749999999997
0.1986689567565918,140,-0.09023437499999999
0.20025300979614258,141,-0.103125
0.20189690589904785,142,-0.36093749999999997
0.20329499244689941,143,-0.580078125
0.2047269344329834,144,-1.044140625
0.2062849998474121,145,-1.65
0.20881891250610352,146,-0.193359375
0.21046185493469238,147,-0.21914062499999998
0.2119159698486328,148,-0.038671874999999994
0.21378588676452637,149,-0.20625
0.21569490432739258,150,0.038671874999999994
0.21712303161621094,151,-0.09023437499999999
0.21832489967346191,152,-0.322265625
0.21947288513183594,153,-0.5285156249999999
0.22060799598693848,154,-0.7863281249999999
0.22181296348571777,155,-1.3921875
0.22295689582824707,156,-0.37382812499999996
0.2241499423980713,157,-0.28359375
0.22530388832092285,158,-0.399609375
0.22657108306884766,159,-0.4125
0.2277219295501709,160,-0.21914062499999998
0.2288360595703125,161,-0.322265625
0.22999191284179688,162,-0.37382812499999996
0.23132586479187012,163,-0.24492187499999998
0.2328028678894043,164,-0.103125
0.23430395126342773,165,-0.24492187499999998
0.23604393005371094,166,-0.4640625
0.23764491081237793,167,-0.6703125
0.23915505409240723,168,-1.4953124999999998
0.24111294746398926,169,-0.20625
0.24349308013916016,170,-0.37382812499999996
0.2450108528137207,171,-0.167578125
0.24682188034057617,172,-0.37382812499999996
0.24880504608154297,173,-0.116015625
0.2501499652862549,174,-0.064453125
0.2513399124145508,175,-0.270703125
0.25248193740844727,176,-0.515625
0.25363707542419434,177,-0.631640625
0.25476503372192383,178,-1.26328125
0.2558739185333252,179,-1.65
0.2570819854736328,180,-0.167578125
0.25849390029907227,181,-0.30937499999999996
0.2599499225616455,182,-0.322265625
0.262225866317749,183,-0.15468749999999998
0.26423096656799316,184,-0.37382812499999996
0.2658860683441162,185,0.012890625
0.2687380313873291,186,-0.116015625
0.27054691314697266,187,-0.399609375
0.27269887924194336,188,-1.147265625
0.2747468948364258,189,-0.95390625
0.2761960029602051,190,-0.4640625
0.27748990058898926,191,-0.30937499999999996
0.2787899971008301,192,-0.36093749999999997
0.2800459861755371,193,-0.37382812499999996
0.2813758850097656,194,-0.20625
0.28263306617736816,195,-0.02578125
0.2838749885559082,196,-0.193359375
0.2851228713989258,197,-0.4640625
0.29123902320861816,198,-0.605859375
0.2933380603790283,199,-0.95390625
0.29526305198669434,200,-0.33515625
0.2976350784301758,201,-0.42539062499999997
0.29993104934692383,202,-0.141796875
0.3018300533294678,203,-0.167578125
0.3041870594024658,204,-0.4640625
0.30579304695129395,205,-1.134375
0.3071248531341553,206,-0.37382812499999996
0.30840396881103516,207,-0.30937499999999996
0.3096749782562256,208,-0.2578125
0.31093287467956543,209,-0.322265625
0.3128390312194824,210,-0.37382812499999996
0.3141660690307617,211,-0.167578125
0.315432071685791,212,-0.103125
0.32128286361694336,213,-0.09023437499999999
0.32341694831848145,214,-0.28359375
0.3252859115600586,215,-0.4125
0.327862024307251,216,-0.12890625
0.330258846282959,217,-0.2578125
0.33231306076049805,218,0.2578125
0.3346080780029297,219,-0.07734374999999999
0.3361029624938965,220,-0.322265625
0.33747291564941406,221,-0.5285156249999999
0.33879804611206055,222,-1.2890625
0.3400609493255615,223,-0.4640625
0.34133386611938477,224,-0.28359375
0.3426070213317871,225,-0.8121093749999999
0.3438589572906494,226,-0.270703125
0.3451049327850342,227,-0.141796875
0.3463408946990967,228,-0.28359375
0.352294921875,229,-0.20625
0.3544340133666992,230,-0.02578125
0.35626697540283203,231,-1.0570312499999999
0.35846900939941406,232,-1.0828125
0.3611149787902832,233,-0.502734375
0.36310791969299316,234,-0.21914062499999998
0.36544084548950195,235,0.12890625
0.36712098121643066,236,-0.0515625
0.3684539794921875,237,-0.270703125
0.36974096298217773,238,-0.4640625
0.37099695205688477,239,-0.889453125
0.3723890781402588,240,-1.533984375
0.3736610412597656,241,-0.15468749999999998
0.37493205070495605,242,-0.2578125
0.3761780261993408,243,-0.29648437499999997
0.37742090225219727,244,-0.322265625
0.3834068775177002,245,-0.36093749999999997
0.3855478763580322,246,-0.502734375
0.3874058723449707,247,-0.29648437499999997
0.3897089958190918,248,-0.992578125
0.3922560214996338,249,-1.2890625
0.3940908908843994,250,-0.322265625
0.396435022354126,251,-0.141796875
0.3981008529663086,252,0.012890625
0.39945507049560547,253,-0.0515625
0.40073204040527344,254,-0.23203125
0.40202784538269043,255,-0.42539062499999997
0.4032878875732422,256,-0.5671875
0.40453600883483887,257,-1.0570312499999999
0.4057960510253906,258,-1.65
0.40703892707824707,259,-0.09023437499999999
0.40827298164367676,260,-0.33515625
0.4141349792480469,261,-0.2578125
0.4162099361419678,262,-0.270703125
0.4180569648742676,263,-0.167578125
0.42048096656799316,264,-0.4125
0.42296695709228516,265,-0.6832031249999999
0.42486000061035156,266,-0.322265625
0.4271829128265381,267,-0.515625
0.4287600517272949,268,-0.18046874999999998
0.4301340579986572,269,-0.193359375
0.43143606185913086,270,-0.12890625
0.4327099323272705,271,-0.038671874999999994
0.4339718818664551,272,-0.23203125
0.43520188331604004,273,-0.4640625
0.4365549087524414,274,-0.5671875
0.43789005279541016,275,-1.03125
0.43917107582092285,276,-1.6371093749999999
0.445220947265625,277,-0.103125
0.4475209712982178,278,-0.322265625
0.44948792457580566,279,0.4125
0.4522440433502197,280,-0.116015625
0.45427489280700684,281,-0.4125
0.4561798572540283,282,-1.224609375
0.45841002464294434,283,-0.54140625
0.45990896224975586,284,-0.322265625
0.4613170623779297,285,-0.21914062499999998
0.46336984634399414,286,-0.6703125
0.46479296684265137,287,-0.116015625
0.46615099906921387,288,-0.07734374999999999
0.4675309658050537,289,-0.20625
0.46889495849609375,290,-0.4640625
0.4702730178833008,291,-0.451171875
0.47184085845947266,292,-1.16015625
0.4735300540924072,293,-1.5597656249999998
0.47527289390563965,294,-0.30937499999999996
0.4769918918609619,295,-0.322265625
0.47873592376708984,296,-0.18046874999999998
0.48050498962402344,297,-0.167578125
0.48235201835632324,298,0.038671874999999994
0.48409605026245117,299,-0.103125
0.48587584495544434,300,-0.348046875
0.4880239963531494,301,-0.43828124999999996
0.4908599853515625,302,-1.3019531249999998
0.49286603927612305,303,-0.38671875
0.49463391304016113,304,-0.270703125
0.4969370365142822,305,-0.21914062499999998
0.49904704093933105,306,0.103125
0.5005998611450195,307,-0.103125
0.5021560192108154,308,-0.36093749999999997
0.5039229393005371,309,-0.4125
0.5056619644165039,310,-1.198828125
0.5074620246887207,311,-0.28359375
0.5093748569488525,312,-0.37382812499999996
0.5113599300384521,313,-0.21914062499999998
0.5132520198822021,314,-0.23203125
0.5150258541107178,315,0.038671874999999994
0.5181200504302979,316,-0.0515625
0.5201089382171631,317,-0.322265625
0.5218729972839355,318,-0.889453125
0.5240299701690674,319,-1.65
0.5263268947601318,320,-0.37382812499999996
0.5280029773712158,321,-0.167578125
0.5294539928436279,322,-0.36093749999999997
0.5308759212493896,323,-0.167578125
0.5325069427490234,324,-0.02578125
0.5342469215393066,325,-0.15468749999999998
0.5359878540039062,326,-0.42539062499999997
0.5378320217132568,327,-0.580078125
0.5396199226379395,328,-1.4953124999999998
0.5413620471954346,329,-0.21914062499999998
0.5434088706970215,330,-0.5285156249999999
0.5461039543151855,331,-0.2578125
0.5484809875488281,332,-0.116015625
0.5502400398254395,333,-0.038671874999999994
0.552379846572876,334,-0.20625
0.5547749996185303,335,-0.38671875
0.5565118789672852,336,-1.4437499999999999
0.5580389499664307,337,-0.33515625
0.5594658851623535,338,-0.23203125
0.5608508586883545,339,-0.30937499999999996
0.56256103515625,340,-0.33515625
0.5641829967498779,341,-0.2578125
0.5656468868255615,342,-0.012890625
0.5673680305480957,343,-0.12890625
0.5689120292663574,344,-0.37382812499999996
0.5703849792480469,345,-0.399609375
0.5721468925476074,346,-1.147265625
0.5748269557952881,347,-0.7863281249999999
0.576408863067627,348,-0.30937499999999996
0.5782299041748047,349,-0.270703125
0.5802328586578369,350,-0.193359375
0.5817110538482666,351,0.116015625
0.5829329490661621,352,-0.0515625
0.584083080291748,353,-0.28359375
0.5852229595184326,354,-0.48984374999999997
0.5863568782806396,355,-0.580078125
0.5874669551849365,356,-1.0570312499999999
0.5885870456695557,357,-1.585546875
0.589716911315918,358,-0.29648437499999997
0.590846061706543,359,-0.2578125
0.5921130180358887,360,-0.580078125
0.5935359001159668,361,-0.29648437499999997
0.595012903213501,362,-0.193359375
0.5966739654541016,363,-0.28359375
0.5982398986816406,364,-0.116015625
0.5996499061584473,365,-0.064453125
0.601006031036377,366,-0.2578125
0.6035289764404297,367,-0.502734375
0.6053688526153564,368,-0.825
0.6069400310516357,369,-0.837890625
0.6090519428253174,370,-0.30937499999999996
0.6105759143829346,371,-0.502734375
0.6118190288543701,372,-0.399609375
0.6129679679870605,373,-0.38671875
0.6141328811645508,374,-0.28359375
0.6152689456939697,375,-0.012890625
0.6163890361785889,376,-0.09023437499999999
0.6175189018249512,377,-0.36093749999999997
0.6186389923095703,378,-0.605859375
0.6197490692138672,379,-0.631640625
0.6208629608154297,380,-1.147265625
0.6221559047698975,381,-1.6371093749999999
0.6235780715942383,382,-0.0515625
0.6250569820404053,383,-0.2578125
0.6267118453979492,384,-0.28359375
0.6282598972320557,385,-0.0515625
0.62978196144104,386,-0.30937499999999996
0.6314249038696289,387,-0.103125
0.6340489387512207,388,-0.103125
0.635673999786377,389,-0.28359375
0.6373679637908936,390,-0.37382812499999996
0.639477014541626,391,-1.1859374999999999
0.6408720016479492,392,-0.36093749999999997
0.6421589851379395,393,-0.42539062499999997
0.6433210372924805,394,-0.322265625
0.6444828510284424,395,-0.15468749999999998
0.6456758975982666,396,-0.5285156249999999
0.6468398571014404,397,-0.4125
0.6479568481445312,398,-0.12890625
0.6490869522094727,399,-0.064453125
0.6502120494842529,400,-0.23203125
0.6513419151306152,401,-0.399609375
0.6525509357452393,402,-0.6703125
0.6539850234985352,403,-0.79921875
0.6554598808288574,404,-1.456640625
0.6570909023284912,405,-0.2578125
0.6586658954620361,406,-0.38671875
0.6600449085235596,407,-0.29648437499999997
0.6614489555358887,408,-0.18046874999999998
0.663956880569458,409,-0.38671875
0.6656379699707031,410,0.07734374999999999
0.6671910285949707,411,-0.116015625
0.6693480014801025,412,-0.36093749999999997
0.6708810329437256,413,-0.5285156249999999
0.672191858291626,414,-1.5082031249999999
0.6733689308166504,415,-0.322265625
0.6745059490203857,416,-0.270703125
0.6756129264831543,417,-0.580078125
0.6767239570617676,418,-0.322265625
0.6778509616851807,419,-0.18046874999999998
0.6789889335632324,420,-0.43828124999999996
0.6801049709320068,421,-0.4125
0.6817178726196289,422,-0.20625
0.6830310821533203,423,-0.07734374999999999
0.6844730377197266,424,-0.33515625
0.685966968536377,425,-0.5671875
0.6876339912414551,426,-0.7218749999999999
0.6891899108886719,427,-1.482421875
0.6905958652496338,428,-0.12890625
0.6920099258422852,429,-0.4125
0.694633960723877,430,-0.348046875
0.6963489055633545,431,-0.37382812499999996
0.6979770660400391,432,0.0515625
0.7000720500946045,433,-0.02578125
0.7015190124511719,434,-0.23203125
0.7027318477630615,435,-0.515625
0.7038788795471191,436,-0.8121093749999999
0.705009937286377,437,-1.405078125
0.7061278820037842,438,-1.134375
0.7072370052337646,439,-0.2578125
0.7083370685577393,440,-0.43828124999999996
0.7094459533691406,441,-0.4640625
0.7105598449707031,442,-0.29648437499999997
0.7117369174957275,443,-0.322265625
0.7129549980163574,444,-0.4125
0.7143380641937256,445,-0.270703125
0.7158119678497314,446,-0.02578125
0.717473030090332,447,-0.15468749999999998
0.7190909385681152,448,-0.4125
0.7204959392547607,449,-0.476953125
0.7219600677490234,450,-1.26328125
0.7243790626525879,451,-0.399609375
0.726219892501831,452,-0.29648437499999997
0.72782301902771,453,-0.28359375
0.7299718856811523,454,-0.2578125
0.7314739227294922,455,0.103125
0.7327110767364502,456,-0.09023437499999999
0.7338979244232178,457,-0.2578125
0.7350618839263916,458,-0.48984374999999997
0.7361998558044434,459,-0.631640625
0.7373249530792236,460,-1.018359375
0.7384428977966309,461,-1.5726562499999999
0.7395589351654053,462,-0.2578125
0.7406668663024902,463,-0.37382812499999996
0.7418088912963867,464,-0.476953125
0.7430319786071777,465,-0.399609375
0.7444438934326172,466,-0.2578125
0.7459039688110352,467,-0.23203125
0.747499942779541,468,-0.141796875
0.7491459846496582,469,-0.02578125
0.7505700588226318,470,-0.167578125
0.7520289421081543,471,-0.4125
0.7543959617614746,472,-0.502734375
0.756342887878418,473,-1.2890625
0.7579610347747803,474,-0.29648437499999997
0.7600998878479004,475,-0.6703125
0.7617390155792236,476,-0.270703125
0.7629690170288086,477,-0.2578125
0.7641010284423828,478,-0.167578125
0.7652390003204346,479,-0.07734374999999999
0.7663838863372803,480,-0.141796875
0.7675249576568604,481,-0.37382812499999996
0.768657922744751,482,-0.580078125
0.7697770595550537,483,-0.5929687499999999
0.7708840370178223,484,-1.134375
0.7720589637756348,485,-1.65
0.7732858657836914,486,-0.0515625
0.7747330665588379,487,-0.2578125
0.7761960029602051,488,-0.36093749999999997
0.7778048515319824,489,-0.2578125
0.7793769836425781,490,-0.24492187499999998
0.7807929515838623,491,-0.012890625
0.7824099063873291,492,-0.012890625
0.7849650382995605,493,-0.12890625
0.7866790294647217,494,-0.4125
0.7882649898529053,495,-1.03125
0.7904460430145264,496,-1.65
0.7919259071350098,497,-0.29648437499999997
0.7931530475616455,498,-0.36093749999999997
0.7943179607391357,499,-0.167578125
0.7954418659210205,500,-0.515625
0.7965559959411621,501,-0.4640625
0.7976799011230469,502,-0.30937499999999996
0.7988250255584717,503,-0.064453125
0.7999429702758789,504,-0.12890625
0.8011279106140137,505,-0.322265625
0.8022708892822266,506,-0.6187499999999999
0.8034999370574951,507,-0.64453125
0.8049240112304688,508,-1.2890625
0.8064060211181641,509,-1.65
0.8079900741577148,510,-0.30937499999999996
0.80948805809021,511,-0.29648437499999997
0.8108119964599609,512,-0.30937499999999996
0.812263011932373,513,-0.33515625
0.8146920204162598,514,-0.322265625
0.816382884979248,515,-0.012890625
0.8179929256439209,516,-0.18046874999999998
0.8201379776000977,517,-0.502734375
0.8218169212341309,518,-0.992578125
0.8230788707733154,519,-1.1859374999999999
0.8242459297180176,520,-0.348046875
0.8253839015960693,521,-0.4640625
0.8265118598937988,522,-0.38671875
0.8276300430297852,523,-0.24492187499999998
0.8287549018859863,524,-0.451171875
0.8298799991607666,525,-0.4640625
0.8309900760650635,526,-0.270703125
0.8321559429168701,527,-0.02578125
0.8332798480987549,528,-0.193359375
0.8344910144805908,529,-0.37382812499999996
0.8359270095825195,530,-0.631640625
0.8373949527740479,531,-0.7863281249999999
0.8389999866485596,532,-1.5082031249999999
0.8406538963317871,533,-0.167578125
0.8421180248260498,534,-0.4125
0.8435318470001221,535,-0.29648437499999997
0.8459799289703369,536,-0.141796875
0.8479180335998535,537,-0.20625
0.8494958877563477,538,-0.02578125
0.8515980243682861,539,-0.24492187499999998
0.8532350063323975,540,-0.476953125
0.8544929027557373,541,-1.03125
0.8556668758392334,542,-1.611328125
0.8568148612976074,543,-0.270703125
0.8579449653625488,544,-0.270703125
0.8590569496154785,545,-0.42539062499999997
0.8601698875427246,546,-0.28359375
0.8613100051879883,547,-0.141796875
0.8624389171600342,548,-0.33515625
0.8635659217834473,549,-0.270703125
0.8647570610046387,550,-0.09023437499999999
0.8661699295043945,551,-0.0515625
0.8676350116729736,552,-0.30937499999999996
0.8692989349365234,553,-0.54140625
0.8708789348602295,554,-0.6574218749999999
0.872485876083374,555,-1.5984375
0.8741979598999023,556,-0.167578125
0.8768038749694824,557,-0.4125
0.878411054611206,558,-0.20625
0.8801820278167725,559,-0.21914062499999998
0.88218092918396,560,-0.02578125
0.8835258483886719,561,-0.116015625
0.8847179412841797,562,-0.38671875
0.8858928680419922,563,-0.580078125
0.8870429992675781,564,-0.7476562499999999
0.8881709575653076,565,-1.3921875
0.8892810344696045,566,-1.095703125
0.8903920650482178,567,-0.23203125
0.8915729522705078,568,-0.348046875
0.8927080631256104,569,-0.29648437499999997
0.8938560485839844,570,-0.270703125
0.8950848579406738,571,-0.33515625
0.8965039253234863,572,-0.48984374999999997
0.897960901260376,573,-0.2578125
0.8996539115905762,574,-0.02578125
0.9012439250946045,575,-0.20625
0.9027600288391113,576,-0.476953125
0.904296875,577,-0.6703125
0.9068920612335205,578,-1.4953124999999998
0.9085118770599365,579,-0.30937499999999996
0.9102818965911865,580,-0.270703125
0.9123179912567139,581,-0.09023437499999999
0.9137589931488037,582,-0.0515625
0.9149429798126221,583,-0.012890625
0.9160828590393066,584,-0.103125
0.9172139167785645,585,-0.33515625
0.9183509349822998,586,-0.605859375
0.9194798469543457,587,-0.69609375
0.9205999374389648,588,-1.0828125
0.9219350814819336,589,-1.585546875
0.923429012298584,590,-0.20625
0.9250080585479736,591,-0.2578125
0.9265069961547852,592,-0.103125
0.9278678894042969,593,-0.193359375
0.9293239116668701,594,-0.43828124999999996
0.9307730197906494,595,-0.2578125
0.9323968887329102,596,-0.012890625
0.9339559078216553,597,-0.167578125
0.9353878498077393,598,-0.502734375
0.9368360042572021,599,-0.5671875
0.9387130737304688,600,-1.198828125
0.9410929679870605,601,-1.65
0.9426660537719727,602,-0.515625
0.9444229602813721,603,-0.29648437499999997
0.946415901184082,604,-0.322265625
0.9477529525756836,605,0.09023437499999999
0.9489290714263916,606,-0.02578125
0.950084924697876,607,-0.167578125
0.9512598514556885,608,-0.4125
0.9524669647216797,609,-0.631640625
0.953618049621582,610,-0.7863281249999999
0.9547350406646729,611,-1.405078125
0.9558360576629639,612,-1.65
0.9569339752197266,613,-0.21914062499999998
0.9581639766693115,614,-0.322265625
0.9595539569854736,615,-0.322265625
0.9609649181365967,616,-0.12890625
0.9626989364624023,617,-0.38671875
0.9642388820648193,618,-0.103125
0.9656870365142822,619,-0.012890625
0.9672660827636719,620,-0.167578125
0.9698328971862793,621,-0.43828124999999996
0.9714999198913574,622,-0.7734375
0.9730830192565918,623,-1.65
0.9748730659484863,624,-0.322265625
0.9765770435333252,625,-0.2578125
0.9785430431365967,626,-0.141796875
0.9799940586090088,627,-0.348046875
0.9812438488006592,628,-0.02578125
0.9824409484863281,629,-0.0515625
0.9835848808288574,630,-0.193359375
0.984705924987793,631,-0.399609375
0.9858279228210449,632,-0.631640625
0.9869329929351807,633,-0.79921875
0.9881448745727539,634,-1.3664062499999998
0.9895980358123779,635,-1.65
0.9910979270935059,636,-0.33515625
0.992743968963623,637,-0.33515625
0.9943020343780518,638,-0.33515625
0.9957370758056641,639,-0.30937499999999996
