time,count,voltage
0.005735874176025391,1,-0.09023437499999999
0.0073108673095703125,2,-0.30937499999999996
0.008728981018066406,3,-0.515625
0.010103940963745117,4,-1.340625
0.01164388656616211,5,-0.4125
0.013048887252807617,6,-0.29648437499999997
0.014467000961303711,7,-0.322265625
0.016069889068603516,8,-0.116015625
0.017824888229370117,9,-0.30937499999999996
0.019582033157348633,10,-0.012890625
0.0213620662689209,11,-0.038671874999999994
0.02297806739807129,12,-0.193359375
0.024641036987304688,13,-0.4125
0.026082992553710938,14,-0.9410156249999999
0.027508974075317383,15,-1.65
0.02888798713684082,16,-0.2578125
0.03030705451965332,17,-0.43828124999999996
0.031890869140625,18,-0.29648437499999997
0.033557891845703125,19,-0.0515625
0.03533792495727539,20,-0.038671874999999994
0.03706789016723633,21,0.012890625
0.03897690773010254,22,-0.09023437499999999
0.04064202308654785,23,-0.37382812499999996
0.04251599311828613,24,-0.476953125
0.0441439151763916,25,-1.46953125
0.045831918716430664,26,-0.09023437499999999
0.04785895347595215,27,-0.43828124999999996
0.05039095878601074,28,-0.20625
0.05325007438659668,29,-0.322265625
0.05516695976257324,30,-0.012890625
0.05678391456604004,31,-0.2578125
0.05863595008850098,32,-0.24492187499999998
0.06083989143371582,33,-1.0828125
0.06303286552429199,34,-0.12890625
0.06492900848388672,35,-0.012890625
0.06654691696166992,36,-0.29648437499999997
0.06799602508544922,37,-0.33515625
0.06940603256225586,38,-0.141796875
0.07081294059753418,39,-0.02578125
0.07229185104370117,40,-0.20625
0.07366299629211426,41,-0.48984374999999997
0.07503700256347656,42,-0.48984374999999997
0.0764009952545166,43,-1.26328125
0.07776689529418945,44,-0.502734375
0.07912492752075195,45,-0.20625
0.08057308197021484,46,-0.28359375
0.08209586143493652,47,-0.348046875
0.08379507064819336,48,-0.270703125
0.08563995361328125,49,-0.103125
0.08738493919372559,50,-0.012890625
0.08927202224731445,51,-0.12890625
0.09113597869873047,52,-0.36093749999999997
0.09294605255126953,53,-0.580078125
0.0946049690246582,54,-1.5726562499999999
0.09710907936096191,55,-0.29648437499999997
0.0989220142364502,56,-0.36093749999999997
0.10037803649902344,57,-0.36093749999999997
0.10201191902160645,58,-0.20625
0.10400104522705078,59,0.0
0.10559892654418945,60,-0.116015625
0.1068868637084961,61,-0.37382812499999996
0.10805797576904297,62,-0.33515625
0.10920000076293945,63,-1.069921875
0.11043190956115723,64,-1.6242187499999998
0.11184906959533691,65,0.012890625
0.11331892013549805,66,-0.36093749999999997
0.11478590965270996,67,-0.2578125
0.11633896827697754,68,-0.193359375
0.1178278923034668,69,-0.4125
0.11930108070373535,70,-0.12890625
0.12069892883300781,71,-0.012890625
0.12294697761535645,72,-0.193359375
0.12505793571472168,73,-0.4640625
0.12654805183410645,74,-1.134375
0.12811803817749023,75,-1.147265625
0.130112886428833,76,-0.322265625
0.13178205490112305,77,-0.322265625
0.13305187225341797,78,-0.0515625
0.1342470645904541,79,-0.20625
0.13543486595153809,80,-0.21914062499999998
0.13657188415527344,81,0.0
0.13768887519836426,82,-0.038671874999999994
0.1388249397277832,83,-0.2578125
0.13993406295776367,84,-0.54140625
0.1411449909210205,85,-0.502734375
0.14253592491149902,86,-1.0828125
0.14400100708007812,87,-1.65
0.14544296264648438,88,-0.012890625
0.14706802368164062,89,-0.348046875
0.148529052734375,90,-0.38671875
0.1500110626220703,91,-0.12890625
0.15150094032287598,92,-0.09023437499999999
0.15406203269958496,93,0.0515625
0.15564990043640137,94,-0.07734374999999999
0.15709304809570312,95,-0.37382812499999996
0.15907001495361328,96,-0.29648437499999997
0.16064786911010742,97,-1.353515625
0.16201186180114746,98,-0.02578125
0.16319894790649414,99,-0.270703125
0.1643390655517578,100,-0.43828124999999996
0.16548800468444824,101,-0.167578125
0.16661906242370605,102,-0.29648437499999997
0.16772890090942383,103,-0.29648437499999997
0.1688230037689209,104,-0.18046874999999998
0.169921875,105,0.0
0.1711270809173584,106,-0.02578125
0.1725320816040039,107,-0.23203125
0.17401790618896484,108,-0.54140625
0.17542791366577148,109,-0.7218749999999999
0.17697787284851074,110,-1.482421875
0.17845487594604492,111,-0.103125
0.17988896369934082,112,-0.270703125
0.18137907981872559,113,-0.28359375
0.1834850311279297,114,-0.2578125
0.18589997291564941,115,-0.37382812499999996
0.18743586540222168,116,-0.0515625
0.18894696235656738,117,-0.18046874999999998
0.1909780502319336,118,-0.4125
0.19267487525939941,119,-0.5671875
0.19397807121276855,120,-1.5984375
0.19516706466674805,121,-0.141796875
0.19632792472839355,122,-0.29648437499999997
0.19749188423156738,123,-0.167578125
0.19862604141235352,124,-0.20625
0.19974088668823242,125,-0.33515625
0.2008528709411621,126,-0.4125
0.20213103294372559,127,-0.28359375
0.20354008674621582,128,0.012890625
0.20500993728637695,129,-0.0515625
0.20646190643310547,130,-0.29648437499999997
0.2080240249633789,131,-0.4640625
0.2094259262084961,132,-1.03125
0.21085000038146973,133,-1.65
0.21238088607788086,134,-0.12890625
0.214339017868042,135,-0.451171875
0.21667790412902832,136,-0.18046874999999998
0.21826791763305664,137,-0.167578125
0.21979308128356934,138,-0.0515625
0.22187089920043945,139,-0.012890625
0.22356605529785156,140,-0.30937499999999996
0.22485589981079102,141,-0.2578125
0.22601985931396484,142,-1.095703125
0.22718405723571777,143,-1.65
0.22831487655639648,144,-0.116015625
0.2294480800628662,145,-0.23203125
0.2305898666381836,146,-0.28359375
0.23173308372497559,147,-0.270703125
0.23292207717895508,148,-0.012890625
0.23432207107543945,149,-0.2578125
0.23578691482543945,150,-0.116015625
0.23726606369018555,151,-0.012890625
0.23885393142700195,152,-0.103125
0.2403249740600586,153,-0.4125
0.24183988571166992,154,-0.322265625
0.24324798583984375,155,-1.2503906249999999
0.2455289363861084,156,-0.21914062499999998
0.24761390686035156,157,-0.103125
0.24908089637756348,158,-0.116015625
0.25063085556030273,159,-0.20625
0.25272607803344727,160,-0.141796875
0.2543609142303467,161,-0.02578125
0.2556440830230713,162,-0.167578125
0.2568089962005615,163,-0.4640625
0.2579469680786133,164,-0.37382812499999996
0.25908589363098145,165,-1.0828125
0.2602040767669678,166,-1.65
0.2613520622253418,167,-0.064453125
0.2625100612640381,168,-0.399609375
0.26370692253112793,169,-0.12890625
0.2651190757751465,170,-0.322265625
0.2665729522705078,171,-0.064453125
0.2680649757385254,172,-0.15468749999999998
0.26969099044799805,173,0.038671874999999994
0.2712249755859375,174,-0.064453125
0.27271389961242676,175,-0.18046874999999998
0.2740778923034668,176,-0.43828124999999996
0.276378870010376,177,-0.64453125
0.27834296226501465,178,-1.5726562499999999
0.27979302406311035,179,-0.4640625
0.28142499923706055,180,-0.29648437499999997
0.28342604637145996,181,-0.30937499999999996
0.28505992889404297,182,-0.23203125
0.28632593154907227,183,-0.012890625
0.2875559329986572,184,0.012890625
0.28879499435424805,185,-0.21914062499999998
0.28994297981262207,186,-0.4640625
0.29111504554748535,187,-0.4640625
0.29225707054138184,188,-1.00546875
0.29338908195495605,189,-1.585546875
0.29460692405700684,190,0.0
0.29599595069885254,191,-0.20625
0.29746103286743164,192,-0.5671875
0.2989978790283203,193,-0.2578125
0.3005650043487549,194,-0.322265625
0.30220603942871094,195,-0.193359375
0.30360889434814453,196,0.0
0.3052968978881836,197,-0.09023437499999999
0.3077430725097656,198,-0.33515625
0.30930590629577637,199,-0.6187499999999999
0.3107340335845947,200,-1.5597656249999998
0.31262898445129395,201,-0.103125
0.3145420551300049,202,-0.2578125
0.3159170150756836,203,-0.09023437499999999
0.31711792945861816,204,-0.4125
0.31828904151916504,205,-0.2578125
0.31941986083984375,206,-0.012890625
0.320544958114624,207,-0.0515625
0.3216860294342041,208,-0.20625
0.32280397415161133,209,-0.43828124999999996
0.32392287254333496,210,-0.5929687499999999
0.32511186599731445,211,-0.734765625
0.32649898529052734,212,-1.405078125
0.32796692848205566,213,-0.012890625
0.32944703102111816,214,-0.23203125
0.3310859203338623,215,-0.167578125
