time,count,voltage
0.005506992340087891,1,0.038671874999999994
0.007036924362182617,2,-0.0515625
0.008440017700195312,3,-0.21914062499999998
0.009803056716918945,4,-0.02578125
0.011583089828491211,5,-0.837890625
0.013200044631958008,6,-1.611328125
0.014925956726074219,7,-0.2578125
0.01658797264099121,8,-0.28359375
0.01831197738647461,9,-0.038671874999999994
0.019874095916748047,10,-0.20625
0.021575927734375,11,-0.02578125
0.023031949996948242,12,-0.012890625
0.024418115615844727,13,-0.09023437499999999
0.02577996253967285,14,-0.167578125
0.02712106704711914,15,-0.4640625
0.028662919998168945,16,-1.16015625
0.0303499698638916,17,-1.65
0.03214311599731445,18,-0.4125
0.033859968185424805,19,-0.23203125
0.035661935806274414,20,-0.322265625
0.0373380184173584,21,-0.18046874999999998
0.038934946060180664,22,0.012890625
0.04045701026916504,23,-0.07734374999999999
0.04233407974243164,24,-0.167578125
0.04411602020263672,25,-0.2578125
0.047109127044677734,26,-1.16015625
0.049096107482910156,27,-0.476953125
0.05070304870605469,28,-0.20625
0.05266308784484863,29,-0.2578125
0.054937124252319336,30,-0.12890625
0.0567629337310791,31,-0.012890625
0.05822300910949707,32,-0.167578125
0.059594154357910156,33,-0.012890625
0.06096315383911133,34,-0.7218749999999999
0.06244206428527832,35,-1.3921875
0.06380701065063477,36,-0.4640625
0.06514906883239746,37,-0.2578125
0.06647706031799316,38,-0.167578125
0.06779909133911133,39,-0.0515625
0.06912708282470703,40,-0.322265625
0.07044792175292969,41,-0.322265625
0.07185697555541992,42,-0.012890625
0.0732729434967041,43,-0.064453125
0.07480096817016602,44,-0.167578125
0.07648301124572754,45,-0.0515625
0.07813000679016113,46,-0.760546875
0.07996010780334473,47,-1.52109375
0.08176708221435547,48,-0.23203125
0.08348894119262695,49,-0.270703125
0.08537101745605469,50,0.0
0.08812093734741211,51,-0.064453125
0.09041714668273926,52,-0.012890625
0.0921471118927002,53,-0.193359375
0.09411907196044922,54,-0.18046874999999998
0.09636807441711426,55,-1.0828125
0.09821105003356934,56,-0.515625
0.0996849536895752,57,-0.2578125
0.10107707977294922,58,-0.167578125
0.10256409645080566,59,-0.4125
0.10407614707946777,60,-0.24492187499999998
0.10576295852661133,61,-0.012890625
0.1075141429901123,62,-0.0515625
0.1092381477355957,63,-0.167578125
0.11104202270507812,64,-0.37382812499999996
0.11300897598266602,65,-1.327734375
0.11478209495544434,66,-0.29648437499999997
0.11689996719360352,67,-0.21914062499999998
0.11981201171875,68,-0.20625
0.12161111831665039,69,0.30937499999999996
0.12336492538452148,70,-0.012890625
0.1255049705505371,71,-0.103125
0.12752199172973633,72,-0.103125
0.12906193733215332,73,-1.16015625
0.1305069923400879,74,-0.43828124999999996
0.1320199966430664,75,-0.33515625
0.1334059238433838,76,-0.24492187499999998
0.1349010467529297,77,-0.064453125
0.13658499717712402,78,-0.21914062499999998
0.1382911205291748,79,-0.0515625
0.1399691104888916,80,-0.0515625
0.14188408851623535,81,-0.141796875
0.14372014999389648,82,-0.0515625
0.14527606964111328,83,-0.992578125
0.1470940113067627,84,-1.65
0.14960408210754395,85,-0.322265625
0.15124011039733887,86,-0.07734374999999999
0.1529989242553711,87,-0.33515625
0.15494298934936523,88,-0.167578125
0.15632104873657227,89,-0.038671874999999994
0.15750813484191895,90,-0.141796875
0.15863895416259766,91,-0.103125
0.15975213050842285,92,-0.20625
0.16085600852966309,93,-0.9410156249999999
0.16198992729187012,94,-1.456640625
0.16311311721801758,95,-0.4125
0.1642169952392578,96,-0.270703125
0.16539502143859863,97,-0.193359375
0.16678214073181152,98,-0.20625
0.16821908950805664,99,-0.038671874999999994
0.16976094245910645,100,-0.193359375
0.17133593559265137,101,-0.103125
0.17282915115356445,102,-0.02578125
0.17426609992980957,103,-0.0515625
0.17645001411437988,104,-0.167578125
0.1784989833831787,105,-0.43828124999999996
0.17993593215942383,106,-1.5984375
0.1818239688873291,107,-0.2578125
0.18371200561523438,108,-0.20625
0.18503499031066895,109,-0.37382812499999996
0.1862020492553711,110,-0.322265625
0.18732905387878418,111,-0.21914062499999998
0.18845009803771973,112,-0.02578125
0.18955612182617188,113,-0.09023437499999999
0.19065499305725098,114,-0.103125
0.19182801246643066,115,-0.2578125
0.19292998313903809,116,-0.193359375
0.19402408599853516,117,-0.8765624999999999
0.19512605667114258,118,-1.405078125
0.19630694389343262,119,-1.4437499999999999
0.1976919174194336,120,-0.270703125
0.19911694526672363,121,-0.12890625
0.20061802864074707,122,-0.116015625
0.20220303535461426,123,-0.2578125
0.20363402366638184,124,-0.20625
0.20504307746887207,125,-0.02578125
0.20738506317138672,126,-0.0515625
0.2092130184173584,127,-0.116015625
0.2107081413269043,128,-0.4640625
0.2127549648284912,129,-1.21171875
0.2143540382385254,130,-0.476953125
0.21557903289794922,131,-0.18046874999999998
0.21672391891479492,132,-0.038671874999999994
0.21783995628356934,133,-0.20625
0.21894001960754395,134,-0.399609375
0.22004008293151855,135,-0.4125
0.22113394737243652,136,-0.20625
0.22231411933898926,137,-0.02578125
0.22342205047607422,138,-0.09023437499999999
0.2245180606842041,139,-0.23203125
0.22559905052185059,140,-0.141796875
0.2267601490020752,141,-0.515625
0.2281479835510254,142,-1.147265625
0.22961091995239258,143,-1.65
0.2311389446258545,144,-0.28359375
0.2328331470489502,145,-0.20625
0.23427200317382812,146,-0.0515625
0.23570704460144043,147,-0.4125
0.23825502395629883,148,-0.322265625
0.2399599552154541,149,-0.012890625
0.24150395393371582,150,-0.15468749999999998
0.2435150146484375,151,-0.0515625
0.24504303932189941,152,-0.837890625
0.24625205993652344,153,-1.6371093749999999
0.24739599227905273,154,-0.141796875
0.24850797653198242,155,-0.064453125
0.24960899353027344,156,-0.2578125
0.2507009506225586,157,-0.0515625
0.25182008743286133,158,-0.4640625
0.25297093391418457,159,-0.4640625
0.2540731430053711,160,-0.322265625
0.25516510009765625,161,-0.012890625
0.2562530040740967,162,-0.064453125
0.2574000358581543,163,-0.167578125
0.25875115394592285,164,-0.21914062499999998
0.2601909637451172,165,-0.2578125
0.26173901557922363,166,-1.0828125
0.26320695877075195,167,-1.65
0.2646009922027588,168,-0.20625
0.2659449577331543,169,-0.21914062499999998
0.2682919502258301,170,-0.012890625
0.2722361087799072,171,-0.07734374999999999
0.2742149829864502,172,0.28359375
0.276090145111084,173,-0.167578125
0.27749013900756836,174,-0.502734375
0.2786519527435303,175,-1.2890625
0.2797861099243164,176,-0.605859375
0.28089404106140137,177,-0.29648437499999997
0.28217601776123047,178,-0.20625
0.2834360599517822,179,-0.20625
0.2846970558166504,180,-0.0515625
0.28594207763671875,181,-0.29648437499999997
0.29135799407958984,182,-0.270703125
0.2930171489715576,183,-0.012890625
0.29455995559692383,184,-0.7218749999999999
0.29598307609558105,185,-1.4953124999999998
0.2973151206970215,186,-0.29648437499999997
0.2992820739746094,187,-0.167578125
0.301516056060791,188,-0.167578125
0.30298614501953125,189,-0.33515625
0.3046720027923584,190,-0.0515625
0.30657005310058594,191,-0.012890625
0.3078920841217041,192,-0.116015625
0.30904412269592285,193,-0.038671874999999994
0.310168981552124,194,-0.515625
0.31139302253723145,195,-1.134375
0.312528133392334,196,-1.6371093749999999
0.31364011764526367,197,-0.24492187499999998
0.31473803520202637,198,-0.322265625
0.31583404541015625,199,-0.23203125
0.31693005561828613,200,0.012890625
0.3180201053619385,201,-0.322265625
0.31922006607055664,202,-0.451171875
0.32060909271240234,203,-0.399609375
0.3220510482788086,204,0.012890625
0.32355499267578125,205,-0.103125
0.3249189853668213,206,-0.21914062499999998
0.3261709213256836,207,-0.02578125
0.32746410369873047,208,-0.7476562499999999
0.32968807220458984,209,-1.340625
0.33170199394226074,210,-0.476953125
0.33321714401245117,211,-0.270703125
0.33523106575012207,212,-0.103125
0.33697509765625,213,-0.12890625
0.3382279872894287,214,0.0515625
0.33937692642211914,215,-0.0515625
0.34052014350891113,216,-0.103125
0.3416471481323242,217,-0.2578125
0.34276604652404785,218,-0.0515625
0.34444594383239746,219,-0.760546875
0.3456399440765381,220,-1.533984375
0.3467600345611572,221,-0.42539062499999997
0.3478810787200928,222,-0.2578125
0.3489971160888672,223,-0.23203125
0.35019493103027344,224,-0.0515625
0.35157108306884766,225,-0.322265625
0.3530280590057373,226,-0.37382812499999996
0.35457706451416016,227,-0.167578125
0.3561379909515381,228,-0.02578125
0.3575279712677002,229,-0.0515625
0.3588740825653076,230,-0.20625
0.360598087310791,231,-0.29648437499999997
0.36311793327331543,232,-1.0570312499999999
0.3647019863128662,233,-0.4640625
0.36606502532958984,234,-0.21914062499999998
0.3678569793701172,235,-0.07734374999999999
0.3697199821472168,236,-0.399609375
0.371082067489624,237,-0.02578125
0.3723599910736084,238,-0.012890625
0.3735239505767822,239,-0.09023437499999999
0.3746471405029297,240,-0.20625
0.3757450580596924,241,-0.12890625
0.37685298919677734,242,-0.605859375
0.3779470920562744,243,-1.198828125
0.379047155380249,244,-1.65
0.38023996353149414,245,-0.2578125
0.38164305686950684,246,-0.2578125
0.3830881118774414,247,-0.2578125
0.38459014892578125,248,-0.09023437499999999
0.38608407974243164,249,-0.37382812499999996
0.38741302490234375,250,-0.193359375
0.3887670040130615,251,-0.012890625
0.39054393768310547,252,-0.116015625
0.3930931091308594,253,-0.18046874999999998
0.3946349620819092,254,-0.5671875
0.39605712890625,255,-1.41796875
0.3978891372680664,256,-0.29648437499999997
0.39969491958618164,257,-0.23203125
0.40102314949035645,258,-0.193359375
0.40229201316833496,259,-0.399609375
0.4034409523010254,260,-0.36093749999999997
0.40458011627197266,261,-0.15468749999999998
0.4057021141052246,262,-0.038671874999999994
0.4068131446838379,263,-0.103125
0.407912015914917,264,-0.2578125
0.4090080261230469,265,-0.12890625
0.41019606590270996,266,-0.554296875
0.41158199310302734,267,-1.1859374999999999
0.4130220413208008,268,-1.65
0.41448092460632324,269,-0.2578125
0.41600608825683594,270,-0.270703125
0.4173309803009033,271,0.0
0.41863203048706055,272,-0.33515625
0.42032599449157715,273,-0.33515625
0.422698974609375,274,-0.20625
0.4243299961090088,275,-0.0515625
0.42565393447875977,276,-0.103125
0.42736196517944336,277,-0.4125
0.4292900562286377,278,-1.198828125
0.43072509765625,279,-0.43828124999999996
0.43193602561950684,280,-0.116015625
0.433074951171875,281,-0.23203125
0.43419313430786133,282,0.0
0.43529510498046875,283,-0.4125
0.43640804290771484,284,-0.4125
0.43752408027648926,285,-0.322265625
0.43862199783325195,286,-0.02578125
0.4397270679473877,287,-0.09023437499999999
0.44090795516967773,288,-0.167578125
0.44228100776672363,289,-0.15468749999999998
0.44373202323913574,290,-0.37382812499999996
0.44526195526123047,291,-1.1859374999999999
0.4467771053314209,292,-1.65
0.44808101654052734,293,-0.36093749999999997
0.44942498207092285,294,-0.23203125
0.4512920379638672,295,-0.0515625
0.4535810947418213,296,-0.4125
0.4551410675048828,297,0.15468749999999998
0.45655012130737305,298,-0.0515625
0.45832395553588867,299,-0.116015625
0.4601449966430664,300,-0.0515625
0.461529016494751,301,-0.889453125
0.46271300315856934,302,-1.5984375
0.463839054107666,303,-0.23203125
0.464954137802124,304,-0.30937499999999996
0.4660661220550537,305,-0.29648437499999997
0.46717214584350586,306,-0.193359375
0.46828198432922363,307,-0.38671875
0.46941614151000977,308,-0.4640625
0.4705231189727783,309,-0.36093749999999997
0.47176408767700195,310,-0.012890625
0.47315502166748047,311,-0.09023437499999999
0.474592924118042,312,-0.15468749999999998
0.4760749340057373,313,-0.064453125
0.4776139259338379,314,-0.631640625
0.478971004486084,315,-1.3664062499999998
0.48030900955200195,316,-0.42539062499999997
0.48235607147216797,317,-0.33515625
0.48450303077697754,318,-0.20625
0.485914945602417,319,-0.322265625
0.4875781536102295,320,-0.193359375
0.4894680976867676,321,0.0
0.4909360408782959,322,-0.064453125
0.4922659397125244,323,-0.09023437499999999
0.4934821128845215,324,-0.43828124999999996
0.4946019649505615,325,-1.1214843749999999
0.4957399368286133,326,-1.6371093749999999
0.4968681335449219,327,-0.270703125
0.49798011779785156,328,-0.2578125
0.49912405014038086,329,-0.2578125
0.5002570152282715,330,-0.103125
0.5020020008087158,331,-0.33515625
0.5034101009368896,332,-0.193359375
0.5048410892486572,333,-0.103125
0.5063440799713135,334,-0.02578125
0.5078780651092529,335,-0.103125
0.509274959564209,336,-0.141796875
0.5106561183929443,337,-0.5929687499999999
0.5120360851287842,338,-1.2890625
0.5143771171569824,339,-0.8507812499999999
0.5162351131439209,340,-0.2578125
0.5176601409912109,341,-0.09023437499999999
0.5192050933837891,342,-0.38671875
0.5210940837860107,343,-0.29648437499999997
0.5227930545806885,344,0.0
0.5240640640258789,345,-0.064453125
0.5252339839935303,346,-0.20625
0.526371955871582,347,-0.193359375
0.5274839401245117,348,-0.90234375
0.528588056564331,349,-1.456640625
0.5296859741210938,350,-0.43828124999999996
0.5307860374450684,351,-0.21914062499999998
0.5319819450378418,352,-0.167578125
0.533358097076416,353,-0.12890625
0.5348000526428223,354,-0.116015625
0.5362391471862793,355,-0.2578125
0.5377609729766846,356,-0.103125
0.5391550064086914,357,-0.02578125
0.5405070781707764,358,-0.103125
0.5420000553131104,359,-0.193359375
0.5441780090332031,360,-0.20625
0.5462031364440918,361,-1.0828125
0.5476670265197754,362,-0.476953125
0.5491340160369873,363,-0.103125
0.551023006439209,364,-0.167578125
0.5528299808502197,365,-0.18046874999999998
0.5541229248046875,366,0.038671874999999994
0.5553181171417236,367,-0.02578125
0.556473970413208,368,-0.103125
0.557610034942627,369,-0.18046874999999998
0.5587239265441895,370,-0.18046874999999998
0.5598320960998535,371,-0.33515625
0.5609340667724609,372,-1.018359375
0.5621211528778076,373,-1.5082031249999999
0.5635061264038086,374,-0.37382812499999996
0.5649681091308594,375,-0.36093749999999997
0.5664050579071045,376,-0.193359375
0.5679659843444824,377,-0.02578125
0.5694191455841064,378,-0.29648437499999997
0.5707850456237793,379,-0.167578125
0.5722019672393799,380,-0.012890625
0.5743250846862793,381,-0.103125
0.5763771533966064,382,-0.20625
0.5778400897979736,383,-0.708984375
0.5793261528015137,384,-1.46953125
0.5812709331512451,385,-0.502734375
0.5830140113830566,386,-0.270703125
0.5843160152435303,387,-0.09023437499999999
0.5854940414428711,388,-0.38671875
0.5866270065307617,389,-0.37382812499999996
0.5877470970153809,390,-0.2578125
0.5888581275939941,391,-0.012890625
0.5899660587310791,392,-0.09023437499999999
0.5910749435424805,393,-0.24492187499999998
0.5923199653625488,394,-0.18046874999999998
0.5937190055847168,395,-0.4640625
0.5951659679412842,396,-1.1859374999999999
0.5966899394989014,397,-1.65
0.5982599258422852,398,-0.33515625
0.5997030735015869,399,-0.322265625
0.6011490821838379,400,-0.038671874999999994
0.6026780605316162,401,-0.37382812499999996
0.6048851013183594,402,-0.167578125
0.6069190502166748,403,-0.02578125
0.6083979606628418,404,-0.15468749999999998
0.609929084777832,405,-0.0515625
0.6118309497833252,406,-0.7734375
0.613508939743042,407,-1.5597656249999998
0.6147959232330322,408,-1.1859374999999999
0.6159639358520508,409,-0.43828124999999996
0.6171009540557861,410,-0.29648437499999997
0.6182160377502441,411,-0.29648437499999997
0.6193270683288574,412,-0.399609375
0.6204371452331543,413,-0.270703125
0.6215739250183105,414,0.0
0.6227550506591797,415,-0.0515625
0.6241331100463867,416,-0.07734374999999999
0.6255331039428711,417,-0.20625
0.6270520687103271,418,-0.322265625
0.6286239624023438,419,-1.0828125
0.6301610469818115,420,-1.65
0.6316690444946289,421,-0.37382812499999996
0.6331319808959961,422,-0.2578125
0.6348550319671631,423,-0.064453125
0.63726806640625,424,-0.36093749999999997
0.6388981342315674,425,0.0
0.6402480602264404,426,-0.07734374999999999
0.6417601108551025,427,-0.167578125
0.6436460018157959,428,-0.02578125
0.6454169750213623,429,-0.90234375
0.6468651294708252,430,-1.65
0.6480860710144043,431,-0.4640625
0.6492359638214111,432,-0.167578125
0.6503520011901855,433,-0.103125
