time,count,voltage
0.0042150020599365234,1,0.07734374999999999
0.005511045455932617,2,0.0
0.0067081451416015625,3,-0.116015625
0.007866144180297852,4,-0.322265625
0.00900411605834961,5,-0.5929687499999999
0.010164022445678711,6,-0.64453125
0.011497020721435547,7,-1.198828125
0.012966156005859375,8,-1.65
0.01444101333618164,9,-0.116015625
0.0158231258392334,10,-0.37382812499999996
0.017230987548828125,11,-0.43828124999999996
0.018620014190673828,12,-0.193359375
0.01993417739868164,13,-0.270703125
0.02109503746032715,14,-0.12890625
0.02224111557006836,15,-0.012890625
0.023389101028442383,16,-0.0515625
0.024517059326171875,17,-0.30937499999999996
0.025645017623901367,18,-0.580078125
0.026911020278930664,19,-0.631640625
0.028353214263916016,20,-1.1859374999999999
0.02991199493408203,21,-1.65
0.031478166580200195,22,-0.29648437499999997
0.03299903869628906,23,-0.37382812499999996
0.034377098083496094,24,-0.4125
0.03572511672973633,25,-0.37382812499999996
0.03713107109069824,26,-0.322265625
0.03868699073791504,27,-0.07734374999999999
0.04134106636047363,28,-0.0515625
0.04296112060546875,29,-0.399609375
0.044442176818847656,30,-0.64453125
0.04645705223083496,31,-1.3921875
0.048094987869262695,32,-0.20625
0.04941701889038086,33,-0.36093749999999997
0.05062413215637207,34,-0.4640625
0.05175900459289551,35,-0.193359375
0.0529022216796875,36,-0.42539062499999997
0.05403304100036621,37,-0.322265625
0.05515718460083008,38,-0.012890625
0.05627107620239258,39,-0.09023437499999999
0.057389020919799805,40,-0.23203125
0.058573007583618164,41,-0.43828124999999996
0.059803009033203125,42,-0.6832031249999999
0.060964107513427734,43,-1.03125
0.06214118003845215,44,-1.5726562499999999
0.0635380744934082,45,-0.103125
0.06478619575500488,46,-0.322265625
0.06594109535217285,47,-0.33515625
0.06707119941711426,48,-0.4125
0.06818914413452148,49,-0.23203125
0.0693671703338623,50,-0.4640625
0.07051420211791992,51,-0.36093749999999997
0.07164812088012695,52,-0.0515625
0.07276320457458496,53,-0.07734374999999999
0.07392120361328125,54,-0.20625
0.07508611679077148,55,-0.4640625
0.07621908187866211,56,-0.6832031249999999
0.07734513282775879,57,-0.9152343749999999
0.07856416702270508,58,-1.456640625
0.07988500595092773,59,0.0
0.08132600784301758,60,-0.37382812499999996
0.08275198936462402,61,-0.515625
0.08430004119873047,62,-0.33515625
0.08576011657714844,63,-0.33515625
0.08713817596435547,64,-0.2578125
0.08842921257019043,65,-0.038671874999999994
0.09092020988464355,66,-0.0515625
0.09271812438964844,67,-0.24492187499999998
0.09410619735717773,68,-0.502734375
0.09603714942932129,69,-1.2890625
0.09781408309936523,70,-0.193359375
0.09908318519592285,71,-0.38671875
0.10034298896789551,72,-0.42539062499999997
0.10152506828308105,73,-0.20625
0.10267519950866699,74,-0.4125
0.10379910469055176,75,-0.322265625
0.10493111610412598,76,-0.02578125
0.10605001449584961,77,-0.012890625
0.10716509819030762,78,-0.167578125
0.10832715034484863,79,-0.48984374999999997
0.1095430850982666,80,-0.708984375
0.11095118522644043,81,-0.8765624999999999
0.11242008209228516,82,-1.5597656249999998
0.11393213272094727,83,0.0
0.11545205116271973,84,-0.20625
0.11687517166137695,85,-0.33515625
0.11835503578186035,86,-0.103125
0.1197822093963623,87,-0.37382812499999996
0.12213802337646484,88,-0.103125
0.12408113479614258,89,-0.064453125
0.12553000450134277,90,-0.28359375
0.12712907791137695,91,-0.515625
0.12908411026000977,92,-1.0828125
0.13076210021972656,93,-0.270703125
0.13203001022338867,94,-0.2578125
0.13319110870361328,95,-0.270703125
0.13435101509094238,96,-0.43828124999999996
0.13550114631652832,97,-0.33515625
0.1366291046142578,98,-0.36093749999999997
0.13776111602783203,99,-0.21914062499999998
0.13888001441955566,100,-0.02578125
0.14009499549865723,101,-0.09023437499999999
0.14150619506835938,102,-0.24492187499999998
0.14297699928283691,103,-0.580078125
0.14447021484375,104,-0.825
0.14599299430847168,105,-1.546875
0.14740800857543945,106,-0.103125
0.14879798889160156,107,-0.322265625
0.15022015571594238,108,-0.28359375
0.1525590419769287,109,-0.2578125
0.1545422077178955,110,-0.36093749999999997
0.15600204467773438,111,-0.012890625
0.15757203102111816,112,-0.15468749999999998
0.1596360206604004,113,-0.399609375
0.16133809089660645,114,-0.605859375
0.16263198852539062,115,-1.5984375
0.16381216049194336,116,-0.12890625
0.16495513916015625,117,-0.21914062499999998
0.16610121726989746,118,-0.37382812499999996
0.1672370433807373,119,-0.322265625
0.16836214065551758,120,-0.116015625
0.16950702667236328,121,-0.33515625
0.17073512077331543,122,-0.29648437499999997
0.17216205596923828,123,0.012890625
0.1736152172088623,124,-0.103125
0.17510700225830078,125,-0.30937499999999996
0.17667603492736816,126,-0.631640625
0.17819905281066895,127,-1.069921875
0.17961716651916504,128,-1.65
0.1810460090637207,129,-0.193359375
0.1829061508178711,130,-0.4125
0.18521618843078613,131,-0.37382812499999996
0.1868000030517578,132,-0.167578125
0.18829607963562012,133,0.064453125
0.19029998779296875,134,-0.02578125
0.19210600852966309,135,-0.20625
0.19344520568847656,136,-0.502734375
0.19464421272277832,137,-1.069921875
0.19578099250793457,138,-1.65
0.19691014289855957,139,-0.02578125
0.1980431079864502,140,-0.2578125
0.1991560459136963,141,-0.5285156249999999
0.20036101341247559,142,-0.515625
0.20158720016479492,143,-0.18046874999999998
0.20301008224487305,144,-0.36093749999999997
0.20448517799377441,145,-0.18046874999999998
0.20601415634155273,146,-0.02578125
0.20762205123901367,147,-0.12890625
0.2091209888458252,148,-0.4125
0.21066021919250488,149,-0.476953125
0.2120051383972168,150,-1.26328125
0.21430420875549316,151,-0.18046874999999998
0.21625614166259766,152,-0.2578125
0.2177112102508545,153,-0.4125
0.2193470001220703,154,-0.37382812499999996
0.22136402130126953,155,-0.270703125
0.2229781150817871,156,-0.012890625
0.2242422103881836,157,-0.167578125
0.22542214393615723,158,-0.43828124999999996
0.22657299041748047,159,-0.6187499999999999
0.22770905494689941,160,-1.0828125
0.22883915901184082,161,-1.611328125
0.23000311851501465,162,-0.012890625
0.23115301132202148,163,-0.322265625
0.23235607147216797,164,-0.4640625
0.23377609252929688,165,-0.37382812499999996
0.23525500297546387,166,-0.23203125
0.23679518699645996,167,-0.322265625
0.23834514617919922,168,-0.103125
0.2398052215576172,169,-0.0515625
0.24130916595458984,170,-0.20625
0.24269413948059082,171,-0.476953125
0.24500799179077148,172,-0.64453125
0.24698901176452637,173,-1.585546875
0.24844908714294434,174,-0.270703125
0.25009799003601074,175,-0.30937499999999996
0.25209903717041016,176,-0.28359375
0.25374913215637207,177,-0.322265625
0.2550392150878906,178,0.064453125
0.2562110424041748,179,-0.0515625
0.2573540210723877,180,-0.23203125
0.2585320472717285,181,-0.476953125
0.2596871852874756,182,-0.64453125
0.2608151435852051,183,-0.992578125
0.2619361877441406,184,-1.5726562499999999
0.2631561756134033,185,-0.167578125
0.2645730972290039,186,-0.2578125
0.2660231590270996,187,-0.4125
0.2674901485443115,188,-0.270703125
0.26903414726257324,189,-0.09023437499999999
0.2707390785217285,190,-0.09023437499999999
0.27220916748046875,191,-0.012890625
0.2736070156097412,192,-0.064453125
0.2758371829986572,193,-0.29648437499999997
0.2778902053833008,194,-0.5929687499999999
0.2794630527496338,195,-1.52109375
0.2809410095214844,196,-0.167578125
0.28285813331604004,197,-0.4125
0.28459715843200684,198,-0.4125
0.28592419624328613,199,-0.30937499999999996
0.28712010383605957,200,-0.167578125
0.28826403617858887,201,-0.02578125
0.28943300247192383,202,-0.0515625
0.29056715965270996,203,-0.193359375
0.29169702529907227,204,-0.4640625
0.29280805587768555,205,-0.6703125
0.29404520988464355,206,-0.8765624999999999
0.29548120498657227,207,-1.4953124999999998
0.29694700241088867,208,-0.12890625
0.29842114448547363,209,-0.21914062499999998
0.30007505416870117,210,-0.20625
0.30155515670776367,211,-0.30937499999999996
0.3030412197113037,212,-0.42539062499999997
0.30442118644714355,213,-0.20625
0.3074650764465332,214,0.0
0.309157133102417,215,-0.18046874999999998
0.3106660842895508,216,-0.399609375
0.31241798400878906,217,-1.2374999999999998
0.314378023147583,218,-0.193359375
0.3157939910888672,219,-0.38671875
0.31702709197998047,220,-0.4125
0.3181881904602051,221,-0.09023437499999999
0.3194150924682617,222,-0.399609375
0.320573091506958,223,-0.37382812499999996
0.32170915603637695,224,-0.012890625
0.3228280544281006,225,-0.0515625
0.3240489959716797,226,-0.23203125
0.3254561424255371,227,-0.43828124999999996
0.32691216468811035,228,-0.64453125
0.32846808433532715,229,-1.224609375
0.3301060199737549,230,-1.65
0.3315620422363281,231,-0.270703125
0.33296704292297363,232,-0.322265625
0.3345341682434082,233,-0.4125
0.3370530605316162,234,-0.33515625
0.33875608444213867,235,0.141796875
0.3401501178741455,236,-0.0515625
0.3418710231781006,237,-0.29648437499999997
0.3438410758972168,238,-0.5671875
0.34529709815979004,239,-1.173046875
0.3465240001678467,240,-0.0515625
0.3476719856262207,241,-0.2578125
0.3488030433654785,242,-0.42539062499999997
0.34997105598449707,243,-0.37382812499999996
0.3511080741882324,244,-0.322265625
0.3522322177886963,245,-0.270703125
0.3533511161804199,246,-0.4125
0.35456299781799316,247,-0.270703125
0.35596418380737305,248,-0.103125
0.357410192489624,249,-0.167578125
0.3589820861816406,250,-0.5285156249999999
0.36060118675231934,251,-0.631640625
0.3620631694793701,252,-1.340625
0.3634982109069824,253,-0.064453125
0.36496901512145996,254,-0.23203125
0.36733222007751465,255,-0.29648437499999997
0.36933112144470215,256,-0.23203125
0.37087106704711914,257,0.012890625
0.3725600242614746,258,-0.02578125
0.3745570182800293,259,-0.064453125
0.37607312202453613,260,-0.4125
0.37733006477355957,261,-0.631640625
0.37849998474121094,262,-1.3664062499999998
0.3796720504760742,263,-0.29648437499999997
0.3808150291442871,264,-0.2578125
0.38201117515563965,265,-0.36093749999999997
0.38315916061401367,266,-0.322265625
0.3842761516571045,267,-0.322265625
0.3854842185974121,268,-0.322265625
0.38688111305236816,269,-0.33515625
0.3883211612701416,270,-0.20625
0.38984107971191406,271,-0.0515625
0.39138221740722656,272,-0.18046874999999998
0.39284515380859375,273,-0.502734375
0.394301176071167,274,-0.7476562499999999
0.39568614959716797,275,-1.52109375
0.3977360725402832,276,-0.064453125
0.39994311332702637,277,-0.33515625
0.4014780521392822,278,-0.270703125
0.4029691219329834,279,-0.43828124999999996
0.40494298934936523,280,-0.23203125
0.4066910743713379,281,-0.038671874999999994
0.40799808502197266,282,-0.20625
0.4091811180114746,283,-0.502734375
0.410412073135376,284,-0.64453125
0.41154909133911133,285,-1.327734375
0.41268014907836914,286,-1.65
0.41382598876953125,287,-0.167578125
0.41495609283447266,288,-0.322265625
0.41614603996276855,289,-0.23203125
0.4175450801849365,290,-0.33515625
0.4190070629119873,291,-0.37382812499999996
0.4205000400543213,292,-0.270703125
0.42211103439331055,293,-0.038671874999999994
0.4236330986022949,294,-0.0515625
0.4249720573425293,295,-0.270703125
0.42629003524780273,296,-0.605859375
0.42868900299072266,297,-0.90234375
0.4305109977722168,298,-1.65
0.4318990707397461,299,-0.30937499999999996
0.43349409103393555,300,-0.33515625
0.43547511100769043,301,-0.30937499999999996
0.4370920658111572,302,-0.270703125
0.4383561611175537,303,0.0
0.43955206871032715,304,-0.0515625
0.4407081604003906,305,-0.2578125
0.44184017181396484,306,-0.5671875
0.44296908378601074,307,-0.708984375
0.4440910816192627,308,-1.10859375
0.4452030658721924,309,-1.611328125
0.44640421867370605,310,0.0
0.44780707359313965,311,-0.2578125
0.44930601119995117,312,-0.4640625
0.450836181640625,313,-0.48984374999999997
0.45243215560913086,314,-0.2578125
0.4539330005645752,315,-0.103125
0.45534420013427734,316,-0.012890625
0.45667219161987305,317,-0.02578125
0.4589080810546875,318,-0.2578125
0.4610171318054199,319,-0.5671875
0.46248817443847656,320,-1.46953125
0.4640231132507324,321,-0.12890625
0.46591806411743164,322,-0.270703125
0.46767711639404297,323,-0.33515625
0.468994140625,324,-0.38671875
0.4702122211456299,325,-0.270703125
0.47139501571655273,326,-0.0515625
0.47254014015197754,327,-0.038671874999999994
0.47368311882019043,328,-0.193359375
0.4748082160949707,329,-0.37382812499999996
0.4759330749511719,330,-0.64453125
0.4771451950073242,331,-0.8121093749999999
0.4785652160644531,332,-1.41796875
0.48011207580566406,333,-0.103125
0.4815530776977539,334,-0.23203125
0.483079195022583,335,-0.30937499999999996
0.484633207321167,336,-0.399609375
0.48639416694641113,337,-0.37382812499999996
0.48822522163391113,338,-0.09023437499999999
0.49035120010375977,339,-0.0515625
0.49217915534973145,340,-0.167578125
0.4942820072174072,341,-0.502734375
0.4957740306854248,342,-1.327734375
0.49727916717529297,343,-0.116015625
0.4991931915283203,344,-0.30937499999999996
0.5010650157928467,345,-0.30937499999999996
0.5024240016937256,346,-0.38671875
0.5036220550537109,347,-0.24492187499999998
0.5047760009765625,348,-0.0515625
0.5059030055999756,349,-0.0515625
0.5071291923522949,350,-0.20625
0.5085561275482178,351,-0.42539062499999997
0.5101041793823242,352,-0.6703125
0.5116431713104248,353,-1.198828125
0.513159990310669,354,-1.65
0.5145831108093262,355,-0.2578125
0.5159831047058105,356,-0.476953125
0.5173590183258057,357,-0.322265625
0.5198211669921875,358,-0.20625
0.5217142105102539,359,0.07734374999999999
0.5231621265411377,360,-0.0515625
0.524787187576294,361,-0.24492187499999998
0.5267682075500488,362,-0.54140625
0.5283491611480713,363,-0.9410156249999999
0.529649019241333,364,-1.65
0.530825138092041,365,-0.2578125
0.5319662094116211,366,-0.42539062499999997
0.5330932140350342,367,-0.33515625
0.5342202186584473,368,-0.21914062499999998
0.5353500843048096,369,-0.37382812499999996
0.5364730358123779,370,-0.37382812499999996
0.5376741886138916,371,-0.2578125
0.5390729904174805,372,-0.02578125
0.540607213973999,373,-0.09023437499999999
0.542165994644165,374,-0.4125
0.5436890125274658,375,-0.580078125
0.5450911521911621,376,-1.2374999999999998
0.5464410781860352,377,-1.134375
0.5485591888427734,378,-0.24492187499999998
0.5506350994110107,379,-0.2578125
0.5521061420440674,380,-0.09023437499999999
0.5536839962005615,381,-0.09023437499999999
0.5556890964508057,382,0.038671874999999994
0.5573601722717285,383,-0.09023437499999999
0.5586521625518799,384,-0.322265625
0.5599260330200195,385,-0.515625
0.5611081123352051,386,-1.0570312499999999
0.5622541904449463,387,-1.65
0.5633862018585205,388,-0.012890625
0.5644991397857666,389,-0.28359375
0.5656020641326904,390,-0.33515625
0.566716194152832,391,-0.42539062499999997
0.5679330825805664,392,-0.270703125
0.5694069862365723,393,-0.476953125
0.570897102355957,394,-0.29648437499999997
0.5724530220031738,395,0.0
0.5739901065826416,396,-0.103125
0.5754821300506592,397,-0.348046875
0.5769472122192383,398,-0.54140625
0.5782949924468994,399,-1.16015625
0.5807220935821533,400,-1.65
0.5825910568237305,401,-0.322265625
0.5840530395507812,402,-0.322265625
0.585644006729126,403,-0.23203125
0.5876541137695312,404,-0.20625
0.5893900394439697,405,0.0
0.5907042026519775,406,-0.15468749999999998
0.5918850898742676,407,-0.4125
0.5930240154266357,408,-0.6703125
0.5941522121429443,409,-1.1214843749999999
0.5952761173248291,410,-1.611328125
0.5963871479034424,411,-0.20625
0.5974991321563721,412,-0.270703125
0.5986931324005127,413,-0.451171875
0.6001431941986084,414,-0.33515625
0.6015980243682861,415,-0.20625
0.6030681133270264,416,-0.348046875
0.6046581268310547,417,-0.12890625
0.6061379909515381,418,-0.038671874999999994
0.6075971126556396,419,-0.20625
0.6090590953826904,420,-0.554296875
0.6109611988067627,421,-0.5671875
0.6133041381835938,422,-1.340625
0.614886999130249,423,-0.141796875
0.616265058517456,424,-0.24492187499999998
0.61810302734375,425,-0.12890625
0.6201000213623047,426,-0.21914062499999998
0.6214921474456787,427,0.193359375
0.622697114944458,428,-0.0515625
0.6238491535186768,429,-0.2578125
0.6249821186065674,430,-0.48984374999999997
0.6265711784362793,431,-0.7218749999999999
0.6277661323547363,432,-1.198828125
0.6290121078491211,433,-1.65
0.6305069923400879,434,0.0
0.6319520473480225,435,-0.29648437499999997
0.6335291862487793,436,-0.29648437499999997
0.6350741386413574,437,-0.23203125
0.636476993560791,438,-0.322265625
0.6379830837249756,439,-0.103125
0.6395590305328369,440,-0.02578125
0.6420881748199463,441,-0.167578125
0.6438632011413574,442,-0.502734375
0.6452682018280029,443,-1.224609375
0.6469621658325195,444,-0.103125
0.6489250659942627,445,-0.28359375
0.6504621505737305,446,-0.322265625
0.6516921520233154,447,-0.12890625
0.6528701782226562,448,-0.270703125
0.6540191173553467,449,-0.30937499999999996
0.6551551818847656,450,-0.012890625
0.6562809944152832,451,-0.0515625
0.6573970317840576,452,-0.2578125
0.6585161685943604,453,-0.515625
0.6597239971160889,454,-0.69609375
0.6611361503601074,455,-1.147265625
0.6625959873199463,456,-1.65
0.6641521453857422,457,-0.0515625
0.6656630039215088,458,-0.399609375
0.6670792102813721,459,-0.322265625
0.6685001850128174,460,-0.28359375
0.669964075088501,461,-0.322265625
0.6723270416259766,462,-0.103125
0.6742250919342041,463,-0.064453125
0.6756830215454102,464,-0.322265625
0.6772351264953613,465,-0.4640625
0.6792001724243164,466,-1.2374999999999998
0.6809370517730713,467,-0.18046874999999998
0.6822140216827393,468,-0.43828124999999996
0.6834180355072021,469,-0.322265625
0.6845741271972656,470,-0.20625
0.6857190132141113,471,-0.4125
0.6868481636047363,472,-0.37382812499999996
0.6879901885986328,473,-0.0515625
0.6891829967498779,474,-0.0515625
0.690479040145874,475,-0.20625
0.6918940544128418,476,-0.515625
0.6933460235595703,477,-0.6574218749999999
0.6949300765991211,478,-1.198828125
0.6965169906616211,479,-1.65
0.6979541778564453,480,-0.21914062499999998
0.6994562149047852,481,-0.4125
0.7012250423431396,482,-0.37382812499999996
0.7036900520324707,483,-0.37382812499999996
0.7053320407867432,484,0.09023437499999999
0.7067131996154785,485,-0.02578125
0.7085192203521729,486,-0.2578125
0.7104871273040771,487,-0.6187499999999999
0.7118971347808838,488,-1.2503906249999999
0.7131061553955078,489,-0.167578125
0.7142770290374756,490,-0.30937499999999996
0.7154111862182617,491,-0.4125
0.7165191173553467,492,-0.4125
0.717642068862915,493,-0.37382812499999996
0.7187681198120117,494,-0.322265625
0.7199141979217529,495,-0.348046875
0.7211241722106934,496,-0.193359375
0.7225232124328613,497,-0.02578125
0.7239720821380615,498,-0.103125
0.7255120277404785,499,-0.4125
0.7270221710205078,500,-0.580078125
0.7284760475158691,501,-1.2503906249999999
0.7300140857696533,502,-0.18046874999999998
0.7315330505371094,503,-0.270703125
0.734011173248291,504,-0.30937499999999996
0.7358322143554688,505,-0.23203125
0.7373020648956299,506,-0.116015625
0.7390480041503906,507,-0.012890625
0.741077184677124,508,-0.064453125
0.7425119876861572,509,-0.33515625
0.7437291145324707,510,-0.580078125
0.7448890209197998,511,-1.327734375
0.7460281848907471,512,-1.533984375
0.747150182723999,513,-0.12890625
0.7482650279998779,514,-0.37382812499999996
0.7494091987609863,515,-0.2578125
0.750540018081665,516,-0.30937499999999996
0.7517671585083008,517,-0.20625
0.7531881332397461,518,-0.30937499999999996
0.7546560764312744,519,-0.116015625
0.7562100887298584,520,-0.0515625
0.7577440738677979,521,-0.193359375
0.7592051029205322,522,-0.4640625
0.7607481479644775,523,-0.64453125
0.7621581554412842,524,-1.4308593749999998
0.7644259929656982,525,-0.167578125
0.7664101123809814,526,-0.29648437499999997
0.767890214920044,527,-0.2578125
0.7694461345672607,528,-0.2578125
0.7713861465454102,529,-0.20625
0.7732150554656982,530,-0.012890625
0.7745521068572998,531,-0.2578125
0.7757461071014404,532,-0.54140625
0.7768921852111816,533,-0.6703125
0.7780401706695557,534,-1.327734375
0.7791671752929688,535,-1.65
0.7803661823272705,536,-0.09023437499999999
0.7815041542053223,537,-0.29648437499999997
0.7827141284942627,538,-0.33515625
0.7841191291809082,539,-0.20625
0.785574197769165,540,-0.36093749999999997
0.7871370315551758,541,-0.23203125
0.7886860370635986,542,-0.012890625
0.7901580333709717,543,-0.0515625
0.7916691303253174,544,-0.2578125
0.7930910587310791,545,-0.5929687499999999
0.7954421043395996,546,-1.018359375
0.7973830699920654,547,-1.6371093749999999
0.7988231182098389,548,-0.37382812499999996
0.8003981113433838,549,-0.4125
0.8023691177368164,550,-0.15468749999999998
0.8040640354156494,551,-0.20625
0.8053510189056396,552,0.0
0.8065400123596191,553,-0.09023437499999999
0.8077030181884766,554,-0.2578125
0.8088409900665283,555,-0.5671875
0.8100080490112305,556,-0.6187499999999999
0.8111410140991211,557,-1.2374999999999998
0.8122661113739014,558,-1.65
0.8134651184082031,559,-0.12890625
0.814871072769165,560,-0.23203125
0.8163001537322998,561,-0.20625
0.8177881240844727,562,-0.29648437499999997
0.8194601535797119,563,-0.23203125
0.8209061622619629,564,-0.0515625
0.8223140239715576,565,-0.0515625
0.8236989974975586,566,-0.103125
0.8258190155029297,567,-0.37382812499999996
0.8279731273651123,568,-0.580078125
0.8295531272888184,569,-1.5984375
0.8310410976409912,570,-0.103125
0.8329501152038574,571,-0.4640625
0.8347001075744629,572,-0.322265625
0.8360240459442139,573,-0.167578125
0.8372271060943604,574,-0.09023437499999999
0.8384010791778564,575,-0.012890625
0.8395822048187256,576,-0.07734374999999999
0.8407371044158936,577,-0.30937499999999996
0.8418760299682617,578,-0.605859375
0.8429970741271973,579,-0.69609375
0.8442261219024658,580,-1.173046875
0.8456380367279053,581,-1.65
0.8470962047576904,582,-0.02578125
0.8485901355743408,583,-0.29648437499999997
0.8501410484313965,584,-0.36093749999999997
0.8516151905059814,585,-0.193359375
0.853085994720459,586,-0.322265625
0.8544762134552002,587,-0.103125
0.856781005859375,588,-0.02578125
0.8587551116943359,589,-0.167578125
0.8602240085601807,590,-0.29648437499999997
0.8618152141571045,591,-0.9796874999999999
0.863793134689331,592,-1.5726562499999999
0.8654251098632812,593,-0.36093749999999997
0.8667089939117432,594,-0.515625
0.8678920269012451,595,-0.2578125
0.8690340518951416,596,-0.43828124999999996
0.8702681064605713,597,-0.33515625
0.8714179992675781,598,-0.012890625
0.8725430965423584,599,-0.064453125
0.8736660480499268,600,-0.20625
0.8748641014099121,601,-0.451171875
0.8762621879577637,602,-0.6703125
0.8777120113372803,603,-0.992578125
0.8791790008544922,604,-1.65
0.8808531761169434,605,-0.116015625
0.8823649883270264,606,-0.37382812499999996
0.8838741779327393,607,-0.43828124999999996
0.885263204574585,608,-0.2578125
0.8867101669311523,609,-0.193359375
0.8889260292053223,610,-0.012890625
0.8910520076751709,611,-0.02578125
0.8925201892852783,612,-0.33515625
0.8939740657806396,613,-0.515625
0.8958070278167725,614,-1.353515625
0.8977742195129395,615,-0.322265625
0.8992841243743896,616,-0.37382812499999996
0.9005391597747803,617,-0.28359375
0.9017400741577148,618,-0.24492187499999998
0.9029090404510498,619,-0.30937499999999996
0.9040441513061523,620,-0.167578125
0.9052741527557373,621,-0.012890625
0.9066910743713379,622,-0.07734374999999999
0.9081780910491943,623,-0.24492187499999998
0.9097261428833008,624,-0.580078125
0.9112691879272461,625,-0.966796875
0.9126880168914795,626,-1.65
0.9141290187835693,627,-0.18046874999999998
0.9154901504516602,628,-0.4125
0.9177830219268799,629,-0.36093749999999997
0.9198260307312012,630,-0.23203125
0.9213111400604248,631,0.24492187499999998
0.9229021072387695,632,-0.038671874999999994
0.9248840808868408,633,-0.21914062499999998
0.9265182018280029,634,-0.476953125
0.9278051853179932,635,-1.03125
0.9289810657501221,636,-1.65
0.9301540851593018,637,-0.15468749999999998
0.9312920570373535,638,-0.2578125
0.9324071407318115,639,-0.43828124999999996
0.9335250854492188,640,-0.33515625
0.9346489906311035,641,-0.15468749999999998
0.9358692169189453,642,-0.37382812499999996
0.9372820854187012,643,-0.38671875
0.9387881755828857,644,-0.012890625
0.9406270980834961,645,-0.15468749999999998
0.9425821304321289,646,-0.399609375
