time,count,voltage
0.004402875900268555,1,-0.20625
0.005688905715942383,2,-0.141796875
0.006855010986328125,3,0.0
0.007977008819580078,4,-0.064453125
0.009091854095458984,5,-0.141796875
0.010189056396484375,6,-0.28359375
0.011499881744384766,7,-0.167578125
0.012971878051757812,8,-0.928125
0.014448881149291992,9,-1.5984375
0.01593303680419922,10,-0.20625
0.017266035079956055,11,-0.18046874999999998
0.018651962280273438,12,-0.2578125
0.019860029220581055,13,-0.322265625
0.021100997924804688,14,-0.4125
0.02223801612854004,15,-0.2578125
0.02334904670715332,16,0.0
0.0244600772857666,17,-0.0515625
0.025562047958374023,18,-0.064453125
0.026655912399291992,19,-0.28359375
0.027905941009521484,20,-0.167578125
0.029361963272094727,21,-0.7734375
0.030839920043945312,22,-1.46953125
0.0323948860168457,23,-0.21914062499999998
0.033891916275024414,24,-0.15468749999999998
0.03520607948303223,25,-0.20625
0.03655385971069336,26,-0.167578125
0.03790688514709473,27,-0.270703125
0.039430856704711914,28,-0.15468749999999998
0.04202890396118164,29,-0.012890625
0.043586015701293945,30,-0.116015625
0.04518604278564453,31,-0.064453125
0.0471949577331543,32,-0.8765624999999999
0.04864692687988281,33,-1.00546875
0.04987502098083496,34,-0.37382812499999996
0.05113792419433594,35,-0.167578125
0.0523068904876709,36,-0.193359375
0.05343008041381836,37,-0.37382812499999996
0.054553985595703125,38,-0.42539062499999997
0.05566596984863281,39,-0.29648437499999997
0.05677485466003418,40,-0.012890625
0.05786895751953125,41,-0.038671874999999994
0.05897092819213867,42,-0.103125
0.06006908416748047,43,-0.23203125
0.06123995780944824,44,-0.103125
0.062376976013183594,45,-0.825
0.06347990036010742,46,-1.3921875
0.06459403038024902,47,-0.37382812499999996
0.06569600105285645,48,-0.21914062499999998
0.06679701805114746,49,-0.167578125
0.06789493560791016,50,-0.2578125
0.06899499893188477,51,-0.09023437499999999
0.07009506225585938,52,-0.4125
0.07119894027709961,53,-0.451171875
0.07230305671691895,54,-0.322265625
0.07340407371520996,55,-0.012890625
0.07449793815612793,56,-0.02578125
0.0755910873413086,57,-0.103125
0.07668089866638184,58,-0.2578125
0.07778191566467285,59,-0.116015625
0.0789790153503418,60,-0.7734375
0.08021092414855957,61,-1.353515625
0.08166098594665527,62,-0.554296875
0.08306694030761719,63,-0.23203125
0.08464789390563965,64,-0.20625
0.08609986305236816,65,-0.116015625
0.08749008178710938,66,-0.4125
0.08899188041687012,67,-0.29648437499999997
0.09166097640991211,68,0.0
0.09319090843200684,69,-0.09023437499999999
0.09490299224853516,70,-0.02578125
0.09687495231628418,71,-0.7476562499999999
0.09822702407836914,72,-1.65
0.09940195083618164,73,-0.2578125
0.1006009578704834,74,-0.167578125
0.1017608642578125,75,-0.20625
0.10310196876525879,76,-0.193359375
0.10437607765197754,77,-0.322265625
0.10554695129394531,78,-0.167578125
0.1066749095916748,79,-0.02578125
0.10779094696044922,80,-0.0515625
0.10899686813354492,81,-0.09023437499999999
0.11056804656982422,82,-0.270703125
0.11412405967712402,83,-0.23203125
0.11554288864135742,84,-0.21914062499999998
0.11711597442626953,85,-0.167578125
0.11855888366699219,86,-0.193359375
0.12090897560119629,87,-0.21914062499999998
0.12353205680847168,88,-0.064453125
0.12526488304138184,89,-0.0515625
0.1272449493408203,90,-0.167578125
0.1288759708404541,91,-0.15468749999999998
0.1301419734954834,92,-1.1214843749999999
0.1313309669494629,93,-1.353515625
0.13247895240783691,94,-0.2578125
0.13362789154052734,95,0.0
0.13475394248962402,96,-0.23203125
0.13584685325622559,97,-0.116015625
0.13694000244140625,98,-0.4640625
0.13803601264953613,99,-0.476953125
0.13919496536254883,100,-0.2578125
0.140671968460083,101,-0.012890625
0.14217090606689453,102,-0.0515625
0.14372706413269043,103,-0.167578125
0.14519906044006348,104,-0.103125
0.14653897285461426,105,-0.9796874999999999
0.14803099632263184,106,-1.65
0.14991307258605957,107,-0.20625
0.15279793739318848,108,-0.20625
0.15425801277160645,109,-0.103125
0.15594196319580078,110,-0.02578125
0.1581270694732666,111,0.0
0.15955185890197754,112,-0.0515625
0.16081690788269043,113,-0.064453125
0.16196990013122559,114,-0.54140625
0.16308093070983887,115,-1.198828125
0.16421008110046387,116,-1.65
0.16533493995666504,117,-0.167578125
0.1664419174194336,118,-0.23203125
0.1675419807434082,119,-0.2578125
0.16863393783569336,120,-0.09023437499999999
0.16978788375854492,121,-0.37382812499999996
0.17125701904296875,122,-0.42539062499999997
0.17275691032409668,123,-0.20625
0.17432403564453125,124,-0.012890625
0.17584800720214844,125,-0.064453125
0.177232027053833,126,-0.20625
0.17855405807495117,127,-0.29648437499999997
0.18067693710327148,128,-1.095703125
0.1829390525817871,129,-1.21171875
0.18439102172851562,130,-0.23203125
0.1860189437866211,131,-0.116015625
0.18798589706420898,132,-0.28359375
0.18946290016174316,133,0.0
0.19074106216430664,134,0.0
0.19190096855163574,135,-0.0515625
0.19304585456848145,136,-0.270703125
0.19415903091430664,137,-0.167578125
0.1952509880065918,138,-0.64453125
0.19637608528137207,139,-1.2503906249999999
0.19748401641845703,140,-1.65
0.19859886169433594,141,-0.193359375
0.19977092742919922,142,-0.20625
0.20122504234313965,143,-0.2578125
0.20265889167785645,144,-0.09023437499999999
0.20420408248901367,145,-0.4125
0.20577406883239746,146,-0.29648437499999997
0.2070908546447754,147,0.0
0.20842289924621582,148,-0.064453125
0.21059203147888184,149,-0.20625
0.21278095245361328,150,-0.09023437499999999
0.21433186531066895,151,-1.26328125
0.21602892875671387,152,-0.20625
0.21793889999389648,153,0.0
0.21933603286743164,154,-0.141796875
0.2208390235900879,155,-0.42539062499999997
0.22212004661560059,156,-0.37382812499999996
0.22327804565429688,157,0.012890625
0.22440004348754883,158,-0.0515625
0.22551298141479492,159,-0.07734374999999999
0.22662091255187988,160,-0.2578125
0.2277388572692871,161,-0.167578125
0.22887301445007324,162,-0.7734375
0.23003101348876953,163,-1.340625
0.2314438819885254,164,-0.476953125
0.23288393020629883,165,-0.193359375
0.23439407348632812,166,-0.193359375
0.23601603507995605,167,-0.116015625
0.23746299743652344,168,-0.36093749999999997
0.23895907402038574,169,-0.20625
0.2409350872039795,170,-0.012890625
0.24329900741577148,171,-0.103125
0.24486207962036133,172,-0.02578125
0.246535062789917,173,-0.825
0.24845290184020996,174,-1.585546875
0.25002598762512207,175,-0.20625
0.251309871673584,176,-0.29648437499999997
0.25249791145324707,177,-0.141796875
0.2536499500274658,178,-0.42539062499999997
0.25479888916015625,179,-0.4125
0.2559340000152588,180,-0.21914062499999998
0.2570688724517822,181,-0.02578125
0.25817108154296875,182,-0.064453125
0.2592599391937256,183,-0.23203125
0.26042890548706055,184,-0.29648437499999997
0.26200294494628906,185,-0.348046875
0.26349306106567383,186,-1.16015625
0.26503801345825195,187,-0.734765625
0.2665259838104248,188,-0.21914062499999998
0.2680020332336426,189,-0.29648437499999997
0.26941990852355957,190,-0.02578125
0.2710878849029541,191,-0.36093749999999997
0.2735738754272461,192,-0.24492187499999998
0.2751479148864746,193,-0.012890625
0.27668190002441406,194,-0.23203125
0.2787439823150635,195,-0.12890625
0.28040099143981934,196,-0.992578125
0.28174901008605957,197,-0.33515625
0.282912015914917,198,-0.2578125
0.2840449810028076,199,-0.20625
0.2852208614349365,200,-0.116015625
0.28634095191955566,201,-0.33515625
0.28745007514953613,202,-0.43828124999999996
0.28856897354125977,203,-0.36093749999999997
0.2896749973297119,204,-0.012890625
0.2908499240875244,205,-0.012890625
0.29311203956604004,206,-0.02578125
0.2946169376373291,207,-0.270703125
0.2961750030517578,208,-0.7863281249999999
0.2975640296936035,209,-1.585546875
0.29888486862182617,210,-0.18046874999999998
0.30016589164733887,211,-0.23203125
0.3028550148010254,212,-0.167578125
0.30447888374328613,213,-0.15468749999999998
0.3060610294342041,214,0.0515625
0.30808401107788086,215,-0.02578125
0.3095118999481201,216,-0.064453125
0.31078505516052246,217,-0.141796875
0.3119368553161621,218,-0.515625
0.3135809898376465,219,-1.1859374999999999
0.31476402282714844,220,-0.348046875
0.315932035446167,221,-0.20625
0.3170599937438965,222,-0.167578125
0.31822991371154785,223,-0.21914062499999998
0.3195819854736328,224,-0.07734374999999999
0.32076597213745117,225,-0.2578125
0.32194995880126953,226,-0.2578125
0.32335996627807617,227,0.0
0.32486987113952637,228,-0.0515625
0.326509952545166,229,-0.141796875
0.3280370235443115,230,-0.09023437499999999
0.3294029235839844,231,-0.79921875
0.33080005645751953,232,-1.4953124999999998
0.33214497566223145,233,-0.30937499999999996
0.33471202850341797,234,-0.23203125
0.3364598751068115,235,-0.09023437499999999
0.33782291412353516,236,-0.23203125
0.3395960330963135,237,-0.09023437499999999
0.3418898582458496,238,-0.012890625
0.3432629108428955,239,-0.15468749999999998
0.3444368839263916,240,-0.02578125
0.345566987991333,241,-0.7476562499999999
0.34667491912841797,242,-1.327734375
0.34780406951904297,243,-1.3664062499999998
0.3489389419555664,244,-0.18046874999999998
0.3500969409942627,245,-0.116015625
0.35123205184936523,246,-0.322265625
0.3524050712585449,247,-0.103125
0.35378599166870117,248,-0.476953125
0.3552219867706299,249,-0.37382812499999996
0.3568449020385742,250,0.0
0.35846900939941406,251,-0.02578125
0.3598458766937256,252,-0.23203125
0.36133885383605957,253,-0.193359375
0.3630819320678711,254,-0.8121093749999999
0.3654909133911133,255,-1.533984375
0.36710286140441895,256,-0.2578125
0.36864399909973145,257,-0.322265625
0.370607852935791,258,-0.270703125
0.37233996391296387,259,-0.12890625
0.3736550807952881,260,-0.012890625
0.37485289573669434,261,-0.0515625
0.37598085403442383,262,-0.193359375
0.3770890235900879,263,-0.270703125
0.37819385528564453,264,-0.4125
0.37929391860961914,265,-1.0828125
0.38042187690734863,266,-1.5984375
0.38161301612854004,267,-0.0515625
0.3828098773956299,268,-0.2578125
0.38425302505493164,269,-0.167578125
0.38571596145629883,270,-0.103125
0.3871948719024658,271,-0.23203125
0.3888568878173828,272,-0.2578125
0.39038801193237305,273,0.012890625
0.39188098907470703,274,-0.0515625
0.39340996742248535,275,-0.193359375
0.39595890045166016,276,-0.12890625
0.3976099491119385,277,-1.095703125
0.39911985397338867,278,-0.2578125
0.40112996101379395,279,-0.167578125
0.4028439521789551,280,-0.116015625
0.4041290283203125,281,-0.322265625
0.40534400939941406,282,-0.21914062499999998
0.40648388862609863,283,0.0
0.40759897232055664,284,-0.064453125
0.4087090492248535,285,-0.09023437499999999
0.40981197357177734,286,-0.2578125
0.41092896461486816,287,-0.167578125
0.4120340347290039,288,-0.7476562499999999
0.4132728576660156,289,-1.327734375
0.4146709442138672,290,-1.2503906249999999
0.4161520004272461,291,-0.193359375
0.4176959991455078,292,-0.24492187499999998
0.41919589042663574,293,-0.12890625
0.4207589626312256,294,-0.37382812499999996
0.42224907875061035,295,-0.2578125
0.42389392852783203,296,0.0
0.42632508277893066,297,-0.09023437499999999
0.428009033203125,298,-0.15468749999999998
0.4299049377441406,299,-0.734765625
0.4320249557495117,300,-1.546875
0.4336390495300293,301,-0.270703125
0.43489599227905273,302,-0.23203125
0.43605899810791016,303,-0.0515625
0.43720197677612305,304,-0.36093749999999997
0.43836188316345215,305,-0.33515625
0.4394710063934326,306,-0.02578125
0.4406449794769287,307,-0.012890625
0.44177794456481934,308,-0.0515625
0.44287991523742676,309,-0.23203125
0.4440460205078125,310,-0.23203125
0.4454920291900635,311,-0.580078125
0.44699597358703613,312,-1.2890625
0.448577880859375,313,-0.28359375
0.45009708404541016,314,-0.23203125
0.45152902603149414,315,-0.24492187499999998
0.45304107666015625,316,-0.064453125
0.4549250602722168,317,-0.30937499999999996
0.4572749137878418,318,-0.09023437499999999
0.4588000774383545,319,-0.0515625
0.460299015045166,320,-0.23203125
0.4624760150909424,321,-0.12890625
0.4640638828277588,322,-1.16015625
0.4653739929199219,323,-0.30937499999999996
0.46654295921325684,324,-0.322265625
0.46766185760498047,325,-0.28359375
0.4688570499420166,326,-0.141796875
0.46996307373046875,327,-0.37382812499999996
0.47118091583251953,328,-0.43828124999999996
0.472308874130249,329,-0.23203125
0.4734170436859131,330,-0.012890625
0.4745650291442871,331,-0.064453125
0.47601890563964844,332,-0.103125
0.47751808166503906,333,-0.23203125
0.47909998893737793,334,-0.5285156249999999
0.4806809425354004,335,-1.2890625
0.4820680618286133,336,-0.322265625
0.4834439754486084,337,-0.322265625
0.485321044921875,338,-0.2578125
0.4877610206604004,339,-0.0515625
0.4893219470977783,340,0.21914062499999998
0.49088287353515625,341,-0.012890625
0.4930129051208496,342,-0.0515625
0.494657039642334,343,-0.103125
0.4959590435028076,344,-0.7863281249999999
0.49715495109558105,345,-1.456640625
0.49828600883483887,346,-0.270703125
0.49939894676208496,347,-0.2578125
0.5004980564117432,348,-0.20625
0.5017549991607666,349,-0.20625
0.5028998851776123,350,-0.270703125
0.5040168762207031,351,-0.399609375
0.505181074142456,352,-0.37382812499999996
0.5065760612487793,353,-0.012890625
0.5080869197845459,354,-0.012890625
0.5096619129180908,355,-0.103125
0.5113489627838135,356,-0.103125
0.5128040313720703,357,-0.7863281249999999
0.5141770839691162,358,-1.546875
0.5155179500579834,359,-0.103125
0.5183379650115967,360,-0.23203125
0.5199120044708252,361,-0.116015625
0.5213439464569092,362,-0.141796875
0.5231819152832031,363,-0.012890625
0.5250818729400635,364,-0.012890625
0.5264739990234375,365,-0.15468749999999998
0.5278818607330322,366,-0.064453125
0.5290830135345459,367,-0.708984375
0.530228853225708,368,-1.41796875
0.5313780307769775,369,-0.37382812499999996
0.5325078964233398,370,-0.103125
0.5336380004882812,371,-0.167578125
0.5347599983215332,372,-0.270703125
0.5359148979187012,373,-0.12890625
0.5372929573059082,374,-0.399609375
0.538733959197998,375,-0.322265625
0.5402779579162598,376,0.012890625
0.5419290065765381,377,-0.064453125
0.5433330535888672,378,-0.20625
0.5446798801422119,379,-0.09023437499999999
0.546220064163208,380,-0.8121093749999999
0.5486860275268555,381,-1.5082031249999999
0.5504350662231445,382,-0.2578125
0.5519568920135498,383,-0.193359375
0.5538170337677002,384,-0.33515625
0.5556390285491943,385,-0.23203125
0.5570249557495117,386,0.0
0.5582609176635742,387,-0.09023437499999999
0.5594019889831543,388,-0.167578125
0.5605678558349609,389,-0.20625
0.5617039203643799,390,-0.48984374999999997
0.5628249645233154,391,-1.134375
0.5639529228210449,392,-1.65
0.5650608539581299,393,-0.15468749999999998
0.5663058757781982,394,-0.33515625
0.5677239894866943,395,-0.21914062499999998
0.5691828727722168,396,-0.141796875
0.5707640647888184,397,-0.451171875
0.5722908973693848,398,-0.348046875
0.5737159252166748,399,-0.012890625
0.5751700401306152,400,-0.103125
0.5768110752105713,401,-0.20625
0.5793120861053467,402,-0.09023437499999999
0.580981969833374,403,-1.147265625
0.5824589729309082,404,-0.23203125
0.5843100547790527,405,-0.07734374999999999
0.5861189365386963,406,-0.09023437499999999
0.5874340534210205,407,-0.36093749999999997
0.5886130332946777,408,-0.20625
0.5898110866546631,409,0.0
0.5909609794616699,410,-0.02578125
0.5920839309692383,411,-0.09023437499999999
0.5932269096374512,412,-0.28359375
0.5943338871002197,413,-0.103125
0.5954370498657227,414,-0.760546875
0.5966038703918457,415,-1.327734375
0.598067045211792,416,-0.8121093749999999
0.5995490550994873,417,-0.167578125
0.6010890007019043,418,-0.2578125
0.6025760173797607,419,-0.012890625
0.6040279865264893,420,-0.4125
0.6054959297180176,421,-0.270703125
0.6072940826416016,422,0.012890625
0.6097638607025146,423,-0.07734374999999999
0.6113860607147217,424,-0.07734374999999999
0.6129400730133057,425,-0.825
0.6150200366973877,426,-1.546875
0.6166260242462158,427,-0.15468749999999998
0.6179459095001221,428,-0.2578125
0.6191048622131348,429,-0.09023437499999999
0.6202700138092041,430,-0.4125
0.6214470863342285,431,-0.4125
0.6225669384002686,432,-0.12890625
0.623676061630249,433,-0.012890625
0.6248290538787842,434,-0.0515625
