time,count,voltage
0.0054950714111328125,1,-1.26328125
0.007035970687866211,2,-0.0515625
0.008422136306762695,3,-0.15468749999999998
0.009799003601074219,4,-0.37382812499999996
0.011933088302612305,5,0.0
0.013672113418579102,6,0.141796875
0.015355110168457031,7,0.0
0.0170590877532959,8,-0.02578125
0.01864004135131836,9,-0.30937499999999996
0.0204160213470459,10,-0.4640625
0.021908044815063477,11,-1.4437499999999999
0.023298025131225586,12,-0.012890625
0.024647951126098633,13,-0.09023437499999999
0.025994062423706055,14,-0.167578125
0.027528047561645508,15,-0.103125
0.029237031936645508,16,-0.36093749999999997
0.031094074249267578,17,0.02578125
0.032781124114990234,18,-0.012890625
0.03460812568664551,19,-0.064453125
0.03632712364196777,20,-0.29648437499999997
0.03792214393615723,21,-1.03125
0.03948402404785156,22,0.0
0.04115414619445801,23,-0.064453125
0.04274415969848633,24,-0.167578125
0.045300960540771484,25,-0.2578125
0.04784107208251953,26,-0.167578125
0.049529075622558594,27,0.0
0.051241159439086914,28,-0.09023437499999999
0.0533289909362793,29,-0.28359375
0.055516958236694336,30,-1.0828125
0.057273149490356445,31,0.012890625
0.05872201919555664,32,-0.012890625
0.06013298034667969,33,-0.21914062499999998
0.06181502342224121,34,-0.322265625
0.06321310997009277,35,-0.103125
0.0644841194152832,36,0.012890625
0.06590604782104492,37,-0.012890625
0.06736397743225098,38,-0.038671874999999994
0.06886816024780273,39,-0.28359375
0.0704340934753418,40,-0.580078125
0.07185006141662598,41,-1.456640625
0.07329416275024414,42,-0.012890625
0.07466006278991699,43,-0.23203125
0.07607603073120117,44,-0.2578125
0.07819414138793945,45,-0.15468749999999998
0.08054494857788086,46,-0.23203125
0.08205795288085938,47,0.02578125
0.08334708213806152,48,-0.02578125
0.08467793464660645,49,-0.270703125
0.08622002601623535,50,-0.29648437499999997
0.0881950855255127,51,-0.992578125
0.08977293968200684,52,0.0
0.09104108810424805,53,-0.064453125
0.09221410751342773,54,-0.12890625
0.09334802627563477,55,-0.21914062499999998
0.09456801414489746,56,-0.36093749999999997
0.09598493576049805,57,-0.33515625
0.09747314453125,58,-0.0515625
0.09898900985717773,59,0.012890625
0.10056114196777344,60,-0.012890625
0.10217094421386719,61,-0.322265625
0.10362815856933594,62,-0.5671875
0.10507392883300781,63,-1.4437499999999999
0.10667204856872559,64,-0.012890625
0.10912108421325684,65,-0.064453125
0.11109614372253418,66,-0.348046875
0.11252593994140625,67,-0.36093749999999997
0.1140129566192627,68,0.012890625
0.11590099334716797,69,-0.012890625
0.11773896217346191,70,-0.012890625
0.11905908584594727,71,-0.2578125
0.12036299705505371,72,-0.837890625
0.12152695655822754,73,-1.533984375
0.12265205383300781,74,0.012890625
0.12379002571105957,75,-0.0515625
0.12500214576721191,76,-0.02578125
0.12641215324401855,77,-0.23203125
0.12787604331970215,78,-0.167578125
0.12938594818115234,79,-0.167578125
0.1310269832611084,80,0.09023437499999999
0.13253307342529297,81,-0.012890625
0.13397502899169922,82,-0.038671874999999994
0.1353001594543457,83,-0.270703125
0.1376049518585205,84,-0.54140625
0.13953709602355957,85,-1.52109375
0.1410360336303711,86,-0.07734374999999999
0.142578125,87,-0.20625
0.14451813697814941,88,-0.193359375
0.14622902870178223,89,-0.30937499999999996
0.1475379467010498,90,-0.012890625
0.14870905876159668,91,0.0
0.1498429775238037,92,-0.012890625
0.15098905563354492,93,-0.24492187499999998
0.15211200714111328,94,-0.322265625
0.15322613716125488,95,-0.7863281249999999
0.15433001518249512,96,-1.41796875
0.15551996231079102,97,0.0
0.15694499015808105,98,0.0
0.15837597846984863,99,-0.193359375
0.15981101989746094,100,-0.30937499999999996
0.16141414642333984,101,-0.103125
0.1629180908203125,102,-0.07734374999999999
0.1644420623779297,103,0.0
0.1658780574798584,104,0.0
0.16782498359680176,105,-0.038671874999999994
0.17010092735290527,106,-0.30937499999999996
0.17170500755310059,107,-1.198828125
0.17317414283752441,108,0.0
0.17502307891845703,109,0.0
0.17681097984313965,110,-0.28359375
0.17812800407409668,111,-0.33515625
0.1793229579925537,112,-0.20625
0.18049907684326172,113,-0.012890625
0.18165206909179688,114,0.0
0.1827681064605713,115,-0.02578125
0.18387508392333984,116,-0.15468749999999998
0.18498015403747559,117,-0.38671875
0.18617010116577148,118,-0.4640625
0.1875920295715332,119,-1.198828125
0.1890580654144287,120,-0.580078125
0.19055509567260742,121,-0.0515625
0.1921229362487793,122,-0.103125
0.19350695610046387,123,-0.30937499999999996
0.19485998153686523,124,-0.37382812499999996
0.1963820457458496,125,-0.2578125
0.1988670825958252,126,0.012890625
0.20046496391296387,127,-0.0515625
0.20187997817993164,128,-0.30937499999999996
0.20373010635375977,129,-0.4640625
0.2055981159210205,130,-1.405078125
0.2069540023803711,131,-0.02578125
0.208143949508667,132,-0.02578125
0.20927906036376953,133,-0.30937499999999996
0.21042799949645996,134,-0.141796875
0.2115621566772461,135,-0.4640625
0.2126750946044922,136,-0.399609375
0.21381306648254395,137,0.0
0.2149360179901123,138,0.0
0.21611595153808594,139,-0.0515625
0.21751999855041504,140,-0.103125
0.2190110683441162,141,-0.322265625
0.22063899040222168,142,-0.7734375
0.22219014167785645,143,-1.5726562499999999
0.2235720157623291,144,0.0
0.2248830795288086,145,-0.20625
0.22676610946655273,146,-0.270703125
0.2291121482849121,147,-0.09023437499999999
0.23060894012451172,148,0.36093749999999997
0.23216509819030762,149,0.0
0.23414015769958496,150,-0.02578125
0.23578405380249023,151,-0.2578125
0.23709511756896973,152,-0.8121093749999999
0.23827195167541504,153,-1.5597656249999998
0.23941397666931152,154,0.0
0.240556001663208,155,-0.0515625
0.2416679859161377,156,-0.167578125
0.24277400970458984,157,-0.193359375
0.2438809871673584,158,-0.167578125
0.24499297142028809,159,-0.4125
0.24618315696716309,160,-0.322265625
0.24759507179260254,161,0.012890625
0.24904394149780273,162,0.0
0.25059008598327637,163,-0.02578125
0.2521181106567383,164,-0.30937499999999996
0.25353002548217773,165,-0.5285156249999999
0.25492215156555176,166,-1.405078125
0.2566990852355957,167,0.0
0.25898098945617676,168,-0.103125
0.2604660987854004,169,-0.20625
0.2618410587310791,170,-0.193359375
0.2637009620666504,171,-0.09023437499999999
0.26557111740112305,172,0.0
0.26705193519592285,173,-0.012890625
0.268312931060791,174,-0.322265625
0.26947903633117676,175,-0.36093749999999997
0.2707059383392334,176,-1.1214843749999999
0.2718470096588135,177,-1.65
0.27295899391174316,178,0.0
0.27405500411987305,179,-0.02578125
0.2751469612121582,180,-0.12890625
0.27632999420166016,181,-0.37382812499999996
0.2777409553527832,182,-0.012890625
0.2791941165924072,183,-0.193359375
0.2806670665740967,184,0.09023437499999999
0.28220295906066895,185,-0.012890625
0.28363513946533203,186,-0.012890625
0.28504300117492676,187,-0.29648437499999997
0.2864570617675781,188,-0.37382812499999996
0.2886841297149658,189,-1.224609375
0.29068493843078613,190,0.0
0.292133092880249,191,-0.02578125
0.29363512992858887,192,-0.20625
0.29561495780944824,193,-0.322265625
0.29728007316589355,194,0.012890625
0.29855799674987793,195,-0.038671874999999994
0.29973602294921875,196,-0.012890625
0.3009190559387207,197,-0.193359375
0.3020460605621338,198,-0.37382812499999996
0.3031630516052246,199,-0.760546875
0.304279088973999,200,-1.3792968749999999
0.3053710460662842,201,0.012890625
0.30655694007873535,202,-0.012890625
0.30792713165283203,203,-0.20625
0.30936312675476074,204,-0.24492187499999998
0.31096315383911133,205,-0.15468749999999998
0.3125009536743164,206,-0.322265625
0.313953161239624,207,0.0
0.31542396545410156,208,0.0
0.3168909549713135,209,-0.02578125
0.3193681240081787,210,-0.24492187499999998
0.3212299346923828,211,-0.580078125
0.32263803482055664,212,-0.012890625
0.3242759704589844,213,-0.02578125
0.32622504234313965,214,-0.116015625
0.32774806022644043,215,-0.012890625
0.3289811611175537,216,-0.167578125
0.330125093460083,217,-0.02578125
0.3313419818878174,218,0.0
0.33247804641723633,219,-0.012890625
0.3343219757080078,220,-0.09023437499999999
0.3355100154876709,221,-0.2578125
0.3367440700531006,222,-0.7476562499999999
0.33817005157470703,223,-1.4437499999999999
0.3396289348602295,224,0.0
0.3411259651184082,225,0.0
0.34264492988586426,226,-0.20625
0.3445720672607422,227,-0.103125
0.34604907035827637,228,-0.103125
0.34776902198791504,229,0.038671874999999994
0.3502969741821289,230,0.0
0.3519289493560791,231,-0.193359375
0.3532900810241699,232,-0.4125
0.35504603385925293,233,-1.3019531249999998
0.3569760322570801,234,-0.07734374999999999
0.3583710193634033,235,-0.167578125
0.35955095291137695,236,-0.38671875
0.36078906059265137,237,-0.064453125
0.36191892623901367,238,-0.30937499999999996
0.363037109375,239,-0.193359375
0.3641550540924072,240,0.012890625
0.3652670383453369,241,-0.02578125
0.3663649559020996,242,-0.012890625
0.3675570487976074,243,-0.23203125
0.36896610260009766,244,-0.4125
0.37045907974243164,245,-0.8121093749999999
0.3720071315765381,246,-1.611328125
0.3735830783843994,247,0.0
0.37489914894104004,248,-0.103125
0.37641406059265137,249,-0.30937499999999996
0.37784600257873535,250,-0.167578125
0.38043713569641113,251,-0.20625
0.38224005699157715,252,0.012890625
0.3836541175842285,253,-0.012890625
0.38526201248168945,254,-0.270703125
0.38727307319641113,255,-0.4125
0.38880300521850586,256,-1.456640625
0.39003610610961914,257,-0.012890625
0.39125800132751465,258,-0.20625
0.39238715171813965,259,-0.20625
0.3934941291809082,260,-0.064453125
0.39459705352783203,261,-0.2578125
0.3957040309906006,262,-0.322265625
0.39681315422058105,263,-0.141796875
0.39802098274230957,264,0.0
0.3994131088256836,265,-0.012890625
0.4009549617767334,266,-0.07734374999999999
0.40251612663269043,267,-0.270703125
0.4040539264678955,268,-0.837890625
0.4054739475250244,269,-1.65
0.40683794021606445,270,0.012890625
0.40857505798339844,271,-0.2578125
0.4108150005340576,272,-0.20625
0.4123859405517578,273,-0.02578125
0.41379404067993164,274,0.167578125
0.4156360626220703,275,0.0
0.41747212409973145,276,-0.02578125
0.4188361167907715,277,-0.2578125
0.4200439453125,278,-0.6832031249999999
0.4212970733642578,279,-1.3921875
0.42243409156799316,280,-0.02578125
0.42354702949523926,281,-0.02578125
0.4246339797973633,282,0.0
0.4257180690765381,283,-0.270703125
0.42681002616882324,284,-0.0515625
0.42799806594848633,285,-0.2578125
0.42941808700561523,286,-0.270703125
0.43099403381347656,287,0.0
0.4324951171875,288,0.012890625
0.4340500831604004,289,-0.012890625
0.43544507026672363,290,-0.322265625
0.4368600845336914,291,-0.605859375
0.4385719299316406,292,-1.4308593749999998
0.44103407859802246,293,0.0
0.4425079822540283,294,-0.18046874999999998
0.44392895698547363,295,-0.15468749999999998
0.4458160400390625,296,-0.4125
0.4477109909057617,297,-0.02578125
0.4490489959716797,298,-0.012890625
0.4502880573272705,299,-0.0515625
0.4514589309692383,300,-0.37382812499999996
0.4526050090789795,301,-0.36093749999999997
0.45374202728271484,302,-1.03125
0.4548511505126953,303,-1.65
0.4559481143951416,304,0.0
0.4570331573486328,305,-0.116015625
0.4582099914550781,306,-0.012890625
0.45961904525756836,307,-0.30937499999999996
0.4611179828643799,308,-0.193359375
0.46262693405151367,309,-0.2578125
0.4641690254211426,310,0.064453125
0.4655160903930664,311,0.0
0.4668140411376953,312,0.0
0.46851515769958496,313,-0.270703125
0.4710719585418701,314,-0.33515625
0.47261714935302734,315,-1.611328125
0.47399401664733887,316,0.0
0.4756910800933838,317,-0.103125
0.4776499271392822,318,-0.116015625
0.4791450500488281,319,-0.29648437499999997
0.48040103912353516,320,0.07734374999999999
0.48156213760375977,321,0.0
0.48268699645996094,322,-0.038671874999999994
0.4838111400604248,323,-0.103125
0.48493194580078125,324,-0.36093749999999997
0.4860520362854004,325,-0.48984374999999997
0.4871540069580078,326,-1.1859374999999999
0.4883589744567871,327,-1.65
0.4897749423980713,328,0.0
0.4912271499633789,329,-0.116015625
0.49271297454833984,330,-0.2578125
0.4942920207977295,331,-0.0515625
0.49567604064941406,332,-0.2578125
0.49706196784973145,333,-0.02578125
0.4988369941711426,334,0.012890625
0.5012950897216797,335,-0.038671874999999994
0.5028541088104248,336,-0.193359375
0.504270076751709,337,-0.992578125
0.5061359405517578,338,-1.65
0.5079410076141357,339,0.0
0.5092811584472656,340,-0.24492187499999998
0.5104949474334717,341,-0.103125
0.5116469860076904,342,-0.4125
0.5127699375152588,343,-0.29648437499999997
0.5138771533966064,344,0.0
0.5149710178375244,345,0.0
0.5160689353942871,346,-0.012890625
0.5171949863433838,347,-0.167578125
0.518394947052002,348,-0.399609375
0.5198030471801758,349,-0.515625
0.5212609767913818,350,-1.3019531249999998
0.5228209495544434,351,-0.2578125
0.5243611335754395,352,0.0
0.5257501602172852,353,-0.15468749999999998
0.5271170139312744,354,-0.09023437499999999
0.5290999412536621,355,-0.2578125
0.5313191413879395,356,-0.0515625
0.5328149795532227,357,-0.012890625
0.5342609882354736,358,-0.103125
0.5361509323120117,359,-0.36093749999999997
0.5379469394683838,360,-0.9796874999999999
0.5392589569091797,361,-0.12890625
0.5404720306396484,362,0.0
0.5416171550750732,363,-0.012890625
0.5427391529083252,364,-0.322265625
0.5438520908355713,365,-0.12890625
0.5449609756469727,366,-0.4125
0.5460619926452637,367,-0.348046875
0.5471861362457275,368,0.012890625
0.5484189987182617,369,0.012890625
0.5498361587524414,370,-0.038671874999999994
0.5513010025024414,371,-0.20625
0.5527970790863037,372,-0.322265625
0.5543110370635986,373,-1.018359375
0.5557100772857666,374,-0.4640625
0.557081937789917,375,-0.0515625
0.5588021278381348,376,-0.12890625
0.5612170696258545,377,-0.2578125
0.5627670288085938,378,-0.23203125
0.5642280578613281,379,0.0
0.5661270618438721,380,0.0
0.567924976348877,381,-0.0515625
0.5692410469055176,382,-0.2578125
0.5704240798950195,383,-0.928125
0.5716080665588379,384,-1.5726562499999999
0.5728180408477783,385,0.0
0.5739650726318359,386,-0.116015625
0.575080156326294,387,-0.012890625
0.5761890411376953,388,-0.24492187499999998
0.5772891044616699,389,-0.038671874999999994
0.5784931182861328,390,-0.33515625
0.5798990726470947,391,-0.2578125
0.5814590454101562,392,0.0
0.582988977432251,393,-0.012890625
0.5845041275024414,394,-0.116015625
0.5858700275421143,395,-0.28359375
0.5872480869293213,396,-0.928125
0.5889279842376709,397,-1.65
0.5914130210876465,398,0.0
0.5929911136627197,399,-0.23203125
0.594357967376709,400,-0.038671874999999994
0.5961380004882812,401,-0.20625
0.5980780124664307,402,0.09023437499999999
0.5994689464569092,403,-0.012890625
0.6007370948791504,404,-0.12890625
0.6018891334533691,405,-0.36093749999999997
0.6030330657958984,406,-0.580078125
0.6041769981384277,407,-1.276171875
0.6053049564361572,408,-0.23203125
0.6064131259918213,409,0.0
0.6075091361999512,410,-0.18046874999999998
0.6086840629577637,411,-0.15468749999999998
0.6101031303405762,412,-0.23203125
0.6116349697113037,413,-0.36093749999999997
0.6132199764251709,414,-0.167578125
0.6147360801696777,415,0.0
0.6161320209503174,416,-0.012890625
0.6175251007080078,417,-0.09023437499999999
0.618859052658081,418,-0.36093749999999997
0.6212320327758789,419,-0.7863281249999999
0.6232089996337891,420,-1.65
0.6246471405029297,421,-0.15468749999999998
0.6263120174407959,422,-0.23203125
0.6283071041107178,423,-0.09023437499999999
0.6299149990081787,424,-0.09023437499999999
0.6312680244445801,425,0.0
0.6324200630187988,426,-0.012890625
0.6335389614105225,427,-0.038671874999999994
0.634660005569458,428,-0.348046875
0.6357700824737549,429,-0.37382812499999996
0.6368920803070068,430,-0.992578125
0.6380219459533691,431,-1.5984375
0.6392331123352051,432,0.0
0.6406459808349609,433,-0.167578125
0.6420681476593018,434,0.0
0.643510103225708,435,-0.2578125
0.6450691223144531,436,-0.322265625
0.6465439796447754,437,-0.167578125
0.6479520797729492,438,0.012890625
0.6493120193481445,439,-0.012890625
0.651278018951416,440,-0.064453125
0.6536469459533691,441,-0.270703125
0.6552410125732422,442,-1.276171875
0.6566510200500488,443,0.0
