time,count,voltage
0.0055849552154541016,1,-0.28359375
0.007176876068115234,2,-1.482421875
0.008664846420288086,3,-0.02578125
0.010063886642456055,4,-0.02578125
0.011445999145507812,5,-0.20625
0.012843847274780273,6,-0.33515625
0.014210939407348633,7,-0.270703125
0.01559591293334961,8,0.012890625
0.016945838928222656,9,0.0
0.018280982971191406,10,-0.012890625
0.028046846389770508,11,-0.29648437499999997
0.029690027236938477,12,-0.02578125
0.031184911727905273,13,0.038671874999999994
0.03256797790527344,14,0.0
0.034158945083618164,15,0.012890625
0.05320882797241211,16,-0.07734374999999999
0.05480003356933594,17,-0.2578125
0.056279897689819336,18,-1.147265625
0.057730913162231445,19,-0.0515625
0.05921292304992676,20,-0.09023437499999999
0.06070590019226074,21,-0.18046874999999998
0.06221485137939453,22,-0.15468749999999998
0.06363391876220703,23,-0.399609375
0.06506586074829102,24,-0.116015625
0.06635403633117676,25,0.0
0.06762385368347168,26,-0.012890625
0.06887197494506836,27,-0.103125
0.07010793685913086,28,-0.33515625
0.07132983207702637,29,-0.54140625
0.07255196571350098,30,-1.2503906249999999
0.0738518238067627,31,0.0
0.07506489753723145,32,-0.07734374999999999
0.07629990577697754,33,-0.038671874999999994
0.07752704620361328,34,-0.30937499999999996
0.07962703704833984,35,-0.103125
0.08116793632507324,36,-0.064453125
0.08244800567626953,37,0.012890625
0.10127592086791992,38,-0.012890625
0.10310196876525879,39,-0.012890625
0.10447382926940918,40,-0.116015625
0.10574698448181152,41,-0.992578125
0.1069939136505127,42,-1.65
0.10822582244873047,43,-0.09023437499999999
0.1094820499420166,44,-0.20625
0.1107029914855957,45,-0.30937499999999996
0.11194181442260742,46,-0.0515625
0.11337685585021973,47,-0.4125
0.1146550178527832,48,-0.29648437499999997
0.11623191833496094,49,0.012890625
0.1177518367767334,50,-0.012890625
0.11920881271362305,51,-0.141796875
0.12077093124389648,52,-0.2578125
0.12219786643981934,53,-0.9152343749999999
0.12364888191223145,54,-1.65
0.12507295608520508,55,0.012890625
0.12744998931884766,56,-0.116015625
0.12950491905212402,57,-0.23203125
0.1309969425201416,58,-0.141796875
0.13293004035949707,59,-0.012890625
0.13492298126220703,60,0.0
0.13656187057495117,61,-0.2578125
0.13776588439941406,62,-0.4125
0.13890385627746582,63,-1.198828125
0.14004182815551758,64,-1.65
0.14121294021606445,65,0.0
0.14231204986572266,66,-0.0515625
0.14346098899841309,67,-0.20625
0.14459681510925293,68,-0.23203125
0.14580082893371582,69,-0.2578125
0.14727091789245605,70,-0.33515625
0.14880895614624023,71,-0.0515625
0.15041089057922363,72,0.012890625
0.15194487571716309,73,-0.012890625
0.15346384048461914,74,-0.322265625
0.1549239158630371,75,-0.54140625
0.15682101249694824,76,-1.3664062499999998
0.159315824508667,77,-0.012890625
0.16091585159301758,78,-0.15468749999999998
0.1624748706817627,79,-0.15468749999999998
0.16477584838867188,80,-0.33515625
0.16632986068725586,81,0.012890625
0.16755390167236328,82,-0.0515625
0.16868996620178223,83,-0.103125
0.16980195045471191,84,-0.33515625
0.17092585563659668,85,-0.476953125
0.1720569133758545,86,-1.16015625
0.1732649803161621,87,-1.65
0.17436981201171875,88,0.0
0.17548489570617676,89,-0.18046874999999998
0.17673301696777344,90,-0.0515625
0.17815089225769043,91,-0.18046874999999998
0.17962884902954102,92,-0.36093749999999997
0.18129181861877441,93,-0.23203125
0.18292999267578125,94,0.0
0.18436789512634277,95,-0.012890625
0.18580293655395508,96,-0.12890625
0.18772292137145996,97,-0.2578125
0.19021892547607422,98,-0.8121093749999999
0.19173383712768555,99,-0.167578125
0.1932840347290039,100,-0.2578125
0.19536590576171875,101,-0.20625
0.19717693328857422,102,-0.322265625
0.1984858512878418,103,0.20625
0.19964098930358887,104,-0.012890625
0.2007579803466797,105,-0.02578125
0.20186185836791992,106,-0.103125
0.20298290252685547,107,-0.36093749999999997
0.20410799980163574,108,-0.33515625
0.2052600383758545,109,-1.0828125
0.20636200904846191,110,-1.65
0.20752787590026855,111,0.0
0.20893597602844238,112,-0.064453125
0.21037602424621582,113,-0.09023437499999999
0.21195387840270996,114,-0.02578125
0.21364188194274902,115,-0.167578125
0.21506404876708984,116,0.07734374999999999
0.2164750099182129,117,0.012890625
0.21792292594909668,118,-0.012890625
0.22063398361206055,119,-0.21914062499999998
0.22226595878601074,120,-0.5671875
0.22370004653930664,121,-1.65
0.2255399227142334,122,-0.0515625
0.227463960647583,123,-0.0515625
0.2288508415222168,124,-0.116015625
0.23002386093139648,125,-0.36093749999999997
0.2311699390411377,126,-0.193359375
0.23227691650390625,127,0.0
0.2333998680114746,128,0.0
0.23451995849609375,129,-0.02578125
0.23563385009765625,130,-0.270703125
0.236771821975708,131,-0.38671875
0.23796296119689941,132,-0.708984375
0.23942899703979492,133,-1.353515625
0.24089503288269043,134,-0.0515625
0.24241995811462402,135,0.0
0.24411702156066895,136,-0.12890625
0.24560904502868652,137,-0.103125
0.24742388725280762,138,-0.33515625
0.24970197677612305,139,0.09023437499999999
0.2517659664154053,140,-0.012890625
0.25336599349975586,141,-0.23203125
0.25512003898620605,142,-0.476953125
0.257220983505249,143,-1.353515625
0.25857996940612793,144,-0.0515625
0.25981903076171875,145,-0.116015625
0.26096487045288086,146,-0.270703125
0.2621119022369385,147,-0.21914062499999998
0.26326799392700195,148,-0.37382812499999996
0.26438188552856445,149,-0.2578125
0.26550984382629395,150,0.0
0.26659393310546875,151,0.0
0.2677168846130371,152,-0.038671874999999994
0.26896190643310547,153,-0.21914062499999998
0.27139902114868164,154,-0.322265625
0.27291297912597656,155,-1.198828125
0.2744300365447998,156,0.0
0.2758359909057617,157,-0.07734374999999999
0.27727699279785156,158,-0.167578125
0.2790238857269287,159,-0.12890625
0.2814760208129883,160,-0.36093749999999997
0.2830049991607666,161,0.0
0.284822940826416,162,-0.012890625
0.28694581985473633,163,-0.20625
0.2884228229522705,164,-0.4640625
0.2896139621734619,165,-1.456640625
0.2907388210296631,166,0.0
0.29189181327819824,167,0.0
0.2930140495300293,168,-0.012890625
0.29414892196655273,169,-0.29648437499999997
0.2952568531036377,170,-0.02578125
0.2963528633117676,171,-0.4125
0.2974419593811035,172,-0.33515625
0.29852890968322754,173,0.0
0.2999589443206787,174,-0.012890625
0.30115199089050293,175,-0.02578125
0.3022899627685547,176,-0.28359375
0.3038020133972168,177,-0.37382812499999996
0.305264949798584,178,-0.863671875
0.30672192573547363,179,-1.611328125
0.30892086029052734,180,0.0
0.3105499744415283,181,-0.0515625
0.31203699111938477,182,-0.15468749999999998
0.31388401985168457,183,-0.33515625
0.3164489269256592,184,-0.103125
0.31804490089416504,185,-0.012890625
0.3200359344482422,186,-0.270703125
0.3218059539794922,187,-0.322265625
0.323199987411499,188,-1.456640625
0.32445383071899414,189,0.012890625
0.3256368637084961,190,-0.116015625
0.3267538547515869,191,-0.15468749999999998
0.3278670310974121,192,-0.116015625
0.3289649486541748,193,-0.167578125
0.33016204833984375,194,-0.322265625
0.33161401748657227,195,-0.20625
0.3331429958343506,196,0.012890625
0.3347659111022949,197,-0.02578125
0.33632588386535645,198,-0.23203125
0.337662935256958,199,-0.2578125
0.3390228748321533,200,-1.069921875
0.34168386459350586,201,-0.992578125
0.3435218334197998,202,-0.0515625
0.34523701667785645,203,-0.20625
0.347139835357666,204,-0.193359375
0.3491189479827881,205,0.038671874999999994
0.35047101974487305,206,0.0
0.35165882110595703,207,-0.0515625
0.3528249263763428,208,-0.30937499999999996
0.3539559841156006,209,-0.29648437499999997
0.35506582260131836,210,-0.992578125
0.35619282722473145,211,-1.546875
0.35733795166015625,212,0.0
0.35843491554260254,213,-0.012890625
0.3595309257507324,214,-0.0515625
0.3607189655303955,215,-0.2578125
0.3621089458465576,216,-0.0515625
0.36359095573425293,217,-0.348046875
0.36521196365356445,218,-0.116015625
0.36681199073791504,219,0.012890625
0.3682429790496826,220,-0.0515625
0.36965394020080566,221,-0.30937499999999996
0.3721938133239746,222,-0.21914062499999998
0.37464284896850586,223,-1.2890625
0.3761579990386963,224,-0.167578125
0.37813591957092285,225,-0.36093749999999997
0.37995100021362305,226,-0.012890625
0.3813300132751465,227,0.193359375
0.3825080394744873,228,0.0
0.38376283645629883,229,-0.012890625
0.3848998546600342,230,-0.0515625
0.3860158920288086,231,-0.37382812499999996
0.38712382316589355,232,-0.29648437499999997
0.38826990127563477,233,-0.90234375
0.389387845993042,234,-1.533984375
0.39051198959350586,235,0.0
0.3916928768157959,236,0.0
0.3930988311767578,237,-0.07734374999999999
0.3945608139038086,238,-0.399609375
0.3962099552154541,239,-0.038671874999999994
0.39807987213134766,240,-0.09023437499999999
0.39968395233154297,241,0.0
0.4010930061340332,242,-0.012890625
0.4039149284362793,243,-0.20625
0.4057140350341797,244,-0.4640625
0.40707993507385254,245,-1.65
0.4088430404663086,246,-0.0515625
0.41072893142700195,247,-0.07734374999999999
0.41213083267211914,248,-0.12890625
0.41339898109436035,249,-0.37382812499999996
0.41455602645874023,250,-0.21914062499999998
0.4157278537750244,251,0.012890625
0.416841983795166,252,0.012890625
0.4179420471191406,253,-0.02578125
0.4190349578857422,254,-0.29648437499999997
0.4201350212097168,255,-0.37382812499999996
0.4212808609008789,256,-0.79921875
0.4224698543548584,257,-1.3921875
0.4239339828491211,258,0.0
0.42537498474121094,259,-0.02578125
0.42693495750427246,260,-0.012890625
0.4288790225982666,261,-0.18046874999999998
0.43039393424987793,262,-0.38671875
0.43181800842285156,263,-0.103125
0.4342010021209717,264,0.012890625
0.43628597259521484,265,-0.012890625
0.4377470016479492,266,-0.167578125
0.43950796127319336,267,-1.03125
0.4413909912109375,268,0.0
0.44297194480895996,269,-0.116015625
0.44428396224975586,270,-0.2578125
0.4454498291015625,271,-0.0515625
0.44659996032714844,272,-0.322265625
0.44774603843688965,273,-0.2578125
0.4488489627838135,274,0.012890625
0.4499478340148926,275,-0.012890625
0.45104384422302246,276,-0.0515625
0.45213890075683594,277,-0.2578125
0.453402042388916,278,-0.33515625
0.4548468589782715,279,-0.6187499999999999
0.4563028812408447,280,-1.405078125
0.45781588554382324,281,0.0
0.45946693420410156,282,-0.064453125
0.46097493171691895,283,-0.30937499999999996
0.46283388137817383,284,-0.09023437499999999
0.46545982360839844,285,-0.18046874999999998
0.4669828414916992,286,-0.012890625
0.46873903274536133,287,-0.02578125
0.4707629680633545,288,-0.33515625
0.4721248149871826,289,-0.825
0.47331786155700684,290,-1.65
0.47444796562194824,291,-0.012890625
0.4755690097808838,292,-0.12890625
0.47670888900756836,293,-0.15468749999999998
0.47785186767578125,294,-0.23203125
0.47895002365112305,295,-0.103125
0.48006391525268555,296,-0.29648437499999997
0.4811739921569824,297,-0.193359375
0.4822709560394287,298,0.0
0.48349499702453613,299,-0.012890625
0.4849529266357422,300,-0.012890625
0.48648500442504883,301,-0.322265625
0.48802804946899414,302,-0.4125
0.4898648262023926,303,-1.2503906249999999
0.49188685417175293,304,-0.02578125
0.4941439628601074,305,-0.18046874999999998
0.49674391746520996,306,-0.15468749999999998
0.4983389377593994,307,0.116015625
0.4997398853302002,308,0.0
0.5017549991607666,309,-0.02578125
0.5037178993225098,310,-0.23203125
0.5051479339599609,311,-0.631640625
0.5063560009002686,312,-1.5082031249999999
0.507530927658081,313,0.0
0.5086798667907715,314,-0.0515625
0.5098309516906738,315,-0.02578125
0.5109429359436035,316,-0.20625
0.5120449066162109,317,-0.09023437499999999
0.5132548809051514,318,-0.37382812499999996
0.5145008563995361,319,-0.2578125
0.5159788131713867,320,0.012890625
0.5175168514251709,321,-0.012890625
0.5191769599914551,322,-0.103125
0.5206940174102783,323,-0.2578125
0.5221619606018066,324,-0.90234375
0.5237069129943848,325,-1.65
0.5263190269470215,326,-0.038671874999999994
0.528087854385376,327,-0.2578125
0.5294678211212158,328,-0.348046875
0.5313239097595215,329,-0.2578125
0.5334799289703369,330,0.0
0.5348639488220215,331,-0.02578125
0.536052942276001,332,-0.30937499999999996
0.5371840000152588,333,-0.21914062499999998
0.5383028984069824,334,-0.8765624999999999
0.5394599437713623,335,-1.5082031249999999
0.5405728816986084,336,0.0
0.5417208671569824,337,-0.012890625
0.542855978012085,338,-0.064453125
0.5439679622650146,339,-0.33515625
0.5451459884643555,340,-0.103125
0.5465400218963623,341,-0.37382812499999996
0.5480740070343018,342,-0.24492187499999998
0.549731969833374,343,-0.012890625
0.5512440204620361,344,-0.012890625
0.5527079105377197,345,-0.2578125
0.5545859336853027,346,-0.270703125
0.5570578575134277,347,-1.0828125
0.5586068630218506,348,-0.0515625
0.5602719783782959,349,-0.15468749999999998
0.5622909069061279,350,-0.20625
0.5638139247894287,351,-0.20625
0.5650179386138916,352,0.12890625
0.5661849975585938,353,-0.012890625
0.5672998428344727,354,-0.012890625
0.5684068202972412,355,-0.064453125
0.5695168972015381,356,-0.38671875
0.5706119537353516,357,-0.36093749999999997
0.571739912033081,358,-1.018359375
0.5728800296783447,359,-1.611328125
0.5739798545837402,360,0.0
0.5751709938049316,361,-0.012890625
0.5766258239746094,362,-0.02578125
0.5781068801879883,363,-0.2578125
0.5796358585357666,364,-0.36093749999999997
0.5813720226287842,365,-0.270703125
0.5828628540039062,366,0.012890625
0.5843958854675293,367,-0.012890625
0.5858359336853027,368,-0.15468749999999998
0.5883598327636719,369,-0.29648437499999997
0.5902450084686279,370,-1.147265625
0.5916228294372559,371,-0.012890625
0.5935540199279785,372,-0.15468749999999998
0.5955119132995605,373,-0.2578125
0.5969638824462891,374,-0.116015625
0.5981898307800293,375,0.103125
0.5993180274963379,376,0.012890625
0.6004250049591064,377,0.0
0.601524829864502,378,-0.02578125
0.6026759147644043,379,-0.322265625
0.6038479804992676,380,-0.33515625
0.6049728393554688,381,-0.9410156249999999
0.6062018871307373,382,-1.546875
0.6075949668884277,383,0.0
0.6090798377990723,384,0.0
0.6106138229370117,385,-0.12890625
0.6123688220977783,386,-0.07734374999999999
0.6139988899230957,387,-0.29648437499999997
0.6154839992523193,388,0.116015625
0.6171689033508301,389,0.012890625
0.6197168827056885,390,-0.012890625
0.6213748455047607,391,-0.141796875
0.6229560375213623,392,-1.147265625
0.6249599456787109,393,0.0
0.6266589164733887,394,-0.21914062499999998
0.6280438899993896,395,-0.167578125
0.629241943359375,396,-0.33515625
0.6304090023040771,397,-0.322265625
0.6315548419952393,398,-0.12890625
0.6327118873596191,399,0.012890625
0.6338419914245605,400,0.0
0.634941816329956,401,-0.064453125
0.6361298561096191,402,-0.37382812499999996
0.6376099586486816,403,-0.2578125
0.6391010284423828,404,-1.069921875
0.6406500339508057,405,-0.116015625
0.6421878337860107,406,0.012890625
0.6437358856201172,407,-0.12890625
0.6453068256378174,408,-0.20625
0.6471538543701172,409,-0.2578125
0.6495208740234375,410,-0.0515625
0.6510858535766602,411,-0.012890625
0.6530778408050537,412,-0.20625
0.6551179885864258,413,-0.24492187499999998
0.6568310260772705,414,-1.3148437499999999
0.6580688953399658,415,0.0
0.6592099666595459,416,-0.20625
0.6604158878326416,417,-0.270703125
0.6615309715270996,418,-0.0515625
0.6627368927001953,419,-0.270703125
0.6638729572296143,420,-0.30937499999999996
0.6649880409240723,421,-0.038671874999999994
0.6661958694458008,422,0.0
0.6676528453826904,423,-0.02578125
0.6691570281982422,424,-0.12890625
0.6707499027252197,425,-0.28359375
0.6723499298095703,426,-0.9152343749999999
0.6738889217376709,427,-1.3664062499999998
0.6755108833312988,428,-0.167578125
0.6778318881988525,429,0.0
0.6800289154052734,430,-0.116015625
0.6815018653869629,431,0.18046874999999998
0.683042049407959,432,0.0
0.6852350234985352,433,-0.012890625
0.6868629455566406,434,-0.23203125
0.6881098747253418,435,-0.631640625
0.6892709732055664,436,-1.3664062499999998
0.6903989315032959,437,-0.064453125
0.6915209293365479,438,0.0
0.6927058696746826,439,-0.23203125
0.69386887550354,440,-0.23203125
0.6949849128723145,441,-0.12890625
0.6961870193481445,442,-0.4125
0.6975948810577393,443,-0.37382812499999996
