time,count,voltage
0.005700826644897461,1,-0.103125
0.007445812225341797,2,-1.173046875
0.008857011795043945,3,-0.2578125
0.010273933410644531,4,-0.30937499999999996
0.011645793914794922,5,-0.4640625
0.013000011444091797,6,-0.07734374999999999
0.014428853988647461,7,-0.322265625
0.0158078670501709,8,-0.20625
0.017148971557617188,9,-0.02578125
0.018721818923950195,10,-0.167578125
0.020451784133911133,11,-0.42539062499999997
0.02216792106628418,12,-0.476953125
0.023855924606323242,13,-1.456640625
0.025519847869873047,14,-0.07734374999999999
0.02715897560119629,15,-0.322265625
0.02858901023864746,16,-0.399609375
0.030017852783203125,17,-0.28359375
0.0313868522644043,18,-0.20625
0.032733917236328125,19,-0.012890625
0.03432488441467285,20,-0.02578125
0.03603100776672363,21,-0.103125
0.037992000579833984,22,-0.4640625
0.03960990905761719,23,-0.8765624999999999
0.041188955307006836,24,-1.65
0.04273390769958496,25,-0.23203125
0.0443878173828125,26,-0.18046874999999998
0.04645490646362305,27,-0.37382812499999996
0.04867196083068848,28,-0.2578125
0.050566911697387695,29,0.012890625
0.053711891174316406,30,-0.09023437499999999
0.055693864822387695,31,-0.322265625
0.057289838790893555,32,-1.327734375
0.059552907943725586,33,-0.2578125
0.06208181381225586,34,-0.322265625
0.06361079216003418,35,-0.30937499999999996
0.06507992744445801,36,-0.103125
0.06648588180541992,37,0.0
0.06785082817077637,38,-0.12890625
0.06924700736999512,39,-0.20625
0.07064080238342285,40,-0.43828124999999996
0.07200288772583008,41,-0.64453125
0.07333993911743164,42,-1.4308593749999998
0.07472896575927734,43,0.0
0.07617378234863281,44,-0.29648437499999997
0.07755899429321289,45,-0.2578125
0.07892894744873047,46,-0.167578125
0.08027791976928711,47,-0.21914062499999998
0.08169984817504883,48,-0.12890625
0.0831899642944336,49,0.0
0.08485078811645508,50,-0.07734374999999999
0.08703279495239258,51,-0.2578125
0.08877801895141602,52,-0.23203125
0.09057497978210449,53,-1.2890625
0.09219980239868164,54,-0.2578125
0.09396195411682129,55,-0.322265625
0.09560394287109375,56,-0.4125
0.0984959602355957,57,-0.33515625
0.10064387321472168,58,0.18046874999999998
0.10232686996459961,59,-0.116015625
0.10620999336242676,60,-0.4125
0.1081697940826416,61,-0.631640625
0.10952281951904297,62,-0.24492187499999998
0.11074185371398926,63,-0.167578125
0.11199784278869629,64,-0.2578125
0.11340785026550293,65,-0.29648437499999997
0.1149129867553711,66,-0.23203125
0.11647486686706543,67,-0.012890625
0.11811995506286621,68,-0.0515625
0.11951494216918945,69,-0.21914062499999998
0.12091588973999023,70,-0.4640625
0.12286496162414551,71,-0.863671875
0.12512993812561035,72,-1.611328125
0.1267538070678711,73,-0.270703125
0.12836980819702148,74,-0.36093749999999997
0.13049578666687012,75,-0.15468749999999998
0.13199186325073242,76,-0.116015625
0.1332709789276123,77,0.0
0.1344609260559082,78,-0.103125
0.13561391830444336,79,-0.167578125
0.13673186302185059,80,-0.502734375
0.13783979415893555,81,-0.476953125
0.13895201683044434,82,-1.1214843749999999
0.14006590843200684,83,-1.65
0.14119386672973633,84,-0.012890625
0.14237189292907715,85,-0.141796875
0.14374089241027832,86,-0.322265625
0.14517498016357422,87,-0.30937499999999996
0.14689278602600098,88,-0.20625
0.14843201637268066,89,-0.20625
0.1503148078918457,90,0.012890625
0.15175080299377441,91,-0.103125
0.15384578704833984,92,-0.322265625
0.15604686737060547,93,-0.38671875
0.15751385688781738,94,-1.546875
0.15914678573608398,95,-0.167578125
0.16117382049560547,96,-0.4125
0.1629798412322998,97,-0.18046874999999998
0.16422486305236816,98,-0.399609375
0.1653919219970703,99,-0.21914062499999998
0.16667699813842773,100,-0.012890625
0.16781187057495117,101,-0.0515625
0.16892385482788086,102,-0.29648437499999997
0.1700589656829834,103,-0.580078125
0.17119193077087402,104,-0.48984374999999997
0.17238187789916992,105,-1.147265625
0.17380595207214355,106,-1.65
0.1752607822418213,107,-0.012890625
0.1768817901611328,108,-0.322265625
0.1784358024597168,109,-0.451171875
0.1798248291015625,110,-0.103125
0.18130278587341309,111,-0.064453125
0.1831808090209961,112,-0.012890625
0.18556499481201172,113,-0.012890625
0.18712878227233887,114,-0.28359375
0.18860292434692383,115,-0.476953125
0.19058489799499512,116,-1.327734375
0.19222283363342285,117,-0.141796875
0.19349384307861328,118,-0.322265625
0.19473600387573242,119,-0.43828124999999996
0.19598889350891113,120,-0.012890625
0.19717001914978027,121,-0.322265625
0.19831395149230957,122,-0.21914062499999998
0.19943881034851074,123,0.0
0.20054197311401367,124,-0.012890625
0.20164179801940918,125,-0.116015625
0.20344281196594238,126,-0.399609375
0.20539593696594238,127,-0.38671875
0.20704388618469238,128,-1.1859374999999999
0.2086188793182373,129,-0.012890625
0.20997881889343262,130,-0.322265625
0.21149396896362305,131,-0.36093749999999997
0.2133798599243164,132,-0.12890625
0.21576690673828125,133,-0.322265625
0.2172379493713379,134,-0.012890625
0.21876001358032227,135,-0.167578125
0.22072696685791016,136,-0.38671875
0.22243094444274902,137,-0.631640625
0.22370386123657227,138,-1.6242187499999998
0.22486090660095215,139,-0.012890625
0.22614693641662598,140,-0.4125
0.22733592987060547,141,-0.2578125
0.22847199440002441,142,-0.30937499999999996
0.22964000701904297,143,-0.322265625
0.23076891899108887,144,-0.37382812499999996
0.23188090324401855,145,-0.2578125
0.23304295539855957,146,0.0
0.23444080352783203,147,-0.0515625
0.23588299751281738,148,-0.24492187499999998
0.23754286766052246,149,-0.502734375
0.2391068935394287,150,-0.7218749999999999
0.24048280715942383,151,-1.611328125
0.24187088012695312,152,-0.0515625
0.24369597434997559,153,-0.322265625
0.2461848258972168,154,-0.322265625
0.24779987335205078,155,-0.064453125
0.24930191040039062,156,0.15468749999999998
0.2513859272003174,157,-0.07734374999999999
0.25328683853149414,158,-0.193359375
0.2545888423919678,159,-0.322265625
0.2557640075683594,160,-1.03125
0.25688791275024414,161,-1.5984375
0.2579929828643799,162,0.0
0.25914883613586426,163,-0.37382812499999996
0.260267972946167,164,-0.116015625
0.26137495040893555,165,-0.322265625
0.2625138759613037,166,-0.167578125
0.26369595527648926,167,-0.502734375
0.2653219699859619,168,-0.4125
0.26694583892822266,169,0.0
0.2684779167175293,170,-0.103125
0.2701098918914795,171,-0.399609375
0.2714970111846924,172,-0.348046875
0.2729148864746094,173,-1.173046875
0.2747948169708252,174,-1.5082031249999999
0.27728700637817383,175,-0.23203125
0.2789440155029297,176,-0.37382812499999996
0.2804419994354248,177,-0.2578125
0.2825148105621338,178,-0.12890625
0.28412890434265137,179,-0.012890625
0.2854127883911133,180,-0.103125
0.2867319583892822,181,-0.43828124999999996
0.2878749370574951,182,-0.399609375
0.28899097442626953,183,-1.0828125
0.2901158332824707,184,-1.65
0.2912428379058838,185,-0.167578125
0.2923438549041748,186,-0.20625
0.29346299171447754,187,-0.15468749999999998
0.29464101791381836,188,-0.348046875
0.2960848808288574,189,-0.116015625
0.29752683639526367,190,-0.322265625
0.29912590980529785,191,-0.116015625
0.3006429672241211,192,-0.0515625
0.30210399627685547,193,-0.103125
0.3034658432006836,194,-0.37382812499999996
0.30510687828063965,195,-0.37382812499999996
0.3076357841491699,196,-1.173046875
0.3092658519744873,197,-0.21914062499999998
0.31081295013427734,198,-0.193359375
0.31275391578674316,199,-0.20625
0.31451892852783203,200,-0.09023437499999999
0.3158419132232666,201,0.193359375
0.3170127868652344,202,-0.0515625
0.31822896003723145,203,-0.116015625
0.31935787200927734,204,-0.36093749999999997
0.32047581672668457,205,-0.502734375
0.32158589363098145,206,-0.734765625
0.32273292541503906,207,-1.3664062499999998
0.32384181022644043,208,-1.5726562499999999
0.32502293586730957,209,-0.103125
0.32648801803588867,210,-0.2578125
0.32795000076293945,211,-0.322265625
0.3294219970703125,212,-0.15468749999999998
0.33105897903442383,213,-0.348046875
0.33243584632873535,214,-0.0515625
0.3339989185333252,215,-0.012890625
0.33535099029541016,216,-0.167578125
0.3385639190673828,217,-0.4125
0.340120792388916,218,-1.1859374999999999
0.34168386459350586,219,-0.28359375
0.34368181228637695,220,-0.33515625
0.34531283378601074,221,-0.4640625
0.3467409610748291,222,-0.33515625
0.34790802001953125,223,-0.167578125
0.3490438461303711,224,-0.09023437499999999
0.350233793258667,225,-0.038671874999999994
0.3513619899749756,226,-0.12890625
0.35246992111206055,227,-0.36093749999999997
0.35356879234313965,228,-0.580078125
0.35475897789001465,229,-0.6187499999999999
0.3560359477996826,230,-1.327734375
0.3574190139770508,231,-1.5082031249999999
0.3589458465576172,232,-0.23203125
0.3604888916015625,233,-0.270703125
0.3620448112487793,234,-0.54140625
0.3635439872741699,235,-0.33515625
0.3649308681488037,236,-0.23203125
0.367358922958374,237,-0.012890625
0.36950182914733887,238,-0.02578125
0.37098097801208496,239,-0.322265625
0.37257981300354004,240,-0.7863281249999999
0.37466979026794434,241,-1.533984375
0.3762319087982178,242,-0.193359375
0.3774700164794922,243,-0.29648437499999997
0.3787097930908203,244,-0.2578125
0.3798539638519287,245,-0.29648437499999997
0.38097381591796875,246,-0.30937499999999996
0.38216400146484375,247,-0.18046874999999998
0.3832888603210449,248,-0.012890625
0.3843879699707031,249,-0.064453125
0.3855428695678711,250,-0.193359375
0.3867948055267334,251,-0.54140625
0.3881998062133789,252,-0.5929687499999999
0.3897697925567627,253,-1.2890625
0.3912968635559082,254,0.0
0.39280200004577637,255,-0.2578125
0.39428091049194336,256,-0.20625
0.39572596549987793,257,-0.167578125
0.3975958824157715,258,-0.20625
0.4000098705291748,259,-0.07734374999999999
0.40157294273376465,260,-0.116015625
0.4030759334564209,261,-0.2578125
0.40502190589904785,262,-0.4125
0.40688586235046387,263,-1.1214843749999999
0.4081737995147705,264,-0.21914062499999998
0.409343957901001,265,-0.29648437499999997
0.41048598289489746,266,-0.24492187499999998
0.4116189479827881,267,-0.23203125
0.4127318859100342,268,-0.103125
0.41386890411376953,269,-0.2578125
0.4149777889251709,270,-0.30937499999999996
0.41611480712890625,271,0.0
0.41735100746154785,272,-0.012890625
0.4187510013580322,273,-0.2578125
0.42020392417907715,274,-0.5671875
0.4217658042907715,275,-0.4640625
0.423353910446167,276,-1.2890625
0.42470788955688477,277,-0.167578125
0.42639589309692383,278,-0.502734375
0.42885780334472656,279,-0.322265625
0.4308438301086426,280,-0.103125
0.43243980407714844,281,0.193359375
0.4346158504486084,282,0.0
0.43610501289367676,283,-0.193359375
0.4373128414154053,284,-0.43828124999999996
0.43851399421691895,285,-0.734765625
0.43964600563049316,286,-1.46953125
0.4407517910003662,287,-0.4125
0.441849946975708,288,-0.20625
0.44295597076416016,289,-0.322265625
0.4440789222717285,290,-0.29648437499999997
0.4452178478240967,291,-0.15468749999999998
0.44635701179504395,292,-0.30937499999999996
0.44756197929382324,293,-0.348046875
0.448962926864624,294,-0.20625
0.45044589042663574,295,0.0
0.45198488235473633,296,-0.09023437499999999
0.453624963760376,297,-0.37382812499999996
0.4551529884338379,298,-0.42539062499999997
0.4567749500274658,299,-1.3148437499999999
0.4593379497528076,300,-0.15468749999999998
0.461014986038208,301,-0.36093749999999997
0.4626188278198242,302,-0.141796875
0.4646799564361572,303,-0.36093749999999997
0.46633195877075195,304,0.09023437499999999
0.4675929546356201,305,-0.012890625
0.4687647819519043,306,-0.103125
0.47017478942871094,307,-0.4640625
0.471329927444458,308,-0.515625
0.47246384620666504,309,-1.198828125
0.4735729694366455,310,-1.65
0.4747288227081299,311,0.0
0.4758608341217041,312,-0.37382812499999996
0.47699499130249023,313,-0.116015625
0.4782688617706299,314,-0.29648437499999997
0.4796788692474365,315,-0.02578125
0.48114585876464844,316,-0.20625
0.482712984085083,317,-0.012890625
0.48435091972351074,318,-0.0515625
0.4859778881072998,319,-0.167578125
0.4875500202178955,320,-0.4125
0.4895648956298828,321,-0.7863281249999999
0.49176979064941406,322,-1.5726562499999999
0.49334096908569336,323,-0.42539062499999997
0.4950098991394043,324,-0.33515625
0.4970388412475586,325,-0.116015625
0.49868297576904297,326,0.012890625
0.49995994567871094,327,0.0
0.5011589527130127,328,-0.103125
0.5023529529571533,329,-0.2578125
0.5035178661346436,330,-0.5671875
0.5046470165252686,331,-0.64453125
0.5057809352874756,332,-1.3148437499999999
0.5069308280944824,333,-1.65
0.5081479549407959,334,0.012890625
0.5096049308776855,335,-0.270703125
0.5111279487609863,336,-0.29648437499999997
0.5126938819885254,337,-0.193359375
0.514380931854248,338,-0.37382812499999996
0.515906810760498,339,-0.09023437499999999
0.51761794090271,340,-0.012890625
0.5195310115814209,341,-0.15468749999999998
0.521920919418335,342,-0.43828124999999996
0.5235519409179688,343,-1.2503906249999999
0.5251729488372803,344,-0.23203125
0.5274078845977783,345,-0.21914062499999998
0.528937816619873,346,-0.30937499999999996
0.5302519798278809,347,-0.167578125
0.5314269065856934,348,-0.12890625
0.5325658321380615,349,-0.012890625
0.533754825592041,350,-0.012890625
0.5348877906799316,351,-0.116015625
0.5360918045043945,352,-0.37382812499999996
0.5372409820556641,353,-0.515625
0.5384578704833984,354,-0.7863281249999999
0.5398788452148438,355,-1.46953125
0.5413777828216553,356,-0.21914062499999998
0.5430009365081787,357,-0.21914062499999998
0.5446310043334961,358,-0.270703125
0.5462889671325684,359,-0.20625
0.5478358268737793,360,-0.43828124999999996
0.5501129627227783,361,-0.0515625
0.5522339344024658,362,-0.0515625
0.5537159442901611,363,-0.30937499999999996
0.5553538799285889,364,-0.4640625
0.5575408935546875,365,-1.2890625
0.5590808391571045,366,-0.103125
0.5603349208831787,367,-0.02578125
0.561492919921875,368,-0.30937499999999996
0.5626609325408936,369,-0.02578125
0.5637788772583008,370,-0.33515625
0.5648899078369141,371,-0.23203125
0.5661108493804932,372,0.0
0.5672378540039062,373,-0.012890625
0.568444013595581,374,-0.20625
0.569835901260376,375,-0.42539062499999997
0.5715389251708984,376,-0.515625
0.5732018947601318,377,-1.16015625
0.5748658180236816,378,-0.270703125
0.5763568878173828,379,-0.322265625
0.5778868198394775,380,-0.29648437499999997
0.580312967300415,381,-0.141796875
0.5823488235473633,382,-0.103125
0.5838069915771484,383,-0.012890625
0.5855529308319092,384,-0.167578125
0.5875449180603027,385,-0.399609375
0.5890607833862305,386,-0.631640625
0.5906729698181152,387,-1.533984375
0.5921869277954102,388,-0.15468749999999998
0.5934169292449951,389,-0.580078125
0.5946059226989746,390,-0.476953125
0.595775842666626,391,-0.15468749999999998
0.5969297885894775,392,-0.37382812499999996
0.5981278419494629,393,-0.37382812499999996
0.5993688106536865,394,-0.012890625
0.6007649898529053,395,-0.012890625
0.6022708415985107,396,-0.167578125
0.603827953338623,397,-0.4640625
0.6056108474731445,398,-0.54140625
0.6071219444274902,399,-1.46953125
0.6085360050201416,400,-0.02578125
0.6109898090362549,401,-0.29648437499999997
0.6128358840942383,402,-0.36093749999999997
0.6143457889556885,403,-0.33515625
0.6161389350891113,404,-0.038671874999999994
0.6180729866027832,405,-0.09023437499999999
0.6195378303527832,406,-0.167578125
0.6207308769226074,407,-0.399609375
0.6218879222869873,408,-0.7863281249999999
0.6230278015136719,409,-1.456640625
0.6241858005523682,410,-0.43828124999999996
0.6253068447113037,411,-0.24492187499999998
0.6264998912811279,412,-0.2578125
0.6276369094848633,413,-0.4125
0.6287848949432373,414,-0.2578125
0.6300268173217773,415,-0.23203125
0.6314308643341064,416,-0.20625
0.6328699588775635,417,0.0
0.6345119476318359,418,-0.012890625
0.6362018585205078,419,-0.0515625
0.6377849578857422,420,-0.18046874999999998
0.6393299102783203,421,-0.7476562499999999
0.6415648460388184,422,-1.5726562499999999
0.6435348987579346,423,-0.33515625
0.644981861114502,424,-0.322265625
0.6467249393463135,425,-0.103125
0.6487438678741455,426,0.0
0.6505928039550781,427,0.0
0.6525678634643555,428,-0.116015625
0.6538608074188232,429,-0.37382812499999996
0.6550328731536865,430,-0.5929687499999999
