time,count,voltage
0.005252838134765625,1,-0.270703125
0.006845951080322266,2,-0.103125
0.008256912231445312,3,0.0
0.009656906127929688,4,-0.012890625
0.011040925979614258,5,-0.193359375
0.012630939483642578,6,-0.20625
0.014390945434570312,7,-0.837890625
0.016093015670776367,8,-1.65
0.0178678035736084,9,-0.064453125
0.019598007202148438,10,-0.15468749999999998
0.021287918090820312,11,-0.064453125
0.02283000946044922,12,-0.12890625
0.024222850799560547,13,0.012890625
0.025584936141967773,14,-0.012890625
0.026976823806762695,15,-0.02578125
0.02855396270751953,16,-0.33515625
0.030417919158935547,17,-0.36093749999999997
0.032164812088012695,18,-1.3664062499999998
0.03391599655151367,19,-0.0515625
0.035739898681640625,20,-0.15468749999999998
0.03745889663696289,21,-0.167578125
0.039209842681884766,22,-0.37382812499999996
0.04107093811035156,23,-0.064453125
0.042923927307128906,24,0.0
0.044899940490722656,25,-0.103125
0.04768085479736328,26,-0.193359375
0.050412893295288086,27,-1.340625
0.05226302146911621,28,-0.167578125
0.05396080017089844,29,-0.193359375
0.056262969970703125,30,-0.20625
0.05842900276184082,31,0.21914062499999998
0.0601048469543457,32,-0.02578125
0.061551809310913086,33,-0.24492187499999998
0.06295084953308105,34,-0.24492187499999998
0.06432986259460449,35,-1.044140625
0.0656898021697998,36,-1.533984375
0.0670478343963623,37,-0.0515625
0.06838798522949219,38,-0.18046874999999998
0.06984782218933105,39,-0.2578125
0.07128500938415527,40,-0.18046874999999998
0.07289981842041016,41,-0.20625
0.07460284233093262,42,0.0
0.07629680633544922,43,-0.012890625
0.07818889617919922,44,-0.141796875
0.07998299598693848,45,-0.167578125
0.0815739631652832,46,-1.10859375
0.08318281173706055,47,-0.012890625
0.08595991134643555,48,-0.167578125
0.08811092376708984,49,-0.15468749999999998
0.08989191055297852,50,-0.12890625
0.09165787696838379,51,0.0
0.09389996528625488,52,0.0
0.09604287147521973,53,-0.23203125
0.09766101837158203,54,-0.69609375
0.09910392761230469,55,-1.65
0.10052180290222168,56,0.0
0.10200786590576172,57,-0.103125
0.10365986824035645,58,-0.23203125
0.1053609848022461,59,-0.28359375
0.10712695121765137,60,-0.02578125
0.1090250015258789,61,-0.012890625
0.11082887649536133,62,-0.012890625
0.1125798225402832,63,-0.23203125
0.11466288566589355,64,-0.7476562499999999
0.11757683753967285,65,-1.6242187499999998
0.11948299407958984,66,-0.116015625
0.12120985984802246,67,0.0
0.1235499382019043,68,-0.20625
0.12554597854614258,69,0.012890625
0.12705492973327637,70,-0.02578125
0.12845683097839355,71,-0.30937499999999996
0.13013696670532227,72,-0.399609375
0.1315298080444336,73,-1.327734375
0.13290882110595703,74,0.0
0.13451600074768066,75,-0.12890625
0.13598299026489258,76,-0.23203125
0.13753890991210938,77,-0.12890625
0.14074182510375977,78,-0.37382812499999996
0.1429309844970703,79,-0.07734374999999999
0.14575695991516113,80,-0.012890625
0.14754199981689453,81,-0.4125
0.1500098705291748,82,-1.5082031249999999
0.15185189247131348,83,-0.09023437499999999
0.15323781967163086,84,-0.28359375
0.15451288223266602,85,-0.167578125
0.15578389167785645,86,-0.2578125
0.1571979522705078,87,-0.064453125
0.15845084190368652,88,0.0
0.15984797477722168,89,-0.0515625
0.16112685203552246,90,-0.20625
0.1671288013458252,91,-0.2578125
0.16925382614135742,92,-0.825
0.17112183570861816,93,-0.167578125
0.17342495918273926,94,-0.37382812499999996
0.17583298683166504,95,0.038671874999999994
0.177656888961792,96,-0.0515625
0.1801469326019287,97,-0.20625
0.18177080154418945,98,-1.018359375
0.1832408905029297,99,0.0
0.18451380729675293,100,-0.141796875
0.18575692176818848,101,-0.29648437499999997
0.18699979782104492,102,-0.0515625
0.1882469654083252,103,-0.29648437499999997
0.1895158290863037,104,-0.2578125
0.19089198112487793,105,-0.012890625
0.19213485717773438,106,-0.012890625
0.1980597972869873,107,-0.02578125
0.20016694068908691,108,-0.30937499999999996
0.20208287239074707,109,-0.193359375
0.20434784889221191,110,-0.322265625
0.2070169448852539,111,-0.29648437499999997
0.20905184745788574,112,0.0
0.21133685111999512,113,-0.02578125
0.21288585662841797,114,-0.23203125
0.21422886848449707,115,-0.928125
0.21548986434936523,116,-1.65
0.2167339324951172,117,-0.02578125
0.2179698944091797,118,-0.167578125
0.21933484077453613,119,-0.270703125
0.220628023147583,120,-0.15468749999999998
0.22188401222229004,121,-0.4125
0.22312498092651367,122,-0.29648437499999997
0.22915887832641602,123,-0.012890625
0.23123383522033691,124,0.012890625
0.23308587074279785,125,-1.46953125
0.23502302169799805,126,-0.07734374999999999
0.23773980140686035,127,-0.21914062499999998
0.2398369312286377,128,-0.0515625
0.2422349452972412,129,0.28359375
0.24391889572143555,130,0.0
0.24533295631408691,131,-0.20625
0.24671101570129395,132,-0.42539062499999997
0.24798798561096191,133,-1.2374999999999998
0.24934101104736328,134,0.0
0.2505989074707031,135,-0.064453125
0.25186896324157715,136,-0.012890625
0.2531459331512451,137,-0.21914062499999998
0.2587759494781494,138,-0.07734374999999999
0.2609829902648926,139,-0.20625
0.2628610134124756,140,-0.193359375
0.26468586921691895,141,-0.79921875
0.26981186866760254,142,-1.65
0.27185988426208496,143,-0.09023437499999999
0.2736048698425293,144,0.103125
0.27489781379699707,145,0.0
0.2760579586029053,146,-0.012890625
0.2772529125213623,147,-0.15468749999999998
0.2783629894256592,148,-0.29648437499999997
0.2795100212097168,149,-0.4125
0.2806239128112793,150,-1.147265625
0.28171586990356445,151,-1.65
0.282822847366333,152,0.0
0.28392887115478516,153,-0.09023437499999999
0.2850468158721924,154,-0.103125
0.28629493713378906,155,-0.21914062499999998
0.2877318859100342,156,-0.012890625
0.28916001319885254,157,-0.18046874999999998
0.29079580307006836,158,0.07734374999999999
0.29228782653808594,159,0.0
0.29369091987609863,160,-0.02578125
0.29506802558898926,161,-0.322265625
0.29755496978759766,162,-0.37382812499999996
0.29943299293518066,163,-1.4953124999999998
0.3012568950653076,164,-0.103125
0.30339789390563965,165,-0.116015625
0.3047969341278076,166,-0.09023437499999999
0.3060319423675537,167,-0.02578125
0.30716896057128906,168,0.0
0.3083178997039795,169,0.0
0.3094358444213867,170,-0.0515625
0.31055283546447754,171,-0.167578125
0.31165599822998047,172,-0.322265625
0.31274986267089844,173,-0.4640625
0.31384801864624023,174,-1.134375
0.3149738311767578,175,-1.65
0.31617188453674316,176,0.0
0.31759095191955566,177,-0.0515625
0.31908702850341797,178,-0.21914062499999998
0.3206799030303955,179,-0.116015625
0.32218289375305176,180,-0.399609375
0.3236818313598633,181,-0.103125
0.3251798152923584,182,0.0
0.32744789123535156,183,-0.038671874999999994
0.32953381538391113,184,-0.20625
0.33102893829345703,185,-0.928125
0.3328688144683838,186,-1.65
0.33492588996887207,187,-0.064453125
0.33635783195495605,188,-0.23203125
0.33752989768981934,189,-0.064453125
0.33873486518859863,190,-0.23203125
0.3399779796600342,191,-0.167578125
0.3411588668823242,192,0.0
0.34227991104125977,193,0.0
0.3435828685760498,194,-0.0515625
0.3447577953338623,195,-0.270703125
0.3458728790283203,196,-0.2578125
0.34712982177734375,197,-0.9796874999999999
0.3485848903656006,198,-1.585546875
0.35016798973083496,199,0.0
0.35175585746765137,200,-0.193359375
0.35323286056518555,201,-0.270703125
0.3546738624572754,202,-0.29648437499999997
0.3563048839569092,203,-0.20625
0.3590219020843506,204,-0.012890625
0.36060380935668945,205,-0.02578125
0.3619959354400635,206,-0.2578125
0.36403894424438477,207,-0.451171875
0.3659539222717285,208,-1.4308593749999998
0.3673369884490967,209,-0.02578125
0.3685150146484375,210,-0.15468749999999998
0.36974000930786133,211,-0.20625
0.3709139823913574,212,-0.20625
0.3720388412475586,213,-0.33515625
0.37318992614746094,214,-0.18046874999999998
0.3743009567260742,215,0.0
0.3753829002380371,216,0.012890625
0.37647294998168945,217,-0.012890625
0.3776578903198242,218,-0.29648437499999997
0.379133939743042,219,-0.29648437499999997
0.38066697120666504,220,-0.837890625
0.3822939395904541,221,-1.65
0.3846418857574463,222,-0.07734374999999999
0.3861110210418701,223,-0.270703125
0.3881208896636963,224,-0.15468749999999998
0.3906118869781494,225,-0.29648437499999997
0.39210081100463867,226,0.0
0.39366793632507324,227,-0.012890625
0.3957087993621826,228,-0.30937499999999996
0.39740800857543945,229,-0.580078125
0.39877986907958984,230,-1.611328125
0.40004396438598633,231,-0.02578125
0.40118980407714844,232,-0.21914062499999998
0.4023129940032959,233,-0.270703125
0.40344691276550293,234,-0.193359375
0.4045448303222656,235,-0.24492187499999998
0.4056739807128906,236,-0.322265625
0.40680599212646484,237,-0.15468749999999998
0.4080209732055664,238,0.0
0.40947794914245605,239,-0.012890625
0.41100192070007324,240,-0.09023437499999999
0.41262102127075195,241,-0.23203125
0.41420483589172363,242,-0.8507812499999999
0.4157400131225586,243,-1.65
0.41721391677856445,244,-0.02578125
0.41925787925720215,245,-0.09023437499999999
0.4216768741607666,246,-0.193359375
0.4232468605041504,247,0.012890625
0.4248178005218506,248,0.012890625
0.4268529415130615,249,-0.012890625
0.42853283882141113,250,-0.20625
0.42990684509277344,251,-0.38671875
0.4310798645019531,252,-1.2503906249999999
0.4322338104248047,253,-0.064453125
0.4333469867706299,254,-0.0515625
0.434445858001709,255,-0.2578125
0.4355499744415283,256,-0.2578125
0.4366748332977295,257,-0.064453125
0.43779587745666504,258,-0.322265625
0.43898892402648926,259,-0.33515625
0.4404029846191406,260,-0.193359375
0.4418528079986572,261,0.0
0.4433588981628418,262,-0.02578125
0.4450368881225586,263,-0.270703125
0.4465959072113037,264,-0.23203125
0.44817399978637695,265,-1.198828125
0.4498329162597656,266,0.0
0.4524819850921631,267,-0.103125
0.45432496070861816,268,-0.15468749999999998
0.45594191551208496,269,-0.33515625
0.45793890953063965,270,0.038671874999999994
0.45966100692749023,271,0.0
0.4609858989715576,272,-0.20625
0.4621858596801758,273,-0.23203125
0.46334195137023926,274,-0.7863281249999999
0.46446800231933594,275,-1.405078125
0.46556997299194336,276,0.0
0.4666628837585449,277,-0.0515625
0.467803955078125,278,-0.20625
0.46900486946105957,279,-0.2578125
0.4704418182373047,280,-0.15468749999999998
0.4718778133392334,281,-0.33515625
0.47345995903015137,282,-0.15468749999999998
0.47513294219970703,283,0.012890625
0.47667789459228516,284,-0.02578125
0.47820091247558594,285,-0.2578125
0.48039698600769043,286,-0.21914062499999998
0.48257994651794434,287,-1.1859374999999999
0.4841909408569336,288,-0.012890625
0.4858739376068115,289,-0.12890625
0.4878268241882324,290,-0.193359375
0.4894218444824219,291,-0.29648437499999997
0.49065279960632324,292,0.0
0.4919099807739258,293,0.0
0.4930419921875,294,-0.0515625
0.4942009449005127,295,-0.21914062499999998
0.49533891677856445,296,-0.270703125
0.4964468479156494,297,-0.708984375
0.4975428581237793,298,-1.3148437499999999
0.49870896339416504,299,-0.038671874999999994
0.5000228881835938,300,-0.038671874999999994
0.5015289783477783,301,-0.141796875
0.5029799938201904,302,-0.2578125
0.5044858455657959,303,-0.02578125
0.5060148239135742,304,-0.193359375
0.5075910091400146,305,0.09023437499999999
0.509119987487793,306,0.0
0.511725902557373,307,-0.02578125
0.5133888721466064,308,-0.103125
0.5149819850921631,309,-1.173046875
0.5172150135040283,310,-0.09023437499999999
0.5187439918518066,311,-0.21914062499999998
0.5199658870697021,312,-0.12890625
0.5210978984832764,313,-0.322265625
0.5222058296203613,314,-0.33515625
0.5233819484710693,315,-0.193359375
0.5245089530944824,316,0.012890625
0.5256350040435791,317,0.0
0.5267338752746582,318,-0.0515625
0.5278549194335938,319,-0.33515625
0.528972864151001,320,-0.20625
0.5301828384399414,321,-0.8507812499999999
0.5316779613494873,322,-1.5082031249999999
0.5332248210906982,323,0.0
0.5347659587860107,324,-0.15468749999999998
0.536329984664917,325,-0.348046875
0.5377769470214844,326,-0.064453125
0.5393588542938232,327,-0.167578125
0.5414190292358398,328,0.09023437499999999
0.543867826461792,329,0.0
0.5453968048095703,330,-0.21914062499999998
0.5470118522644043,331,-0.515625
0.5492279529571533,332,-1.340625
0.5508339405059814,333,-0.02578125
0.5520858764648438,334,-0.20625
0.5533809661865234,335,-0.116015625
0.5545239448547363,336,-0.2578125
0.5556468963623047,337,-0.322265625
0.5568339824676514,338,-0.116015625
0.5579419136047363,339,0.012890625
0.5590779781341553,340,-0.012890625
0.5603299140930176,341,-0.0515625
0.5617399215698242,342,-0.322265625
0.5632238388061523,343,-0.42539062499999997
0.5648438930511475,344,-1.2503906249999999
0.5664389133453369,345,0.0
0.5679278373718262,346,-0.0515625
0.5695428848266602,347,-0.2578125
0.5717029571533203,348,-0.15468749999999998
0.5740330219268799,349,-0.193359375
0.575549840927124,350,-0.012890625
0.577258825302124,351,-0.02578125
0.5793218612670898,352,-0.21914062499999998
0.5808110237121582,353,-0.708984375
0.5820128917694092,354,-1.65
0.5831508636474609,355,-0.038671874999999994
0.584265947341919,356,-0.18046874999999998
0.585378885269165,357,-0.20625
0.5864729881286621,358,-0.12890625
0.5875740051269531,359,-0.33515625
0.588770866394043,360,-0.42539062499999997
0.5899448394775391,361,-0.28359375
0.5911498069763184,362,0.012890625
0.5925819873809814,363,-0.012890625
0.5940308570861816,364,-0.0515625
0.5959298610687256,365,-0.2578125
0.5975909233093262,366,-0.6832031249999999
0.5991079807281494,367,-1.65
0.6006228923797607,368,0.0
0.6026208400726318,369,-0.02578125
0.6050188541412354,370,-0.141796875
0.606550931930542,371,0.038671874999999994
0.608238935470581,372,0.012890625
0.6102550029754639,373,-0.02578125
0.6118228435516357,374,-0.23203125
0.6130669116973877,375,-0.36093749999999997
0.6142477989196777,376,-1.198828125
0.6153650283813477,377,-0.992578125
0.6164638996124268,378,0.0
0.6175448894500732,379,-0.18046874999999998
0.6187038421630859,380,-0.2578125
0.6199078559875488,381,-0.167578125
0.6210918426513672,382,-0.33515625
0.622520923614502,383,-0.33515625
0.6240549087524414,384,-0.064453125
0.6255879402160645,385,-0.012890625
0.6271829605102539,386,-0.02578125
0.6288309097290039,387,-0.21914062499999998
0.6304268836975098,388,-0.4125
0.6322638988494873,389,-1.353515625
0.6345758438110352,390,-0.038671874999999994
0.6362369060516357,391,-0.322265625
0.6377439498901367,392,0.0
0.6399319171905518,393,-0.18046874999999998
0.6415598392486572,394,0.012890625
0.6428518295288086,395,-0.02578125
0.644061803817749,396,-0.18046874999999998
0.6455428600311279,397,-0.29648437499999997
0.6470279693603516,398,-0.6187499999999999
0.6485188007354736,399,-1.4953124999999998
0.6498339176177979,400,-0.012890625
0.6510539054870605,401,-0.167578125
0.6524088382720947,402,-0.2578125
0.6538898944854736,403,-0.15468749999999998
0.655350923538208,404,-0.4125
0.6569769382476807,405,-0.193359375
0.6585278511047363,406,0.0
0.6602568626403809,407,-0.038671874999999994
0.661794900894165,408,-0.2578125
0.6638669967651367,409,-0.399609375
0.6660549640655518,410,-1.3019531249999998
0.6676368713378906,411,0.0
0.669381856918335,412,-0.193359375
0.6714370250701904,413,-0.103125
0.6729929447174072,414,-0.193359375
0.674224853515625,415,0.012890625
0.6754369735717773,416,0.012890625
0.6765658855438232,417,-0.038671874999999994
0.6777088642120361,418,-0.2578125
0.6788849830627441,419,-0.23203125
0.6800010204315186,420,-0.825
0.6810979843139648,421,-1.41796875
0.6822798252105713,422,-0.064453125
0.6837418079376221,423,-0.02578125
0.6852920055389404,424,-0.141796875
0.686924934387207,425,-0.18046874999999998
0.6885099411010742,426,-0.28359375
0.690086841583252,427,-0.064453125
0.691727876663208,428,0.012890625
0.6936538219451904,429,-0.0515625
0.6960239410400391,430,-0.2578125
0.69757080078125,431,-0.6832031249999999
0.6991558074951172,432,-1.65
0.7013819217681885,433,-0.0515625
0.7030618190765381,434,-0.2578125
0.7043638229370117,435,-0.02578125
0.7055180072784424,436,-0.12890625
0.7066679000854492,437,-0.064453125
0.7078390121459961,438,0.012890625
0.7089970111846924,439,-0.012890625
0.710129976272583,440,-0.07734374999999999
