time,count,voltage
0.005534172058105469,1,-0.20625
0.007131099700927734,2,-0.193359375
0.00852203369140625,3,-1.095703125
0.00988006591796875,4,-1.65
0.011240005493164062,5,-0.23203125
0.012591123580932617,6,-0.270703125
0.014159202575683594,7,-0.20625
0.01577305793762207,8,-0.167578125
0.017542123794555664,9,-0.15468749999999998
0.01920008659362793,10,-0.02578125
0.02097916603088379,11,-0.103125
0.022620201110839844,12,-0.20625
0.02422308921813965,13,-0.48984374999999997
0.025649070739746094,14,-1.3148437499999999
0.02702498435974121,15,-0.54140625
0.028387069702148438,16,-0.322265625
0.02975320816040039,17,-0.2578125
0.03125715255737305,18,-0.064453125
0.03294110298156738,19,-0.37382812499999996
0.03464007377624512,20,-0.15468749999999998
0.03632020950317383,21,-0.012890625
0.038108110427856445,22,-0.09023437499999999
0.03972315788269043,23,-0.15468749999999998
0.04131197929382324,24,-0.8121093749999999
0.04287314414978027,25,-1.533984375
0.04452109336853027,26,-0.15468749999999998
0.04639005661010742,27,-0.167578125
0.0491490364074707,28,-0.167578125
0.0515751838684082,29,-0.103125
0.0532841682434082,30,-0.02578125
0.054872989654541016,31,-0.116015625
0.05682516098022461,32,-0.116015625
0.05902600288391113,33,-0.837890625
0.06096315383911133,34,-1.5984375
0.06250309944152832,35,-0.20625
0.06391716003417969,36,-0.20625
0.0652761459350586,37,-0.2578125
0.06662416458129883,38,-0.29648437499999997
0.06808018684387207,39,-0.15468749999999998
0.06966209411621094,40,-0.012890625
0.07136321067810059,41,-0.0515625
0.07302498817443848,42,-0.141796875
0.07457900047302246,43,-0.760546875
0.07604217529296875,44,-1.5082031249999999
0.0773930549621582,45,-0.322265625
0.07870817184448242,46,-0.21914062499999998
0.08103299140930176,47,-0.2578125
0.08297419548034668,48,-0.322265625
0.08439111709594727,49,0.07734374999999999
0.08635306358337402,50,-0.012890625
0.08797311782836914,51,-0.0515625
0.08920121192932129,52,-0.064453125
0.09034514427185059,53,-0.631640625
0.09149503707885742,54,-1.224609375
0.09260916709899902,55,-1.65
0.09372210502624512,56,-0.2578125
0.09482002258300781,57,-0.38671875
0.0959169864654541,58,-0.322265625
0.09701919555664062,59,-0.02578125
0.09818506240844727,60,-0.322265625
0.09956097602844238,61,-0.4125
0.10111212730407715,62,-0.29648437499999997
0.10249209403991699,63,-0.012890625
0.10381507873535156,64,-0.103125
0.10519599914550781,65,-0.270703125
0.10665106773376465,66,-0.12890625
0.10808610916137695,67,-0.9410156249999999
0.11055707931518555,68,-1.5984375
0.1125650405883789,69,-0.30937499999999996
0.11397814750671387,70,0.0
0.11568498611450195,71,-0.24492187499999998
0.11767411231994629,72,-0.21914062499999998
0.11908102035522461,73,-0.012890625
0.12024617195129395,74,-0.09023437499999999
0.12147307395935059,75,-0.2578125
0.12259817123413086,76,-0.12890625
0.12370800971984863,77,-0.708984375
0.12480902671813965,78,-1.276171875
0.1260690689086914,79,-1.65
0.12744998931884766,80,-0.20625
0.12872815132141113,81,-0.15468749999999998
0.13013219833374023,82,-0.28359375
0.13166499137878418,83,-0.116015625
0.1332089900970459,84,-0.193359375
0.13469815254211426,85,-0.0515625
0.13599801063537598,86,-0.02578125
0.13726305961608887,87,-0.02578125
0.1393270492553711,88,-0.270703125
0.14144301414489746,89,-0.36093749999999997
0.14290714263916016,90,-1.546875
0.14445114135742188,91,-0.270703125
0.1464240550994873,92,-0.09023437499999999
0.1480112075805664,93,-0.103125
0.1492621898651123,94,-0.28359375
0.15041303634643555,95,-0.20625
0.1515669822692871,96,-0.012890625
0.15267610549926758,97,-0.064453125
0.15377211570739746,98,-0.064453125
0.15487217903137207,99,-0.28359375
0.15597009658813477,100,-0.20625
0.15706801414489746,101,-0.7734375
0.1581580638885498,102,-1.3148437499999999
0.15931105613708496,103,-1.65
0.1606740951538086,104,-0.20625
0.1622002124786377,105,-0.2578125
0.1636800765991211,106,-0.18046874999999998
0.1652061939239502,107,-0.36093749999999997
0.1665940284729004,108,-0.30937499999999996
0.1679830551147461,109,-0.167578125
0.16928601264953613,110,-0.02578125
0.17166399955749512,111,-0.0515625
0.17349720001220703,112,-0.103125
0.1748981475830078,113,-0.9410156249999999
0.17662715911865234,114,-1.611328125
0.1785590648651123,115,-0.24492187499999998
0.17995405197143555,116,-0.270703125
0.1811540126800537,117,-0.038671874999999994
0.18230104446411133,118,-0.28359375
0.1834731101989746,119,-0.322265625
0.18463897705078125,120,-0.167578125
0.1857600212097168,121,-0.012890625
0.1868610382080078,122,-0.116015625
0.18796110153198242,123,-0.30937499999999996
0.1890711784362793,124,-0.20625
0.19023513793945312,125,-0.6703125
0.1916980743408203,126,-1.2503906249999999
0.1931600570678711,127,-1.65
0.1946849822998047,128,-0.23203125
0.19623208045959473,129,-0.20625
0.19758200645446777,130,-0.12890625
0.198897123336792,131,-0.4640625
0.20106911659240723,132,-0.36093749999999997
0.20315217971801758,133,0.0
0.20459413528442383,134,-0.116015625
0.20618605613708496,135,-0.167578125
0.20816397666931152,136,-0.6703125
0.20967698097229004,137,-1.5726562499999999
0.21099209785461426,138,-0.064453125
0.21216917037963867,139,-0.0515625
0.21329998970031738,140,-0.20625
0.21441006660461426,141,-0.103125
0.21550607681274414,142,-0.36093749999999997
0.2166140079498291,143,-0.37382812499999996
0.2177131175994873,144,-0.24492187499999998
0.21880817413330078,145,-0.012890625
0.2198941707611084,146,-0.103125
0.22106099128723145,147,-0.23203125
0.22242403030395508,148,-0.30937499999999996
0.2238759994506836,149,-0.580078125
0.22532010078430176,150,-1.3019531249999998
0.22705507278442383,151,-0.4640625
0.22883009910583496,152,-0.38671875
0.2303609848022461,153,-0.167578125
0.23219704627990723,154,-0.348046875
0.234619140625,155,-0.37382812499999996
0.2361621856689453,156,-0.0515625
0.23767709732055664,157,-0.0515625
0.23966312408447266,158,-0.23203125
0.24140119552612305,159,-0.631640625
0.24271321296691895,160,-1.5597656249999998
0.2438831329345703,161,-0.2578125
0.24501919746398926,162,-0.24492187499999998
0.24614405632019043,163,-0.2578125
0.2472541332244873,164,-0.167578125
0.24835205078125,165,-0.451171875
0.24943900108337402,166,-0.515625
0.25052905082702637,167,-0.37382812499999996
0.25173020362854004,168,-0.012890625
0.253101110458374,169,-0.09023437499999999
0.25454115867614746,170,-0.167578125
0.2560420036315918,171,-0.167578125
0.2575550079345703,172,-0.6703125
0.2589280605316162,173,-1.41796875
0.26032209396362305,174,-0.43828124999999996
0.26221704483032227,175,-0.37382812499999996
0.2645280361175537,176,-0.20625
0.26598620414733887,177,-0.2578125
0.2678070068359375,178,-0.103125
0.2696700096130371,179,-0.012890625
0.2710270881652832,180,-0.09023437499999999
0.2722201347351074,181,-0.167578125
0.2733471393585205,182,-0.451171875
0.27445411682128906,183,-1.095703125
0.2755560874938965,184,-1.5984375
0.2766611576080322,185,-0.37382812499999996
0.27776598930358887,186,-0.322265625
0.2788681983947754,187,-0.18046874999999998
0.2799661159515381,188,-0.12890625
0.28107714653015137,189,-0.141796875
0.28223419189453125,190,-0.37382812499999996
0.2835969924926758,191,-0.36093749999999997
0.28505706787109375,192,-0.09023437499999999
0.286607027053833,193,-0.0515625
0.28812718391418457,194,-0.193359375
0.2894861698150635,195,-0.103125
0.2909359931945801,196,-0.760546875
0.29328107833862305,197,-1.405078125
0.2953000068664551,198,-0.515625
0.2967400550842285,199,-0.23203125
0.29866909980773926,200,-0.167578125
0.3004491329193115,201,-0.103125
0.30175113677978516,202,-0.012890625
0.3029050827026367,203,-0.07734374999999999
0.30402612686157227,204,-0.116015625
0.3051300048828125,205,-0.322265625
0.3062272071838379,206,-0.29648437499999997
0.30733299255371094,207,-0.9410156249999999
0.30843400955200195,208,-1.46953125
0.30952906608581543,209,-0.502734375
0.3106231689453125,210,-0.167578125
0.3118021488189697,211,-0.15468749999999998
0.3130190372467041,212,-0.20625
0.3144381046295166,213,-0.07734374999999999
0.3159010410308838,214,-0.4125
0.3174312114715576,215,-0.23203125
0.31983518600463867,216,-0.0515625
0.3213510513305664,217,-0.116015625
0.32312917709350586,218,-0.167578125
0.32568812370300293,219,-0.734765625
0.3272411823272705,220,-0.451171875
0.3293461799621582,221,-0.29648437499999997
0.33121705055236816,222,-0.21914062499999998
0.332517147064209,223,-0.37382812499999996
0.3336939811706543,224,-0.2578125
0.33483004570007324,225,-0.012890625
0.3359379768371582,226,-0.0515625
0.3370370864868164,227,-0.103125
0.3381381034851074,228,-0.28359375
0.33923816680908203,229,-0.20625
0.34033203125,230,-0.79921875
0.34144020080566406,231,-1.327734375
0.3425471782684326,232,-1.65
0.3437070846557617,233,-0.24492187499999998
0.34508514404296875,234,-0.37382812499999996
0.3465240001678467,235,-0.20625
0.34804701805114746,236,-0.012890625
0.3495810031890869,237,-0.270703125
0.35103917121887207,238,-0.09023437499999999
0.35262608528137207,239,-0.02578125
0.3550231456756592,240,-0.064453125
0.35681700706481934,241,-0.103125
0.3583230972290039,242,-0.95390625
0.3603520393371582,243,-1.611328125
0.36202216148376465,244,-0.322265625
0.36324214935302734,245,-0.2578125
0.36438608169555664,246,-0.064453125
0.3655681610107422,247,-0.322265625
0.36672401428222656,248,-0.33515625
0.3678441047668457,249,-0.12890625
0.3689541816711426,250,-0.02578125
0.3700401782989502,251,-0.09023437499999999
0.3711659908294678,252,-0.270703125
0.3722710609436035,253,-0.270703125
0.3733680248260498,254,-0.6187499999999999
0.374622106552124,255,-1.198828125
0.37576818466186523,256,-1.65
0.37687206268310547,257,-0.21914062499999998
0.3780331611633301,258,-0.28359375
0.3793320655822754,259,-0.2578125
0.3808720111846924,260,-0.064453125
0.38233017921447754,261,-0.399609375
0.3839271068572998,262,-0.2578125
0.3854050636291504,263,-0.02578125
0.38674402236938477,264,-0.09023437499999999
0.3882131576538086,265,-0.21914062499999998
0.39009714126586914,266,-0.167578125
0.3923931121826172,267,-0.837890625
0.3939340114593506,268,-0.42539062499999997
0.3954000473022461,269,-0.20625
0.3973071575164795,270,-0.20625
0.3990440368652344,271,-0.36093749999999997
0.40037012100219727,272,-0.103125
0.4015541076660156,273,-0.012890625
0.40268611907958984,274,-0.064453125
0.40380311012268066,275,-0.064453125
0.40497398376464844,276,-0.322265625
0.40634799003601074,277,-0.193359375
0.40778613090515137,278,-0.90234375
0.4092130661010742,279,-1.5984375
0.41076016426086426,280,-0.20625
0.4124159812927246,281,-0.038671874999999994
0.41393613815307617,282,-0.09023437499999999
0.41535019874572754,283,-0.23203125
0.41763806343078613,284,-0.23203125
0.4195220470428467,285,0.0
0.4210190773010254,286,-0.0515625
0.42263007164001465,287,-0.15468749999999998
0.4246060848236084,288,-0.5285156249999999
0.4263122081756592,289,-1.456640625
0.42777419090270996,290,-0.20625
0.42928504943847656,291,-0.28359375
0.4308760166168213,292,-0.167578125
0.4323291778564453,293,-0.399609375
0.43357110023498535,294,-0.2578125
0.43471217155456543,295,-0.0515625
0.4358820915222168,296,-0.038671874999999994
0.4372560977935791,297,-0.116015625
0.43869709968566895,298,-0.2578125
0.4401969909667969,299,-0.322265625
0.4417400360107422,300,-1.10859375
0.44318199157714844,301,-1.65
0.44464898109436035,302,-0.30937499999999996
0.4468700885772705,303,-0.193359375
0.44895315170288086,304,-0.167578125
0.4504091739654541,305,0.09023437499999999
0.4523429870605469,306,-0.02578125
0.45409202575683594,307,-0.064453125
0.45535707473754883,308,-0.167578125
0.45650410652160645,309,-0.29648437499999997
0.4576261043548584,310,-1.018359375
0.45873117446899414,311,-1.5726562499999999
0.4598371982574463,312,-0.399609375
0.4609830379486084,313,-0.23203125
0.4621272087097168,314,-0.20625
0.4632411003112793,315,-0.193359375
0.4643402099609375,316,-0.116015625
0.4654350280761719,317,-0.348046875
0.4665961265563965,318,-0.36093749999999997
0.4679570198059082,319,-0.21914062499999998
0.46941208839416504,320,-0.02578125
0.47093820571899414,321,-0.0515625
0.47249317169189453,322,-0.23203125
0.4738349914550781,323,-0.54140625
0.47512197494506836,324,-1.26328125
0.47657203674316406,325,-1.65
0.47905898094177246,326,-0.21914062499999998
0.48061609268188477,327,-0.20625
0.4822351932525635,328,-0.29648437499999997
0.4841940402984619,329,-0.24492187499999998
0.4858391284942627,330,-0.012890625
0.48709917068481445,331,-0.02578125
0.4882540702819824,332,-0.2578125
0.48937106132507324,333,-0.116015625
0.4904751777648926,334,-0.79921875
0.49160313606262207,335,-1.3664062499999998
0.49271106719970703,336,-1.5726562499999999
0.49382710456848145,337,-0.30937499999999996
0.4949321746826172,338,-0.2578125
0.49602508544921875,339,-0.2578125
0.49718213081359863,340,-0.20625
0.4985489845275879,341,-0.43828124999999996
0.49999499320983887,342,-0.43828124999999996
0.5016260147094727,343,-0.15468749999999998
0.5031301975250244,344,-0.02578125
0.5044310092926025,345,-0.116015625
0.5057511329650879,346,-0.18046874999999998
0.5079591274261475,347,-0.605859375
0.5099740028381348,348,-1.3921875
0.5114741325378418,349,-0.30937499999999996
0.5132620334625244,350,-0.167578125
0.5151569843292236,351,-0.12890625
0.5165882110595703,352,-0.116015625
0.5177640914916992,353,0.038671874999999994
0.5189001560211182,354,-0.02578125
0.5199990272521973,355,-0.116015625
0.5211219787597656,356,-0.270703125
0.5222210884094238,357,-0.23203125
0.5233190059661865,358,-0.631640625
0.524420976638794,359,-1.198828125
0.5255181789398193,360,-1.65
0.5266051292419434,361,-0.23203125
0.5277690887451172,362,-0.270703125
0.529151201248169,363,-0.21914062499999998
0.5306141376495361,364,-0.12890625
0.5322451591491699,365,-0.2578125
0.5337800979614258,366,-0.167578125
0.5351300239562988,367,0.0
0.5364181995391846,368,-0.07734374999999999
0.5383000373840332,369,-0.193359375
0.5404610633850098,370,-0.193359375
0.5419330596923828,371,-1.0828125
0.5435152053833008,372,-1.456640625
0.5455100536346436,373,-0.28359375
0.5470759868621826,374,-0.24492187499999998
0.5483291149139404,375,-0.24492187499999998
0.5494880676269531,376,-0.29648437499999997
0.5506231784820557,377,-0.20625
0.5518250465393066,378,-0.02578125
0.5529341697692871,379,-0.09023437499999999
0.5540401935577393,380,-0.193359375
0.5551331043243408,381,-0.29648437499999997
0.5562300682067871,382,-0.322265625
0.557326078414917,383,-0.992578125
0.5584790706634521,384,-1.4953124999999998
0.559859037399292,385,-0.515625
0.5612950325012207,386,-0.24492187499999998
0.562798023223877,387,-0.20625
0.5642881393432617,388,-0.038671874999999994
0.5656521320343018,389,-0.399609375
0.5670230388641357,390,-0.30937499999999996
0.5690610408782959,391,-0.012890625
0.5711650848388672,392,-0.103125
0.5725991725921631,393,-0.141796875
0.5741591453552246,394,-0.6703125
0.5760941505432129,395,-1.353515625
0.5776450634002686,396,-0.451171875
0.5788741111755371,397,-0.20625
0.5800151824951172,398,-0.18046874999999998
0.5811641216278076,399,-0.322265625
0.5823140144348145,400,-0.476953125
0.5834271907806396,401,-0.399609375
0.5845191478729248,402,-0.0515625
0.5856142044067383,403,-0.0515625
0.586698055267334,404,-0.116015625
0.5878009796142578,405,-0.23203125
0.5889530181884766,406,-0.23203125
0.5903141498565674,407,-0.6832031249999999
0.5917730331420898,408,-1.276171875
0.5932741165161133,409,-1.0828125
0.5947601795196533,410,-0.2578125
0.59610915184021,411,-0.167578125
0.5974531173706055,412,-0.141796875
0.5992991924285889,413,-0.42539062499999997
0.6015779972076416,414,-0.36093749999999997
0.6030080318450928,415,-0.02578125
0.6045432090759277,416,-0.15468749999999998
0.6065530776977539,417,-0.167578125
0.6081280708312988,418,-0.837890625
0.609382152557373,419,-1.65
0.6105260848999023,420,-0.23203125
0.6116700172424316,421,-0.12890625
0.6127841472625732,422,-0.270703125
0.6138842105865479,423,-0.15468749999999998
0.6149871349334717,424,-0.502734375
0.616077184677124,425,-0.476953125
0.6171660423278809,426,-0.36093749999999997
0.6182591915130615,427,-0.012890625
0.6193890571594238,428,-0.0515625
0.6210231781005859,429,-0.15468749999999998
0.6225481033325195,430,-0.270703125
