time,count,voltage
0.0057179927825927734,1,-1.16015625
0.007283926010131836,2,-0.270703125
0.008687973022460938,3,-0.2578125
0.010098934173583984,4,-0.23203125
0.01148080825805664,5,-0.167578125
0.012901782989501953,6,-0.103125
0.014299869537353516,7,0.0
0.01572895050048828,8,-0.0515625
0.017329931259155273,9,-0.2578125
0.01908397674560547,10,-0.4640625
0.020773887634277344,11,-1.044140625
0.022575855255126953,12,-1.2374999999999998
0.024121999740600586,13,-0.270703125
0.02591395378112793,14,-0.322265625
0.02745199203491211,15,-0.09023437499999999
0.02888178825378418,16,-0.20625
0.030356884002685547,17,0.0
0.03174090385437012,18,-0.02578125
0.03326988220214844,19,-0.167578125
0.03492999076843262,20,-0.48984374999999997
0.03675198554992676,21,-0.5929687499999999
0.03848600387573242,22,-1.546875
0.04030895233154297,23,-0.167578125
0.04199385643005371,24,-0.28359375
0.04364800453186035,25,-0.103125
0.04545187950134277,26,-0.12890625
0.047276973724365234,27,0.09023437499999999
0.04912996292114258,28,-0.07734374999999999
0.05149984359741211,29,-0.28359375
0.05448484420776367,30,-0.322265625
0.05683183670043945,31,-1.6242187499999998
0.05848884582519531,32,-0.2578125
0.060472965240478516,33,-0.167578125
0.06281590461730957,34,-0.18046874999999998
0.06481599807739258,35,0.20625
0.06666278839111328,36,-0.09023437499999999
0.06819987297058105,37,-0.399609375
0.06964588165283203,38,-0.4640625
0.07102799415588379,39,-1.3664062499999998
0.07247281074523926,40,-0.30937499999999996
0.07388091087341309,41,-0.23203125
0.07525181770324707,42,-0.270703125
0.07664084434509277,43,-0.21914062499999998
0.07824993133544922,44,-0.21914062499999998
0.07986879348754883,45,-0.0515625
0.08130884170532227,46,0.012890625
0.08272194862365723,47,-0.15468749999999998
0.08411788940429688,48,-0.36093749999999997
0.08551597595214844,49,-0.476953125
0.08700895309448242,50,-1.018359375
0.08849287033081055,51,-1.65
0.0899507999420166,52,-0.20625
0.09156298637390137,53,-0.322265625
0.09333491325378418,54,-0.270703125
0.09502696990966797,55,-0.33515625
0.09691977500915527,56,-0.0515625
0.09868884086608887,57,-0.012890625
0.10032486915588379,58,-0.15468749999999998
0.10202193260192871,59,-0.451171875
0.10457396507263184,60,-0.79921875
0.10698580741882324,61,-1.65
0.10869479179382324,62,-0.2578125
0.11031198501586914,63,-0.0515625
0.1122429370880127,64,-0.21914062499999998
0.11447000503540039,65,0.02578125
0.1165928840637207,66,-0.02578125
0.11824679374694824,67,-0.28359375
0.11989188194274902,68,-0.4640625
0.12162494659423828,69,-1.405078125
0.12330079078674316,70,-0.103125
0.12514281272888184,71,-0.43828124999999996
0.12709879875183105,72,-0.4640625
0.12902092933654785,73,-0.09023437499999999
0.13081884384155273,74,0.15468749999999998
0.13294482231140137,75,-0.02578125
0.1358189582824707,76,-0.28359375
0.13773584365844727,77,-0.708984375
0.1393909454345703,78,-0.7476562499999999
0.14121389389038086,79,-0.2578125
0.1434168815612793,80,-0.37382812499999996
0.14566898345947266,81,-0.4125
0.14736390113830566,82,0.12890625
0.14890599250793457,83,-0.012890625
0.15062189102172852,84,-0.193359375
0.15237689018249512,85,-0.4640625
0.15408897399902344,86,-1.03125
0.15594077110290527,87,-1.65
0.15779590606689453,88,-0.21914062499999998
0.1593179702758789,89,-0.399609375
0.16076087951660156,90,-0.167578125
0.16257381439208984,91,-0.167578125
0.16500377655029297,92,0.012890625
0.16661691665649414,93,-0.103125
0.16801190376281738,94,-0.4125
0.16987895965576172,95,-0.37382812499999996
0.17176294326782227,96,-1.340625
0.17316985130310059,97,-0.0515625
0.17441797256469727,98,-0.28359375
0.1756908893585205,99,-0.399609375
0.17688488960266113,100,-0.167578125
0.1780388355255127,101,-0.4125
0.1792459487915039,102,-0.4125
0.18064093589782715,103,-0.012890625
0.18212580680847168,104,-0.012890625
0.18358993530273438,105,-0.103125
0.18512892723083496,106,-0.502734375
0.18666696548461914,107,-0.69609375
0.18814492225646973,108,-1.5082031249999999
0.18967080116271973,109,-0.012890625
0.19191193580627441,110,-0.515625
0.19391179084777832,111,-0.29648437499999997
0.1953718662261963,112,-0.28359375
0.19709277153015137,113,-0.0515625
0.19908690452575684,114,-0.012890625
0.20064878463745117,115,-0.141796875
0.20194792747497559,116,-0.4125
0.20312285423278809,117,-0.8765624999999999
0.20425200462341309,118,-1.5082031249999999
0.2053968906402588,119,-0.21914062499999998
0.2066328525543213,120,-0.24492187499999998
0.20777297019958496,121,-0.515625
0.20889496803283691,122,-0.37382812499999996
0.2100999355316162,123,-0.23203125
0.2114548683166504,124,-0.37382812499999996
0.21293091773986816,125,-0.270703125
0.21443676948547363,126,0.0
0.21605992317199707,127,-0.02578125
0.21754097938537598,128,-0.322265625
0.21897196769714355,129,-0.4125
0.22082877159118652,130,-1.03125
0.2231438159942627,131,-1.65
0.2245798110961914,132,-0.399609375
0.22624683380126953,133,-0.5671875
0.2282869815826416,134,-0.12890625
0.229827880859375,135,0.09023437499999999
0.2311267852783203,136,0.0
0.23232388496398926,137,-0.064453125
0.23347878456115723,138,-0.270703125
0.23460984230041504,139,-0.5671875
0.23576688766479492,140,-0.54140625
0.23691487312316895,141,-1.26328125
0.23806095123291016,142,-1.65
0.2391798496246338,143,-0.012890625
0.24034976959228516,144,-0.20625
0.24170589447021484,145,-0.116015625
0.2431948184967041,146,-0.348046875
0.24466395378112793,147,-0.33515625
0.24644899368286133,148,-0.167578125
0.24794387817382812,149,-0.012890625
0.24932599067687988,150,-0.07734374999999999
0.2512068748474121,151,-0.322265625
0.25347089767456055,152,-0.515625
0.25493383407592773,153,-1.4953124999999998
0.25667786598205566,154,-0.103125
0.2586338520050049,155,-0.399609375
0.2601289749145508,156,-0.399609375
0.26137685775756836,157,-0.15468749999999998
0.26255178451538086,158,-0.141796875
0.26369786262512207,159,-0.012890625
0.26482200622558594,160,-0.0515625
0.26596689224243164,161,-0.167578125
0.26709985733032227,162,-0.36093749999999997
0.26822590827941895,163,-0.5671875
0.26935696601867676,164,-0.7218749999999999
0.27055883407592773,165,-1.3792968749999999
0.2719449996948242,166,-0.29648437499999997
0.27341389656066895,167,-0.20625
0.27486085891723633,168,-0.21914062499999998
0.27657079696655273,169,-0.30937499999999996
0.2781980037689209,170,-0.4125
0.27968692779541016,171,-0.20625
0.2810819149017334,172,0.0
0.28326988220214844,173,-0.0515625
0.2853658199310303,174,-0.28359375
0.28698182106018066,175,-0.631640625
0.28856682777404785,176,-1.546875
0.29053783416748047,177,-0.12890625
0.2921319007873535,178,-0.2578125
0.2934257984161377,179,-0.167578125
0.29460692405700684,180,-0.2578125
0.29576897621154785,181,-0.322265625
0.29692888259887695,182,-0.116015625
0.29805898666381836,183,-0.012890625
0.29918384552001953,184,-0.15468749999999998
0.3003079891204834,185,-0.37382812499999996
0.3015308380126953,186,-0.580078125
0.3029048442840576,187,-0.6703125
0.3043839931488037,188,-1.4437499999999999
0.30591392517089844,189,-0.23203125
0.30748677253723145,190,-0.167578125
0.30891895294189453,191,-0.322265625
0.31040191650390625,192,-0.20625
0.3121788501739502,193,-0.37382812499999996
0.31452178955078125,194,-0.20625
0.3160219192504883,195,-0.02578125
0.3175368309020996,196,-0.30937499999999996
0.31949496269226074,197,-0.43828124999999996
0.32124876976013184,198,-1.224609375
0.32257699966430664,199,-0.103125
0.3237569332122803,200,-0.2578125
0.32489991188049316,201,-0.12890625
0.3261449337005615,202,-0.4125
0.3272888660430908,203,-0.064453125
0.3284139633178711,204,-0.20625
0.32952380180358887,205,-0.167578125
0.3306419849395752,206,0.0
0.33180689811706543,207,-0.064453125
0.3331868648529053,208,-0.167578125
0.3346848487854004,209,-0.502734375
0.33612990379333496,210,-0.399609375
0.33774781227111816,211,-1.26328125
0.3392038345336914,212,-0.322265625
0.34056878089904785,213,-0.2578125
0.3423478603363037,214,-0.193359375
0.34474992752075195,215,-0.15468749999999998
0.34645700454711914,216,0.038671874999999994
0.348024845123291,217,0.012890625
0.35065388679504395,218,-0.12890625
0.3521277904510498,219,-0.322265625
0.35333681106567383,220,-0.889453125
0.3545057773590088,221,-1.533984375
0.3557147979736328,222,-0.23203125
0.35687780380249023,223,-0.2578125
0.3580198287963867,224,-0.2578125
0.3591458797454834,225,-0.42539062499999997
0.36026597023010254,226,-0.15468749999999998
0.3613858222961426,227,-0.4125
0.36257481575012207,228,-0.322265625
0.3639509677886963,229,-0.012890625
0.36545681953430176,230,-0.064453125
0.3670079708099365,231,-0.15468749999999998
0.3686389923095703,232,-0.37382812499999996
0.37015485763549805,233,-0.7218749999999999
0.3716099262237549,234,-1.5082031249999999
0.3732149600982666,235,0.0
0.3757028579711914,236,-0.322265625
0.37731385231018066,237,-0.12890625
0.37874484062194824,238,-0.28359375
0.38062095642089844,239,-0.103125
0.38251781463623047,240,-0.02578125
0.3838939666748047,241,-0.167578125
0.38507580757141113,242,-0.36093749999999997
0.38626980781555176,243,-0.6703125
0.3874328136444092,244,-1.3792968749999999
0.38857388496398926,245,-0.6703125
0.3897089958190918,246,-0.193359375
0.3908369541168213,247,-0.38671875
0.39195680618286133,248,-0.36093749999999997
0.3931388854980469,249,-0.23203125
0.3945169448852539,250,-0.322265625
0.3959779739379883,251,-0.20625
0.397446870803833,252,0.0
0.3990478515625,253,-0.012890625
0.4004998207092285,254,-0.12890625
0.4018869400024414,255,-0.23203125
0.40375399589538574,256,-0.580078125
0.4060838222503662,257,-1.405078125
0.40758681297302246,258,-0.20625
0.4090299606323242,259,-0.37382812499999996
0.41098999977111816,260,-0.2578125
0.4128108024597168,261,-0.23203125
0.4143049716949463,262,0.0
0.4158668518066406,263,-0.012890625
0.4172239303588867,264,-0.20625
0.4184699058532715,265,-0.515625
0.4196298122406006,266,-0.708984375
0.4207589626312256,267,-1.405078125
0.42189788818359375,268,-0.29648437499999997
0.42309999465942383,269,-0.21914062499999998
0.4244668483734131,270,-0.37382812499999996
0.42595696449279785,271,-0.36093749999999997
0.4274468421936035,272,-0.141796875
0.4290308952331543,273,-0.21914062499999998
0.430527925491333,274,0.038671874999999994
0.43190884590148926,275,-0.02578125
0.43364882469177246,276,-0.141796875
0.4361259937286377,277,-0.451171875
0.4377939701080322,278,-1.03125
0.43915796279907227,279,-0.322265625
0.4408609867095947,280,-0.23203125
0.44279980659484863,281,-0.2578125
0.44420790672302246,282,-0.167578125
0.4454348087310791,283,-0.23203125
0.44668078422546387,284,-0.103125
0.4478168487548828,285,-0.012890625
0.4489438533782959,286,-0.064453125
0.4500548839569092,287,-0.21914062499999998
0.45117878913879395,288,-0.515625
0.4522829055786133,289,-0.476953125
0.4534487724304199,290,-1.134375
0.45481300354003906,291,-1.65
0.4563448429107666,292,-0.012890625
0.4578278064727783,293,-0.37382812499999996
0.45940685272216797,294,-0.322265625
0.4608190059661865,295,-0.29648437499999997
0.46230196952819824,296,-0.24492187499999998
0.46427083015441895,297,-0.02578125
0.4665048122406006,298,-0.02578125
0.46799588203430176,299,-0.29648437499999997
0.4694938659667969,300,-0.29648437499999997
0.4714679718017578,301,-1.134375
0.47318387031555176,302,-0.064453125
0.4745137691497803,303,-0.38671875
0.4757709503173828,304,-0.515625
0.476970911026001,305,-0.167578125
0.47814488410949707,306,-0.399609375
0.47930097579956055,307,-0.4640625
0.4804198741912842,308,-0.02578125
0.48158979415893555,309,-0.02578125
0.4827549457550049,310,-0.270703125
0.48393893241882324,311,-0.4640625
0.4853229522705078,312,-0.605859375
0.48687100410461426,313,-0.9152343749999999
0.4883859157562256,314,-1.65
0.48995494842529297,315,-0.02578125
0.49144983291625977,316,-0.37382812499999996
0.4928770065307617,317,-0.37382812499999996
0.49497199058532715,318,-0.064453125
0.4972679615020752,319,-0.012890625
0.4987368583679199,320,-0.02578125
0.500281810760498,321,-0.141796875
0.5022759437561035,322,-0.502734375
0.5039558410644531,323,-0.7476562499999999
0.5052509307861328,324,-1.65
0.5064988136291504,325,-0.23203125
0.5076429843902588,326,-0.36093749999999997
0.5087738037109375,327,-0.399609375
0.5099148750305176,328,-0.21914062499999998
0.5110359191894531,329,-0.270703125
0.5121479034423828,330,-0.270703125
0.5132558345794678,331,-0.167578125
0.5144309997558594,332,-0.012890625
0.5158679485321045,333,-0.064453125
0.5173537731170654,334,-0.20625
0.5188338756561279,335,-0.48984374999999997
0.5204257965087891,336,-0.928125
0.521812915802002,337,-1.65
0.5232288837432861,338,-0.167578125
0.5251059532165527,339,-0.33515625
0.527580976486206,340,-0.38671875
0.5291769504547119,341,-0.064453125
0.5307109355926514,342,0.193359375
0.5326709747314453,343,-0.012890625
0.5344009399414062,344,-0.15468749999999998
0.5357828140258789,345,-0.33515625
0.5369758605957031,346,-1.018359375
0.5381908416748047,347,-1.65
0.5393707752227783,348,0.0
0.5405018329620361,349,-0.2578125
0.5416538715362549,350,-0.167578125
0.5427868366241455,351,-0.322265625
0.5439028739929199,352,-0.0515625
0.5450809001922607,353,-0.270703125
0.5464708805084229,354,-0.20625
0.5479538440704346,355,0.0
0.5494298934936523,356,-0.07734374999999999
0.5510098934173584,357,-0.29648437499999997
0.5524818897247314,358,-0.43828124999999996
0.5538849830627441,359,-1.134375
0.555560827255249,360,-1.65
0.5580430030822754,361,-0.23203125
0.5596089363098145,362,-0.322265625
0.5612239837646484,363,-0.09023437499999999
0.5632748603820801,364,-0.064453125
0.5646998882293701,365,0.0
0.5659439563751221,366,-0.167578125
0.5671169757843018,367,-0.36093749999999997
0.5682508945465088,368,-0.515625
0.5693919658660889,369,-0.6703125
0.5705389976501465,370,-1.353515625
0.5716688632965088,371,-1.5597656249999998
0.5727939605712891,372,-0.0515625
0.5739150047302246,373,-0.30937499999999996
0.5751008987426758,374,-0.322265625
0.5764968395233154,375,-0.322265625
0.5779938697814941,376,-0.36093749999999997
0.5794479846954346,377,-0.18046874999999998
0.5810039043426514,378,-0.012890625
0.5825798511505127,379,-0.012890625
0.5841028690338135,380,-0.21914062499999998
0.5856499671936035,381,-0.4640625
0.5874989032745361,382,-0.966796875
0.5898709297180176,383,-1.65
0.5914068222045898,384,-0.4125
0.592857837677002,385,-0.451171875
0.5947799682617188,386,-0.103125
0.5967588424682617,387,0.0
0.5981178283691406,388,0.012890625
0.5993068218231201,389,-0.116015625
0.6004459857940674,390,-0.29648437499999997
0.6015679836273193,391,-0.43828124999999996
0.6027050018310547,392,-0.64453125
0.6038248538970947,393,-1.340625
0.6049599647521973,394,-1.65
0.6062510013580322,395,-0.167578125
0.6076037883758545,396,-0.33515625
0.6090819835662842,397,-0.29648437499999997
0.6105527877807617,398,-0.2578125
0.6121218204498291,399,-0.37382812499999996
0.6136307716369629,400,-0.09023437499999999
0.6150598526000977,401,-0.0515625
0.6164989471435547,402,-0.167578125
0.618927001953125,403,-0.38671875
0.620811939239502,404,-0.631640625
0.6222548484802246,405,-1.65
0.6238899230957031,406,-0.18046874999999998
0.6259839534759521,407,-0.270703125
0.627457857131958,408,-0.2578125
0.6286678314208984,409,-0.2578125
0.6298489570617676,410,-0.141796875
0.6309888362884521,411,-0.02578125
0.6321108341217041,412,-0.0515625
0.6332309246063232,413,-0.193359375
0.6343457698822021,414,-0.502734375
0.6354608535766602,415,-0.554296875
0.6367049217224121,416,-1.0828125
0.6380908489227295,417,-1.6371093749999999
0.6395437717437744,418,0.0
0.6409897804260254,419,-0.2578125
0.642603874206543,420,-0.30937499999999996
0.6441137790679932,421,-0.116015625
0.6456568241119385,422,-0.20625
0.6476469039916992,423,-0.064453125
0.6498739719390869,424,-0.02578125
0.6513218879699707,425,-0.28359375
0.6530859470367432,426,-0.24492187499999998
0.6550610065460205,427,-1.147265625
0.6565330028533936,428,0.012890625
0.657742977142334,429,-0.4125
0.6589257717132568,430,-0.4125
0.6600677967071533,431,-0.2578125
0.6611998081207275,432,-0.20625
0.6623358726501465,433,-0.23203125
0.6634478569030762,434,-0.12890625
0.6645498275756836,435,-0.0515625
0.6657149791717529,436,-0.07734374999999999
