time,count,voltage
0.004374980926513672,1,0.24492187499999998
0.005820035934448242,2,0.012890625
0.007086038589477539,3,-0.038671874999999994
0.008269071578979492,4,-0.20625
0.009474992752075195,5,-0.21914062499999998
0.01061701774597168,6,-0.502734375
0.011767148971557617,7,-1.1859374999999999
0.012925148010253906,8,-1.65
0.014079093933105469,9,-0.103125
0.015192031860351562,10,-0.20625
0.022680044174194336,11,-0.20625
0.02401900291442871,12,-0.07734374999999999
0.025197982788085938,13,-0.23203125
0.026313066482543945,14,-0.20625
0.027425050735473633,15,-0.6832031249999999
0.028594970703125,16,-1.2890625
0.02975606918334961,17,-1.65
0.03090214729309082,18,-0.167578125
0.050132036209106445,19,-0.2578125
0.05160212516784668,20,-0.064453125
0.05309700965881348,21,-0.399609375
0.05455207824707031,22,-0.21914062499999998
0.056034088134765625,23,0.0
0.05748796463012695,24,-0.0515625
0.05877399444580078,25,-0.18046874999999998
0.060090065002441406,26,-0.064453125
0.06125593185424805,27,-0.825
0.06241011619567871,28,-1.4437499999999999
0.06365013122558594,29,-0.193359375
0.06487298011779785,30,-0.12890625
0.06609296798706055,31,-0.09023437499999999
0.06731605529785156,32,-0.103125
0.06856107711791992,33,-0.167578125
0.06982302665710449,34,-0.30937499999999996
0.07107305526733398,35,-0.20625
0.072296142578125,36,0.0
0.07351207733154297,37,-0.038671874999999994
0.0747370719909668,38,-0.103125
0.07595300674438477,39,-0.2578125
0.07719993591308594,40,-0.33515625
0.07842707633972168,41,-1.069921875
0.0901479721069336,42,-1.65
0.09959101676940918,43,-0.103125
0.10114002227783203,44,-0.23203125
0.10246896743774414,45,-0.36093749999999997
0.1037590503692627,46,-0.28359375
0.10504412651062012,47,-0.064453125
0.10627412796020508,48,-0.012890625
0.10749411582946777,49,-0.012890625
0.10877704620361328,50,-0.2578125
0.11416196823120117,51,-0.20625
0.1273491382598877,52,-0.8121093749999999
0.12879395484924316,53,-0.837890625
0.13031411170959473,54,-1.65
0.1317920684814453,55,-0.167578125
0.1332230567932129,56,-0.21914062499999998
0.13462495803833008,57,0.0
0.1360781192779541,58,-0.37382812499999996
0.1373910903930664,59,-0.322265625
0.13863396644592285,60,0.012890625
0.1438159942626953,61,0.0
0.1458570957183838,62,-0.0515625
0.1474170684814453,63,-1.4953124999999998
0.14908313751220703,64,-0.193359375
0.16011905670166016,65,-0.23203125
0.16155409812927246,66,-0.631640625
0.1629490852355957,67,-1.4437499999999999
0.16442012786865234,68,-0.103125
0.16584110260009766,69,-0.167578125
0.16724705696105957,70,-0.20625
0.1688539981842041,71,-0.038671874999999994
0.17447900772094727,72,-0.20625
0.17622113227844238,73,0.07734374999999999
0.17772412300109863,74,-0.30937499999999996
0.17926502227783203,75,-1.1859374999999999
0.18077492713928223,76,-0.23203125
0.1822960376739502,77,-0.167578125
0.18376803398132324,78,-0.20625
0.18521809577941895,79,-0.12890625
0.18661713600158691,80,-0.322265625
0.18809914588928223,81,-0.12890625
0.1895151138305664,82,-0.02578125
0.1913449764251709,83,-0.02578125
0.1933431625366211,84,-0.2578125
0.20596694946289062,85,-0.43828124999999996
0.20737004280090332,86,-0.07734374999999999
0.20866012573242188,87,-0.20625
0.20987606048583984,88,-0.167578125
0.21113014221191406,89,-0.7863281249999999
0.2124030590057373,90,-1.405078125
0.2137141227722168,91,-0.167578125
0.21491694450378418,92,-0.167578125
0.21617603302001953,93,-0.038671874999999994
0.21741294860839844,94,-0.15468749999999998
0.21884703636169434,95,-0.37382812499999996
0.22044801712036133,96,-0.451171875
0.22188115119934082,97,-0.09023437499999999
0.22319793701171875,98,-0.012890625
0.22466206550598145,99,-0.0515625
0.22649502754211426,100,-0.193359375
0.22861909866333008,101,-0.399609375
0.2350139617919922,102,-1.4308593749999998
0.23732304573059082,103,-0.167578125
0.2502429485321045,104,0.33515625
0.25191307067871094,105,-0.0515625
0.2535080909729004,106,-0.33515625
0.2551000118255615,107,-0.02578125
0.25666308403015137,108,-0.012890625
0.2586021423339844,109,-0.0515625
0.2602529525756836,110,-0.193359375
0.2659909725189209,111,-0.8121093749999999
0.2676680088043213,112,-1.5984375
0.2692711353302002,113,-0.4125
0.2709789276123047,114,-0.29648437499999997
0.27272510528564453,115,-0.012890625
0.2744870185852051,116,-0.012890625
0.27622008323669434,117,-0.2578125
0.29016709327697754,118,-0.322265625
0.29165005683898926,119,-0.07734374999999999
0.29714393615722656,120,-0.193359375
0.29856109619140625,121,-0.116015625
0.30025506019592285,122,-0.20625
0.3017270565032959,123,-0.09023437499999999
0.30339598655700684,124,-0.33515625
0.30509305000305176,125,-0.12890625
0.30665111541748047,126,-0.012890625
0.30812811851501465,127,-0.038671874999999994
0.3096449375152588,128,-0.15468749999999998
0.31115293502807617,129,-0.4125
0.31261706352233887,130,-1.2374999999999998
0.31405115127563477,131,-0.15468749999999998
0.3154881000518799,132,-0.15468749999999998
0.31693315505981445,133,-0.270703125
0.31827592849731445,134,-0.167578125
0.31972312927246094,135,-0.36093749999999997
0.32148003578186035,136,-0.23203125
0.33017611503601074,137,0.0
0.33250904083251953,138,-0.0515625
0.3344440460205078,139,-0.2578125
0.3360121250152588,140,-0.322265625
0.3374321460723877,141,-0.15468749999999998
0.3389930725097656,142,-0.012890625
0.3405640125274658,143,-0.012890625
0.342026948928833,144,-0.20625
0.34340500831604004,145,-0.103125
0.34477710723876953,146,-0.7863281249999999
0.34667301177978516,147,-1.5082031249999999
0.34899401664733887,148,-0.116015625
0.350661039352417,149,-0.2578125
0.3520240783691406,150,-0.103125
0.3536679744720459,151,-0.20625
0.35515594482421875,152,0.038671874999999994
0.3566470146179199,153,0.012890625
0.3580820560455322,154,-0.0515625
0.3599259853363037,155,-0.21914062499999998
0.36176109313964844,156,-0.48984374999999997
0.36333799362182617,157,-1.4953124999999998
0.3648231029510498,158,-0.064453125
0.3663330078125,159,-0.167578125
0.36806607246398926,160,-0.18046874999999998
0.37049102783203125,161,-0.33515625
0.37207698822021484,162,0.28359375
0.37348008155822754,163,0.0
0.37528514862060547,164,-0.064453125
0.37714314460754395,165,-0.167578125
0.3785090446472168,166,-0.8765624999999999
0.3797149658203125,167,-1.65
0.38088202476501465,168,-0.09023437499999999
0.38202905654907227,169,-0.2578125
0.38315796852111816,170,-0.2578125
0.3842649459838867,171,-0.103125
0.38544797897338867,172,-0.29648437499999997
0.38686609268188477,173,-0.38671875
0.3883659839630127,174,-0.15468749999999998
0.38994812965393066,175,0.0
0.3915059566497803,176,-0.0515625
0.39296412467956543,177,-0.141796875
0.39440202713012695,178,-0.4640625
0.3957400321960449,179,-1.2503906249999999
0.3978400230407715,180,-0.193359375
0.4001591205596924,181,-0.23203125
0.40166497230529785,182,-0.12890625
0.403170108795166,183,-0.36093749999999997
0.4050869941711426,184,-0.20625
0.406696081161499,185,0.0
0.4082319736480713,186,-0.0515625
0.4100320339202881,187,-0.15468749999999998
0.411653995513916,188,-0.605859375
0.4129600524902344,189,-1.5082031249999999
0.4141509532928467,190,-0.064453125
0.41529297828674316,191,-0.2578125
0.41651201248168945,192,-0.24492187499999998
0.41794300079345703,193,-0.103125
0.419464111328125,194,-0.28359375
0.4210779666900635,195,-0.141796875
0.42264699935913086,196,-0.012890625
0.4239921569824219,197,-0.064453125
0.42534494400024414,198,-0.2578125
0.4273381233215332,199,-0.116015625
0.42946910858154297,200,-0.837890625
0.43094396591186523,201,-0.2578125
0.4326939582824707,202,-0.23203125
0.4346201419830322,203,-0.29648437499999997
0.43596911430358887,204,-0.23203125
0.43715810775756836,205,-0.12890625
0.43828701972961426,206,-0.012890625
0.4394850730895996,207,-0.012890625
0.4406321048736572,208,-0.038671874999999994
0.44175195693969727,209,-0.2578125
0.4428520202636719,210,-0.20625
0.44394612312316895,211,-0.6187499999999999
0.4450550079345703,212,-1.2374999999999998
0.4461629390716553,213,-1.65
0.44733214378356934,214,-0.103125
0.44872403144836426,215,-0.167578125
0.45026397705078125,216,-0.2578125
0.4524109363555908,217,-0.116015625
0.45398592948913574,218,-0.103125
0.45537495613098145,219,0.0
0.4568800926208496,220,-0.012890625
0.4594120979309082,221,-0.0515625
0.4609849452972412,222,-0.167578125
0.4626641273498535,223,-1.147265625
0.4646761417388916,224,-0.24492187499999998
0.4660360813140869,225,-0.15468749999999998
0.46721911430358887,226,-0.23203125
0.46834802627563477,227,-0.20625
0.46956706047058105,228,-0.37382812499999996
0.47069811820983887,229,-0.270703125
0.4718010425567627,230,0.012890625
0.4729030132293701,231,-0.012890625
0.4739971160888672,232,-0.07734374999999999
0.4751009941101074,233,-0.23203125
0.4761991500854492,234,-0.20625
0.47738099098205566,235,-0.6574218749999999
0.4787900447845459,236,-1.2503906249999999
0.4803171157836914,237,-0.7863281249999999
0.48188304901123047,238,-0.12890625
0.4834311008453369,239,-0.20625
0.4848611354827881,240,-0.0515625
0.4863150119781494,241,-0.38671875
0.4885439872741699,242,-0.21914062499999998
0.49059009552001953,243,0.0
0.4920189380645752,244,-0.167578125
0.4936051368713379,245,-0.09023437499999999
0.4955899715423584,246,-0.7734375
0.49710512161254883,247,-1.65
0.4983229637145996,248,-0.23203125
0.4995589256286621,249,-0.167578125
0.5007050037384033,250,-0.02578125
0.501837968826294,251,-0.36093749999999997
0.5029981136322021,252,-0.43828124999999996
0.5041570663452148,253,-0.33515625
0.5052640438079834,254,0.0
0.506356954574585,255,0.0
0.5075230598449707,256,-0.064453125
0.5090160369873047,257,-0.29648437499999997
0.5104889869689941,258,-0.103125
0.5120260715484619,259,-1.00546875
0.513620138168335,260,-1.65
0.5150899887084961,261,-0.064453125
0.5165691375732422,262,-0.21914062499999998
0.5184471607208252,263,-0.103125
0.5209479331970215,264,-0.399609375
0.5224709510803223,265,0.012890625
0.5239379405975342,266,-0.012890625
0.5258641242980957,267,-0.20625
0.5275459289550781,268,-0.103125
0.5288240909576416,269,-1.10859375
0.5300681591033936,270,-0.54140625
0.531203031539917,271,-0.012890625
0.532325029373169,272,-0.103125
0.5334410667419434,273,-0.23203125
0.5345540046691895,274,-0.141796875
0.5356619358062744,275,-0.502734375
0.5367679595947266,276,-0.476953125
0.537971019744873,277,-0.23203125
0.5393681526184082,278,-0.012890625
0.540830135345459,279,-0.07734374999999999
0.5423760414123535,280,-0.21914062499999998
0.5439691543579102,281,-0.12890625
0.5453341007232666,282,-0.992578125
0.5467269420623779,283,-1.65
0.5490329265594482,284,-0.20625
0.5510361194610596,285,-0.20625
0.5524849891662598,286,-0.37382812499999996
0.554063081741333,287,-0.2578125
0.5560281276702881,288,-0.012890625
0.5576090812683105,289,-0.02578125
0.5588541030883789,290,-0.193359375
0.5601191520690918,291,-0.103125
0.5612649917602539,292,-0.863671875
0.5623819828033447,293,-1.456640625
0.5634820461273193,294,-0.141796875
0.5645840167999268,295,-0.064453125
0.5656850337982178,296,-0.064453125
0.5667810440063477,297,-0.193359375
0.5679681301116943,298,-0.103125
0.5693709850311279,299,-0.451171875
0.5708229541778564,300,-0.348046875
0.572343111038208,301,0.02578125
0.5738871097564697,302,-0.02578125
0.5753259658813477,303,-0.193359375
0.5767300128936768,304,-0.141796875
0.578200101852417,305,-0.7863281249999999
0.580718994140625,306,-1.5082031249999999
0.5824599266052246,307,-0.0515625
0.5838220119476318,308,-0.20625
0.5855319499969482,309,-0.0515625
0.5875170230865479,310,-0.21914062499999998
0.5890181064605713,311,0.0
0.5902249813079834,312,-0.0515625
0.5913751125335693,313,-0.141796875
0.5924899578094482,314,-0.29648437499999997
0.5935990810394287,315,-0.36093749999999997
0.594702959060669,316,-1.044140625
0.5957980155944824,317,-1.5984375
0.5968990325927734,318,-0.02578125
0.5980880260467529,319,0.012890625
0.5994789600372314,320,-0.103125
0.6009390354156494,321,-0.167578125
0.6024250984191895,322,-0.36093749999999997
0.6039550304412842,323,-0.28359375
0.6053991317749023,324,0.0
0.606917142868042,325,-0.012890625
0.6083519458770752,326,-0.103125
0.610720157623291,327,-0.21914062499999998
0.6125590801239014,328,-0.837890625
0.6139650344848633,329,-0.20625
0.6156899929046631,330,-0.167578125
0.6176540851593018,331,-0.2578125
0.6191339492797852,332,-0.29648437499999997
0.6203489303588867,333,-0.18046874999999998
0.6215310096740723,334,-0.02578125
0.6226611137390137,335,0.0
0.6237609386444092,336,-0.0515625
0.6248610019683838,337,-0.20625
0.6259500980377197,338,-0.30937499999999996
0.6270461082458496,339,-0.48984374999999997
0.6282310485839844,340,-1.1214843749999999
0.6296930313110352,341,-1.65
0.6311249732971191,342,-0.0515625
0.6326489448547363,343,-0.18046874999999998
0.634221076965332,344,-0.21914062499999998
0.6356959342956543,345,-0.37382812499999996
0.6371941566467285,346,-0.33515625
0.6390509605407715,347,-0.012890625
0.6414549350738525,348,-0.012890625
0.643010139465332,349,-0.15468749999999998
0.6443929672241211,350,-0.5285156249999999
0.6462531089782715,351,-1.2503906249999999
0.6481080055236816,352,-0.20625
0.6498150825500488,353,-0.15468749999999998
0.6514239311218262,354,-0.103125
0.6529200077056885,355,-0.36093749999999997
0.6543850898742676,356,-0.20625
0.6557431221008301,357,-0.012890625
0.6570820808410645,358,-0.038671874999999994
0.6584980487823486,359,-0.193359375
0.6601400375366211,360,-0.15468749999999998
0.6619689464569092,361,-0.7734375
0.6637449264526367,362,-1.65
0.6656899452209473,363,-0.12890625
0.6674389839172363,364,-0.29648437499999997
0.6694610118865967,365,-0.15468749999999998
0.6717860698699951,366,-0.0515625
0.6744129657745361,367,-0.012890625
0.676110029220581,368,-0.167578125
0.6778221130371094,369,-0.322265625
0.6803460121154785,370,-1.198828125
0.6824600696563721,371,-0.09023437499999999
0.6840989589691162,372,-0.2578125
0.6855361461639404,373,-0.322265625
0.6869411468505859,374,-0.29648437499999997
0.6883101463317871,375,-0.0515625
0.6897931098937988,376,0.0
0.6915090084075928,377,-0.02578125
0.6935300827026367,378,-0.18046874999999998
0.695263147354126,379,-0.708984375
0.6970391273498535,380,-1.6371093749999999
0.6987271308898926,381,-0.07734374999999999
0.7006950378417969,382,-0.167578125
0.7025339603424072,383,-0.12890625
0.7056641578674316,384,-0.012890625
0.7078709602355957,385,-0.012890625
0.7097280025482178,386,-0.20625
0.7115199565887451,387,-0.43828124999999996
0.71380615234375,388,-1.340625
0.7159891128540039,389,-0.09023437499999999
0.7177169322967529,390,-0.2578125
0.7192549705505371,391,-0.322265625
0.7208240032196045,392,-0.20625
0.7225251197814941,393,0.0
0.7242131233215332,394,-0.0515625
0.7261080741882324,395,-0.15468749999999998
0.7280740737915039,396,-0.18046874999999998
0.7299349308013916,397,-1.173046875
0.7318949699401855,398,-0.4640625
0.7347300052642822,399,-0.29648437499999997
0.7372829914093018,400,-0.167578125
0.7390861511230469,401,0.07734374999999999
0.7412450313568115,402,-0.0515625
0.7439661026000977,403,-0.193359375
0.7456560134887695,404,-0.7734375
0.7470741271972656,405,-1.0570312499999999
0.7485151290893555,406,-0.09023437499999999
0.7499370574951172,407,-0.21914062499999998
0.7514829635620117,408,-0.064453125
0.753140926361084,409,-0.399609375
0.7548761367797852,410,-0.167578125
0.7567391395568848,411,0.0
0.758760929107666,412,-0.0515625
0.7610580921173096,413,-0.0515625
0.7627370357513428,414,-1.044140625
0.7641661167144775,415,-0.21914062499999998
0.7668311595916748,416,-0.20625
0.768855094909668,417,-0.2578125
0.7710039615631104,418,-0.167578125
0.7737319469451904,419,0.07734374999999999
0.7752339839935303,420,-0.012890625
0.7764229774475098,421,-0.064453125
0.7775681018829346,422,-0.6703125
0.7786850929260254,423,-1.327734375
0.7798571586608887,424,-1.4953124999999998
0.7811300754547119,425,-0.0515625
0.7825701236724854,426,-0.23203125
0.7840280532836914,427,-0.29648437499999997
0.7856171131134033,428,-0.23203125
0.7870030403137207,429,-0.21914062499999998
0.7884571552276611,430,0.012890625
0.7899999618530273,431,-0.012890625
0.7925901412963867,432,-0.0515625
0.7941949367523193,433,-0.064453125
0.7959280014038086,434,-1.044140625
