time,count,voltage
0.005650043487548828,1,-0.23203125
0.007279157638549805,2,-0.48984374999999997
0.008723974227905273,3,-0.33515625
0.01012110710144043,4,-0.167578125
0.01158905029296875,5,0.0
0.012945175170898438,6,-0.064453125
0.014295101165771484,7,-0.30937499999999996
0.015853166580200195,8,-0.580078125
0.01755213737487793,9,-0.928125
0.019170045852661133,10,-1.65
0.0209810733795166,11,-0.20625
0.02260303497314453,12,-0.43828124999999996
0.0242311954498291,13,-0.348046875
0.025678157806396484,14,-0.322265625
0.027039051055908203,15,-0.15468749999999998
0.02838897705078125,16,-0.02578125
0.02974700927734375,17,-0.064453125
0.03125119209289551,18,-0.322265625
0.03290414810180664,19,-0.64453125
0.03457498550415039,20,-1.147265625
0.03625011444091797,21,-0.54140625
0.0380101203918457,22,-0.2578125
0.03963303565979004,23,-0.348046875
0.0413050651550293,24,-0.2578125
0.042913198471069336,25,-0.36093749999999997
0.04456615447998047,26,0.012890625
0.04646611213684082,27,-0.0515625
0.04948019981384277,28,-0.33515625
0.05144500732421875,29,-0.6574218749999999
0.05311298370361328,30,-0.6187499999999999
0.05481910705566406,31,-0.20625
0.056977033615112305,32,-0.348046875
0.05915212631225586,33,-0.167578125
0.06105303764343262,34,0.15468749999999998
0.0629429817199707,35,-0.064453125
0.0646061897277832,36,-0.322265625
0.06606411933898926,37,-0.5285156249999999
0.06744909286499023,38,-1.0570312499999999
0.0688161849975586,39,-1.65
0.07033896446228027,40,0.0
0.07196402549743652,41,-0.322265625
0.07342100143432617,42,-0.6703125
0.07479310035705566,43,-0.15468749999999998
0.07616019248962402,44,-0.167578125
0.07750296592712402,45,-0.012890625
0.07884407043457031,46,-0.02578125
0.08018898963928223,47,-0.20625
0.08163809776306152,48,-0.554296875
0.08310103416442871,49,-0.6574218749999999
0.08457303047180176,50,-1.2890625
0.08626818656921387,51,-0.23203125
0.08797216415405273,52,-0.167578125
0.08977103233337402,53,-0.36093749999999997
0.09185218811035156,54,-0.2578125
0.09382915496826172,55,-0.21914062499999998
0.09531998634338379,56,-0.012890625
0.09764909744262695,57,-0.103125
0.0996091365814209,58,-0.4125
0.10120010375976562,59,-1.03125
0.10331296920776367,60,-1.65
0.10493803024291992,61,-0.23203125
0.10617208480834961,62,-0.29648437499999997
0.1073310375213623,63,-0.21914062499999998
0.10847806930541992,64,-0.348046875
0.10960602760314941,65,-0.348046875
0.11071610450744629,66,-0.103125
0.11191606521606445,67,-0.012890625
0.1131441593170166,68,-0.12890625
0.11455798149108887,69,-0.4125
0.11603116989135742,70,-0.6703125
0.11754417419433594,71,-1.147265625
0.1190640926361084,72,-1.65
0.12041902542114258,73,-0.167578125
0.12187504768371582,74,-0.4125
0.12366104125976562,75,-0.33515625
0.12610316276550293,76,-0.193359375
0.12757301330566406,77,0.29648437499999997
0.12920904159545898,78,-0.0515625
0.13119912147521973,79,-0.20625
0.1328129768371582,80,-0.48984374999999997
0.13412213325500488,81,-1.0570312499999999
0.13530707359313965,82,-1.65
0.1364459991455078,83,-0.02578125
0.13757610321044922,84,-0.116015625
0.1386890411376953,85,-0.69609375
0.13979005813598633,86,-0.38671875
0.14098215103149414,87,-0.322265625
0.14216399192810059,88,-0.43828124999999996
0.14340901374816895,89,-0.399609375
0.14480209350585938,90,-0.012890625
0.14626598358154297,91,-0.0515625
0.14780712127685547,92,-0.4125
0.1493360996246338,93,-0.6187499999999999
0.1507420539855957,94,-1.095703125
0.15224814414978027,95,-1.65
0.15410614013671875,96,-0.02578125
0.15634799003601074,97,-0.322265625
0.15780401229858398,98,-0.30937499999999996
0.15947198867797852,99,-0.37382812499999996
0.16141200065612793,100,-0.18046874999999998
0.1628730297088623,101,-0.0515625
0.16410207748413086,102,-0.30937499999999996
0.16527819633483887,103,-0.554296875
0.16643309593200684,104,-0.6832031249999999
0.1675581932067871,105,-1.340625
0.1686689853668213,106,-1.65
0.16978907585144043,107,-0.12890625
0.17097806930541992,108,-0.20625
0.172119140625,109,-0.7863281249999999
0.17332196235656738,110,-0.5285156249999999
0.17472600936889648,111,-0.167578125
0.1761791706085205,112,-0.2578125
0.17769217491149902,113,-0.02578125
0.17923903465270996,114,-0.012890625
0.18061017990112305,115,-0.2578125
0.18216204643249512,116,-0.580078125
0.18436098098754883,117,-0.7734375
0.18642711639404297,118,-1.65
0.18782615661621094,119,-0.30937499999999996
0.18931913375854492,120,-0.4640625
0.1911931037902832,121,-0.28359375
0.19312000274658203,122,-0.15468749999999998
0.19444799423217773,123,0.29648437499999997
0.1956331729888916,124,-0.0515625
0.19677209854125977,125,-0.23203125
0.19791603088378906,126,-0.43828124999999996
0.19905805587768555,127,-0.7476562499999999
0.20018506050109863,128,-1.044140625
0.20139217376708984,129,-1.5597656249999998
0.20252299308776855,130,0.0
0.20371413230895996,131,-0.21914062499999998
0.2051231861114502,132,-0.399609375
0.20659613609313965,133,-0.29648437499999997
0.20810604095458984,134,-0.33515625
0.20964598655700684,135,-0.322265625
0.21106505393981934,136,-0.012890625
0.21246814727783203,137,-0.038671874999999994
0.2142021656036377,138,-0.270703125
0.21657609939575195,139,-0.515625
0.21807408332824707,140,-1.147265625
0.21973514556884766,141,-0.0515625
0.22184205055236816,142,-0.23203125
0.22323203086853027,143,-0.322265625
0.22441601753234863,144,-0.20625
0.2255561351776123,145,-0.33515625
0.22666597366333008,146,-0.29648437499999997
0.22777318954467773,147,0.0
0.22892498970031738,148,-0.064453125
0.2301011085510254,149,-0.2578125
0.231248140335083,150,-0.5671875
0.23236703872680664,151,-0.734765625
0.23347711563110352,152,-1.03125
0.23464107513427734,153,-1.5726562499999999
0.23603415489196777,154,0.0
0.23748302459716797,155,-0.20625
0.23912596702575684,156,-0.42539062499999997
0.2407550811767578,157,-0.2578125
0.2423710823059082,158,-0.30937499999999996
0.2437431812286377,159,-0.18046874999999998
0.24611902236938477,160,-0.012890625
0.24807000160217285,161,-0.15468749999999998
0.24953508377075195,162,-0.4640625
0.2515389919281006,163,-1.018359375
0.25330615043640137,164,-1.4953124999999998
0.25458216667175293,165,-0.20625
0.25573301315307617,166,-0.631640625
0.25687313079833984,167,-0.322265625
0.25798916816711426,168,-0.20625
0.2590930461883545,169,-0.29648437499999997
0.2601959705352783,170,-0.322265625
0.26138901710510254,171,0.012890625
0.26251816749572754,172,-0.064453125
0.2636270523071289,173,-0.270703125
0.26482105255126953,174,-0.5671875
0.26621508598327637,175,-0.7218749999999999
0.2676551342010498,176,-1.173046875
0.26929306983947754,177,-1.65
0.270888090133667,178,-0.18046874999999998
0.272381067276001,179,-0.5671875
0.2737879753112793,180,-0.4125
0.27613019943237305,181,-0.399609375
0.2780179977416992,182,-0.012890625
0.27944016456604004,183,-0.02578125
0.2814040184020996,184,-0.2578125
0.28325319290161133,185,-0.5671875
0.2845580577850342,186,-1.198828125
0.28572797775268555,187,-1.224609375
0.28685903549194336,188,-0.167578125
0.28797316551208496,189,-0.33515625
0.28908300399780273,190,-0.348046875
0.29018402099609375,191,-0.270703125
0.2913820743560791,192,-0.20625
0.2924990653991699,193,-0.28359375
0.29360103607177734,194,-0.20625
0.2947680950164795,195,-0.012890625
0.29616403579711914,196,-0.0515625
0.2976059913635254,197,-0.37382812499999996
0.2991480827331543,198,-0.580078125
0.3005959987640381,199,-0.863671875
0.30217504501342773,200,-1.611328125
0.30358219146728516,201,0.0
0.30612802505493164,202,-0.33515625
0.30779218673706055,203,-0.399609375
0.30936217308044434,204,-0.4125
0.31144213676452637,205,-0.21914062499999998
0.312913179397583,206,-0.02578125
0.31410813331604004,207,-0.29648437499999997
0.31526803970336914,208,-0.5285156249999999
0.31640005111694336,209,-0.6703125
0.3175220489501953,210,-1.26328125
0.318634033203125,211,-1.65
0.3197340965270996,212,-0.0515625
0.32088518142700195,213,-0.2578125
0.32202696800231934,214,-0.69609375
0.3231360912322998,215,-0.399609375
0.3242371082305908,216,-0.193359375
0.3254120349884033,217,-0.43828124999999996
0.32736802101135254,218,-0.37382812499999996
0.32883119583129883,219,-0.012890625
0.3306460380554199,220,-0.12890625
0.3323361873626709,221,-0.515625
0.3338661193847656,222,-0.7476562499999999
0.33599209785461426,223,-1.546875
0.3381350040435791,224,0.0
0.33956003189086914,225,-0.515625
0.3414320945739746,226,-0.2578125
0.34337401390075684,227,-0.29648437499999997
0.34466004371643066,228,0.0
0.3458230495452881,229,-0.064453125
0.34700918197631836,230,-0.270703125
0.3481559753417969,231,-0.54140625
0.3492891788482666,232,-0.7734375
0.3504021167755127,233,-1.147265625
0.3515310287475586,234,-1.65
0.35265016555786133,235,0.012890625
0.3537631034851074,236,-0.23203125
0.35486507415771484,237,-0.38671875
0.3560371398925781,238,-0.21914062499999998
0.35744619369506836,239,-0.33515625
0.3589000701904297,240,-0.29648437499999997
0.36041998863220215,241,-0.15468749999999998
0.3619861602783203,242,-0.012890625
0.36339306831359863,243,-0.0515625
0.3648030757904053,244,-0.322265625
0.36702513694763184,245,-0.6187499999999999
0.3690481185913086,246,-1.198828125
0.3705129623413086,247,-0.103125
0.3726470470428467,248,-0.38671875
0.3743250370025635,249,-0.4125
0.375560998916626,250,-0.322265625
0.3767101764678955,251,-0.21914062499999998
0.37783098220825195,252,0.0
0.378939151763916,253,-0.064453125
0.38005518913269043,254,-0.30937499999999996
0.38120007514953613,255,-0.4640625
0.3823220729827881,256,-0.7218749999999999
0.3834340572357178,257,-0.9410156249999999
0.3845391273498535,258,-1.4953124999999998
0.38564205169677734,259,0.0
0.38680219650268555,260,-0.12890625
0.3881690502166748,261,-0.322265625
0.38960909843444824,262,-0.33515625
0.3912479877471924,263,-0.2578125
0.3927791118621826,264,-0.348046875
0.3941831588745117,265,-0.0515625
0.3956460952758789,266,0.0
0.3981020450592041,267,-0.167578125
0.399852991104126,268,-0.515625
0.4012269973754883,269,-1.134375
0.40305519104003906,270,-1.65
0.40494203567504883,271,-0.2578125
0.40632104873657227,272,-0.7476562499999999
0.4075150489807129,273,-0.270703125
0.4086589813232422,274,-0.36093749999999997
0.4097881317138672,275,-0.36093749999999997
0.4109780788421631,276,-0.064453125
0.4121229648590088,277,-0.0515625
0.41324710845947266,278,-0.193359375
0.41436219215393066,279,-0.4125
0.4154641628265381,280,-0.64453125
0.4165661334991455,281,-0.79921875
0.41774916648864746,282,-1.405078125
0.41913819313049316,283,-1.65
0.4205620288848877,284,-0.09023437499999999
0.4222140312194824,285,-0.36093749999999997
0.4237489700317383,286,-0.54140625
0.42513012886047363,287,-0.15468749999999998
0.4265890121459961,288,-0.12890625
0.42902207374572754,289,0.0515625
0.4307241439819336,290,-0.064453125
0.4322621822357178,291,-0.42539062499999997
0.43410706520080566,292,-0.6187499999999999
0.43596816062927246,293,-1.4953124999999998
0.437345027923584,294,-0.193359375
0.43860602378845215,295,-0.43828124999999996
0.4397761821746826,296,-0.43828124999999996
0.4409911632537842,297,-0.30937499999999996
0.44214415550231934,298,-0.48984374999999997
0.4432680606842041,299,-0.33515625
0.44437408447265625,300,0.0
0.4454820156097412,301,-0.012890625
0.4465911388397217,302,-0.167578125
0.4477729797363281,303,-0.37382812499999996
0.4492189884185791,304,-0.64453125
0.45071911811828613,305,-0.928125
0.4526021480560303,306,-1.65
0.45456910133361816,307,-0.12890625
0.4564790725708008,308,-0.43828124999999996
0.458543062210083,309,-0.33515625
0.4610860347747803,310,-0.37382812499999996
0.4626190662384033,311,-0.012890625
0.4644131660461426,312,-0.2578125
0.46641111373901367,313,-0.476953125
0.4678959846496582,314,-0.992578125
0.46911001205444336,315,-1.65
0.47025609016418457,316,-0.064453125
0.4714820384979248,317,-0.43828124999999996
0.47263407707214355,318,-0.33515625
0.4737510681152344,319,-0.29648437499999997
0.47485804557800293,320,-0.322265625
0.47595906257629395,321,-0.4125
0.47705698013305664,322,-0.29648437499999997
0.47825002670288086,323,-0.0515625
0.47963809967041016,324,-0.0515625
0.4811131954193115,325,-0.322265625
0.4826681613922119,326,-0.5671875
0.48413801193237305,327,-0.8765624999999999
0.48546409606933594,328,-1.6371093749999999
0.4867701530456543,329,-0.0515625
0.48850417137145996,330,-0.30937499999999996
0.4909391403198242,331,-0.7476562499999999
0.49248218536376953,332,-0.399609375
0.4942929744720459,333,-0.103125
0.49619412422180176,334,-0.012890625
0.4975011348724365,335,-0.2578125
0.49866819381713867,336,-0.5671875
0.49980902671813965,337,-0.631640625
0.5010471343994141,338,-1.2503906249999999
0.5022270679473877,339,-1.65
0.503350019454956,340,-0.103125
0.5044701099395752,341,-0.167578125
0.5055780410766602,342,-0.6703125
0.506676197052002,343,-0.54140625
0.507775068283081,344,-0.2578125
0.5089621543884277,345,-0.42539062499999997
0.5103490352630615,346,-0.33515625
0.5117790699005127,347,-0.012890625
0.5133411884307861,348,-0.07734374999999999
0.5148651599884033,349,-0.33515625
0.5162601470947266,350,-0.631640625
0.5176701545715332,351,-1.0828125
0.5199770927429199,352,-1.65
0.5218930244445801,353,-0.21914062499999998
0.5233170986175537,354,-0.4125
0.5249760150909424,355,-0.23203125
0.5269839763641357,356,-0.33515625
0.5284090042114258,357,0.0
0.52960205078125,358,-0.0515625
0.5307459831237793,359,-0.29648437499999997
0.5319781303405762,360,-0.605859375
0.5331130027770996,361,-0.6703125
0.5342340469360352,362,-1.2503906249999999
0.535344123840332,363,-1.65
0.5365180969238281,364,-0.02578125
0.5376501083374023,365,-0.2578125
0.538762092590332,366,-0.4640625
0.5399401187896729,367,-0.37382812499999996
0.541356086730957,368,-0.2578125
0.5428040027618408,369,-0.399609375
0.5442869663238525,370,-0.141796875
0.545767068862915,371,-0.012890625
0.5471601486206055,372,-0.193359375
0.5485630035400391,373,-0.43828124999999996
0.5505321025848389,374,-0.6703125
0.5529379844665527,375,-1.26328125
0.554419994354248,376,-0.15468749999999998
0.5559670925140381,377,-0.605859375
0.5579819679260254,378,-0.29648437499999997
0.5596439838409424,379,-0.20625
0.5609941482543945,380,0.103125
0.5621790885925293,381,-0.012890625
0.5633151531219482,382,-0.167578125
0.5644400119781494,383,-0.399609375
0.5655581951141357,384,-0.631640625
0.5666711330413818,385,-0.825
0.5677721500396729,386,-1.405078125
0.5688860416412354,387,-1.65
0.5700562000274658,388,-0.0515625
0.57151198387146,389,-0.116015625
0.5729641914367676,390,-0.64453125
0.5744891166687012,391,-0.36093749999999997
0.5759861469268799,392,-0.23203125
0.5773811340332031,393,-0.0515625
0.578754186630249,394,-0.012890625
0.5809531211853027,395,-0.103125
0.5830981731414795,396,-0.451171875
0.5845770835876465,397,-0.928125
0.5861430168151855,398,-1.65
0.5881340503692627,399,-0.167578125
0.5897281169891357,400,-0.476953125
0.5910670757293701,401,-0.2578125
0.5922579765319824,402,-0.37382812499999996
0.5933940410614014,403,-0.2578125
0.5945291519165039,404,0.0
0.5956320762634277,405,-0.038671874999999994
0.5967361927032471,406,-0.20625
0.597844123840332,407,-0.4640625
0.5989480018615723,408,-0.69609375
0.6001300811767578,409,-0.837890625
0.6015980243682861,410,-1.456640625
0.6030480861663818,411,-0.012890625
0.6046061515808105,412,-0.12890625
0.6061720848083496,413,-0.4640625
0.6075901985168457,414,-0.30937499999999996
0.609011173248291,415,-0.2578125
0.6111981868743896,416,-0.18046874999999998
0.6132831573486328,417,-0.012890625
0.6147360801696777,418,-0.2578125
0.6163411140441895,419,-0.5671875
0.6183180809020996,420,-0.90234375
0.6198580265045166,421,-1.5984375
0.6211161613464355,422,-0.270703125
0.6222920417785645,423,-0.69609375
0.6234221458435059,424,-0.399609375
0.624547004699707,425,-0.24492187499999998
0.6256601810455322,426,-0.4125
0.6267590522766113,427,-0.36093749999999997
0.6278619766235352,428,-0.012890625
0.6289591789245605,429,-0.0515625
0.6301450729370117,430,-0.193359375
0.631627082824707,431,-0.4640625
0.6330780982971191,432,-0.734765625
0.6346139907836914,433,-1.198828125
0.6362261772155762,434,-1.65
0.6377391815185547,435,-0.167578125
0.639228105545044,436,-0.4640625
0.6420891284942627,437,-0.30937499999999996
0.6442790031433105,438,-0.30937499999999996
0.6457540988922119,439,-0.0515625
0.6473441123962402,440,-0.193359375
0.6493110656738281,441,-0.43828124999999996
0.6509621143341064,442,-0.6832031249999999
0.6522510051727295,443,-1.5984375
0.6534600257873535,444,-0.09023437499999999
0.6546530723571777,445,-0.23203125
0.6557881832122803,446,-0.734765625
0.6569151878356934,447,-0.322265625
0.6580281257629395,448,-0.116015625
0.6591320037841797,449,-0.322265625
0.6603100299835205,450,-0.30937499999999996
0.6617481708526611,451,0.012890625
0.6631870269775391,452,-0.038671874999999994
0.6647200584411621,453,-0.37382812499999996
0.6662800312042236,454,-0.5929687499999999
0.6677200794219971,455,-1.03125
0.6692161560058594,456,-1.65
0.6705830097198486,457,-0.15468749999999998
0.6729609966278076,458,-0.37382812499999996
0.6748950481414795,459,-0.193359375
0.6763131618499756,460,-0.4125
0.6780121326446533,461,-0.12890625
0.6799659729003906,462,-0.012890625
0.6814930438995361,463,-0.38671875
0.6826920509338379,464,-0.6187499999999999
0.6838371753692627,465,-0.9796874999999999
0.6849701404571533,466,-1.546875
0.6860949993133545,467,-0.02578125
0.6872069835662842,468,-0.12890625
0.6883161067962646,469,-0.33515625
0.6894261837005615,470,-0.54140625
0.6905970573425293,471,-0.24492187499999998
0.692047119140625,472,-0.33515625
0.6935040950775146,473,-0.2578125
0.6950399875640869,474,-0.012890625
0.6965410709381104,475,-0.02578125
0.69793701171875,476,-0.29648437499999997
0.6993770599365234,477,-0.6703125
0.7011411190032959,478,-0.8507812499999999
0.7036211490631104,479,-1.5984375
0.7052311897277832,480,-0.28359375
0.7065989971160889,481,-0.322265625
0.7084610462188721,482,-0.21914062499999998
0.7103571891784668,483,-0.322265625
0.711724042892456,484,0.0
0.7129030227661133,485,-0.064453125
0.7140421867370605,486,-0.322265625
0.7151570320129395,487,-0.580078125
0.7162730693817139,488,-0.734765625
0.7173969745635986,489,-1.16015625
0.7185029983520508,490,-1.65
0.7196049690246582,491,0.0
0.7207770347595215,492,-0.24492187499999998
0.7222771644592285,493,-0.4640625
0.7238171100616455,494,-0.348046875
0.7252271175384521,495,-0.20625
0.7266840934753418,496,-0.20625
0.7280490398406982,497,0.038671874999999994
0.7295501232147217,498,-0.012890625
0.7310471534729004,499,-0.29648437499999997
0.7335209846496582,500,-0.515625
0.7353641986846924,501,-1.00546875
0.7367901802062988,502,-0.23203125
0.7384600639343262,503,-0.270703125
0.7404320240020752,504,-0.322265625
0.7418830394744873,505,-0.15468749999999998
0.7430880069732666,506,-0.167578125
0.7442190647125244,507,-0.12890625
0.7453951835632324,508,-0.012890625
0.7465391159057617,509,-0.064453125
0.7476720809936523,510,-0.37382812499999996
0.7488110065460205,511,-0.6187499999999999
0.7499380111694336,512,-0.7734375
0.7511301040649414,513,-1.327734375
0.7525331974029541,514,-1.65
0.753960132598877,515,-0.064453125
0.7554991245269775,516,-0.36093749999999997
0.7571101188659668,517,-0.5285156249999999
0.7585620880126953,518,-0.12890625
0.7600460052490234,519,-0.167578125
0.7619161605834961,520,0.038671874999999994
0.7643001079559326,521,-0.0515625
0.7658901214599609,522,-0.4125
0.7673239707946777,523,-0.64453125
0.7692511081695557,524,-1.405078125
0.7711210250854492,525,-0.064453125
0.7724440097808838,526,-0.399609375
0.7736341953277588,527,-0.37382812499999996
0.7747781276702881,528,-0.20625
0.7758970260620117,529,-0.348046875
0.7770099639892578,530,-0.28359375
0.7781121730804443,531,-0.02578125
0.7792119979858398,532,-0.0515625
0.7803101539611816,533,-0.21914062499999998
0.7815430164337158,534,-0.476953125
0.7829391956329346,535,-0.734765625
0.7843821048736572,536,-1.10859375
0.7859351634979248,537,-1.65
0.787438154220581,538,-0.09023437499999999
0.7888681888580322,539,-0.37382812499999996
0.7903611660003662,540,-0.37382812499999996
0.7920420169830322,541,-0.09023437499999999
0.7945070266723633,542,-0.21914062499999998
0.7961230278015137,543,-0.012890625
0.7975380420684814,544,-0.20625
0.7993690967559814,545,-0.502734375
0.801246166229248,546,-0.7218749999999999
0.8025960922241211,547,-1.65
0.8037590980529785,548,-0.09023437499999999
0.8048970699310303,549,-0.322265625
0.8060400485992432,550,-0.2578125
0.8071510791778564,551,-0.29648437499999997
0.8082699775695801,552,-0.30937499999999996
0.809380054473877,553,-0.43828124999999996
0.8104801177978516,554,-0.322265625
0.8117179870605469,555,0.0
0.8131120204925537,556,-0.064453125
0.8146040439605713,557,-0.322265625
0.8160309791564941,558,-0.554296875
0.817620038986206,559,-0.825
0.8190841674804688,560,-1.5726562499999999
0.8205130100250244,561,-0.0515625
0.8221921920776367,562,-0.42539062499999997
0.8247220516204834,563,-0.37382812499999996
0.82631516456604,564,-0.2578125
0.8279271125793457,565,-0.0515625
0.8299891948699951,566,-0.0515625
0.8314499855041504,567,-0.29648437499999997
0.8326799869537354,568,-0.5285156249999999
0.8338229656219482,569,-0.8507812499999999
0.8349480628967285,570,-1.482421875
0.8360581398010254,571,-0.02578125
0.8371679782867432,572,-0.193359375
0.8382751941680908,573,-0.28359375
0.8393740653991699,574,-0.580078125
0.8404741287231445,575,-0.38671875
0.8416759967803955,576,-0.15468749999999998
0.8431141376495361,577,-0.2578125
0.8445830345153809,578,-0.12890625
0.8461480140686035,579,-0.012890625
0.8476150035858154,580,-0.23203125
0.8489470481872559,581,-0.515625
0.8502860069274902,582,-0.64453125
0.8523750305175781,583,-1.340625
0.8545501232147217,584,0.0
0.8560061454772949,585,-0.4125
0.8575999736785889,586,-0.33515625
0.8596360683441162,587,-0.43828124999999996
0.8611750602722168,588,-0.02578125
0.862429141998291,589,-0.012890625
0.8635740280151367,590,-0.167578125
0.864713191986084,591,-0.4125
0.8658201694488525,592,-0.6703125
0.8669240474700928,593,-0.8765624999999999
0.8680310249328613,594,-1.456640625
0.8691351413726807,595,-0.5285156249999999
0.8702411651611328,596,-0.0515625
0.8714179992675781,597,-0.193359375
0.8726301193237305,598,-0.38671875
0.8740270137786865,599,-0.48984374999999997
0.8754541873931885,600,-0.20625
0.8770091533660889,601,-0.15468749999999998
0.8784751892089844,602,-0.02578125
0.8798441886901855,603,-0.0515625
0.8812861442565918,604,-0.33515625
0.8830139636993408,605,-0.605859375
0.8854410648345947,606,-0.825
0.8870141506195068,607,0.0
0.8884570598602295,608,-0.116015625
0.8904039859771729,609,-0.322265625
0.8922240734100342,610,-0.2578125
0.8935890197753906,611,-0.116015625
0.8947420120239258,612,-0.012890625
0.8958699703216553,613,-0.038671874999999994
0.896989107131958,614,-0.23203125
0.8980951309204102,615,-0.476953125
0.8992040157318115,616,-0.7218749999999999
0.9003071784973145,617,-0.928125
0.9015181064605713,618,-1.456640625
0.9027400016784668,619,-0.0515625
0.9041500091552734,620,-0.103125
0.9055831432342529,621,-0.399609375
0.9071271419525146,622,-0.33515625
0.9086430072784424,623,-0.30937499999999996
0.9100260734558105,624,-0.21914062499999998
0.9114491939544678,625,0.0
0.9130241870880127,626,-0.0515625
0.9155220985412598,627,-0.2578125
0.9171991348266602,628,-0.5929687499999999
0.9185941219329834,629,-1.340625
0.9204440116882324,630,-0.103125
0.9223761558532715,631,-0.15468749999999998
0.9237310886383057,632,-0.37382812499999996
0.9249269962310791,633,-0.20625
0.9260661602020264,634,-0.29648437499999997
0.9271810054779053,635,-0.23203125
0.9282901287078857,636,-0.012890625
0.9293911457061768,637,-0.0515625
0.9304900169372559,638,-0.348046875
0.931617021560669,639,-0.5929687499999999
0.9328231811523438,640,-0.7476562499999999
0.9342269897460938,641,-1.044140625
0.9356551170349121,642,-1.6371093749999999
0.9371891021728516,643,-0.012890625
0.9386701583862305,644,-0.23203125
0.9401040077209473,645,-0.399609375
0.9418230056762695,646,-0.348046875
0.9441080093383789,647,-0.37382812499999996
0.9463241100311279,648,-0.012890625
0.9481730461120605,649,-0.167578125
0.9505660533905029,650,-0.54140625
0.9523191452026367,651,-1.1214843749999999
0.9536709785461426,652,-0.270703125
