time,count,voltage
0.005848884582519531,1,-0.12890625
0.007397890090942383,2,-0.270703125
0.008857965469360352,3,-0.116015625
0.010215997695922852,4,0.0
0.011626958847045898,5,-0.012890625
0.013031005859375,6,-0.064453125
0.014425039291381836,7,-0.30937499999999996
0.01583099365234375,8,-0.54140625
0.01743292808532715,9,-1.353515625
0.019229888916015625,10,0.0
0.021040916442871094,11,-0.24492187499999998
0.022788047790527344,12,-0.2578125
0.024456024169921875,13,-0.23203125
0.026047945022583008,14,-0.0515625
0.02754998207092285,15,0.0
0.029033899307250977,16,-0.012890625
0.030441999435424805,17,-0.2578125
0.03182697296142578,18,-0.2578125
0.0334780216217041,19,-0.992578125
0.035273075103759766,20,-1.65
0.03706693649291992,21,-0.103125
0.039093017578125,22,-0.24492187499999998
0.041053056716918945,23,-0.064453125
0.042645931243896484,24,0.15468749999999998
0.044571876525878906,25,0.0
0.046272993087768555,26,-0.012890625
0.048211097717285156,27,-0.33515625
0.051071882247924805,28,-0.580078125
0.05378293991088867,29,0.0
0.05555295944213867,30,-0.20625
0.05712294578552246,31,0.0
0.0592799186706543,32,-0.07734374999999999
0.06164908409118652,33,0.0
0.06352496147155762,34,0.0
0.06501102447509766,35,-0.29648437499999997
0.06642794609069824,36,-0.8765624999999999
0.0678250789642334,37,-1.65
0.06919693946838379,38,-0.012890625
0.07054400444030762,39,-0.23203125
0.07188200950622559,40,-0.36093749999999997
0.07323002815246582,41,-0.012890625
0.07465696334838867,42,-0.33515625
0.07610106468200684,43,-0.103125
0.07787799835205078,44,0.012890625
0.07961893081665039,45,-0.02578125
0.08106207847595215,46,-0.2578125
0.08244204521179199,47,-0.48984374999999997
0.08387207984924316,48,-1.2890625
0.08538103103637695,49,-0.012890625
0.08693289756774902,50,-0.18046874999999998
0.08864593505859375,51,-0.167578125
0.09032893180847168,52,-0.038671874999999994
0.09233903884887695,53,-0.20625
0.09442591667175293,54,0.0
0.09619498252868652,55,-0.064453125
0.09762907028198242,56,-0.30937499999999996
0.10031890869140625,57,-0.502734375
0.10208487510681152,58,-1.533984375
0.10375308990478516,59,-0.141796875
0.10586690902709961,60,-0.2578125
0.1073598861694336,61,-0.0515625
0.10859990119934082,62,0.038671874999999994
0.10979008674621582,63,-0.012890625
0.11093401908874512,64,-0.012890625
0.1120460033416748,65,-0.07734374999999999
0.11314892768859863,66,-0.2578125
0.11434507369995117,67,-0.38671875
0.11559700965881348,68,-0.6187499999999999
0.11727094650268555,69,-1.327734375
0.1187589168548584,70,-0.02578125
0.12014198303222656,71,-0.193359375
0.12154293060302734,72,-0.270703125
0.12310004234313965,73,-0.103125
0.12483787536621094,74,-0.322265625
0.1264328956604004,75,0.07734374999999999
0.1289808750152588,76,0.0
0.13052892684936523,77,-0.193359375
0.1322329044342041,78,-0.193359375
0.13442587852478027,79,-0.992578125
0.1358630657196045,80,-0.02578125
0.13715291023254395,81,-0.116015625
0.13837003707885742,82,-0.30937499999999996
0.13956308364868164,83,-0.167578125
0.14072299003601074,84,-0.451171875
0.14186596870422363,85,-0.33515625
0.14298605918884277,86,0.012890625
0.14411592483520508,87,0.0
0.14522194862365723,88,-0.02578125
0.14645099639892578,89,-0.167578125
0.14791107177734375,90,-0.42539062499999997
0.1494920253753662,91,-0.64453125
0.1510770320892334,92,-1.533984375
0.15259194374084473,93,0.0
0.1543259620666504,94,-0.12890625
0.15643906593322754,95,-0.270703125
0.15899300575256348,96,-0.36093749999999997
0.16043305397033691,97,0.0
0.162276029586792,98,-0.02578125
0.16423606872558594,99,-0.12890625
0.16554594039916992,100,-0.36093749999999997
0.1667158603668213,101,-1.21171875
0.1678459644317627,102,-0.0515625
0.16894793510437012,103,-0.02578125
0.17004609107971191,104,-0.28359375
0.1711430549621582,105,-0.21914062499999998
0.1722719669342041,106,-0.20625
0.1734769344329834,107,-0.270703125
0.17460107803344727,108,-0.37382812499999996
0.1757349967956543,109,-0.193359375
0.1769249439239502,110,0.012890625
0.1783289909362793,111,-0.02578125
0.17984986305236816,112,-0.0515625
0.1815340518951416,113,-0.30937499999999996
0.18312501907348633,114,-0.7218749999999999
0.18472790718078613,115,-1.6371093749999999
0.1862640380859375,116,-0.0515625
0.18928194046020508,117,-0.0515625
0.19101500511169434,118,-0.07734374999999999
0.19283008575439453,119,0.15468749999999998
0.19477200508117676,120,0.012890625
0.19621586799621582,121,-0.012890625
0.1974339485168457,122,-0.322265625
0.19857001304626465,123,-0.399609375
0.1996769905090332,124,-1.147265625
0.20078086853027344,125,-1.65
0.20186996459960938,126,0.0
0.20301198959350586,127,-0.09023437499999999
0.20416998863220215,128,-0.12890625
0.20534205436706543,129,-0.33515625
0.20644593238830566,130,-0.064453125
0.2076430320739746,131,-0.33515625
0.209061861038208,132,-0.21914062499999998
0.21050095558166504,133,0.012890625
0.21224308013916016,134,-0.012890625
0.21392202377319336,135,-0.167578125
0.21543192863464355,136,-0.23203125
0.21685409545898438,137,-1.0570312499999999
0.21953701972961426,138,-0.0515625
0.22126197814941406,139,-0.167578125
0.22295403480529785,140,-0.193359375
0.2252058982849121,141,-0.24492187499999998
0.2265939712524414,142,0.322265625
0.22780108451843262,143,0.0
0.2289879322052002,144,0.0
0.23010897636413574,145,-0.30937499999999996
0.23122286796569824,146,-0.4125
0.23232293128967285,147,-0.837890625
0.23350787162780762,148,-1.4308593749999998
0.23467087745666504,149,0.0
0.2358100414276123,150,-0.064453125
0.236954927444458,151,-0.103125
0.23814105987548828,152,-0.29648437499999997
0.23961400985717773,153,-0.167578125
0.24108386039733887,154,-0.21914062499999998
0.24265789985656738,155,-0.09023437499999999
0.24442791938781738,156,-0.012890625
0.24596691131591797,157,-0.02578125
0.24741005897521973,158,-0.28359375
0.2503190040588379,159,-0.36093749999999997
0.2523939609527588,160,-1.65
0.25472187995910645,161,-0.2578125
0.2567908763885498,162,-0.21914062499999998
0.25818300247192383,163,-0.322265625
0.2594120502471924,164,0.012890625
0.26055002212524414,165,-0.012890625
0.26170802116394043,166,-0.038671874999999994
0.2628359794616699,167,-0.103125
0.26398205757141113,168,-0.348046875
0.2651219367980957,169,-0.4125
0.26622700691223145,170,-1.1214843749999999
0.2673649787902832,171,-1.65
0.2685890197753906,172,0.0
0.27002787590026855,173,-0.103125
0.2715439796447754,174,-0.20625
0.2730989456176758,175,0.0
0.27474498748779297,176,-0.29648437499999997
0.27640390396118164,177,0.0
0.2782778739929199,178,0.012890625
0.28079986572265625,179,-0.02578125
0.28232908248901367,180,-0.103125
0.2842578887939453,181,-1.10859375
0.28625988960266113,182,-0.02578125
0.2875978946685791,183,-0.064453125
0.28877806663513184,184,-0.30937499999999996
0.2899129390716553,185,-0.07734374999999999
0.2910480499267578,186,-0.2578125
0.29216790199279785,187,-0.193359375
0.2933828830718994,188,-0.012890625
0.29453086853027344,189,0.0
0.2956430912017822,190,-0.02578125
0.2967500686645508,191,-0.322265625
0.297900915145874,192,-0.4125
0.2991340160369873,193,-0.837890625
0.30060887336730957,194,-1.456640625
0.30211496353149414,195,0.0
0.30385708808898926,196,-0.12890625
0.3054029941558838,197,-0.28359375
0.3069419860839844,198,-0.02578125
0.30899500846862793,199,-0.20625
0.3113820552825928,200,0.012890625
0.3128819465637207,201,-0.09023437499999999
0.3147549629211426,202,-0.43828124999999996
0.31682491302490234,203,-0.64453125
0.31816792488098145,204,-0.21914062499999998
0.3193950653076172,205,-0.038671874999999994
0.3205430507659912,206,-0.15468749999999998
0.3216679096221924,207,-0.30937499999999996
0.3227880001068115,208,-0.103125
0.3239929676055908,209,-0.4640625
0.32511401176452637,210,-0.38671875
0.32623887062072754,211,0.012890625
0.3273298740386963,212,-0.012890625
0.32842397689819336,213,-0.103125
0.3296070098876953,214,-0.18046874999999998
0.33109307289123535,215,-0.43828124999999996
0.33261895179748535,216,-0.631640625
0.3343229293823242,217,-1.456640625
0.3358650207519531,218,0.0
0.33722591400146484,219,-0.15468749999999998
0.33992886543273926,220,-0.348046875
0.3424348831176758,221,-0.21914062499999998
0.3439059257507324,222,0.0
0.3455178737640381,223,-0.09023437499999999
0.34751391410827637,224,-0.502734375
0.34923696517944336,225,-0.54140625
0.35051488876342773,226,-1.405078125
0.35168886184692383,227,0.012890625
0.35283708572387695,228,-0.322265625
0.3539910316467285,229,-0.6703125
0.3551208972930908,230,-0.4640625
0.3562510013580322,231,-0.33515625
0.35739707946777344,232,-0.43828124999999996
0.358504056930542,233,-0.36093749999999997
0.359713077545166,234,0.012890625
0.3611280918121338,235,-0.012890625
0.3625760078430176,236,-0.07734374999999999
0.36436009407043457,237,-0.37382812499999996
0.36597204208374023,238,-0.580078125
0.3674619197845459,239,-1.52109375
0.3690309524536133,240,0.0
0.3707618713378906,241,-0.18046874999999998
0.3735229969024658,242,-0.4640625
0.3751800060272217,243,0.0
0.37668895721435547,244,0.116015625
0.3787040710449219,245,0.012890625
0.3805079460144043,246,-0.103125
0.3818190097808838,247,-0.20625
0.38300490379333496,248,-1.018359375
0.3841819763183594,249,-1.65
0.38530802726745605,250,0.0
0.38640904426574707,251,-0.23203125
0.3875448703765869,252,-0.15468749999999998
0.38866400718688965,253,-0.43828124999999996
0.3899390697479248,254,-0.064453125
0.39138197898864746,255,-0.29648437499999997
0.392819881439209,256,-0.0515625
0.39437198638916016,257,-0.012890625
0.39600491523742676,258,-0.02578125
0.39755702018737793,259,-0.42539062499999997
0.3990960121154785,260,-0.580078125
0.4007129669189453,261,-1.3921875
0.40331101417541504,262,0.0
0.4051659107208252,263,-0.02578125
0.4069089889526367,264,-0.064453125
0.40900707244873047,265,-0.30937499999999996
0.41034698486328125,266,0.012890625
0.41159486770629883,267,-0.0515625
0.41277194023132324,268,-0.0515625
0.41401004791259766,269,-0.4125
0.41513490676879883,270,-0.4640625
0.4162750244140625,271,-1.134375
0.41738200187683105,272,-1.65
0.418475866317749,273,-0.33515625
0.4195890426635742,274,-0.54140625
0.4208099842071533,275,-0.064453125
0.4222729206085205,276,-0.30937499999999996
0.42374300956726074,277,-0.7218749999999999
0.4253389835357666,278,-0.502734375
0.42677903175354004,279,0.0
0.42825889587402344,280,-0.012890625
0.42962002754211426,281,-0.0515625
0.4319319725036621,282,-0.4125
0.4338200092315674,283,-0.734765625
0.43524599075317383,284,0.0
0.4371190071105957,285,-0.167578125
0.43911290168762207,286,-0.116015625
0.4404940605163574,287,-0.734765625
0.44168901443481445,288,-0.4125
0.44281506538391113,289,0.012890625
0.44405698776245117,290,0.0
0.4452860355377197,291,-0.02578125
0.44643497467041016,292,-0.20625
0.44757604598999023,293,-0.348046875
0.44868993759155273,294,-0.7734375
0.44979190826416016,295,-1.405078125
0.4510369300842285,296,-1.1859374999999999
0.4525330066680908,297,0.0
0.4541049003601074,298,-0.20625
0.45569586753845215,299,-0.30937499999999996
0.45720601081848145,300,-0.37382812499999996
0.4586460590362549,301,-0.193359375
0.4601759910583496,302,0.0
0.4625880718231201,303,-0.322265625
0.4646029472351074,304,-0.4125
0.46604394912719727,305,-0.7218749999999999
0.46779489517211914,306,-1.5597656249999998
0.469951868057251,307,0.012890625
0.47133803367614746,308,-0.4125
0.4725310802459717,309,-0.5285156249999999
0.4736979007720947,310,-0.20625
0.47483205795288086,311,-0.2578125
0.4760310649871826,312,-0.02578125
0.47713708877563477,313,0.012890625
0.47826194763183594,314,-0.012890625
0.4794039726257324,315,-0.09023437499999999
0.48050904273986816,316,-0.4125
0.48169398307800293,317,-0.4125
0.4831728935241699,318,-1.0828125
0.48473691940307617,319,-1.65
0.48630499839782715,320,-0.270703125
0.48780298233032227,321,-0.02578125
0.48922109603881836,322,-0.2578125
0.4906339645385742,323,-0.4640625
0.49268007278442383,324,-0.21914062499999998
0.4953429698944092,325,0.0
0.4967939853668213,326,-0.502734375
0.49840402603149414,327,-0.64453125
0.5004990100860596,328,-1.095703125
0.5020239353179932,329,0.0
0.5032238960266113,330,-0.103125
0.5049319267272949,331,-0.90234375
0.5062830448150635,332,-0.476953125
0.5074269771575928,333,-0.33515625
0.5085330009460449,334,-0.23203125
0.5096330642700195,335,0.012890625
0.5107178688049316,336,-0.20625
0.5119619369506836,337,-0.0515625
0.513434886932373,338,-0.6187499999999999
0.5153908729553223,339,-0.7734375
0.5172948837280273,340,-1.4437499999999999
0.5187900066375732,341,0.0
0.520219087600708,342,-0.20625
0.5215749740600586,343,-0.322265625
0.5239720344543457,344,-0.4125
0.526033878326416,345,-0.103125
0.5275139808654785,346,0.012890625
0.5293450355529785,347,-0.20625
0.53131103515625,348,-0.322265625
0.5326869487762451,349,-0.631640625
0.5340180397033691,350,-1.5082031249999999
0.5351738929748535,351,0.0
0.5362858772277832,352,0.012890625
0.5373899936676025,353,-0.5929687499999999
0.5384888648986816,354,-0.5671875
0.5396170616149902,355,-1.173046875
0.5407459735870361,356,-0.605859375
0.5420188903808594,357,-0.399609375
0.5435469150543213,358,0.012890625
0.5450150966644287,359,0.0
0.5465810298919678,360,-0.20625
0.5481879711151123,361,-0.54140625
0.549656867980957,362,-0.992578125
0.5510430335998535,363,-1.65
0.5531229972839355,364,0.0
0.5554349422454834,365,-0.502734375
0.556981086730957,366,-0.167578125
0.5587608814239502,367,-0.103125
0.5607450008392334,368,-0.0515625
0.562143087387085,369,-0.103125
0.5634169578552246,370,-0.29648437499999997
0.5646169185638428,371,-0.4125
0.565777063369751,372,-0.9152343749999999
0.5668940544128418,373,-1.52109375
0.5680029392242432,374,0.0
0.569098949432373,375,-0.29648437499999997
0.5701968669891357,376,-0.29648437499999997
0.5712890625,377,-0.36093749999999997
0.5725328922271729,378,-0.43828124999999996
0.5740818977355957,379,-0.966796875
0.5756080150604248,380,-0.515625
0.5771679878234863,381,-0.0515625
0.5786728858947754,382,-0.0515625
0.5801830291748047,383,-0.167578125
0.5817420482635498,384,-0.580078125
0.5836160182952881,385,-1.147265625
0.5859909057617188,386,-1.65
0.5876109600067139,387,-0.6574218749999999
0.5894238948822021,388,-0.4125
0.5915780067443848,389,-0.54140625
0.5930299758911133,390,-0.012890625
0.5942530632019043,391,0.0
0.5954360961914062,392,-0.0515625
0.5965709686279297,393,-0.29648437499999997
0.5977039337158203,394,-0.43828124999999996
0.5988180637359619,395,-0.734765625
0.5999150276184082,396,-1.340625
0.6010079383850098,397,-0.103125
0.6020970344543457,398,0.012890625
0.6033039093017578,399,-0.2578125
0.6048018932342529,400,-0.2578125
0.6063098907470703,401,-0.116015625
0.6079080104827881,402,-0.37382812499999996
0.6093859672546387,403,-0.12890625
0.6106810569763184,404,-0.012890625
0.6121029853820801,405,-0.0515625
0.6147000789642334,406,-0.21914062499999998
0.616610050201416,407,-0.42539062499999997
0.6180219650268555,408,-1.65
0.6199550628662109,409,-0.0515625
0.6220219135284424,410,-0.20625
0.6235580444335938,411,-0.15468749999999998
0.624824047088623,412,-0.02578125
0.6259829998016357,413,0.012890625
0.627126932144165,414,-0.012890625
0.6282389163970947,415,-0.02578125
0.6294028759002686,416,-0.09023437499999999
0.6305210590362549,417,-0.37382812499999996
0.6316258907318115,418,-0.322265625
0.6327219009399414,419,-1.03125
0.6339728832244873,420,-1.5984375
0.6353850364685059,421,0.0
0.6368989944458008,422,-0.02578125
0.638469934463501,423,-0.270703125
0.6399760246276855,424,-0.116015625
0.6413149833679199,425,-0.270703125
0.6426739692687988,426,-0.0515625
0.6451160907745361,427,0.0
0.6471190452575684,428,-0.012890625
0.6485569477081299,429,-0.5671875
0.6505680084228516,430,-1.198828125
0.6523370742797852,431,-0.012890625
0.6536469459533691,432,-0.20625
0.6548550128936768,433,-0.270703125
0.6560249328613281,434,-0.193359375
0.6571428775787354,435,-0.20625
0.6582419872283936,436,-0.23203125
0.6593549251556396,437,0.012890625
0.6604759693145752,438,0.0
0.6615769863128662,439,-0.09023437499999999
0.6626849174499512,440,-0.322265625
0.6639609336853027,441,-0.64453125
0.66538405418396,442,-0.64453125
0.6668469905853271,443,-1.340625
0.6685130596160889,444,0.0
