time,count,voltage
0.005630970001220703,1,-0.9410156249999999
0.007279157638549805,2,0.0
0.008795976638793945,3,-0.116015625
0.010344982147216797,4,-0.2578125
0.011947154998779297,5,-0.33515625
0.013749122619628906,6,-0.20625
0.021422147750854492,7,0.0
0.023303985595703125,8,-0.012890625
0.0248870849609375,9,-0.012890625
0.02631402015686035,10,-0.30937499999999996
0.02776503562927246,11,-0.012890625
0.02921319007873535,12,-0.29648437499999997
0.030683040618896484,13,-0.038671874999999994
0.032354116439819336,14,0.0
0.034085988998413086,15,-0.012890625
0.0358431339263916,16,-0.322265625
0.037796974182128906,17,-0.54140625
0.039501190185546875,18,-1.6371093749999999
0.04127216339111328,19,0.0
0.042867183685302734,20,-0.193359375
0.0447850227355957,21,0.0
0.046720027923583984,22,-0.30937499999999996
0.04953312873840332,23,0.0
0.05223703384399414,24,-0.012890625
0.0540921688079834,25,-0.20625
0.05579209327697754,26,-1.41796875
0.05794119834899902,27,-0.012890625
0.06031608581542969,28,-0.0515625
0.062133073806762695,29,-0.116015625
0.06365108489990234,30,0.141796875
0.06504201889038086,31,0.0
0.06640219688415527,32,0.0
0.06782317161560059,33,-0.116015625
0.06923508644104004,34,-0.348046875
0.07064414024353027,35,-0.7863281249999999
0.07201504707336426,36,-1.585546875
0.07335901260375977,37,0.0
0.07467913627624512,38,-0.07734374999999999
0.07602214813232422,39,-0.23203125
0.07738900184631348,40,-0.167578125
0.07876014709472656,41,-0.29648437499999997
0.08071398735046387,42,-0.167578125
0.08228397369384766,43,0.0
0.08377718925476074,44,-0.012890625
0.08532118797302246,45,-0.2578125
0.08738207817077637,46,-0.322265625
0.08890199661254883,47,-1.4437499999999999
0.09044599533081055,48,0.0
0.09202098846435547,49,-0.09023437499999999
0.09482598304748535,50,-0.167578125
0.09655404090881348,51,0.0515625
0.098297119140625,52,0.0
0.10045814514160156,53,0.0
0.10193109512329102,54,-0.21914062499999998
0.10316205024719238,55,-0.30937499999999996
0.10431408882141113,56,-1.134375
0.10543704032897949,57,-1.65
0.10653901100158691,58,0.012890625
0.10769104957580566,59,-0.064453125
0.10880708694458008,60,-0.18046874999999998
0.10995197296142578,61,-0.2578125
0.11118817329406738,62,-0.09023437499999999
0.1126251220703125,63,-0.2578125
0.11406517028808594,64,-0.012890625
0.11566615104675293,65,0.0
0.11727499961853027,66,-0.012890625
0.11877202987670898,67,-0.30937499999999996
0.1203451156616211,68,-0.38671875
0.1220390796661377,69,-1.353515625
0.1247100830078125,70,0.0
0.1263110637664795,71,0.0
0.1279280185699463,72,-0.103125
0.1300811767578125,73,-0.33515625
0.13169217109680176,74,0.0
0.13299918174743652,75,-0.012890625
0.13421106338500977,76,-0.116015625
0.13535809516906738,77,-0.399609375
0.13648319244384766,78,-0.4640625
0.13759112358093262,79,-1.2374999999999998
0.13869714736938477,80,-1.65
0.13984107971191406,81,0.0
0.1409749984741211,82,0.0
0.14222097396850586,83,-0.02578125
0.14368200302124023,84,-0.33515625
0.14516615867614746,85,-0.29648437499999997
0.14679813385009766,86,-0.15468749999999998
0.14844298362731934,87,0.0
0.14997315406799316,88,-0.012890625
0.1514430046081543,89,-0.167578125
0.15341806411743164,90,-0.33515625
0.15569210052490234,91,-0.992578125
0.1572880744934082,92,0.012890625
0.15897011756896973,93,-0.038671874999999994
0.16107702255249023,94,-0.29648437499999997
0.16262316703796387,95,-0.167578125
0.1638810634613037,96,0.193359375
0.16506218910217285,97,0.0
0.16621613502502441,98,0.0
0.16732406616210938,99,-0.0515625
0.16842913627624512,100,-0.348046875
0.1695389747619629,101,-0.36093749999999997
0.17073416709899902,102,-1.044140625
0.17186808586120605,103,-1.65
0.1730790138244629,104,0.0
0.17453217506408691,105,-0.012890625
0.17604708671569824,106,-0.15468749999999998
0.17765116691589355,107,-0.064453125
0.1792759895324707,108,-0.270703125
0.18087315559387207,109,0.038671874999999994
0.18239402770996094,110,-0.012890625
0.1841440200805664,111,-0.012890625
0.18657803535461426,112,-0.30937499999999996
0.18822598457336426,113,-0.8507812499999999
0.18990802764892578,114,0.0
0.19198012351989746,115,0.0
0.19359612464904785,116,-0.270703125
0.19488215446472168,117,-0.2578125
0.19605803489685059,118,-0.193359375
0.19725418090820312,119,-0.012890625
0.19840407371520996,120,0.0
0.19953608512878418,121,-0.012890625
0.20076513290405273,122,-0.07734374999999999
0.20189404487609863,123,-0.37382812499999996
0.20310401916503906,124,-0.37382812499999996
0.2046041488647461,125,-1.16015625
0.2060391902923584,126,-0.23203125
0.20763015747070312,127,0.0
0.20914411544799805,128,0.0
0.21055316925048828,129,-0.270703125
0.21207499504089355,130,-0.2578125
0.2140660285949707,131,-0.064453125
0.21625709533691406,132,0.0
0.21773409843444824,133,-0.012890625
0.21945714950561523,134,-0.36093749999999997
0.2217400074005127,135,-0.6703125
0.22322702407836914,136,0.0
0.22442007064819336,137,0.012890625
0.2255699634552002,138,-0.15468749999999998
0.22669196128845215,139,-0.322265625
0.22782397270202637,140,-0.09023437499999999
0.22893500328063965,141,-0.2578125
0.23038101196289062,142,-0.15468749999999998
0.23157715797424316,143,0.0
0.23270797729492188,144,-0.012890625
0.23392319679260254,145,-0.0515625
0.23551416397094727,146,-0.399609375
0.2370460033416748,147,-0.42539062499999997
0.2384929656982422,148,-1.4308593749999998
0.23993396759033203,149,0.0
0.2413489818572998,150,0.0
0.2428300380706787,151,-0.167578125
0.24477410316467285,152,-0.167578125
0.24731111526489258,153,-0.399609375
0.24886012077331543,154,0.012890625
0.2504701614379883,155,-0.02578125
0.2527010440826416,156,-0.2578125
0.25435805320739746,157,-0.54140625
0.2556631565093994,158,-1.65
0.25682497024536133,159,0.0
0.25795817375183105,160,-0.167578125
0.2590761184692383,161,-0.21914062499999998
0.26029014587402344,162,-0.193359375
0.26168203353881836,163,-0.36093749999999997
0.2632780075073242,164,-0.30937499999999996
0.26477718353271484,165,0.0
0.26625704765319824,166,-0.012890625
0.26770615577697754,167,-0.0515625
0.2693791389465332,168,-0.322265625
0.2709970474243164,169,-0.734765625
0.27248501777648926,170,-1.65
0.27382707595825195,171,0.0
0.2760441303253174,172,-0.23203125
0.27829813957214355,173,-0.21914062499999998
0.27988409996032715,174,-0.141796875
0.2816910743713379,175,0.012890625
0.2836489677429199,176,-0.012890625
0.2850661277770996,177,-0.23203125
0.2862839698791504,178,-0.20625
0.28742504119873047,179,-0.95390625
0.2885711193084717,180,-1.6242187499999998
0.2897610664367676,181,0.0
0.29089999198913574,182,0.0
0.2920191287994385,183,-0.09023437499999999
0.2931950092315674,184,-0.33515625
0.2944061756134033,185,-0.12890625
0.2958250045776367,186,-0.322265625
0.29729700088500977,187,-0.09023437499999999
0.29886817932128906,188,0.0
0.30060696601867676,189,-0.012890625
0.30208516120910645,190,-0.322265625
0.30342912673950195,191,-0.37382812499999996
0.30599403381347656,192,-1.2890625
0.3076651096343994,193,0.0
0.30928897857666016,194,0.0
0.3115370273590088,195,-0.322265625
0.31299304962158203,196,-0.30937499999999996
0.3141911029815674,197,0.0
0.31537508964538574,198,0.0
0.31653714179992676,199,0.0
0.31769800186157227,200,-0.193359375
0.3188180923461914,201,-0.4125
0.3199620246887207,202,-0.580078125
0.32108497619628906,203,-1.2890625
0.32219910621643066,204,-0.15468749999999998
0.3233351707458496,205,0.0
0.32454705238342285,206,-0.103125
0.3260061740875244,207,-0.12890625
0.32747912406921387,208,-0.18046874999999998
0.3291811943054199,209,-0.20625
0.3308560848236084,210,0.038671874999999994
0.3325660228729248,211,0.0
0.3341860771179199,212,-0.02578125
0.33696413040161133,213,-0.322265625
0.33856201171875,214,-1.0828125
0.34037113189697266,215,0.0
0.3425121307373047,216,-0.116015625
0.3438730239868164,217,-0.23203125
0.34505605697631836,218,-0.270703125
0.34618115425109863,219,-0.23203125
0.34737396240234375,220,-0.012890625
0.3485400676727295,221,0.0
0.349790096282959,222,-0.012890625
0.3509800434112549,223,-0.116015625
0.352154016494751,224,-0.33515625
0.35326504707336426,225,-0.54140625
0.35494399070739746,226,-1.26328125
0.35649704933166504,227,0.0
0.3580281734466553,228,-0.012890625
0.3596980571746826,229,-0.20625
0.3612070083618164,230,-0.09023437499999999
0.3626441955566406,231,-0.270703125
0.36473798751831055,232,-0.012890625
0.3670799732208252,233,0.012890625
0.3686361312866211,234,-0.2578125
0.37075114250183105,235,-0.2578125
0.3725900650024414,236,-1.3792968749999999
0.3738729953765869,237,-0.0515625
0.3750309944152832,238,-0.064453125
0.3761610984802246,239,-0.399609375
0.3772861957550049,240,-0.15468749999999998
0.3784060478210449,241,-0.270703125
0.3795180320739746,242,-0.24492187499999998
0.3807961940765381,243,-0.012890625
0.3819401264190674,244,-0.012890625
0.3830549716949463,245,-0.012890625
0.38419103622436523,246,-0.167578125
0.3853921890258789,247,-0.4125
0.38680219650268555,248,-0.48984374999999997
0.3883190155029297,249,-1.3019531249999998
0.38995909690856934,250,-0.20625
0.3914341926574707,251,-0.02578125
0.3927500247955322,252,-0.20625
0.39405107498168945,253,-0.12890625
0.396481990814209,254,-0.20625
0.3984560966491699,255,0.12890625
0.3999361991882324,256,-0.012890625
0.4018371105194092,257,-0.15468749999999998
0.4036731719970703,258,-0.322265625
0.4050099849700928,259,-1.3019531249999998
0.4062230587005615,260,0.0
0.4073610305786133,261,0.0
0.4084811210632324,262,0.0
0.4096670150756836,263,-0.322265625
0.4108130931854248,264,-0.09023437499999999
0.41193699836730957,265,-0.4125
0.41307711601257324,266,-0.322265625
0.4142031669616699,267,0.012890625
0.4154021739959717,268,0.0
0.4168431758880615,269,-0.02578125
0.4183080196380615,270,-0.23203125
0.4199221134185791,271,-0.33515625
0.42148518562316895,272,-1.0570312499999999
0.4229450225830078,273,0.0
0.424252986907959,274,-0.02578125
0.4266941547393799,275,0.0
0.42844414710998535,276,-0.116015625
0.42999696731567383,277,-0.0515625
0.43198299407958984,278,0.012890625
0.43371009826660156,279,-0.012890625
0.434995174407959,280,-0.2578125
0.4362461566925049,281,-0.29648437499999997
0.4373941421508789,282,-0.992578125
0.43866705894470215,283,-1.6371093749999999
0.4398641586303711,284,0.0
0.44099998474121094,285,-0.012890625
0.4421250820159912,286,-0.09023437499999999
0.44325709342956543,287,-0.20625
0.4443941116333008,288,-0.103125
0.44566798210144043,289,-0.28359375
0.4470791816711426,290,-0.15468749999999998
0.44855403900146484,291,0.0
0.45011401176452637,292,0.0
0.45163798332214355,293,-0.193359375
0.4530611038208008,294,-0.2578125
0.454531192779541,295,-0.992578125
0.4560561180114746,296,-1.65
0.4585561752319336,297,-0.038671874999999994
0.46039605140686035,298,-0.2578125
0.46194911003112793,299,-0.2578125
0.4639890193939209,300,-0.0515625
0.4657011032104492,301,0.0
0.46698808670043945,302,-0.012890625
0.4682459831237793,303,-0.322265625
0.4694020748138428,304,-0.30937499999999996
0.47065210342407227,305,-0.928125
0.4717869758605957,306,-1.611328125
0.47291016578674316,307,0.0
0.47411608695983887,308,0.0
0.4753131866455078,309,-0.0515625
0.47660398483276367,310,-0.4640625
0.4780881404876709,311,-0.167578125
0.4796781539916992,312,-0.21914062499999998
0.4812591075897217,313,0.09023437499999999
0.4827539920806885,314,0.0
0.48419713973999023,315,-0.012890625
0.48566102981567383,316,-0.37382812499999996
0.48752307891845703,317,-0.515625
0.4899601936340332,318,-1.405078125
0.4915311336517334,319,0.0
0.4932131767272949,320,-0.21914062499999998
0.4953429698944092,321,-0.103125
0.4969601631164551,322,-0.0515625
0.4982001781463623,323,0.0
0.4994070529937744,324,0.0
0.5006871223449707,325,-0.012890625
0.5018370151519775,326,-0.37382812499999996
0.5030050277709961,327,-0.348046875
0.5041470527648926,328,-1.0570312499999999
0.5052800178527832,329,-1.65
0.506472110748291,330,0.0
0.5079481601715088,331,-0.064453125
0.5094850063323975,332,-0.15468749999999998
0.5112740993499756,333,-0.09023437499999999
0.512923002243042,334,-0.37382812499999996
0.5143311023712158,335,0.103125
0.5157501697540283,336,-0.012890625
0.518010139465332,337,-0.012890625
0.5201601982116699,338,-0.29648437499999997
0.5216491222381592,339,-1.095703125
0.5233340263366699,340,-0.038671874999999994
0.5255300998687744,341,0.0
0.5270051956176758,342,-0.2578125
0.5282599925994873,343,-0.30937499999999996
0.5294201374053955,344,-0.270703125
0.5306200981140137,345,-0.0515625
0.5317909717559814,346,0.0
0.5329041481018066,347,-0.0515625
0.5340330600738525,348,-0.09023437499999999
0.5352489948272705,349,-0.37382812499999996
0.537006139755249,350,-0.322265625
0.5390961170196533,351,-1.224609375
0.5413670539855957,352,0.0
0.5431580543518066,353,-0.0515625
0.5447580814361572,354,-0.167578125
0.5462920665740967,355,-0.18046874999999998
0.5490670204162598,356,0.116015625
0.5508880615234375,357,-0.012890625
0.5525310039520264,358,-0.36093749999999997
0.5545980930328369,359,-0.502734375
0.5560331344604492,360,-1.65
0.5572981834411621,361,0.0
0.5584421157836914,362,-0.012890625
0.5596451759338379,363,-0.43828124999999996
0.5608329772949219,364,-0.07734374999999999
0.5619699954986572,365,-0.37382812499999996
0.5630910396575928,366,-0.270703125
0.5642590522766113,367,0.0
0.5653560161590576,368,0.0
0.5665671825408936,369,-0.012890625
0.5679969787597656,370,-0.20625
0.5694460868835449,371,-0.4125
0.571113109588623,372,-0.889453125
0.5727570056915283,373,-1.65
0.5741331577301025,374,-0.038671874999999994
0.5754489898681641,375,-0.0515625
0.5780301094055176,376,-0.29648437499999997
0.5798261165618896,377,-0.103125
0.581463098526001,378,0.0
0.583528995513916,379,-0.012890625
0.5851571559906006,380,-0.12890625
0.5864300727844238,381,-0.270703125
0.5876259803771973,382,-1.03125
0.5888421535491943,383,-1.65
0.58998703956604,384,0.0
0.5911281108856201,385,-0.103125
0.5922751426696777,386,-0.116015625
0.593379020690918,387,-0.23203125
0.5944859981536865,388,-0.064453125
0.5955901145935059,389,-0.30937499999999996
0.5968301296234131,390,-0.193359375
0.5982451438903809,391,0.0
0.5997920036315918,392,0.0
0.6013941764831543,393,-0.064453125
0.602877140045166,394,-0.36093749999999997
0.6042940616607666,395,-0.95390625
0.6056451797485352,396,-1.65
0.6081290245056152,397,0.0
0.6100301742553711,398,-0.09023437499999999
0.6115121841430664,399,-0.064453125
0.6136000156402588,400,-0.193359375
0.615447998046875,401,0.012890625
0.6167800426483154,402,0.0
0.6179561614990234,403,-0.270703125
0.6190781593322754,404,-0.322265625
0.6203351020812988,405,-0.7734375
0.6214711666107178,406,-1.482421875
0.6226170063018799,407,-0.02578125
0.6237461566925049,408,0.0
0.6248500347137451,409,-0.116015625
0.6259469985961914,410,-0.29648437499999997
0.627140998840332,411,-0.116015625
0.6286470890045166,412,-0.30937499999999996
0.6301729679107666,413,-0.167578125
0.631742000579834,414,-0.012890625
0.6332211494445801,415,0.0
0.6345269680023193,416,-0.12890625
0.6361491680145264,417,-0.322265625
0.6389181613922119,418,-0.837890625
0.6406359672546387,419,-0.0515625
0.6420459747314453,420,-0.09023437499999999
0.6439170837402344,421,-0.4640625
0.6458871364593506,422,-0.2578125
0.6472091674804688,423,0.21914062499999998
0.6484019756317139,424,-0.012890625
0.6495330333709717,425,-0.012890625
0.6507391929626465,426,-0.0515625
0.6519021987915039,427,-0.4125
0.6530470848083496,428,-0.4125
0.6542081832885742,429,-1.1214843749999999
0.6553421020507812,430,-1.65
0.6564450263977051,431,0.012890625
0.6576411724090576,432,-0.0515625
0.6590499877929688,433,-0.064453125
0.6606380939483643,434,-0.4125
0.6622381210327148,435,-0.29648437499999997
0.6637730598449707,436,-0.103125
0.6651101112365723,437,0.0
0.6664199829101562,438,-0.012890625
0.6689009666442871,439,-0.09023437499999999
0.6710641384124756,440,-0.33515625
0.6725170612335205,441,-1.5726562499999999
0.6742491722106934,442,-0.012890625
0.6763219833374023,443,0.0
0.6777801513671875,444,-0.0515625
0.6789600849151611,445,-0.36093749999999997
0.6802711486816406,446,-0.20625
0.6814219951629639,447,0.012890625
0.6825339794158936,448,0.012890625
0.6836521625518799,449,-0.012890625
0.6847951412200928,450,-0.29648437499999997
0.6863851547241211,451,-0.37382812499999996
0.687690019607544,452,-1.0570312499999999
0.6891481876373291,453,-1.65
0.6906270980834961,454,0.012890625
0.6923501491546631,455,-0.12890625
0.6940040588378906,456,-0.322265625
0.6954371929168701,457,-0.30937499999999996
0.6969001293182373,458,-0.116015625
0.6987500190734863,459,0.012890625
0.7013211250305176,460,0.0
0.7028610706329346,461,-0.2578125
0.7044920921325684,462,-0.8765624999999999
0.7065110206604004,463,-1.65
0.7081170082092285,464,0.012890625
0.7094171047210693,465,-0.20625
0.7107040882110596,466,-0.0515625
0.7118539810180664,467,-0.2578125
0.7129840850830078,468,-0.20625
0.7140951156616211,469,0.012890625
0.7151870727539062,470,0.02578125
0.7163631916046143,471,-0.012890625
0.7174701690673828,472,-0.103125
0.7186980247497559,473,-0.399609375
0.720128059387207,474,-0.4125
0.7215940952301025,475,-1.26328125
0.7231690883636475,476,0.0
0.7249250411987305,477,0.0
0.7263431549072266,478,-0.2578125
0.7277500629425049,479,-0.12890625
0.7294721603393555,480,-0.37382812499999996
0.7319040298461914,481,-0.15468749999999998
0.7335410118103027,482,0.012890625
0.7350850105285645,483,-0.270703125
0.7371301651000977,484,-0.37382812499999996
0.7387909889221191,485,-1.26328125
0.7401721477508545,486,0.0
0.7414031028747559,487,-0.103125
0.7425670623779297,488,-0.2578125
0.7436840534210205,489,-0.23203125
0.7448031902313232,490,-0.36093749999999997
0.7459449768066406,491,-0.37382812499999996
0.7471070289611816,492,-0.141796875
0.7482771873474121,493,0.012890625
0.7495040893554688,494,0.012890625
0.7510101795196533,495,-0.02578125
0.7525131702423096,496,-0.399609375
0.7540721893310547,497,-0.6703125
0.7556381225585938,498,-1.5082031249999999
0.7570919990539551,499,0.0
0.7585070133209229,500,-0.103125
0.7603201866149902,501,-0.33515625
0.7627429962158203,502,-0.116015625
0.7642951011657715,503,0.36093749999999997
0.7659189701080322,504,-0.012890625
0.7679660320281982,505,-0.012890625
0.769538164138794,506,-0.28359375
0.771766185760498,507,-0.889453125
0.7729389667510986,508,0.0
0.7740910053253174,509,0.0
0.7752029895782471,510,-0.012890625
0.77630615234375,511,-0.399609375
0.7773981094360352,512,-0.07734374999999999
0.7784969806671143,513,-0.399609375
0.7801699638366699,514,-0.37382812499999996
0.7817270755767822,515,-0.012890625
0.7831761837005615,516,0.0
0.7848160266876221,517,-0.116015625
0.7863101959228516,518,-0.28359375
0.7877399921417236,519,-0.928125
0.7891290187835693,520,-1.65
0.7911860942840576,521,-0.012890625
0.7933971881866455,522,-0.193359375
0.7948861122131348,523,-0.116015625
0.7966389656066895,524,-0.141796875
0.7987179756164551,525,0.07734374999999999
0.8002910614013672,526,-0.012890625
0.8015091419219971,527,-0.2578125
0.802664041519165,528,-0.33515625
0.8038451671600342,529,-0.889453125
0.8049721717834473,530,-1.5597656249999998
0.8061151504516602,531,0.0
0.8072140216827393,532,0.0
0.8083159923553467,533,-0.167578125
0.8094131946563721,534,-0.399609375
0.8106601238250732,535,-0.064453125
0.8121490478515625,536,-0.24492187499999998
0.8136739730834961,537,-0.103125
0.8152821063995361,538,-0.012890625
0.8168821334838867,539,-0.012890625
0.8183009624481201,540,-0.2578125
0.8198130130767822,541,-0.33515625
0.821958065032959,542,-0.992578125
0.824221134185791,543,-0.502734375
0.8257231712341309,544,-0.012890625
0.8273921012878418,545,-0.36093749999999997
0.8297111988067627,546,-0.36093749999999997
0.8311681747436523,547,0.21914062499999998
0.8324131965637207,548,-0.012890625
0.8335661888122559,549,-0.02578125
0.834679126739502,550,-0.30937499999999996
0.8358430862426758,551,-0.37382812499999996
0.8369619846343994,552,-0.7863281249999999
0.838097095489502,553,-1.456640625
0.8392021656036377,554,0.0
0.8403141498565674,555,-0.103125
0.8415110111236572,556,-0.09023437499999999
0.8429310321807861,557,-0.2578125
0.8447251319885254,558,-0.12890625
0.8463811874389648,559,-0.270703125
0.8479390144348145,560,0.07734374999999999
0.8493921756744385,561,-0.012890625
0.8509271144866943,562,-0.012890625
0.8531961441040039,563,-0.322265625
0.8553659915924072,564,-0.6703125
0.8568270206451416,565,0.0
0.8585150241851807,566,-0.064453125
0.8607699871063232,567,-0.2578125
0.862185001373291,568,-0.33515625
0.8634450435638428,569,0.0
0.8646030426025391,570,0.012890625
0.8657341003417969,571,0.0
0.8668320178985596,572,-0.02578125
0.867962121963501,573,-0.2578125
0.8690869808197021,574,-0.33515625
0.8702630996704102,575,-0.734765625
0.871474027633667,576,-1.4308593749999998
0.8728921413421631,577,0.0
0.8743550777435303,578,-0.012890625
0.8759160041809082,579,-0.09023437499999999
0.8775930404663086,580,-0.21914062499999998
0.8790590763092041,581,-0.116015625
0.8805510997772217,582,0.038671874999999994
0.8823010921478271,583,0.0
0.8848400115966797,584,-0.012890625
0.8864719867706299,585,-0.23203125
0.8880541324615479,586,-0.95390625
0.8900680541992188,587,-1.65
0.8916840553283691,588,0.0
0.8929731845855713,589,-0.28359375
0.8941671848297119,590,-0.141796875
0.8953311443328857,591,-0.37382812499999996
0.8964691162109375,592,-0.270703125
0.8976030349731445,593,0.012890625
0.898730993270874,594,0.0
0.8999001979827881,595,-0.012890625
0.9010159969329834,596,-0.18046874999999998
0.9022490978240967,597,-0.42539062499999997
0.9037001132965088,598,-0.54140625
0.9051671028137207,599,-1.3921875
0.9067330360412598,600,0.012890625
0.9083530902862549,601,-0.038671874999999994
0.9098970890045166,602,-0.20625
0.9114069938659668,603,-0.141796875
0.913316011428833,604,-0.24492187499999998
0.915755033493042,605,0.038671874999999994
0.9173421859741211,606,-0.012890625
0.9190101623535156,607,-0.33515625
0.9209861755371094,608,-0.4125
0.9225411415100098,609,-1.5082031249999999
0.9238519668579102,610,-0.07734374999999999
0.9250249862670898,611,-0.12890625
0.9261910915374756,612,-0.37382812499999996
0.9273431301116943,613,-0.12890625
0.9284641742706299,614,-0.23203125
0.9296300411224365,615,-0.2578125
0.9307711124420166,616,0.0
0.9319400787353516,617,-0.012890625
0.9332101345062256,618,-0.02578125
0.9346601963043213,619,-0.103125
0.9361171722412109,620,-0.33515625
0.9376921653747559,621,-0.837890625
0.9392180442810059,622,-1.5984375
0.9408740997314453,623,0.0
0.9427289962768555,624,-0.07734374999999999
0.9451990127563477,625,-0.30937499999999996
0.9471421241760254,626,0.038671874999999994
0.9486901760101318,627,0.012890625
0.9506850242614746,628,-0.012890625
0.9525539875030518,629,-0.167578125
0.9539129734039307,630,-0.399609375
0.9550960063934326,631,-1.327734375
0.9563210010528564,632,-0.012890625
0.9574580192565918,633,0.0
0.9585990905761719,634,-0.0515625
0.9597711563110352,635,-0.29648437499999997
0.9609091281890869,636,-0.09023437499999999
0.9620230197906494,637,-0.399609375
0.963284969329834,638,-0.30937499999999996
0.9647960662841797,639,0.0
0.9666800498962402,640,-0.012890625
0.9682681560516357,641,-0.12890625
0.9699001312255859,642,-0.23203125
0.9713530540466309,643,-0.928125
0.9728150367736816,644,-1.65
0.9751181602478027,645,-0.02578125
0.9772031307220459,646,-0.23203125
0.9786181449890137,647,-0.36093749999999997
0.9806520938873291,648,-0.18046874999999998
0.9827010631561279,649,0.012890625
0.9842159748077393,650,-0.02578125
0.985450029373169,651,-0.322265625
0.9866011142730713,652,-0.37382812499999996
0.9877870082855225,653,-1.16015625
0.9889280796051025,654,-1.65
0.9901580810546875,655,0.0
0.9913420677185059,656,-0.07734374999999999
0.9924790859222412,657,-0.193359375
0.9936821460723877,658,-0.29648437499999997
0.9951200485229492,659,-0.28359375
0.9967391490936279,660,-0.23203125
0.9983680248260498,661,0.012890625
0.9998831748962402,662,0.012890625
1.0013079643249512,663,-0.07734374999999999
1.0026090145111084,664,-0.38671875
1.0052270889282227,665,-0.7863281249999999
1.0070040225982666,666,0.0
1.0086300373077393,667,-0.15468749999999998
1.0107011795043945,668,-0.29648437499999997
1.012294054031372,669,-0.36093749999999997
1.0135881900787354,670,-0.02578125
1.0147900581359863,671,0.012890625
1.0159151554107666,672,0.0
