time,count,voltage
0.005276918411254883,1,-0.23203125
0.0068399906158447266,2,-0.4640625
0.008254051208496094,3,-1.3019531249999998
0.009655952453613281,4,-0.038671874999999994
0.011036872863769531,5,-0.24492187499999998
0.012579917907714844,6,-0.29648437499999997
0.014321088790893555,7,-0.2578125
0.0160830020904541,8,-0.18046874999999998
0.01779794692993164,9,0.07734374999999999
0.019363880157470703,10,-0.0515625
0.02106308937072754,11,-0.18046874999999998
0.022652864456176758,12,-0.5285156249999999
0.02410292625427246,13,-0.9796874999999999
0.025506973266601562,14,-1.65
0.026874065399169922,15,-0.012890625
0.028411865234375,16,-0.399609375
0.030117034912109375,17,-0.38671875
0.03184103965759277,18,-0.167578125
0.033560991287231445,19,-0.064453125
0.03550100326538086,20,-0.038671874999999994
0.03722500801086426,21,-0.09023437499999999
0.03890490531921387,22,-0.4125
0.04053187370300293,23,-0.64453125
0.042263031005859375,24,-1.546875
0.044146060943603516,25,-0.038671874999999994
0.04629707336425781,26,-0.30937499999999996
0.049143075942993164,27,-0.580078125
0.05127692222595215,28,-0.12890625
0.053067922592163086,29,-0.02578125
0.055068016052246094,30,-0.12890625
0.057272911071777344,31,-0.502734375
0.05930495262145996,32,-1.353515625
0.061105966567993164,33,-0.193359375
0.06266498565673828,34,-0.167578125
0.06414508819580078,35,-0.36093749999999997
0.06573104858398438,36,-0.24492187499999998
0.06709098815917969,37,-0.02578125
0.0682680606842041,38,-0.012890625
0.06943297386169434,39,-0.0515625
0.07056903839111328,40,-0.20625
0.0716860294342041,41,-0.5285156249999999
0.07281088829040527,42,-0.631640625
0.073944091796875,43,-1.198828125
0.07505393028259277,44,-1.65
0.07625102996826172,45,-0.012890625
0.07749795913696289,46,-0.23203125
0.07898592948913574,47,-0.322265625
0.08043599128723145,48,-0.4640625
0.08199405670166016,49,-0.36093749999999997
0.0834810733795166,50,-0.20625
0.0849459171295166,51,0.0
0.08634209632873535,52,-0.064453125
0.08873105049133301,53,-0.2578125
0.09056806564331055,54,-0.554296875
0.09201192855834961,55,-1.5082031249999999
0.09389209747314453,56,-0.167578125
0.09583401679992676,57,-0.36093749999999997
0.09725809097290039,58,-0.43828124999999996
0.09845995903015137,59,-0.270703125
0.09959793090820312,60,-0.33515625
0.10071396827697754,61,-0.02578125
0.10184788703918457,62,0.0
0.10296297073364258,63,-0.09023437499999999
0.10409808158874512,64,-0.36093749999999997
0.10522890090942383,65,-0.6703125
0.10641288757324219,66,-0.7476562499999999
0.10780596733093262,67,-1.3664062499999998
0.1092839241027832,68,-0.20625
0.11074590682983398,69,-0.167578125
0.11233997344970703,70,-0.28359375
0.11381387710571289,71,-0.54140625
0.11534690856933594,72,-0.37382812499999996
0.11682295799255371,73,-0.270703125
0.11861705780029297,74,-0.02578125
0.12097287178039551,75,-0.012890625
0.12255191802978516,76,-0.37382812499999996
0.12408590316772461,77,-0.79921875
0.12562108039855957,78,-1.611328125
0.12712693214416504,79,-0.167578125
0.12864089012145996,80,-0.270703125
0.13066387176513672,81,-0.42539062499999997
0.13246393203735352,82,-0.4125
0.13399291038513184,83,-0.09023437499999999
0.13527202606201172,84,-0.02578125
0.1365060806274414,85,-0.116015625
0.13791203498840332,86,-0.33515625
0.13936209678649902,87,-0.64453125
0.1408710479736328,88,-1.0828125
0.1424551010131836,89,-1.65
0.14398503303527832,90,-0.116015625
0.14551806449890137,91,-0.21914062499999998
0.146928071975708,92,-0.4640625
0.149367094039917,93,-0.322265625
0.1511859893798828,94,0.038671874999999994
0.15264892578125,95,-0.038671874999999994
0.15418696403503418,96,-0.193359375
0.15616703033447266,97,-0.515625
0.15787506103515625,98,-0.95390625
0.15915799140930176,99,-0.064453125
0.16034507751464844,100,-0.322265625
0.16148996353149414,101,-0.399609375
0.16260790824890137,102,-0.23203125
0.16376090049743652,103,-0.322265625
0.16493487358093262,104,-0.48984374999999997
0.16608905792236328,105,-0.42539062499999997
0.16728591918945312,106,-0.193359375
0.16868090629577637,107,0.0
0.1701509952545166,108,-0.12890625
0.1716160774230957,109,-0.37382812499999996
0.17323899269104004,110,-0.580078125
0.17470788955688477,111,-1.26328125
0.17618107795715332,112,-0.02578125
0.17760586738586426,113,-0.20625
0.17984604835510254,114,-0.399609375
0.1818530559539795,115,-0.2578125
0.1833510398864746,116,-0.0515625
0.1848900318145752,117,0.012890625
0.18687105178833008,118,-0.0515625
0.18849897384643555,119,-0.270703125
0.18977904319763184,120,-0.42539062499999997
0.19095897674560547,121,-1.224609375
0.19210195541381836,122,-1.65
0.1932239532470703,123,-0.0515625
0.1943819522857666,124,-0.270703125
0.19550395011901855,125,-0.270703125
0.19661903381347656,126,-0.605859375
0.19783306121826172,127,-0.21914062499999998
0.19925689697265625,128,-0.399609375
0.20068097114562988,129,-0.141796875
0.20218706130981445,130,-0.012890625
0.20378899574279785,131,-0.09023437499999999
0.2053070068359375,132,-0.451171875
0.20681190490722656,133,-0.631640625
0.208266019821167,134,-1.405078125
0.2104930877685547,135,-0.15468749999999998
0.21253490447998047,136,-0.2578125
0.21404194831848145,137,-0.515625
0.21556401252746582,138,-0.24492187499999998
0.21744894981384277,139,-0.116015625
0.21916699409484863,140,0.0
0.220473051071167,141,-0.103125
0.22165703773498535,142,-0.4640625
0.22280597686767578,143,-0.5671875
0.22396492958068848,144,-1.134375
0.22511601448059082,145,-1.65
0.22623300552368164,146,-0.07734374999999999
0.22736001014709473,147,-0.270703125
0.22855806350708008,148,-0.28359375
0.22996997833251953,149,-0.4125
0.2314159870147705,150,-0.116015625
0.23294687271118164,151,-0.20625
0.2345740795135498,152,0.064453125
0.23604202270507812,153,-0.02578125
0.2375500202178955,154,-0.18046874999999998
0.2390270233154297,155,-0.515625
0.24153590202331543,156,-0.7863281249999999
0.2432708740234375,157,-1.4437499999999999
0.24471497535705566,158,-0.30937499999999996
0.2462608814239502,159,-0.29648437499999997
0.24825692176818848,160,-0.270703125
0.24994206428527832,161,-0.270703125
0.25121307373046875,162,0.0
0.25240397453308105,163,-0.0515625
0.2535579204559326,164,-0.20625
0.2548210620880127,165,-0.476953125
0.25600695610046387,166,-0.6574218749999999
0.2571558952331543,167,-1.147265625
0.2582700252532959,168,-1.65
0.25946593284606934,169,0.0
0.2608609199523926,170,-0.20625
0.26230287551879883,171,-0.29648437499999997
0.263887882232666,172,-0.30937499999999996
0.26543498039245605,173,-0.36093749999999997
0.2668139934539795,174,-0.12890625
0.26822805404663086,175,-0.012890625
0.27004408836364746,176,-0.07734374999999999
0.2723269462585449,177,-0.2578125
0.2738759517669678,178,-0.64453125
0.2755239009857178,179,-1.546875
0.2775130271911621,180,-0.064453125
0.2791140079498291,181,-0.38671875
0.28040194511413574,182,-0.30937499999999996
0.2815830707550049,183,-0.322265625
0.2827138900756836,184,-0.29648437499999997
0.2839229106903076,185,-0.103125
0.28505992889404297,186,-0.012890625
0.2862210273742676,187,-0.07734374999999999
0.2873420715332031,188,-0.270703125
0.2884678840637207,189,-0.6187499999999999
0.2896878719329834,190,-0.6703125
0.29109907150268555,191,-1.340625
0.2925560474395752,192,-0.103125
0.2941269874572754,193,-0.21914062499999998
0.2956979274749756,194,-0.30937499999999996
0.2971489429473877,195,-0.631640625
0.2985680103302002,196,-0.30937499999999996
0.2999908924102783,197,-0.193359375
0.30221986770629883,198,-0.012890625
0.3042409420013428,199,-0.0515625
0.3057100772857666,200,-0.4125
0.30726099014282227,201,-0.7476562499999999
0.3092780113220215,202,-1.52109375
0.3109290599822998,203,-0.18046874999999998
0.3122270107269287,204,-0.23203125
0.31340694427490234,205,-0.5671875
0.31456708908081055,206,-0.167578125
0.31569409370422363,207,-0.4125
0.31681299209594727,208,-0.348046875
0.31792593002319336,209,-0.012890625
0.31903600692749023,210,-0.103125
0.32024407386779785,211,-0.18046874999999998
0.3216578960418701,212,-0.4640625
0.32310986518859863,213,-0.64453125
0.3246500492095947,214,-1.276171875
0.32681989669799805,215,0.0
0.3282949924468994,216,-0.270703125
0.32976698875427246,217,-0.322265625
0.33150291442871094,218,-0.2578125
0.3339710235595703,219,-0.37382812499999996
0.3356130123138428,220,-0.012890625
0.33700108528137207,221,-0.116015625
0.33884286880493164,222,-0.42539062499999997
0.3407609462738037,223,-0.605859375
0.34218597412109375,224,-1.6242187499999998
0.3434309959411621,225,-0.0515625
0.34459495544433594,226,-0.29648437499999997
0.3457450866699219,227,-0.29648437499999997
0.34686994552612305,228,-0.322265625
0.34798693656921387,229,-0.38671875
0.3491060733795166,230,-0.4125
0.35032010078430176,231,-0.2578125
0.35175609588623047,232,0.0
0.35321688652038574,233,-0.064453125
0.35472893714904785,234,-0.37382812499999996
0.3562629222869873,235,-0.5929687499999999
0.35776591300964355,236,-1.1859374999999999
0.3591899871826172,237,-0.7218749999999999
0.3606538772583008,238,-0.18046874999999998
0.36275506019592285,239,-0.29648437499999997
0.3649899959564209,240,-0.43828124999999996
0.36655497550964355,241,-0.21914062499999998
0.3680450916290283,242,0.0
0.36998891830444336,243,-0.012890625
0.3716859817504883,244,-0.2578125
0.37299394607543945,245,-0.476953125
0.3742029666900635,246,-1.21171875
0.3753659725189209,247,-1.65
0.37649989128112793,248,-0.02578125
0.37761902809143066,249,-0.2578125
0.3787269592285156,250,-0.28359375
0.3798508644104004,251,-0.6703125
0.3810610771179199,252,-0.167578125
0.3825829029083252,253,-0.28359375
0.38406991958618164,254,-0.02578125
0.38558101654052734,255,-0.012890625
0.38709592819213867,256,-0.167578125
0.3884460926055908,257,-0.580078125
0.3898470401763916,258,-0.6187499999999999
0.3915269374847412,259,-1.3148437499999999
0.39401698112487793,260,0.0
0.39556097984313965,261,-0.24492187499999998
0.3970060348510742,262,-0.502734375
0.39888501167297363,263,-0.37382812499999996
0.40070509910583496,264,-0.15468749999999998
0.4020528793334961,265,-0.012890625
0.4032270908355713,266,-0.103125
0.404386043548584,267,-0.348046875
0.4055309295654297,268,-0.631640625
0.4066650867462158,269,-0.90234375
0.4077780246734619,270,-1.4953124999999998
0.40891003608703613,271,-0.012890625
0.4100179672241211,272,-0.0515625
0.41121602058410645,273,-0.30937499999999996
0.4126420021057129,274,-0.2578125
0.4141089916229248,275,-0.33515625
0.4156489372253418,276,-0.322265625
0.41715002059936523,277,-0.12890625
0.4185318946838379,278,0.02578125
0.41989898681640625,279,-0.09023437499999999
0.42195701599121094,280,-0.322265625
0.42411303520202637,281,-0.5671875
0.42558908462524414,282,-1.611328125
0.42710304260253906,283,-0.116015625
0.42905688285827637,284,-0.399609375
0.43077588081359863,285,-0.4125
0.43207788467407227,286,-0.167578125
0.43329596519470215,287,-0.07734374999999999
0.43448805809020996,288,-0.012890625
0.43561506271362305,289,-0.0515625
0.43673205375671387,290,-0.20625
0.43786191940307617,291,-0.48984374999999997
0.43898606300354004,292,-0.6703125
0.44010210037231445,293,-1.03125
0.441317081451416,294,-1.5984375
0.44273805618286133,295,0.0
0.44420289993286133,296,-0.167578125
0.44567394256591797,297,-0.30937499999999996
0.44724202156066895,298,-0.33515625
0.4486370086669922,299,-0.270703125
0.4500579833984375,300,-0.116015625
0.45157694816589355,301,0.0
0.4540839195251465,302,-0.02578125
0.455686092376709,303,-0.42539062499999997
0.45707201957702637,304,-0.7218749999999999
0.45879292488098145,305,-1.52109375
0.4607729911804199,306,-0.0515625
0.4622650146484375,307,-0.270703125
0.463486909866333,308,-0.631640625
0.46465492248535156,309,-0.37382812499999996
0.46581006050109863,310,-0.399609375
0.4669229984283447,311,-0.167578125
0.46802687644958496,312,-0.012890625
0.4691460132598877,313,-0.07734374999999999
0.4702789783477783,314,-0.167578125
0.47148990631103516,315,-0.580078125
0.47290992736816406,316,-0.69609375
0.4744598865509033,317,-1.2374999999999998
0.4759860038757324,318,0.0
0.4775400161743164,319,-0.21914062499999998
0.47897791862487793,320,-0.2578125
0.4803640842437744,321,-0.631640625
0.4817800521850586,322,-0.54140625
0.4839599132537842,323,-0.322265625
0.48601293563842773,324,-0.012890625
0.48748302459716797,325,-0.103125
0.4890100955963135,326,-0.5671875
0.4909789562225342,327,-0.7476562499999999
0.492656946182251,328,-1.65
0.4939839839935303,329,-0.23203125
0.4951760768890381,330,-0.29648437499999997
0.49633288383483887,331,-0.43828124999999996
0.49747705459594727,332,-0.24492187499999998
0.49860405921936035,333,-0.5285156249999999
0.49971699714660645,334,-0.38671875
0.5008330345153809,335,-0.012890625
0.5020599365234375,336,-0.02578125
0.5034759044647217,337,-0.15468749999999998
0.5050370693206787,338,-0.399609375
0.506598949432373,339,-0.605859375
0.5081470012664795,340,-1.327734375
0.509631872177124,341,-0.167578125
0.5110940933227539,342,-0.20625
0.5125870704650879,343,-0.167578125
0.5152039527893066,344,-0.28359375
0.5169029235839844,345,-0.15468749999999998
0.5182900428771973,346,-0.012890625
0.5200300216674805,347,-0.07734374999999999
0.521996021270752,348,-0.29648437499999997
0.5234270095825195,349,-0.476953125
0.5246469974517822,350,-1.405078125
0.5258190631866455,351,-0.012890625
0.5269510746002197,352,-0.20625
0.5280759334564209,353,-0.30937499999999996
0.529202938079834,354,-0.33515625
0.5303170680999756,355,-0.24492187499999998
0.5314230918884277,356,-0.30937499999999996
0.5326230525970459,357,-0.42539062499999997
0.5340678691864014,358,-0.20625
0.5355288982391357,359,-0.012890625
0.5370569229125977,360,-0.12890625
0.5385680198669434,361,-0.4640625
0.5399219989776611,362,-0.6574218749999999
0.5413599014282227,363,-1.405078125
0.5431990623474121,364,-0.0515625
0.5456550121307373,365,-0.15468749999999998
0.547199010848999,366,-0.43828124999999996
0.5486528873443604,367,-0.28359375
0.5504989624023438,368,-0.167578125
0.5523090362548828,369,-0.012890625
0.553678035736084,370,-0.103125
0.5549418926239014,371,-0.4640625
0.5560910701751709,372,-0.5671875
0.5572469234466553,373,-1.147265625
0.5583770275115967,374,-1.65
0.5594899654388428,375,-0.09023437499999999
0.5606119632720947,376,-0.21914062499999998
0.561784029006958,377,-0.322265625
0.5630230903625488,378,-0.42539062499999997
0.5645129680633545,379,-0.116015625
0.5659420490264893,380,-0.30937499999999996
0.567457914352417,381,-0.012890625
0.5689620971679688,382,-0.012890625
0.5702989101409912,383,-0.12890625
0.5716309547424316,384,-0.43828124999999996
0.5736398696899414,385,-0.580078125
0.5760109424591064,386,-1.3148437499999999
0.577517032623291,387,-0.20625
0.5790460109710693,388,-0.167578125
0.5810070037841797,389,-0.42539062499999997
0.5827639102935791,390,-0.15468749999999998
0.584075927734375,391,0.141796875
0.5852699279785156,392,-0.012890625
0.5864109992980957,393,-0.12890625
0.5875248908996582,394,-0.33515625
0.5886459350585938,395,-0.64453125
0.5897688865661621,396,-0.837890625
0.5908858776092529,397,-1.4437499999999999
0.5920059680938721,398,-0.167578125
0.5932118892669678,399,0.012890625
0.5946519374847412,400,-0.270703125
0.5961170196533203,401,-0.24492187499999998
0.5976600646972656,402,-0.23203125
0.5991599559783936,403,-0.399609375
0.600477933883667,404,-0.064453125
0.6017940044403076,405,0.012890625
0.6035568714141846,406,-0.116015625
0.605949878692627,407,-0.33515625
0.6075248718261719,408,-0.8507812499999999
0.6089279651641846,409,-1.65
0.6107659339904785,410,-0.116015625
0.6126420497894287,411,-0.30937499999999996
0.6140499114990234,412,-0.270703125
0.6152429580688477,413,-0.4640625
0.6164040565490723,414,-0.29648437499999997
0.617534875869751,415,-0.012890625
0.618649959564209,416,0.0
0.619765043258667,417,-0.193359375
0.620887041091919,418,-0.43828124999999996
0.6220228672027588,419,-0.734765625
0.6232330799102783,420,-0.8765624999999999
0.6246659755706787,421,-1.5082031249999999
0.6261210441589355,422,-0.012890625
0.6276590824127197,423,-0.167578125
0.6291909217834473,424,-0.20625
0.6306519508361816,425,-0.322265625
0.6321020126342773,426,-0.20625
0.6334569454193115,427,-0.103125
0.6359310150146484,428,0.0
0.6381299495697021,429,-0.07734374999999999
0.6395659446716309,430,-0.451171875
0.6413900852203369,431,-1.069921875
0.6439259052276611,432,-0.141796875
0.6453509330749512,433,-0.270703125
0.6465640068054199,434,-0.4640625
0.6477019786834717,435,-0.103125
0.6488339900970459,436,-0.2578125
0.6500000953674316,437,-0.167578125
0.6511499881744385,438,0.0
0.6522760391235352,439,-0.0515625
0.653486967086792,440,-0.141796875
0.6549580097198486,441,-0.4640625
0.65641188621521,442,-0.631640625
0.6579570770263672,443,-1.2890625
0.6595120429992676,444,-0.012890625
0.6609349250793457,445,-0.28359375
0.6623809337615967,446,-0.20625
0.6638269424438477,447,-0.37382812499999996
0.6658749580383301,448,-0.322265625
0.6679868698120117,449,-0.09023437499999999
0.6695060729980469,450,-0.0515625
0.6709740161895752,451,-0.20625
0.672914981842041,452,-0.5671875
0.6747579574584961,453,-1.0570312499999999
0.6760768890380859,454,0.0
0.6772730350494385,455,-0.20625
0.6784310340881348,456,-0.399609375
0.679548978805542,457,-0.399609375
0.6806700229644775,458,-0.193359375
0.6817920207977295,459,-0.43828124999999996
0.6829068660736084,460,-0.37382812499999996
0.6841020584106445,461,0.0
0.6855149269104004,462,-0.09023437499999999
0.686974048614502,463,-0.167578125
0.6884689331054688,464,-0.4640625
0.6899850368499756,465,-0.5929687499999999
0.6913890838623047,466,-1.405078125
0.6927669048309326,467,-0.07734374999999999
0.694227933883667,468,-0.270703125
0.6964619159698486,469,-0.30937499999999996
0.6984529495239258,470,-0.29648437499999997
0.6999828815460205,471,-0.02578125
0.7015628814697266,472,0.012890625
0.7035360336303711,473,-0.02578125
0.7052860260009766,474,-0.322265625
0.7065680027008057,475,-0.580078125
0.7077450752258301,476,-1.3664062499999998
0.7088909149169922,477,-0.18046874999999998
0.7100400924682617,478,-0.193359375
0.7111670970916748,479,-0.4640625
0.7122809886932373,480,-0.270703125
0.7133979797363281,481,-0.580078125
0.714616060256958,482,-0.399609375
0.7160279750823975,483,-0.48984374999999997
0.7174770832061768,484,-0.28359375
0.7189700603485107,485,-0.02578125
0.7205488681793213,486,-0.12890625
0.7219460010528564,487,-0.48984374999999997
0.7233150005340576,488,-0.6832031249999999
0.7249400615692139,489,-1.4437499999999999
0.7273850440979004,490,-0.0515625
0.7289290428161621,491,-0.30937499999999996
0.7304868698120117,492,-0.631640625
0.7325210571289062,493,-0.515625
0.73403000831604,494,-0.012890625
0.7352540493011475,495,-0.07734374999999999
0.7364358901977539,496,-0.116015625
0.737576961517334,497,-0.4125
0.7386839389801025,498,-0.6703125
0.7397918701171875,499,-0.9152343749999999
0.7409079074859619,500,-1.482421875
0.7420220375061035,501,-0.07734374999999999
0.743156909942627,502,-0.012890625
0.7443568706512451,503,-0.29648437499999997
0.7455699443817139,504,-0.193359375
0.7469789981842041,505,-0.42539062499999997
0.7484710216522217,506,-0.38671875
0.7499408721923828,507,-0.21914062499999998
0.7514979839324951,508,-0.02578125
0.7529618740081787,509,-0.0515625
0.7544779777526855,510,-0.20625
0.7559208869934082,511,-0.5671875
0.7580480575561523,512,-1.0570312499999999
0.7602179050445557,513,-1.611328125
0.7616829872131348,514,-0.322265625
0.7632160186767578,515,-0.33515625
0.765143871307373,516,-0.0515625
0.7669699192047119,517,-0.038671874999999994
0.7683238983154297,518,0.0
0.7695159912109375,519,-0.09023437499999999
0.7706699371337891,520,-0.270703125
0.7717959880828857,521,-0.605859375
0.7729179859161377,522,-0.7476562499999999
0.7740669250488281,523,-1.353515625
0.7752170562744141,524,-1.6242187499999998
0.7764348983764648,525,0.0
0.777824878692627,526,-0.24492187499999998
0.7792949676513672,527,-0.43828124999999996
0.7807879447937012,528,-0.29648437499999997
0.7823760509490967,529,-0.4125
0.7838869094848633,530,-0.103125
0.7853679656982422,531,0.0
0.7867450714111328,532,-0.12890625
0.7888379096984863,533,-0.42539062499999997
0.7910289764404297,534,-0.54140625
0.7925450801849365,535,-1.65
0.7941420078277588,536,-0.15468749999999998
0.7961499691009521,537,-0.322265625
0.7978389263153076,538,-0.21914062499999998
0.799138069152832,539,-0.399609375
0.800325870513916,540,-0.09023437499999999
0.8014791011810303,541,-0.012890625
0.8026020526885986,542,-0.02578125
0.8037688732147217,543,-0.193359375
0.8049180507659912,544,-0.580078125
0.8060479164123535,545,-0.631640625
0.8072590827941895,546,-1.224609375
0.8086678981781006,547,-1.65
0.810128927230835,548,-0.12890625
0.811629056930542,549,-0.30937499999999996
0.8132119178771973,550,-0.37382812499999996
0.8146979808807373,551,-0.167578125
0.8161928653717041,552,-0.167578125
0.8175370693206787,553,0.07734374999999999
0.8197810649871826,554,-0.02578125
0.8217658996582031,555,-0.103125
0.8232319355010986,556,-0.4125
0.8247859477996826,557,-1.26328125
0.8267550468444824,558,-0.02578125
0.8284430503845215,559,-0.29648437499999997
0.8297510147094727,560,-0.4125
0.8309230804443359,561,-0.193359375
0.8320760726928711,562,-0.36093749999999997
0.8332059383392334,563,-0.23203125
0.8343970775604248,564,0.0
0.8355178833007812,565,-0.064453125
0.8366310596466064,566,-0.167578125
0.837831974029541,567,-0.43828124999999996
0.8392560482025146,568,-0.6703125
0.8407120704650879,569,-1.147265625
0.8422179222106934,570,-1.65
0.8438060283660889,571,-0.0515625
0.8452799320220947,572,-0.37382812499999996
0.8467168807983398,573,-0.4125
0.8481440544128418,574,-0.28359375
0.850269079208374,575,-0.18046874999999998
0.8522539138793945,576,0.0
0.8537828922271729,577,-0.20625
0.8553640842437744,578,-0.476953125
0.8573470115661621,579,-0.6703125
0.8590660095214844,580,-1.6242187499999998
0.860374927520752,581,-0.167578125
0.8615610599517822,582,-0.36093749999999997
0.8627049922943115,583,-0.54140625
0.8639109134674072,584,-0.20625
0.8650579452514648,585,-0.4640625
0.8661918640136719,586,-0.33515625
0.8672950267791748,587,-0.064453125
0.8684918880462646,588,-0.012890625
0.8698930740356445,589,-0.116015625
0.8713328838348389,590,-0.4640625
0.8728129863739014,591,-0.631640625
0.8744909763336182,592,-1.1859374999999999
0.8759660720825195,593,-0.0515625
0.877418041229248,594,-0.20625
0.8788230419158936,595,-0.29648437499999997
0.8810510635375977,596,-0.515625
0.883091926574707,597,-0.2578125
0.8845970630645752,598,0.0
0.8862099647521973,599,-0.0515625
0.8881800174713135,600,-0.15468749999999998
0.889801025390625,601,-0.515625
0.8910629749298096,602,-1.3019531249999998
0.8922560214996338,603,-0.0515625
0.8934290409088135,604,-0.193359375
0.8945930004119873,605,-0.33515625
0.8957118988037109,606,-0.28359375
0.8968329429626465,607,-0.5285156249999999
0.8979489803314209,608,-0.29648437499999997
0.8991529941558838,609,-0.37382812499999996
0.9005410671234131,610,-0.167578125
0.9019908905029297,611,-0.02578125
0.9034759998321533,612,-0.103125
0.9051249027252197,613,-0.37382812499999996
0.9065968990325928,614,-0.5671875
0.9080440998077393,615,-1.353515625
0.909451961517334,616,-0.09023437499999999
0.9114420413970947,617,-0.2578125
0.913654088973999,618,-0.20625
0.9152600765228271,619,-0.42539062499999997
0.9168238639831543,620,-0.12890625
0.918773889541626,621,0.0
0.9204459190368652,622,-0.09023437499999999
0.9217510223388672,623,-0.399609375
0.9229230880737305,624,-0.605859375
0.9240670204162598,625,-1.26328125
0.925213098526001,626,-1.65
0.926339864730835,627,-0.038671874999999994
0.9274630546569824,628,-0.43828124999999996
0.9285860061645508,629,-0.28359375
0.9298040866851807,630,-0.4640625
0.9312229156494141,631,-0.20625
0.932682991027832,632,-0.399609375
0.9341080188751221,633,-0.038671874999999994
0.9357309341430664,634,-0.012890625
0.93721604347229,635,-0.21914062499999998
0.9386370182037354,636,-0.515625
0.9400749206542969,637,-0.734765625
0.9422330856323242,638,-1.4953124999999998
0.9443390369415283,639,-0.012890625
0.9458348751068115,640,-0.2578125
0.9473440647125244,641,-0.270703125
0.9492850303649902,642,-0.322265625
0.9510459899902344,643,0.07734374999999999
0.9523830413818359,644,-0.012890625
0.9535729885101318,645,-0.28359375
