time,count,voltage
0.004247903823852539,1,-0.103125
0.005594015121459961,2,-1.405078125
0.006842851638793945,3,-1.224609375
0.007997989654541016,4,0.0
0.009129047393798828,5,-0.0515625
0.010243892669677734,6,-0.167578125
0.011355876922607422,7,-0.631640625
0.012490987777709961,8,-0.29648437499999997
0.013772964477539062,9,-0.21914062499999998
0.015280008316040039,10,-0.5285156249999999
0.01676797866821289,11,-0.322265625
0.018187999725341797,12,-0.012890625
0.0195770263671875,13,-0.167578125
0.020817041397094727,14,-0.43828124999999996
0.021986961364746094,15,-1.546875
0.02321791648864746,16,-1.65
0.024352073669433594,17,0.0
0.025467872619628906,18,0.0
0.026579856872558594,19,-0.24492187499999998
0.027701854705810547,20,-0.399609375
0.02895498275756836,21,-0.270703125
0.03039097785949707,22,-0.322265625
0.03184700012207031,23,-0.38671875
0.03347587585449219,24,-0.23203125
0.03489494323730469,25,-0.012890625
0.03620791435241699,26,-0.23203125
0.03753089904785156,27,-0.5671875
0.038823843002319336,28,-0.708984375
0.04090094566345215,29,-1.16015625
0.04323291778564453,30,-1.65
0.04469585418701172,31,-0.36093749999999997
0.04643607139587402,32,-0.322265625
0.048462867736816406,33,0.103125
0.049833059310913086,34,0.0
0.05100393295288086,35,-0.012890625
0.05224490165710449,36,-0.064453125
0.05339193344116211,37,-0.21914062499999998
0.05452895164489746,38,-1.134375
0.055650949478149414,39,-1.611328125
0.05676698684692383,40,-0.33515625
0.05787086486816406,41,0.0
0.05896902084350586,42,0.0
0.06006598472595215,43,0.012890625
0.0611720085144043,44,-0.502734375
0.06229400634765625,45,-0.29648437499999997
0.06341791152954102,46,-0.322265625
0.0645298957824707,47,-0.502734375
0.06563496589660645,48,-0.5285156249999999
0.06673789024353027,49,-0.193359375
0.06783699989318848,50,-0.012890625
0.06893491744995117,51,-0.103125
0.07003402709960938,52,-0.37382812499999996
0.0713949203491211,53,-0.5671875
0.07274603843688965,54,-0.6703125
0.07398390769958496,55,-1.41796875
0.0752570629119873,56,-0.02578125
0.07672405242919922,57,-0.20625
0.07819294929504395,58,-0.502734375
0.07985591888427734,59,-0.2578125
0.08135294914245605,60,0.116015625
0.08282184600830078,61,0.012890625
0.08419585227966309,62,0.012890625
0.08633995056152344,63,-0.141796875
0.08838891983032227,64,-0.33515625
0.08978796005249023,65,-1.5082031249999999
0.0917060375213623,66,0.0
0.09362506866455078,67,-0.064453125
0.09494805335998535,68,-0.36093749999999997
0.09613394737243652,69,-0.30937499999999996
0.09727907180786133,70,-0.141796875
0.09840202331542969,71,-0.2578125
0.0995180606842041,72,-0.20625
0.10068607330322266,73,-0.012890625
0.10180997848510742,74,-0.0515625
0.10294795036315918,75,-0.30937499999999996
0.10428786277770996,76,-0.5671875
0.10574698448181152,77,-0.7218749999999999
0.10722088813781738,78,-1.26328125
0.10886883735656738,79,-0.15468749999999998
0.11053705215454102,80,-0.20625
0.11192893981933594,81,-0.30937499999999996
0.11362385749816895,82,0.0515625
0.11507201194763184,83,-0.103125
0.1178438663482666,84,0.0
0.11946487426757812,85,0.0
0.12097907066345215,86,-0.33515625
0.12295389175415039,87,-1.5082031249999999
0.12478089332580566,88,-0.012890625
0.12619805335998535,89,-0.012890625
0.12740707397460938,90,-0.30937499999999996
0.1285550594329834,91,-0.322265625
0.1297318935394287,92,-0.09023437499999999
0.1308598518371582,93,-0.399609375
0.13196492195129395,94,-0.4125
0.1331639289855957,95,-0.24492187499999998
0.13440895080566406,96,-0.012890625
0.13580703735351562,97,-0.141796875
0.13729000091552734,98,-0.29648437499999997
0.13884401321411133,99,-0.54140625
0.14030885696411133,100,-1.069921875
0.14177799224853516,101,-1.65
0.14333486557006836,102,-0.193359375
0.1452350616455078,103,-0.476953125
0.14772605895996094,104,-0.29648437499999997
0.1493070125579834,105,0.28359375
0.15087485313415527,106,0.012890625
0.15291905403137207,107,0.0
0.1545238494873047,108,-0.2578125
0.1557939052581787,109,-1.5082031249999999
0.15700793266296387,110,-0.0515625
0.1582179069519043,111,0.0
0.1593608856201172,112,0.0
0.1604759693145752,113,-0.30937499999999996
0.1616230010986328,114,-0.7863281249999999
0.1627669334411621,115,-0.30937499999999996
0.16388487815856934,116,-0.103125
0.16507601737976074,117,-0.399609375
0.16653895378112793,118,-0.270703125
0.16812896728515625,119,-0.02578125
0.16969895362854004,120,-0.20625
0.17116904258728027,121,-0.502734375
0.17254400253295898,122,-0.5671875
0.17401885986328125,123,-1.276171875
0.17539191246032715,124,-0.103125
0.17777585983276367,125,-0.21914062499999998
0.17973995208740234,126,-0.322265625
0.18120884895324707,127,0.116015625
0.18319487571716309,128,0.0
0.18506288528442383,129,-0.012890625
0.18640398979187012,130,-0.193359375
0.1875908374786377,131,-0.4640625
0.18877506256103516,132,-1.546875
0.1899118423461914,133,-1.147265625
0.1910538673400879,134,0.0
0.19224905967712402,135,0.0
0.19339203834533691,136,0.0
0.19450592994689941,137,-0.48984374999999997
0.19572091102600098,138,-0.4125
0.1971299648284912,139,-0.2578125
0.1986069679260254,140,-0.37382812499999996
0.20017695426940918,141,-0.103125
0.20165801048278809,142,-0.012890625
0.20340299606323242,143,-0.193359375
0.20496201515197754,144,-0.4640625
0.20665693283081055,145,-0.6703125
0.20920896530151367,146,-1.4953124999999998
0.21082592010498047,147,-0.21914062499999998
0.21247100830078125,148,-0.2578125
0.2145860195159912,149,0.399609375
0.2162618637084961,150,0.193359375
0.2175610065460205,151,-0.012890625
0.21895790100097656,152,-0.09023437499999999
0.22013592720031738,153,-0.2578125
0.22129392623901367,154,-0.5285156249999999
0.22244596481323242,155,-0.6703125
0.2235720157623291,156,-1.2890625
0.22471404075622559,157,-1.65
0.22594904899597168,158,-0.012890625
0.22736406326293945,159,-0.348046875
0.22878694534301758,160,-0.348046875
0.23052692413330078,161,0.36093749999999997
0.23211288452148438,162,0.038671874999999994
0.2335958480834961,163,0.012890625
0.23495888710021973,164,-0.02578125
0.23624706268310547,165,-0.21914062499999998
0.23867201805114746,166,-0.43828124999999996
0.24068689346313477,167,-1.611328125
0.24222397804260254,168,0.0
0.2438979148864746,169,-0.2578125
0.24593186378479004,170,-0.7218749999999999
0.2474379539489746,171,-0.322265625
0.24866986274719238,172,-0.20625
0.24988985061645508,173,-0.09023437499999999
0.25103092193603516,174,-0.012890625
0.2522239685058594,175,-0.116015625
0.25336790084838867,176,-0.4125
0.2545139789581299,177,-0.5671875
0.2556319236755371,178,-0.734765625
0.25688791275024414,179,-1.353515625
0.2583198547363281,180,-1.65
0.259768009185791,181,-0.167578125
0.2613089084625244,182,-0.48984374999999997
0.263124942779541,183,-0.37382812499999996
0.26465392112731934,184,0.09023437499999999
0.2661409378051758,185,0.012890625
0.2678990364074707,186,-0.012890625
0.2703590393066406,187,-0.103125
0.27193403244018555,188,-1.018359375
0.27367305755615234,189,-1.65
0.2756478786468506,190,0.012890625
0.2772190570831299,191,-0.20625
0.2784888744354248,192,-0.21914062499999998
0.2796790599822998,193,-0.15468749999999998
0.28084707260131836,194,-0.33515625
0.2819788455963135,195,-0.451171875
0.28321385383605957,196,-0.23203125
0.2843358516693115,197,-0.07734374999999999
0.28545403480529785,198,-0.12890625
0.2866230010986328,199,-0.322265625
0.28783583641052246,200,-0.605859375
0.2892768383026123,201,-0.708984375
0.2907450199127197,202,-1.405078125
0.2923719882965088,203,-0.167578125
0.2939589023590088,204,0.0
0.2955169677734375,205,-0.2578125
0.29709601402282715,206,0.451171875
0.29855799674987793,207,0.038671874999999994
0.3015329837799072,208,0.012890625
0.3033468723297119,209,-0.0515625
0.30478501319885254,210,-0.6574218749999999
0.30663084983825684,211,-1.4953124999999998
0.30847597122192383,212,0.0
0.30988287925720215,213,-0.02578125
0.31111693382263184,214,-0.502734375
0.3122899532318115,215,-0.29648437499999997
0.31343603134155273,216,-0.4125
0.3145618438720703,217,-0.515625
0.3156728744506836,218,-0.515625
0.3168039321899414,219,-0.012890625
0.3185460567474365,220,-0.0515625
0.3200249671936035,221,-0.2578125
0.3216519355773926,222,-0.476953125
0.32325005531311035,223,-0.7863281249999999
0.32471203804016113,224,-1.5726562499999999
0.3261709213256836,225,-0.103125
0.32764601707458496,226,-0.29648437499999997
0.32950401306152344,227,-0.30937499999999996
0.3318920135498047,228,-0.012890625
0.3335549831390381,229,0.012890625
0.33515095710754395,230,-0.0515625
0.337238073348999,231,-0.2578125
0.3387770652770996,232,-1.198828125
0.3400540351867676,233,-0.476953125
0.3412208557128906,234,0.012890625
0.34253597259521484,235,0.0
0.34401893615722656,236,-0.2578125
0.34562087059020996,237,-0.24492187499999998
0.3471238613128662,238,-0.29648437499999997
0.34851598739624023,239,-0.348046875
0.3500819206237793,240,-0.20625
0.351611852645874,241,-0.0515625
0.353085994720459,242,-0.23203125
0.3545339107513428,243,-0.5285156249999999
0.35607099533081055,244,-0.580078125
0.3573780059814453,245,-1.405078125
0.3587930202484131,246,-0.116015625
0.3604278564453125,247,0.0
0.36310601234436035,248,-0.5285156249999999
0.3647449016571045,249,-0.012890625
0.3663349151611328,250,0.0
0.36824893951416016,251,0.012890625
0.37000203132629395,252,-0.103125
0.37132787704467773,253,-0.734765625
0.37253284454345703,254,-1.4953124999999998
0.37375903129577637,255,-0.0515625
0.3749198913574219,256,0.0
0.37604188919067383,257,-0.193359375
0.37719297409057617,258,-0.322265625
0.3784298896789551,259,-0.322265625
0.37986302375793457,260,-0.103125
0.3813610076904297,261,-0.322265625
0.3830859661102295,262,-0.167578125
0.38456201553344727,263,-0.012890625
0.38601088523864746,264,-0.167578125
0.3874330520629883,265,-0.48984374999999997
0.38916802406311035,266,-0.631640625
0.3916900157928467,267,-1.1859374999999999
0.3934328556060791,268,-0.12890625
0.39495301246643066,269,-0.515625
0.39714694023132324,270,0.141796875
0.398784875869751,271,0.15468749999999998
0.40006184577941895,272,-0.012890625
0.40128207206726074,273,-0.012890625
0.40244102478027344,274,-0.167578125
0.40357303619384766,275,-0.38671875
0.40468907356262207,276,-1.405078125
0.40582895278930664,277,-1.5984375
0.4069640636444092,278,0.0
0.40807485580444336,279,0.0
0.40933799743652344,280,-0.12890625
0.4107520580291748,281,-0.270703125
0.41251587867736816,282,-0.33515625
0.4141850471496582,283,-0.141796875
0.41571903228759766,284,-0.167578125
0.4171159267425537,285,-0.02578125
0.4185018539428711,286,-0.012890625
0.4199390411376953,287,-0.270703125
0.42270588874816895,288,-0.515625
0.4247429370880127,289,-0.928125
0.4261939525604248,290,-0.012890625
0.428041934967041,291,-0.37382812499999996
0.4300868511199951,292,-0.30937499999999996
0.4314720630645752,293,0.09023437499999999
0.43280792236328125,294,0.012890625
0.4339759349822998,295,-0.012890625
0.4351060390472412,296,-0.116015625
0.436215877532959,297,-0.36093749999999997
0.43734002113342285,298,-0.6187499999999999
0.4384610652923584,299,-1.65
0.43968987464904785,300,-1.65
0.4411029815673828,301,0.0
0.44255805015563965,302,-0.02578125
0.44408392906188965,303,-0.36093749999999997
0.44560694694519043,304,-0.348046875
0.44704198837280273,305,-0.21914062499999998
0.44843387603759766,306,-0.42539062499999997
0.4498410224914551,307,-0.20625
0.4521169662475586,308,-0.02578125
0.45414090156555176,309,-0.193359375
0.4556279182434082,310,-0.43828124999999996
0.4573190212249756,311,-1.134375
0.45927000045776367,312,-0.8765624999999999
0.4607539176940918,313,-0.37382812499999996
0.4619770050048828,314,-0.30937499999999996
0.4632549285888672,315,0.012890625
0.46439695358276367,316,-0.29648437499999997
0.4655580520629883,317,0.0
0.4666759967803955,318,0.0
0.4677770137786865,319,-0.02578125
0.4688720703125,320,-0.193359375
0.47011685371398926,321,-0.38671875
0.4715919494628906,322,-1.4308593749999998
0.4730808734893799,323,-1.65
0.47463107109069824,324,0.0
0.47610902786254883,325,-0.0515625
0.4775409698486328,326,-0.29648437499999997
0.47902584075927734,327,-0.29648437499999997
0.4807100296020508,328,-0.23203125
0.48328185081481934,329,-0.348046875
0.48483896255493164,330,0.0
0.4863109588623047,331,-0.24492187499999998
0.4882628917694092,332,-0.476953125
0.4900510311126709,333,-0.708984375
0.4913489818572998,334,-1.65
0.4925389289855957,335,-0.0515625
0.4937758445739746,336,-0.33515625
0.4949378967285156,337,-0.5929687499999999
0.49611401557922363,338,0.193359375
0.4972848892211914,339,-0.167578125
0.49840307235717773,340,-0.103125
0.49953198432922363,341,0.0
0.5007359981536865,342,-0.012890625
0.5022299289703369,343,-0.12890625
0.5037400722503662,344,-0.33515625
0.5052928924560547,345,-1.4308593749999998
0.5067729949951172,346,-1.65
0.5081779956817627,347,0.0
0.5100178718566895,348,-0.103125
0.5120398998260498,349,-0.4640625
0.5143759250640869,350,-0.193359375
0.5159299373626709,351,-0.02578125
0.5174469947814941,352,0.0
0.5194828510284424,353,-0.09023437499999999
0.521075963973999,354,-0.4125
0.5223660469055176,355,-0.502734375
0.5235419273376465,356,-1.2890625
0.5247068405151367,357,-1.1214843749999999
0.5261259078979492,358,0.0
0.5272989273071289,359,-0.322265625
0.5284669399261475,360,-0.33515625
0.5296440124511719,361,0.30937499999999996
0.5308890342712402,362,-0.18046874999999998
0.5323789119720459,363,0.0
0.5338728427886963,364,-0.012890625
0.5354409217834473,365,-0.012890625
0.5369839668273926,366,-0.20625
0.538348913192749,367,-1.340625
0.5397078990936279,368,-1.65
0.5411479473114014,369,0.0
0.5434918403625488,370,0.0
0.545799970626831,371,-0.29648437499999997
0.5472800731658936,372,-0.193359375
0.5488529205322266,373,-0.20625
0.5509600639343262,374,-0.103125
0.5524730682373047,375,-0.103125
0.55377197265625,376,-0.33515625
0.5549399852752686,377,-0.5671875
0.5560698509216309,378,-1.018359375
0.5572299957275391,379,-1.546875
0.5583720207214355,380,-0.02578125
0.5594909191131592,381,-0.24492187499999998
0.5606019496917725,382,-0.5671875
0.5619480609893799,383,-0.30937499999999996
0.5634758472442627,384,0.270703125
0.5649118423461914,385,-0.0515625
0.5665550231933594,386,0.0
0.5680210590362549,387,-0.012890625
0.5694570541381836,388,-0.20625
0.5708448886871338,389,-0.43828124999999996
0.5724358558654785,390,-1.5597656249999998
0.5751490592956543,391,-0.0515625
0.5768308639526367,392,-0.103125
0.5782420635223389,393,-0.64453125
0.58011794090271,394,0.0
0.5820209980010986,395,-0.20625
0.5834810733795166,396,0.15468749999999998
0.5846960544586182,397,-0.0515625
0.585852861404419,398,-0.270703125
0.5869920253753662,399,-0.5285156249999999
0.5881118774414062,400,-0.631640625
0.5892598628997803,401,-1.00546875
0.5903980731964111,402,-1.5597656249999998
0.5915188789367676,403,-0.038671874999999994
0.5928449630737305,404,-0.12890625
0.5942659378051758,405,-0.515625
0.5957679748535156,406,-0.4640625
0.5973179340362549,407,0.064453125
0.5988478660583496,408,-0.038671874999999994
0.6002359390258789,409,0.0
0.6016578674316406,410,-0.012890625
0.6030609607696533,411,-0.24492187499999998
0.6055569648742676,412,-1.147265625
0.6079308986663818,413,-1.5082031249999999
0.6094958782196045,414,0.0
0.6113438606262207,415,-0.29648437499999997
0.6132149696350098,416,-0.38671875
0.6146109104156494,417,-0.2578125
0.6158530712127686,418,-0.09023437499999999
0.6170170307159424,419,0.012890625
0.6181528568267822,420,-0.012890625
0.6192669868469238,421,-0.30937499999999996
0.6204030513763428,422,-0.631640625
0.621553897857666,423,-0.708984375
0.6228539943695068,424,-1.1214843749999999
0.6243200302124023,425,-1.65
0.6257669925689697,426,0.0
0.6272928714752197,427,-0.399609375
0.6289699077606201,428,-0.2578125
0.6305069923400879,429,0.116015625
0.6319599151611328,430,-0.0515625
0.633673906326294,431,0.0
0.6361508369445801,432,-0.103125
0.6379220485687256,433,-0.20625
0.6393699645996094,434,-1.456640625
0.6413030624389648,435,0.0
0.6431548595428467,436,-0.0515625
0.6444950103759766,437,-0.4640625
0.6457259654998779,438,-0.29648437499999997
0.646975040435791,439,-0.30937499999999996
0.6481249332427979,440,-0.30937499999999996
0.6492929458618164,441,-0.23203125
0.6515710353851318,442,-0.012890625
0.6531898975372314,443,-0.141796875
0.6547050476074219,444,-0.43828124999999996
0.6561510562896729,445,-0.6832031249999999
0.6577539443969727,446,-1.46953125
0.6592249870300293,447,-0.167578125
0.6605870723724365,448,-0.29648437499999997
0.662121057510376,449,-0.24492187499999998
0.6640419960021973,450,0.0515625
0.6663999557495117,451,-0.116015625
0.6679270267486572,452,0.0
0.6695709228515625,453,-0.2578125
0.6716320514678955,454,-0.5285156249999999
0.6732089519500732,455,-1.5984375
0.6744749546051025,456,0.0
0.6756289005279541,457,-0.0515625
0.6767709255218506,458,-0.29648437499999997
0.6779210567474365,459,-0.7218749999999999
0.6790800094604492,460,-0.20625
0.6802060604095459,461,-0.167578125
0.681359052658081,462,-0.29648437499999997
0.682499885559082,463,-0.36093749999999997
0.6837320327758789,464,-0.012890625
0.6851620674133301,465,-0.103125
0.6866178512573242,466,-0.4125
0.6881699562072754,467,-1.2374999999999998
0.6896860599517822,468,-1.611328125
0.6910429000854492,469,0.0
0.6924710273742676,470,-0.09023437499999999
0.694206953048706,471,-0.29648437499999997
0.6967649459838867,472,-0.33515625
0.698430061340332,473,-0.23203125
0.6998660564422607,474,0.141796875
0.7019150257110596,475,-0.012890625
0.7037539482116699,476,-0.2578125
0.705070972442627,477,-0.515625
0.7062690258026123,478,-1.018359375
0.7074110507965088,479,-1.611328125
0.7085380554199219,480,-0.0515625
0.709650993347168,481,0.0
0.7108330726623535,482,-0.43828124999999996
0.7120158672332764,483,-0.30937499999999996
0.7132470607757568,484,0.064453125
0.7144839763641357,485,-0.2578125
0.7159268856048584,486,0.0
0.7174298763275146,487,0.0
0.7193570137023926,488,-0.09023437499999999
0.7209670543670654,489,-0.29648437499999997
0.7223639488220215,490,-1.46953125
0.7240028381347656,491,-0.116015625
0.726050853729248,492,0.0
0.7284300327301025,493,-0.33515625
0.7300300598144531,494,-0.09023437499999999
0.7319788932800293,495,-0.37382812499999996
0.7342019081115723,496,-0.0515625
0.7356109619140625,497,-0.09023437499999999
0.7368700504302979,498,-0.30937499999999996
0.738029956817627,499,-0.515625
0.7391610145568848,500,-0.837890625
0.7402899265289307,501,-1.4308593749999998
0.7414040565490723,502,-0.09023437499999999
0.7426309585571289,503,-0.20625
0.7437808513641357,504,-0.6187499999999999
0.7450840473175049,505,-0.554296875
0.7465760707855225,506,0.399609375
0.7480180263519287,507,-0.012890625
0.7496109008789062,508,0.012890625
0.7511439323425293,509,-0.012890625
0.7525110244750977,510,-0.20625
0.7540469169616699,511,-0.43828124999999996
0.7557799816131592,512,-0.4640625
0.7582340240478516,513,-1.134375
0.7598378658294678,514,-0.322265625
0.7613339424133301,515,-0.4125
0.7634479999542236,516,0.07734374999999999
0.7651638984680176,517,0.07734374999999999
0.7664840221405029,518,-0.012890625
0.7676558494567871,519,-0.02578125
0.7688369750976562,520,-0.193359375
0.769981861114502,521,-0.43828124999999996
0.7711169719696045,522,-1.3921875
0.7722630500793457,523,-1.5597656249999998
0.7733910083770752,524,0.0
0.7745020389556885,525,0.012890625
0.7757089138031006,526,-0.12890625
0.777134895324707,527,-0.2578125
0.7785868644714355,528,-0.30937499999999996
0.7801580429077148,529,-0.2578125
0.781714916229248,530,-0.4125
0.7832179069519043,531,-0.103125
0.7846229076385498,532,-0.038671874999999994
0.7860188484191895,533,-0.270703125
0.788118839263916,534,-0.515625
0.7904059886932373,535,-0.580078125
0.7918899059295654,536,-1.533984375
0.7936739921569824,537,0.0
0.7958219051361084,538,-0.30937499999999996
0.797461986541748,539,0.18046874999999998
0.7987499237060547,540,-0.012890625
0.7999119758605957,541,0.0
0.801041841506958,542,-0.0515625
0.8022379875183105,543,-0.2578125
0.8033769130706787,544,-0.4125
0.8044929504394531,545,-1.4308593749999998
0.8057608604431152,546,-1.5726562499999999
0.8072059154510498,547,0.0
0.8086469173431396,548,0.0
0.8102869987487793,549,-0.15468749999999998
0.8117680549621582,550,-0.270703125
0.8132619857788086,551,-0.12890625
0.8147189617156982,552,-0.4125
0.8160128593444824,553,-0.20625
0.818760871887207,554,-0.012890625
0.8205029964447021,555,-0.18046874999999998
0.8219659328460693,556,-0.33515625
0.8239710330963135,557,-1.00546875
0.8259389400482178,558,-0.708984375
0.8272829055786133,559,-0.4125
0.8285210132598877,560,-0.37382812499999996
0.8297970294952393,561,0.012890625
0.8309569358825684,562,-0.2578125
0.832421064376831,563,0.0
0.8339059352874756,564,-0.012890625
0.8350698947906494,565,-0.116015625
0.836310863494873,566,-0.36093749999999997
0.837803840637207,567,-1.095703125
0.8393039703369141,568,-1.546875
0.840939998626709,569,0.0
0.8424339294433594,570,-0.012890625
0.8438229560852051,571,-0.29648437499999997
0.8452708721160889,572,-0.37382812499999996
0.8468680381774902,573,-0.30937499999999996
0.8494398593902588,574,-0.42539062499999997
0.851038932800293,575,0.012890625
0.852402925491333,576,-0.20625
0.8543839454650879,577,-0.502734375
0.856255054473877,578,-0.54140625
0.8576099872589111,579,-1.5082031249999999
0.8588058948516846,580,-0.12890625
0.8599469661712646,581,-0.36093749999999997
0.8611178398132324,582,-0.605859375
0.86238694190979,583,0.038671874999999994
0.8635609149932861,584,-0.064453125
0.8646869659423828,585,-0.167578125
0.865872859954834,586,0.0
0.867081880569458,587,-0.012890625
0.8684689998626709,588,-0.09023437499999999
0.8699710369110107,589,-0.2578125
0.8715639114379883,590,-1.224609375
0.8730909824371338,591,-1.65
0.8744308948516846,592,0.0
0.8757369518280029,593,-0.103125
0.8781418800354004,594,-0.2578125
0.880112886428833,595,-0.322265625
0.8815670013427734,596,-0.38671875
0.8842449188232422,597,-0.103125
0.8865950107574463,598,-0.103125
0.8884589672088623,599,-0.992578125
0.8900878429412842,600,-1.65
0.8915059566497803,601,0.0
0.8929579257965088,602,-0.20625
0.8944559097290039,603,-0.54140625
0.8958380222320557,604,-0.2578125
0.8979060649871826,605,-0.348046875
0.8999369144439697,606,-0.0515625
0.9020218849182129,607,-0.012890625
0.9040639400482178,608,-0.2578125
0.905815839767456,609,-0.37382812499999996
0.9073810577392578,610,-1.26328125
0.909019947052002,611,-0.12890625
0.9118900299072266,612,-0.4125
0.9144470691680908,613,0.64453125
0.9165229797363281,614,0.012890625
0.9184019565582275,615,-0.012890625
0.920619010925293,616,-0.270703125
0.9228000640869141,617,-1.224609375
0.9243869781494141,618,-0.02578125
0.9259018898010254,619,-0.02578125
0.9274718761444092,620,-0.322265625
0.9292199611663818,621,-0.37382812499999996
0.9310028553009033,622,-0.15468749999999998
0.9328858852386475,623,0.038671874999999994
0.9348130226135254,624,-0.012890625
0.936863899230957,625,-0.270703125
0.9385499954223633,626,-0.48984374999999997
0.9405629634857178,627,-1.0570312499999999
0.9436550140380859,628,-1.65
0.9456419944763184,629,-0.21914062499999998
0.9473378658294678,630,0.103125
0.9494340419769287,631,0.012890625
0.9517710208892822,632,0.012890625
0.9536910057067871,633,-0.20625
0.9551699161529541,634,-0.37382812499999996
0.9565849304199219,635,-0.992578125
0.9582109451293945,636,-1.65
0.9599618911743164,637,-0.30937499999999996
0.9617538452148438,638,-0.580078125
0.9639430046081543,639,0.322265625
0.9657869338989258,640,0.167578125
0.9674310684204102,641,0.012890625
0.9691150188446045,642,-0.103125
0.9707648754119873,643,-0.322265625
0.9738540649414062,644,-1.46953125
0.9764649868011475,645,0.0
0.9783308506011963,646,-0.399609375
0.9799940586090088,647,-0.29648437499999997
0.9823989868164062,648,-0.4125
0.984611988067627,649,0.038671874999999994
0.986098051071167,650,-0.15468749999999998
0.987313985824585,651,-0.38671875
0.9886059761047363,652,-0.42539062499999997
0.9901490211486816,653,-1.147265625
0.9916439056396484,654,-1.611328125
0.993257999420166,655,-0.270703125
0.9947860240936279,656,-0.708984375
0.9963550567626953,657,0.15468749999999998
0.9978139400482178,658,-0.103125
1.0002930164337158,659,0.012890625
1.0023748874664307,660,-0.038671874999999994
1.0039288997650146,661,-0.24492187499999998
1.006654977798462,662,-1.456640625
1.008051872253418,663,0.0
1.0092830657958984,664,-0.2578125
1.0104498863220215,665,-0.322265625
1.0115840435028076,666,-0.4640625
1.0127449035644531,667,-0.193359375
1.0139100551605225,668,-0.322265625
1.0150659084320068,669,-0.33515625
1.0161869525909424,670,-0.15468749999999998
1.0173509120941162,671,-0.012890625
1.018570899963379,672,-0.15468749999999998
1.0200018882751465,673,-0.43828124999999996
1.021535873413086,674,-0.54140625
1.0232689380645752,675,-1.03125
1.0247719287872314,676,-1.65
1.0265638828277588,677,-0.2578125
1.0282618999481201,678,-0.580078125
1.0308969020843506,679,0.12890625
1.0324349403381348,680,0.0
1.0340049266815186,681,-0.012890625
1.0359618663787842,682,-0.09023437499999999
1.0377779006958008,683,-0.348046875
1.0390758514404297,684,-1.4308593749999998
1.0402419567108154,685,0.0
1.0414140224456787,686,0.012890625
1.042630910873413,687,-0.2578125
1.0437748432159424,688,-0.43828124999999996
1.0449049472808838,689,-0.28359375
1.0460188388824463,690,-0.322265625
1.04715895652771,691,-0.2578125
1.0482709407806396,692,-0.29648437499999997
1.0495059490203857,693,-0.167578125
1.050935983657837,694,-0.012890625
1.0523779392242432,695,-0.20625
1.0540549755096436,696,-0.42539062499999997
1.0556440353393555,697,-0.54140625
1.0570979118347168,698,-1.327734375
1.0584850311279297,699,-0.0515625
1.0601179599761963,700,0.012890625
1.062669038772583,701,-0.399609375
1.0643069744110107,702,0.09023437499999999
1.0657849311828613,703,0.0
1.0677049160003662,704,0.0
1.0694589614868164,705,-0.064453125
1.0708320140838623,706,-1.018359375
1.0720109939575195,707,-1.405078125
1.0732710361480713,708,-0.07734374999999999
1.0744359493255615,709,0.0
1.0755488872528076,710,-0.116015625
1.076667070388794,711,-0.37382812499999996
1.0778119564056396,712,-0.09023437499999999
1.0789549350738525,713,-0.18046874999999998
1.080169916152954,714,-0.36093749999999997
1.0816709995269775,715,-0.42539062499999997
1.0831730365753174,716,-0.15468749999999998
1.0847089290618896,717,-0.0515625
1.0862839221954346,718,-0.30937499999999996
1.0876860618591309,719,-0.515625
1.0891220569610596,720,-0.6832031249999999
1.090609073638916,721,-1.41796875
1.0931730270385742,722,-0.038671874999999994
1.0948760509490967,723,-0.322265625
1.0963170528411865,724,0.36093749999999997
1.098175048828125,725,-0.167578125
1.10001802444458,726,0.0
1.1014058589935303,727,-0.02578125
1.1027119159698486,728,-0.23203125
1.103877067565918,729,-0.928125
1.1050260066986084,730,-1.533984375
1.1061508655548096,731,-0.515625
1.1072640419006348,732,0.0
1.1083660125732422,733,-0.0515625
1.1094708442687988,734,-0.116015625
1.1107280254364014,735,-0.605859375
1.1122369766235352,736,-0.36093749999999997
1.1137499809265137,737,-0.167578125
1.1153018474578857,738,-0.09023437499999999
1.1168849468231201,739,-0.012890625
1.1184298992156982,740,-0.012890625
1.1198210716247559,741,-0.30937499999999996
1.1215949058532715,742,-0.515625
1.1243329048156738,743,-0.7734375
1.125931978225708,744,-0.116015625
1.1276259422302246,745,-0.4640625
1.129837989807129,746,-0.28359375
1.1312830448150635,747,0.141796875
1.1325068473815918,748,0.012890625
1.1337130069732666,749,-0.012890625
1.1349029541015625,750,-0.07734374999999999
1.1360528469085693,751,-0.270703125
1.137178897857666,752,-1.0828125
1.1383099555969238,753,-1.5726562499999999
1.139435052871704,754,-0.631640625
1.140718936920166,755,0.012890625
1.142284870147705,756,-0.167578125
1.1438019275665283,757,-0.28359375
1.1453619003295898,758,-0.322265625
1.1468698978424072,759,-0.167578125
1.1482658386230469,760,-0.24492187499999998
1.149690866470337,761,-0.012890625
1.1511569023132324,762,-0.0515625
1.1536898612976074,763,-0.2578125
1.1553938388824463,764,-0.42539062499999997
1.1567740440368652,765,-1.224609375
1.1587600708007812,766,-0.29648437499999997
1.1606309413909912,767,-0.18046874999999998
1.1622328758239746,768,-0.33515625
1.1634669303894043,769,0.07734374999999999
1.1646180152893066,770,-0.0515625
1.1658258438110352,771,0.012890625
1.166975975036621,772,-0.0515625
1.168267011642456,773,-0.167578125
1.1694400310516357,774,-0.399609375
1.1706738471984863,775,-1.134375
1.1721720695495605,776,-1.611328125
1.1736509799957275,777,-0.09023437499999999
1.1753270626068115,778,0.0
1.176858901977539,779,-0.33515625
1.178307056427002,780,-0.5671875
1.1797139644622803,781,-0.29648437499999997
1.1811819076538086,782,-0.43828124999999996
1.183892011642456,783,-0.23203125
1.1856050491333008,784,-0.038671874999999994
1.1870160102844238,785,-0.36093749999999997
1.1888909339904785,786,-0.4640625
1.1908609867095947,787,-1.2374999999999998
1.192267894744873,788,-0.37382812499999996
1.1935169696807861,789,-0.33515625
1.194674015045166,790,-0.33515625
1.195807933807373,791,0.141796875
1.1969408988952637,792,-0.38671875
1.1981120109558105,793,-0.20625
1.1992578506469727,794,-0.012890625
1.2003679275512695,795,0.012890625
1.2015910148620605,796,-0.064453125
1.2030138969421387,797,-0.399609375
1.2044808864593506,798,-1.2374999999999998
1.2061500549316406,799,-1.611328125
1.2076940536499023,800,0.0
1.2091739177703857,801,-0.103125
1.2106308937072754,802,-0.33515625
1.2125179767608643,803,-0.322265625
1.215291976928711,804,-0.167578125
1.2168588638305664,805,0.502734375
1.2184779644012451,806,-0.09023437499999999
1.220473051071167,807,-0.2578125
1.2220439910888672,808,-0.4640625
1.2236790657043457,809,-1.198828125
1.2249119281768799,810,-0.24492187499999998
1.226085901260376,811,0.0
1.2272160053253174,812,-0.5285156249999999
1.2284128665924072,813,-0.2578125
1.2295420169830322,814,0.09023437499999999
1.2306900024414062,815,-0.2578125
1.2319200038909912,816,0.012890625
1.2334859371185303,817,0.0
1.2349228858947754,818,-0.15468749999999998
1.2364790439605713,819,-0.37382812499999996
1.238041877746582,820,-1.276171875
1.2395050525665283,821,-1.65
1.2408430576324463,822,-0.012890625
1.2429988384246826,823,-0.116015625
1.2455029487609863,824,-0.37382812499999996
1.2470719814300537,825,-0.2578125
1.2489409446716309,826,-0.103125
1.2508540153503418,827,-0.012890625
1.252223014831543,828,-0.15468749999999998
1.2534289360046387,829,-0.4640625
1.2545950412750244,830,-0.515625
1.2557430267333984,831,-1.095703125
1.2569098472595215,832,-1.611328125
1.2580389976501465,833,-0.0515625
1.2591559886932373,834,-0.37382812499999996
1.2602729797363281,835,-0.4640625
1.2614119052886963,836,-0.36093749999999997
1.2627489566802979,837,-0.02578125
1.2641949653625488,838,-0.322265625
1.26572585105896,839,0.0
1.2673149108886719,840,-0.02578125
1.2687480449676514,841,-0.09023437499999999
1.2701070308685303,842,-0.399609375
1.271528959274292,843,-1.482421875
1.2741479873657227,844,-0.7476562499999999
1.275838851928711,845,0.0
1.2773430347442627,846,-0.36093749999999997
1.2795648574829102,847,-0.33515625
1.2810850143432617,848,-0.2578125
1.282343864440918,849,-0.09023437499999999
1.2835168838500977,850,-0.012890625
1.284656047821045,851,-0.09023437499999999
1.2858140468597412,852,-0.322265625
1.2869699001312256,853,-0.580078125
1.2880940437316895,854,-0.580078125
1.2892119884490967,855,-1.147265625
1.2903289794921875,856,-1.65
1.2914400100708008,857,-0.02578125
1.292747974395752,858,-0.012890625
1.2942900657653809,859,-0.451171875
1.2958970069885254,860,0.15468749999999998
1.2975890636444092,861,0.038671874999999994
1.2990758419036865,862,0.012890625
1.300441026687622,863,0.0
1.3019099235534668,864,-0.103125
1.3041598796844482,865,-0.2578125
1.3063039779663086,866,-1.46953125
1.3077878952026367,867,0.0
1.309445858001709,868,-0.20625
1.3115620613098145,869,-0.42539062499999997
1.3131139278411865,870,-0.30937499999999996
1.3143548965454102,871,-0.4125
1.3155169486999512,872,-0.2578125
1.3166530132293701,873,-0.012890625
1.317807912826538,874,-0.103125
1.3189539909362793,875,-0.4125
1.320080041885376,876,-0.5929687499999999
1.3212099075317383,877,-0.6832031249999999
1.3223638534545898,878,-1.147265625
1.3235909938812256,879,-1.6242187499999998
1.3250620365142822,880,-0.103125
