time,count,voltage
0.005134105682373047,1,0.2578125
0.006619930267333984,2,0.012890625
0.00780797004699707,3,-0.07734374999999999
0.008947134017944336,4,-0.21914062499999998
0.010069131851196289,5,-0.30937499999999996
0.011343002319335938,6,-1.069921875
0.0127410888671875,7,-1.611328125
0.014208078384399414,8,0.0
0.015739917755126953,9,-0.20625
0.017130136489868164,10,-0.21914062499999998
0.018520116806030273,11,-0.0515625
0.019758939743041992,12,-0.141796875
0.020961999893188477,13,0.02578125
0.022095918655395508,14,-0.012890625
0.023221969604492188,15,-0.02578125
0.02433300018310547,16,-0.103125
0.025475025177001953,17,-0.29648437499999997
0.026585102081298828,18,-0.21914062499999998
0.027827024459838867,19,-0.966796875
0.029241085052490234,20,-1.585546875
0.03069901466369629,21,-0.02578125
0.03220415115356445,22,-0.12890625
0.03364896774291992,23,-0.36093749999999997
0.03507709503173828,24,-0.064453125
0.03649497032165527,25,-0.23203125
0.03790402412414551,26,0.02578125
0.03941202163696289,27,-0.012890625
0.04162001609802246,28,-0.02578125
0.044033050537109375,29,-0.21914062499999998
0.04570603370666504,30,-1.1214843749999999
0.047096967697143555,31,-0.167578125
0.04888010025024414,32,-0.167578125
0.05068802833557129,33,-0.193359375
0.05204510688781738,34,-0.270703125
0.053228139877319336,35,-0.193359375
0.0543820858001709,36,0.0
0.05552101135253906,37,0.0
0.0566251277923584,38,-0.02578125
0.057734012603759766,39,-0.064453125
0.058840036392211914,40,-0.29648437499999997
0.05995512008666992,41,-0.322265625
0.06105804443359375,42,-0.992578125
0.062161922454833984,43,-1.585546875
0.06326007843017578,44,0.0
0.06434297561645508,45,-0.0515625
0.06544804573059082,46,-0.064453125
0.06654596328735352,47,-0.2578125
0.0676429271697998,48,-0.038671874999999994
0.06874608993530273,49,-0.42539062499999997
0.06986403465270996,50,-0.399609375
0.07096099853515625,51,-0.12890625
0.07205510139465332,52,0.0
0.07314205169677734,53,-0.012890625
0.07423114776611328,54,-0.064453125
0.07539892196655273,55,-0.23203125
0.07659506797790527,56,-0.193359375
0.07781696319580078,57,-0.928125
0.07922101020812988,58,-1.5597656249999998
0.08067512512207031,59,0.0
0.08217692375183105,60,-0.24492187499999998
0.08361506462097168,61,-0.193359375
0.0850679874420166,62,-0.103125
0.08652591705322266,63,-0.24492187499999998
0.08876395225524902,64,0.038671874999999994
0.09079194068908691,65,0.0
0.0921640396118164,66,-0.193359375
0.09398698806762695,67,-0.103125
0.09587907791137695,68,-1.069921875
0.0972130298614502,69,-0.02578125
0.09838509559631348,70,-0.20625
0.09950709342956543,71,-0.12890625
0.10063314437866211,72,-0.103125
0.10177493095397949,73,-0.33515625
0.10294103622436523,74,-0.37382812499999996
0.10412311553955078,75,-0.20625
0.10529303550720215,76,0.012890625
0.10641908645629883,77,-0.012890625
0.10758209228515625,78,-0.0515625
0.10896992683410645,79,-0.29648437499999997
0.11043405532836914,80,-0.20625
0.11191606521606445,81,-1.134375
0.11344194412231445,82,-0.103125
0.11479997634887695,83,-0.064453125
0.1163020133972168,84,-0.09023437499999999
0.11819601058959961,85,-0.15468749999999998
0.12057614326477051,86,-0.20625
0.1222219467163086,87,0.0
0.1235649585723877,88,-0.02578125
0.12521004676818848,89,-0.15468749999999998
0.12715601921081543,90,-0.2578125
0.12887096405029297,91,-1.018359375
0.130202054977417,92,-0.12890625
0.13139796257019043,93,-0.064453125
0.13254094123840332,94,-0.103125
0.13367295265197754,95,-0.2578125
0.13479399681091309,96,-0.167578125
0.13599514961242676,97,-0.322265625
0.13715100288391113,98,-0.20625
0.13833308219909668,99,0.0
0.1397249698638916,100,0.012890625
0.14118099212646484,101,-0.012890625
0.14262604713439941,102,-0.2578125
0.14414405822753906,103,-0.4125
0.14565706253051758,104,-1.3148437499999999
0.14710593223571777,105,0.0
0.14873504638671875,106,-0.103125
0.15119409561157227,107,-0.193359375
0.1528160572052002,108,-0.2578125
0.1544361114501953,109,0.038671874999999994
0.15657806396484375,110,0.0
0.1580219268798828,111,-0.02578125
0.15921711921691895,112,-0.15468749999999998
0.16036200523376465,113,-0.42539062499999997
0.1614820957183838,114,-1.16015625
0.16258597373962402,115,-1.65
0.1636829376220703,116,0.012890625
0.16478204727172852,117,0.0
0.1659700870513916,118,-0.103125
0.16707897186279297,119,-0.193359375
0.1682600975036621,120,-0.141796875
0.16965198516845703,121,-0.2578125
0.1710951328277588,122,-0.103125
0.1726210117340088,123,0.0
0.17414402961730957,124,-0.012890625
0.17571592330932617,125,-0.21914062499999998
0.17724204063415527,126,-0.23203125
0.17955994606018066,127,-1.16015625
0.18155908584594727,128,-0.09023437499999999
0.18298602104187012,129,-0.12890625
0.18504905700683594,130,-0.167578125
0.18680310249328613,131,-0.23203125
0.18806910514831543,132,0.012890625
0.1892249584197998,133,0.012890625
0.19035100936889648,134,-0.038671874999999994
0.19170498847961426,135,-0.20625
0.19324493408203125,136,-0.20625
0.19478106498718262,137,-0.8507812499999999
0.19638609886169434,138,-1.65
0.19766497611999512,139,-0.0515625
0.19891595840454102,140,-0.02578125
0.2003331184387207,141,-0.29648437499999997
0.20180201530456543,142,-0.07734374999999999
0.2033240795135498,143,-0.20625
0.20477795600891113,144,0.09023437499999999
0.20643115043640137,145,-0.012890625
0.20776009559631348,146,-0.02578125
0.210068941116333,147,-0.2578125
0.21197795867919922,148,-0.554296875
0.21352601051330566,149,0.012890625
0.21555495262145996,150,0.0
0.21712493896484375,151,-0.167578125
0.2183370590209961,152,-0.0515625
0.21947693824768066,153,-0.20625
0.22058606147766113,154,-0.103125
0.22174310684204102,155,0.0
0.22284197807312012,156,0.0
0.22393012046813965,157,-0.012890625
0.22504806518554688,158,-0.23203125
0.22617697715759277,159,-0.30937499999999996
0.22727203369140625,160,-0.79921875
0.22838711738586426,161,-1.405078125
0.22953510284423828,162,0.0
0.2309420108795166,163,0.0
0.2323899269104004,164,-0.0515625
0.2338869571685791,165,-0.23203125
0.2354419231414795,166,-0.07734374999999999
0.237030029296875,167,-0.09023437499999999
0.2385721206665039,168,0.0
0.24096012115478516,169,-0.012890625
0.24270200729370117,170,-0.116015625
0.244157075881958,171,-0.38671875
0.24614310264587402,172,-1.2374999999999998
0.24797892570495605,173,0.0
0.2493269443511963,174,-0.103125
0.2504870891571045,175,-0.167578125
0.2516191005706787,176,-0.29648437499999997
0.25281810760498047,177,-0.37382812499999996
0.25394392013549805,178,-0.21914062499999998
0.2550981044769287,179,0.0
0.25620198249816895,180,0.0
0.25728893280029297,181,-0.0515625
0.2583799362182617,182,-0.2578125
0.2595500946044922,183,-0.20625
0.2610189914703369,184,-0.7863281249999999
0.2625291347503662,185,-1.482421875
0.2641749382019043,186,0.0
0.26569700241088867,187,-0.20625
0.26716113090515137,188,-0.23203125
0.2686910629272461,189,-0.064453125
0.2711961269378662,190,-0.0515625
0.27300000190734863,191,0.012890625
0.2743980884552002,192,-0.012890625
0.2763350009918213,193,-0.24492187499999998
0.2782480716705322,194,-0.43828124999999996
0.2795679569244385,195,-1.6371093749999999
0.2807891368865967,196,-0.0515625
0.2819211483001709,197,-0.167578125
0.28302502632141113,198,-0.270703125
0.28412795066833496,199,-0.02578125
0.2852959632873535,200,-0.2578125
0.2864110469818115,201,-0.30937499999999996
0.2879509925842285,202,-0.103125
0.28912806510925293,203,0.0
0.2903139591217041,204,-0.012890625
0.29169607162475586,205,-0.20625
0.29323601722717285,206,-0.270703125
0.29475998878479004,207,-0.8765624999999999
0.29648804664611816,208,-1.65
0.29795193672180176,209,-0.0515625
0.29937005043029785,210,-0.064453125
0.30205297470092773,211,-0.24492187499999998
0.3043241500854492,212,-0.2578125
0.3058011531829834,213,-0.012890625
0.3072950839996338,214,-0.038671874999999994
0.30933594703674316,215,-0.193359375
0.31099510192871094,216,-0.23203125
0.31231212615966797,217,-1.3664062499999998
0.3134729862213135,218,0.0
0.31458091735839844,219,-0.038671874999999994
0.31574511528015137,220,-0.02578125
0.3169090747833252,221,-0.167578125
0.3186180591583252,222,-0.12890625
0.3198280334472656,223,-0.07734374999999999
0.32103610038757324,224,0.038671874999999994
0.32243800163269043,225,0.012890625
0.3239481449127197,226,-0.02578125
0.325667142868042,227,-0.167578125
0.3272740840911865,228,-0.167578125
0.328794002532959,229,-1.134375
0.33022308349609375,230,-0.116015625
0.3315439224243164,231,-0.0515625
0.3340611457824707,232,-0.20625
0.33594202995300293,233,-0.0515625
0.33735108375549316,234,0.15468749999999998
0.3390920162200928,235,0.0
0.34114694595336914,236,-0.038671874999999994
0.3425331115722656,237,-0.193359375
0.34371495246887207,238,-0.37382812499999996
0.34494996070861816,239,-1.1859374999999999
0.34612393379211426,240,-1.5597656249999998
0.34725308418273926,241,-0.02578125
0.3484070301055908,242,-0.09023437499999999
0.3495140075683594,243,-0.193359375
0.3506479263305664,244,-0.103125
0.3518249988555908,245,-0.33515625
0.3532280921936035,246,-0.36093749999999997
0.35471200942993164,247,-0.103125
0.3563251495361328,248,0.0
0.3579690456390381,249,-0.012890625
0.3594400882720947,250,-0.20625
0.36087799072265625,251,-0.502734375
0.3630969524383545,252,-1.340625
0.3662850856781006,253,-0.012890625
0.36789894104003906,254,-0.116015625
0.36991095542907715,255,-0.20625
0.37149500846862793,256,0.15468749999999998
0.37283897399902344,257,-0.012890625
0.374021053314209,258,-0.012890625
0.3751969337463379,259,-0.2578125
0.37634897232055664,260,-0.23203125
0.37746095657348633,261,-0.837890625
0.3785569667816162,262,-1.46953125
0.3796529769897461,263,0.0
0.3807849884033203,264,0.0
0.3819561004638672,265,-0.141796875
0.3833930492401123,266,-0.2578125
0.3849020004272461,267,0.0
0.3864481449127197,268,-0.322265625
0.38810300827026367,269,-0.012890625
0.3896050453186035,270,0.0
0.3910961151123047,271,-0.012890625
0.3929440975189209,272,-0.2578125
0.39534592628479004,273,-0.4125
0.39696192741394043,274,-0.24492187499999998
0.3984971046447754,275,-0.15468749999999998
0.4003770351409912,276,-0.20625
0.4021170139312744,277,-0.103125
0.40346503257751465,278,-0.0515625
0.4046499729156494,279,0.0
0.4059300422668457,280,-0.012890625
0.4071009159088135,281,-0.02578125
0.40825510025024414,282,-0.193359375
0.40936803817749023,283,-0.2578125
0.41057515144348145,284,-0.6703125
0.4117450714111328,285,-1.2890625
0.4129760265350342,286,0.012890625
0.41445302963256836,287,-0.0515625
0.41590404510498047,288,-0.012890625
0.41742491722106934,289,-0.20625
0.41893911361694336,290,-0.30937499999999996
0.4204690456390381,291,-0.167578125
0.4220740795135498,292,0.012890625
0.42467713356018066,293,-0.02578125
0.42652201652526855,294,-0.141796875
0.4279811382293701,295,-0.7734375
0.4298520088195801,296,-1.533984375
0.4317610263824463,297,-0.0515625
0.4330720901489258,298,-0.15468749999999998
0.43424296379089355,299,-0.103125
0.4359109401702881,300,-0.30937499999999996
0.43709397315979004,301,-0.064453125
0.4382939338684082,302,0.0
0.4394049644470215,303,0.0
0.44050002098083496,304,-0.02578125
0.44159698486328125,305,-0.23203125
0.4426860809326172,306,-0.21914062499999998
0.4439229965209961,307,-0.64453125
0.44656991958618164,308,-1.327734375
0.44850611686706543,309,-0.064453125
0.449970006942749,310,-0.24492187499999998
0.45134401321411133,311,-0.116015625
0.4528200626373291,312,-0.37382812499999996
0.45781803131103516,313,-0.167578125
0.4595649242401123,314,0.012890625
0.46170997619628906,315,-0.4640625
0.46347999572753906,316,-1.5597656249999998
0.46476197242736816,317,-0.064453125
0.4660170078277588,318,-0.141796875
0.4671449661254883,319,-0.167578125
0.46829795837402344,320,-0.2578125
0.46942591667175293,321,-0.36093749999999997
0.4705541133880615,322,-0.20625
0.4716620445251465,323,-0.012890625
0.4727909564971924,324,-0.012890625
0.4739871025085449,325,-0.012890625
0.4754030704498291,326,-0.2578125
0.4768950939178467,327,-0.20625
0.4785640239715576,328,-0.992578125
0.48011207580566406,329,-0.0515625
0.4815361499786377,330,-0.0515625
0.48291993141174316,331,-0.12890625
0.4846169948577881,332,-0.15468749999999998
0.4874899387359619,333,-0.20625
0.4891319274902344,334,0.0
0.4906620979309082,335,-0.012890625
0.49268007278442383,336,-0.167578125
0.4944169521331787,337,-0.30937499999999996
0.4957160949707031,338,-1.405078125
0.49688196182250977,339,0.0
0.49800801277160645,340,-0.103125
0.4991180896759033,341,-0.12890625
0.5002460479736328,342,-0.20625
0.5013821125030518,343,-0.21914062499999998
0.5025389194488525,344,-0.36093749999999997
0.5036671161651611,345,-0.28359375
0.5049550533294678,346,0.012890625
0.5063779354095459,347,-0.012890625
0.5079169273376465,348,-0.012890625
0.5098559856414795,349,-0.18046874999999998
0.5115029811859131,350,-0.605859375
0.5129530429840088,351,-1.5726562499999999
0.5144500732421875,352,0.0
0.516319990158081,353,-0.167578125
0.5188560485839844,354,-0.20625
0.5205011367797852,355,-0.064453125
0.5220551490783691,356,-0.012890625
0.5241069793701172,357,0.0
0.5257370471954346,358,-0.15468749999999998
0.5270481109619141,359,-0.24492187499999998
0.5282189846038818,360,-1.134375
0.529350996017456,361,-1.65
0.5304610729217529,362,0.0
0.5315499305725098,363,-0.193359375
0.532649040222168,364,-0.20625
0.5337910652160645,365,-0.20625
0.5350589752197266,366,-0.20625
0.5365221500396729,367,-0.29648437499999997
0.5380089282989502,368,-0.012890625
0.5395469665527344,369,-0.02578125
0.5412490367889404,370,-0.012890625
0.5427150726318359,371,-0.23203125
0.5441439151763916,372,-0.42539062499999997
0.5458500385284424,373,-1.2890625
0.5484490394592285,374,0.0
0.5500750541687012,375,0.0
0.5514791011810303,376,-0.103125
0.5534210205078125,377,-0.33515625
0.5552680492401123,378,0.07734374999999999
0.5566279888153076,379,-0.012890625
0.5578601360321045,380,-0.0515625
0.5590009689331055,381,-0.270703125
0.5601141452789307,382,-0.399609375
0.5612170696258545,383,-1.10859375
0.5623209476470947,384,-1.65
0.5634059906005859,385,0.0
0.564521074295044,386,-0.12890625
0.5657401084899902,387,-0.07734374999999999
0.5671651363372803,388,-0.167578125
0.5686690807342529,389,-0.103125
0.5702641010284424,390,-0.116015625
0.5719521045684814,391,0.0
0.5734479427337646,392,-0.012890625
0.5749361515045166,393,-0.0515625
0.5774259567260742,394,-0.24492187499999998
0.5791280269622803,395,-1.03125
0.5806801319122314,396,0.0
0.5828099250793457,397,-0.20625
0.5843820571899414,398,-0.167578125
0.5856261253356934,399,-0.20625
0.5867669582366943,400,-0.167578125
0.5879371166229248,401,0.0
0.5890450477600098,402,-0.012890625
0.5901870727539062,403,-0.0515625
0.5912940502166748,404,-0.167578125
0.5924010276794434,405,-0.24492187499999998
0.593501091003418,406,-0.43828124999999996
0.5946009159088135,407,-1.16015625
0.5958230495452881,408,-1.65
0.5972819328308105,409,0.038671874999999994
0.5987639427185059,410,-0.20625
0.6003191471099854,411,-0.12890625
0.6018741130828857,412,-0.038671874999999994
0.6033289432525635,413,-0.167578125
0.6049420833587646,414,0.09023437499999999
0.6072099208831787,415,-0.012890625
0.60959792137146,416,-0.0515625
0.611098051071167,417,-0.42539062499999997
0.6127059459686279,418,-1.405078125
0.6149399280548096,419,0.0
0.6165289878845215,420,0.0
0.617772102355957,421,-0.103125
0.6189389228820801,422,-0.4125
0.6200840473175049,423,-0.322265625
0.6212420463562012,424,0.0
0.6223709583282471,425,-0.012890625
0.6234710216522217,426,-0.02578125
0.624567985534668,427,-0.18046874999999998
0.6257650852203369,428,-0.322265625
0.627169132232666,429,-0.4125
0.6287000179290771,430,-1.2503906249999999
0.630324125289917,431,-0.15468749999999998
0.6319119930267334,432,-0.012890625
0.6334359645843506,433,-0.167578125
0.635016918182373,434,-0.103125
0.6370971202850342,435,-0.2578125
0.6395199298858643,436,0.103125
0.6410391330718994,437,-0.02578125
0.6424980163574219,438,-0.2578125
0.6444430351257324,439,-0.33515625
0.6462819576263428,440,-1.353515625
0.6475639343261719,441,-0.0515625
0.6487789154052734,442,-0.103125
0.6498990058898926,443,-0.270703125
0.6510250568389893,444,-0.103125
0.652137041091919,445,-0.4640625
0.6537539958953857,446,-0.4125
0.6550209522247314,447,0.0
0.6562619209289551,448,-0.012890625
0.6576969623565674,449,-0.0515625
0.6591269969940186,450,-0.21914062499999998
0.6608221530914307,451,-0.37382812499999996
0.6625139713287354,452,-1.26328125
0.6640720367431641,453,0.012890625
0.665687084197998,454,-0.23203125
0.6681880950927734,455,-0.193359375
0.6702251434326172,456,-0.322265625
0.671666145324707,457,0.21914062499999998
0.6735050678253174,458,0.0
0.6753740310668945,459,-0.0515625
0.6767430305480957,460,-0.12890625
0.6779820919036865,461,-0.928125
0.6791441440582275,462,-1.611328125
0.6803250312805176,463,0.0
0.6814470291137695,464,-0.18046874999999998
0.6825549602508545,465,-0.09023437499999999
0.6836600303649902,466,-0.23203125
0.6848061084747314,467,-0.0515625
0.6859910488128662,468,-0.28359375
0.6872410774230957,469,-0.20625
0.6886601448059082,470,0.012890625
0.6901109218597412,471,0.0
0.6916501522064209,472,-0.064453125
0.693371057510376,473,-0.18046874999999998
0.6949419975280762,474,-0.8765624999999999
0.6965150833129883,475,-1.65
0.698897123336792,476,-0.012890625
0.7008090019226074,477,-0.23203125
0.7023601531982422,478,-0.348046875
0.7043941020965576,479,-0.20625
0.7059509754180908,480,-0.012890625
0.7071890830993652,481,-0.02578125
0.708428144454956,482,-0.20625
0.7095670700073242,483,-0.20625
0.7107160091400146,484,-0.7734375
0.7118511199951172,485,-1.4308593749999998
0.7129690647125244,486,-0.116015625
0.7140729427337646,487,0.0
0.7151849269866943,488,-0.20625
0.7163059711456299,489,-0.193359375
0.7175021171569824,490,-0.15468749999999998
0.7189509868621826,491,-0.270703125
0.720444917678833,492,-0.20625
0.721998929977417,493,0.0
0.7235240936279297,494,-0.012890625
0.7252371311187744,495,-0.103125
0.7267370223999023,496,-0.2578125
0.7286150455474854,497,-0.90234375
0.7309820652008057,498,-1.65
0.7326209545135498,499,-0.116015625
0.7342331409454346,500,-0.20625
0.7361891269683838,501,-0.37382812499999996
0.7379310131072998,502,-0.02578125
0.7392330169677734,503,0.012890625
0.740515947341919,504,-0.0515625
0.7417230606079102,505,-0.20625
0.7428939342498779,506,-0.2578125
0.7440431118011475,507,-0.8121093749999999
0.7452161312103271,508,-1.405078125
0.7463269233703613,509,-0.141796875
0.7475240230560303,510,-0.064453125
0.7489659786224365,511,-0.15468749999999998
0.7505080699920654,512,-0.21914062499999998
0.7520661354064941,513,-0.103125
0.7536561489105225,514,-0.15468749999999998
0.7551620006561279,515,0.012890625
0.7568271160125732,516,0.0
0.7587361335754395,517,-0.064453125
0.7612531185150146,518,-0.18046874999999998
0.7628049850463867,519,-1.327734375
0.7643661499023438,520,0.0
0.7663850784301758,521,-0.23203125
0.7680160999298096,522,-0.167578125
0.7692890167236328,523,-0.348046875
0.7704830169677734,524,-0.20625
0.7716119289398193,525,-0.012890625
0.7728040218353271,526,-0.012890625
0.7739441394805908,527,-0.02578125
0.7750840187072754,528,-0.21914062499999998
0.7762279510498047,529,-0.20625
0.7773439884185791,530,-0.7734375
0.7785871028900146,531,-1.405078125
0.7800319194793701,532,-0.09023437499999999
0.7815790176391602,533,0.0
0.7830770015716553,534,-0.116015625
0.7846939563751221,535,-0.103125
0.7862980365753174,536,-0.37382812499999996
0.7878410816192627,537,-0.064453125
0.7896831035614014,538,0.0
0.7923190593719482,539,-0.02578125
0.7939231395721436,540,-0.0515625
0.7953541278839111,541,-1.0570312499999999
0.7973549365997314,542,0.0
0.7991650104522705,543,-0.103125
0.8004660606384277,544,-0.21914062499999998
0.8016541004180908,545,-0.20625
0.8027961254119873,546,-0.29648437499999997
0.8039829730987549,547,-0.167578125
0.8051409721374512,548,0.012890625
0.8063490390777588,549,0.0
0.8074641227722168,550,-0.02578125
0.8086769580841064,551,-0.30937499999999996
0.8101050853729248,552,-0.20625
0.8115329742431641,553,-0.966796875
0.8132169246673584,554,-1.65
0.8147599697113037,555,-0.103125
0.8163280487060547,556,-0.064453125
0.8178751468658447,557,-0.18046874999999998
0.820235013961792,558,-0.193359375
0.8223669528961182,559,0.09023437499999999
0.8238930702209473,560,-0.02578125
0.8255300521850586,561,-0.18046874999999998
0.8275480270385742,562,-0.20625
0.8291349411010742,563,-1.16015625
0.8304381370544434,564,0.0
0.8315999507904053,565,-0.167578125
0.8327219486236572,566,-0.167578125
0.8338339328765869,567,-0.167578125
0.8350169658660889,568,-0.30937499999999996
0.8361589908599854,569,-0.4125
0.8373129367828369,570,-0.23203125
0.838433027267456,571,0.0
0.8396179676055908,572,-0.012890625
0.8410711288452148,573,-0.02578125
0.8453681468963623,574,-0.20625
0.8470511436462402,575,-0.38671875
0.8485090732574463,576,-0.103125
0.850243091583252,577,-0.23203125
0.8525829315185547,578,-0.12890625
0.8542640209197998,579,0.09023437499999999
0.8557441234588623,580,0.0
0.8576149940490723,581,-0.02578125
0.8597469329833984,582,-0.20625
0.861238956451416,583,-0.4125
0.8624460697174072,584,-1.46953125
0.8635759353637695,585,0.0
0.8646759986877441,586,-0.09023437499999999
0.8658671379089355,587,-0.116015625
0.8669860363006592,588,-0.103125
0.8680930137634277,589,-0.0515625
0.8692030906677246,590,-0.29648437499999997
0.8704519271850586,591,-0.24492187499999998
0.8719069957733154,592,0.0
0.873358964920044,593,-0.012890625
0.8749339580535889,594,-0.064453125
0.8765740394592285,595,-0.21914062499999998
0.8782029151916504,596,-0.825
0.8799769878387451,597,-1.65
0.882396936416626,598,0.02578125
0.8839619159698486,599,-0.2578125
0.8854079246520996,600,-0.193359375
0.8874180316925049,601,-0.167578125
0.88932204246521,602,0.0
0.8906540870666504,603,-0.02578125
0.8918659687042236,604,-0.2578125
0.8930480480194092,605,-0.23203125
0.8942279815673828,606,-0.825
0.8954401016235352,607,-1.46953125
0.8965649604797363,608,-0.02578125
0.897676944732666,609,-0.0515625
0.8987720012664795,610,-0.064453125
0.8998911380767822,611,-0.2578125
0.901116132736206,612,-0.07734374999999999
0.9026150703430176,613,-0.4125
0.9041049480438232,614,-0.167578125
0.9057440757751465,615,0.0
0.9072210788726807,616,-0.012890625
0.9087450504302979,617,-0.064453125
0.910275936126709,618,-0.012890625
0.9127359390258789,619,-0.825
0.9145729541778564,620,-0.12890625
0.9162020683288574,621,0.0
0.9186251163482666,622,-0.20625
0.9204471111297607,623,-0.07734374999999999
0.9217419624328613,624,0.012890625
0.9229109287261963,625,-0.012890625
0.9240660667419434,626,-0.02578125
0.9252359867095947,627,-0.18046874999999998
0.9263899326324463,628,-0.18046874999999998
0.9275100231170654,629,-0.79921875
0.9286079406738281,630,-1.41796875
0.9297080039978027,631,-0.02578125
0.9307999610900879,632,-0.103125
0.9320261478424072,633,-0.2578125
0.9335010051727295,634,-0.23203125
0.9350509643554688,635,0.0
0.9366140365600586,636,-0.23203125
0.9381649494171143,637,0.09023437499999999
0.9395649433135986,638,-0.012890625
0.9410030841827393,639,-0.012890625
0.9428560733795166,640,-0.20625
0.9452500343322754,641,-0.29648437499999997
0.9468729496002197,642,-1.03125
0.9482510089874268,643,-0.064453125
0.9499800205230713,644,-0.20625
0.9521050453186035,645,-0.116015625
0.9537880420684814,646,-0.167578125
0.9550521373748779,647,0.0
0.9562170505523682,648,0.0
0.9573850631713867,649,-0.012890625
0.9585130214691162,650,-0.2578125
0.9596290588378906,651,-0.193359375
0.9607369899749756,652,-0.7863281249999999
0.9619269371032715,653,-1.405078125
0.9633400440216064,654,0.0
0.9649059772491455,655,-0.0515625
0.9665789604187012,656,-0.116015625
0.9681601524353027,657,-0.103125
0.9696640968322754,658,-0.322265625
0.9711711406707764,659,-0.0515625
0.9730911254882812,660,-0.012890625
0.9755909442901611,661,-0.038671874999999994
0.9771621227264404,662,-0.09023437499999999
0.9785671234130859,663,-1.044140625
0.9804279804229736,664,-0.064453125
0.9823501110076904,665,-0.103125
0.983659029006958,666,-0.21914062499999998
0.984947919845581,667,-0.103125
0.9861040115356445,668,-0.24492187499999998
0.9872660636901855,669,-0.103125
0.9884190559387207,670,-0.012890625
0.9895370006561279,671,-0.012890625
