time,count,voltage
0.005366802215576172,1,-1.46953125
0.006913900375366211,2,-0.0515625
0.008314847946166992,3,-0.103125
0.009676933288574219,4,-0.193359375
0.011032819747924805,5,-0.33515625
0.01260685920715332,6,-0.20625
0.014335870742797852,7,0.012890625
0.01601099967956543,8,-0.012890625
0.017757892608642578,9,-0.2578125
0.019330978393554688,10,-0.322265625
0.02098989486694336,11,-1.198828125
0.02251291275024414,12,-0.012890625
0.023916959762573242,13,-0.116015625
0.025276899337768555,14,-0.20625
0.026625871658325195,15,-0.20625
0.02809882164001465,16,-0.21914062499999998
0.029781818389892578,17,-0.0515625
0.031500816345214844,18,0.012890625
0.03319382667541504,19,-0.02578125
0.03504800796508789,20,-0.322265625
0.036804914474487305,21,-0.631640625
0.03841590881347656,22,-1.6242187499999998
0.04004502296447754,23,-0.02578125
0.0417017936706543,24,-0.116015625
0.04354381561279297,25,-0.23203125
0.04606986045837402,26,-0.167578125
0.04870486259460449,27,0.270703125
0.05043482780456543,28,-0.038671874999999994
0.052130937576293945,29,-0.37382812499999996
0.054251909255981445,30,-0.8765624999999999
0.056465864181518555,31,0.0
0.0582578182220459,32,-0.193359375
0.059767961502075195,33,-0.2578125
0.0611720085144043,34,-0.322265625
0.06261682510375977,35,-0.193359375
0.06400895118713379,36,0.0
0.06535196304321289,37,-0.02578125
0.06670594215393066,38,-0.07734374999999999
0.06805801391601562,39,-0.36093749999999997
0.06940984725952148,40,-0.580078125
0.07075381278991699,41,-1.353515625
0.07220983505249023,42,0.0
0.07358884811401367,43,-0.0515625
0.07483482360839844,44,-0.116015625
0.07595300674438477,45,-0.167578125
0.07706785202026367,46,-0.012890625
0.07839393615722656,47,-0.23203125
0.07967185974121094,48,-0.103125
0.0808408260345459,49,0.012890625
0.08196783065795898,50,-0.012890625
0.08314895629882812,51,-0.09023437499999999
0.08435988426208496,52,-0.399609375
0.08554697036743164,53,-0.38671875
0.08694100379943848,54,-1.134375
0.08838486671447754,55,-1.65
0.08991694450378418,56,-0.02578125
0.0915079116821289,57,-0.103125
0.09297299385070801,58,-0.270703125
0.0944068431854248,59,-0.37382812499999996
0.09623193740844727,60,-0.20625
0.09859180450439453,61,0.0
0.10017085075378418,62,-0.02578125
0.10153985023498535,63,-0.37382812499999996
0.10332393646240234,64,-0.5929687499999999
0.10524582862854004,65,-1.482421875
0.10662579536437988,66,0.0
0.1078178882598877,67,-0.0515625
0.10901999473571777,68,-0.43828124999999996
0.11015892028808594,69,-0.141796875
0.1112668514251709,70,-0.37382812499999996
0.11239981651306152,71,-0.24492187499999998
0.11353182792663574,72,0.0
0.11472201347351074,73,-0.012890625
0.11610794067382812,74,-0.012890625
0.11757588386535645,75,-0.30937499999999996
0.11902689933776855,76,-0.4125
0.1206200122833252,77,-1.1214843749999999
0.12203788757324219,78,0.0
0.12356781959533691,79,-0.09023437499999999
0.12527894973754883,80,-0.064453125
0.12763690948486328,81,-0.2578125
0.12916779518127441,82,-0.15468749999999998
0.13085389137268066,83,-0.012890625
0.13289785385131836,84,-0.012890625
0.13436484336853027,85,-0.20625
0.13557791709899902,86,-0.33515625
0.13672685623168945,87,-1.095703125
0.13785982131958008,88,-1.65
0.13898587226867676,89,0.0
0.14010095596313477,90,-0.141796875
0.14120793342590332,91,-0.012890625
0.14233088493347168,92,-0.29648437499999997
0.14345002174377441,93,-0.167578125
0.14461278915405273,94,-0.37382812499999996
0.14598584175109863,95,-0.270703125
0.1474628448486328,96,0.012890625
0.14889001846313477,97,-0.012890625
0.1504678726196289,98,-0.103125
0.15188097953796387,99,-0.36093749999999997
0.15336084365844727,100,-0.90234375
0.15484285354614258,101,-1.65
0.1573169231414795,102,0.0
0.1588888168334961,103,-0.02578125
0.16031980514526367,104,-0.12890625
0.16234087944030762,105,-0.33515625
0.16400885581970215,106,0.116015625
0.16531586647033691,107,0.0
0.16648101806640625,108,-0.0515625
0.16760993003845215,109,-0.36093749999999997
0.16872096061706543,110,-0.348046875
0.16982197761535645,111,-1.0570312499999999
0.1709280014038086,112,-1.65
0.1720428466796875,113,0.0
0.1732168197631836,114,-0.02578125
0.17433500289916992,115,-0.02578125
0.17551398277282715,116,-0.4125
0.17686796188354492,117,-0.193359375
0.1783008575439453,118,-0.37382812499999996
0.17982792854309082,119,-0.103125
0.181427001953125,120,0.012890625
0.18293094635009766,121,-0.0515625
0.1843118667602539,122,-0.322265625
0.1862189769744873,123,-0.33515625
0.18838000297546387,124,-1.147265625
0.18980884552001953,125,0.0
0.19144201278686523,126,-0.064453125
0.1934049129486084,127,-0.4125
0.19495081901550293,128,-0.24492187499999998
0.19622588157653809,129,0.09023437499999999
0.19740796089172363,130,0.0
0.19852900505065918,131,-0.012890625
0.19964885711669922,132,-0.0515625
0.20075201988220215,133,-0.4125
0.20184683799743652,134,-0.451171875
0.20297980308532715,135,-0.992578125
0.20409393310546875,136,-1.611328125
0.20520281791687012,137,0.0
0.20637893676757812,138,-0.012890625
0.2077479362487793,139,-0.0515625
0.2092130184173584,140,-0.33515625
0.21065688133239746,141,-0.103125
0.2123258113861084,142,-0.18046874999999998
0.21380281448364258,143,0.0
0.21515178680419922,144,-0.012890625
0.21684885025024414,145,-0.02578125
0.2192378044128418,146,-0.36093749999999997
0.2207508087158203,147,-1.1214843749999999
0.22233796119689941,148,0.0
0.2243039608001709,149,-0.12890625
0.2259387969970703,150,-0.2578125
0.227219820022583,151,-0.103125
0.2283778190612793,152,-0.20625
0.2295379638671875,153,-0.0515625
0.23065400123596191,154,0.0
0.23175787925720215,155,-0.012890625
0.23289179801940918,156,-0.02578125
0.23400092124938965,157,-0.322265625
0.2351059913635254,158,-0.4125
0.23621487617492676,159,-0.9796874999999999
0.23740291595458984,160,-1.5597656249999998
0.23876380920410156,161,0.0
0.24023079872131348,162,-0.09023437499999999
0.2416858673095703,163,-0.12890625
0.24327898025512695,164,-0.20625
0.2447199821472168,165,-0.20625
0.24613094329833984,166,-0.0515625
0.24778985977172852,167,-0.012890625
0.2502248287200928,168,-0.0515625
0.25176286697387695,169,-0.33515625
0.2532539367675781,170,-0.79921875
0.2552018165588379,171,-1.5597656249999998
0.25697898864746094,172,0.0
0.2582838535308838,173,-0.15468749999999998
0.25946998596191406,174,-0.103125
0.26061391830444336,175,-0.36093749999999997
0.2617478370666504,176,-0.36093749999999997
0.2629208564758301,177,-0.15468749999999998
0.26407384872436523,178,0.012890625
0.26518893241882324,179,-0.0515625
0.26628899574279785,180,-0.09023437499999999
0.26747894287109375,181,-0.4125
0.2688429355621338,182,-0.42539062499999997
0.27030396461486816,183,-1.0828125
0.2718019485473633,184,-1.1214843749999999
0.2734827995300293,185,-0.02578125
0.2749350070953369,186,-0.012890625
0.27635693550109863,187,-0.270703125
0.27818894386291504,188,-0.33515625
0.28036999702453613,189,-0.15468749999999998
0.281810998916626,190,-0.0515625
0.28342485427856445,191,-0.103125
0.28536295890808105,192,-0.4125
0.2869589328765869,193,-0.734765625
0.2882378101348877,194,-1.4437499999999999
0.2894158363342285,195,0.0
0.29053282737731934,196,-0.23203125
0.291658878326416,197,-0.24492187499999998
0.2928638458251953,198,-0.2578125
0.29402780532836914,199,-0.37382812499999996
0.29515600204467773,200,-0.36093749999999997
0.2962648868560791,201,-0.15468749999999998
0.2974398136138916,202,-0.012890625
0.2988100051879883,203,-0.07734374999999999
0.3002738952636719,204,-0.167578125
0.3017399311065674,205,-0.476953125
0.3034780025482178,206,-0.8507812499999999
0.30489683151245117,207,-1.65
0.30623388290405273,208,0.0
0.3079569339752197,209,-0.103125
0.31032800674438477,210,-0.322265625
0.31182384490966797,211,-0.12890625
0.31348180770874023,212,0.116015625
0.31545281410217285,213,-0.0515625
0.3170619010925293,214,-0.15468749999999998
0.318342924118042,215,-0.4125
0.31950998306274414,216,-0.8507812499999999
0.3206369876861572,217,-1.4953124999999998
0.3217499256134033,218,-0.012890625
0.32288479804992676,219,-0.02578125
0.3240199089050293,220,-0.167578125
0.3256528377532959,221,-0.2578125
0.326840877532959,222,-0.116015625
0.32801079750061035,223,-0.36093749999999997
0.3294107913970947,224,-0.21914062499999998
0.3308699131011963,225,0.0
0.33240795135498047,226,-0.064453125
0.33402180671691895,227,-0.20625
0.3354208469390869,228,-0.37382812499999996
0.33680081367492676,229,-1.00546875
0.3385000228881836,230,-1.65
0.3408668041229248,231,0.0
0.3424239158630371,232,-0.2578125
0.3438229560852051,233,-0.167578125
0.3456590175628662,234,-0.23203125
0.3474898338317871,235,0.0
0.3488168716430664,236,-0.02578125
0.3499948978424072,237,-0.167578125
0.35119080543518066,238,-0.451171875
0.35236692428588867,239,-0.54140625
0.35350990295410156,240,-1.276171875
0.3546309471130371,241,-0.8121093749999999
0.3557448387145996,242,0.0
0.35685300827026367,243,-0.20625
0.3580160140991211,244,-0.167578125
0.35939598083496094,245,-0.33515625
0.36083388328552246,246,-0.167578125
0.36248087882995605,247,-0.103125
0.36406397819519043,248,0.0
0.365541934967041,249,-0.012890625
0.3669559955596924,250,-0.09023437499999999
0.36838579177856445,251,-0.4125
0.3706488609313965,252,-0.79921875
0.37256383895874023,253,-1.65
0.3740389347076416,254,-0.15468749999999998
0.3755378723144531,255,-0.270703125
0.3774688243865967,256,-0.103125
0.3791849613189697,257,-0.193359375
0.38049983978271484,258,0.0
0.38166189193725586,259,0.0
0.3828299045562744,260,-0.012890625
0.3839738368988037,261,-0.33515625
0.38509082794189453,262,-0.43828124999999996
0.38620686531066895,263,-0.95390625
0.3873119354248047,264,-1.5726562499999999
0.3885209560394287,265,0.0
0.3898909091949463,266,-0.116015625
0.39135193824768066,267,-0.02578125
0.392913818359375,268,-0.2578125
0.3944418430328369,269,-0.37382812499999996
0.3958740234375,270,-0.167578125
0.397244930267334,271,0.012890625
0.39865684509277344,272,-0.012890625
0.40114784240722656,273,-0.0515625
0.4029848575592041,274,-0.322265625
0.4044039249420166,275,-1.340625
0.4059109687805176,276,0.0
0.40785694122314453,277,-0.141796875
0.40949201583862305,278,-0.29648437499999997
0.41077494621276855,279,-0.33515625
0.4119539260864258,280,-0.23203125
0.41320300102233887,281,-0.012890625
0.4143378734588623,282,-0.012890625
0.41545581817626953,283,-0.09023437499999999
0.41657090187072754,284,-0.12890625
0.4176769256591797,285,-0.37382812499999996
0.4188549518585205,286,-0.476953125
0.4202148914337158,287,-1.198828125
0.42169880867004395,288,-1.65
0.4231438636779785,289,0.0
0.4246959686279297,290,-0.0515625
0.4260828495025635,291,-0.20625
0.4274258613586426,292,-0.2578125
0.4287698268890381,293,-0.21914062499999998
0.43126583099365234,294,0.0
0.43299078941345215,295,-0.012890625
0.4343428611755371,296,-0.29648437499999997
0.43605685234069824,297,-0.322265625
0.43802499771118164,298,-1.224609375
0.43947601318359375,299,0.0
0.440673828125,300,-0.116015625
0.4418189525604248,301,-0.38671875
0.44297194480895996,302,-0.02578125
0.44410085678100586,303,-0.2578125
0.44521188735961914,304,-0.24492187499999998
0.4463520050048828,305,-0.012890625
0.44745492935180664,306,0.012890625
0.4485599994659424,307,-0.012890625
0.4497249126434326,308,-0.0515625
0.45108985900878906,309,-0.4125
0.4526028633117676,310,-0.42539062499999997
0.45406293869018555,311,-1.3148437499999999
0.4556598663330078,312,0.0
0.45705294609069824,313,-0.064453125
0.4584188461303711,314,-0.12890625
0.46011996269226074,315,-0.21914062499999998
0.46257901191711426,316,-0.20625
0.46414685249328613,317,0.012890625
0.4655039310455322,318,-0.012890625
0.46731996536254883,319,-0.103125
0.46922779083251953,320,-0.4125
0.4707059860229492,321,-1.16015625
0.4719359874725342,322,0.0
0.4731578826904297,323,-0.0515625
0.47429585456848145,324,0.0
0.4754209518432617,325,-0.348046875
0.4765639305114746,326,-0.12890625
0.47767186164855957,327,-0.43828124999999996
0.4787898063659668,328,-0.348046875
0.47998499870300293,329,0.012890625
0.4813549518585205,330,0.0
0.48290181159973145,331,-0.0515625
0.48435091972351074,332,-0.2578125
0.48598599433898926,333,-0.33515625
0.48744797706604004,334,-1.2503906249999999
0.48885202407836914,335,-0.103125
0.49034690856933594,336,-0.103125
0.4928019046783447,337,-0.0515625
0.4945659637451172,338,-0.064453125
0.49596285820007324,339,0.116015625
0.4976208209991455,340,0.012890625
0.49959778785705566,341,-0.012890625
0.501230001449585,342,-0.2578125
0.502532958984375,343,-0.43828124999999996
0.5037178993225098,344,-1.3019531249999998
0.504835844039917,345,0.0
0.5060780048370361,346,-0.02578125
0.5073568820953369,347,-0.20625
0.5086469650268555,348,-0.2578125
0.5152809619903564,349,-0.103125
0.5239138603210449,350,-0.33515625
0.5255789756774902,351,-0.07734374999999999
0.5269358158111572,352,-0.15468749999999998
0.5285489559173584,353,-0.322265625
0.5305488109588623,354,-0.02578125
0.5319838523864746,355,-0.012890625
0.5333240032196045,356,-0.07734374999999999
0.53448486328125,357,-0.4125
0.5356049537658691,358,-0.554296875
0.5367050170898438,359,-1.276171875
0.53780198097229,360,-1.65
0.5388870239257812,361,0.0
0.539982795715332,362,-0.012890625
0.5412108898162842,363,-0.116015625
0.5426499843597412,364,-0.43828124999999996
0.544104814529419,365,-0.02578125
0.5456697940826416,366,-0.0515625
0.5471599102020264,367,0.0
0.5485680103302002,368,0.0
0.549980878829956,369,-0.02578125
0.5513298511505127,370,-0.399609375
0.553764820098877,371,-0.605859375
0.5556788444519043,372,-1.65
0.5571329593658447,373,-0.012890625
0.5587120056152344,374,-0.167578125
0.5606429576873779,375,-0.29648437499999997
0.5623979568481445,376,-0.30937499999999996
0.5637049674987793,377,-0.012890625
0.5648818016052246,378,0.0
0.5660238265991211,379,-0.012890625
0.5671448707580566,380,-0.28359375
0.5682477951049805,381,-0.42539062499999997
0.5693559646606445,382,-0.9152343749999999
0.5704607963562012,383,-1.4953124999999998
0.5716509819030762,384,0.0
0.5730538368225098,385,-0.07734374999999999
0.5745229721069336,386,-0.15468749999999998
0.5759708881378174,387,-0.23203125
0.5775299072265625,388,-0.103125
0.5789577960968018,389,-0.038671874999999994
0.5803818702697754,390,0.0
0.5818300247192383,391,0.0
0.5844118595123291,392,-0.0515625
0.586162805557251,393,-0.28359375
0.5875589847564697,394,-1.2890625
0.5891950130462646,395,0.0
0.5911159515380859,396,-0.07734374999999999
0.5927770137786865,397,-0.322265625
0.5940279960632324,398,-0.36093749999999997
0.5951929092407227,399,-0.2578125
0.5963377952575684,400,-0.0515625
0.5974729061126709,401,0.0
0.5985770225524902,402,-0.012890625
0.5997710227966309,403,-0.09023437499999999
0.600942850112915,404,-0.399609375
0.6022028923034668,405,-0.4125
0.6036310195922852,406,-1.16015625
0.605111837387085,407,-0.36093749999999997
0.6064999103546143,408,-0.038671874999999994
0.6080358028411865,409,-0.103125
0.6095218658447266,410,-0.322265625
0.6108529567718506,411,-0.36093749999999997
0.6123208999633789,412,-0.20625
0.6143848896026611,413,0.012890625
0.6165180206298828,414,-0.012890625
0.617933988571167,415,-0.322265625
0.6196157932281494,416,-0.54140625
0.6215629577636719,417,-1.456640625
0.6231098175048828,418,0.0
0.6243569850921631,419,-0.116015625
0.6255769729614258,420,-0.43828124999999996
0.6267728805541992,421,-0.12890625
0.6279299259185791,422,-0.322265625
0.629065990447998,423,-0.193359375
0.6301798820495605,424,0.012890625
0.6312799453735352,425,0.0
0.6324639320373535,426,-0.012890625
0.6338698863983154,427,-0.2578125
0.6353638172149658,428,-0.43828124999999996
0.6368808746337891,429,-1.03125
0.6384429931640625,430,-1.65
0.6398179531097412,431,-0.064453125
0.6411528587341309,432,-0.116015625
0.6428329944610596,433,-0.33515625
0.6452679634094238,434,-0.116015625
0.6467809677124023,435,0.4125
0.6483678817749023,436,0.012890625
0.6503419876098633,437,-0.012890625
0.6517598628997803,438,-0.36093749999999997
0.6530098915100098,439,-0.889453125
0.6541609764099121,440,-1.5984375
0.6552798748016357,441,0.0
0.6563928127288818,442,-0.02578125
0.6575469970703125,443,0.0
0.6586790084838867,444,-0.37382812499999996
0.6598038673400879,445,-0.0515625
0.6613819599151611,446,-0.42539062499999997
0.6628038883209229,447,-0.103125
0.6642508506774902,448,0.012890625
0.6657009124755859,449,-0.012890625
0.6672308444976807,450,-0.18046874999999998
0.6688079833984375,451,-0.36093749999999997
0.6702578067779541,452,-1.044140625
0.6717209815979004,453,-1.00546875
0.6731388568878174,454,0.0
0.6753008365631104,455,-0.12890625
0.6773908138275146,456,-0.20625
0.6789038181304932,457,-0.12890625
0.6804459095001221,458,0.012890625
0.6824779510498047,459,0.0
0.6841278076171875,460,-0.103125
0.6854188442230225,461,-0.28359375
0.6865890026092529,462,-1.044140625
0.6877398490905762,463,-1.65
0.6888558864593506,464,0.0
0.6899559497833252,465,-0.02578125
0.6910610198974609,466,-0.103125
0.6922388076782227,467,-0.37382812499999996
0.6934628486633301,468,-0.103125
0.6948428153991699,469,-0.322265625
0.6962900161743164,470,-0.09023437499999999
0.6978359222412109,471,0.012890625
0.6994099617004395,472,-0.038671874999999994
0.7009170055389404,473,-0.30937499999999996
0.7024798393249512,474,-0.322265625
0.703887939453125,475,-1.198828125
0.7060840129852295,476,-0.15468749999999998
0.7081058025360107,477,0.0
0.709568977355957,478,-0.38671875
0.7109878063201904,479,-0.322265625
0.7129077911376953,480,-0.167578125
0.7147347927093506,481,0.012890625
0.7160909175872803,482,0.0
0.7172868251800537,483,-0.322265625
0.7185509204864502,484,-0.4125
0.7200109958648682,485,-0.9796874999999999
0.7215168476104736,486,-1.65
0.7230868339538574,487,-0.064453125
0.7245550155639648,488,-0.064453125
0.7259719371795654,489,-0.322265625
0.7273299694061279,490,-0.23203125
0.7287569046020508,491,-0.193359375
0.7302048206329346,492,0.0
0.7316818237304688,493,-0.02578125
0.7332508563995361,494,-0.012890625
0.7347409725189209,495,-0.322265625
0.7361738681793213,496,-0.605859375
0.7375268936157227,497,-1.41796875
0.7400369644165039,498,0.0
0.7416868209838867,499,-0.193359375
0.7430899143218994,500,-0.15468749999999998
0.7447829246520996,501,-0.20625
0.7467079162597656,502,-0.0515625
0.748114824295044,503,0.0
0.7492949962615967,504,-0.012890625
0.7504439353942871,505,-0.270703125
0.7515659332275391,506,-0.37382812499999996
0.7527909278869629,507,-0.889453125
0.7539148330688477,508,-1.5597656249999998
0.7550158500671387,509,0.0
0.7561149597167969,510,-0.0515625
0.7572898864746094,511,-0.23203125
0.7586758136749268,512,-0.322265625
0.760124921798706,513,-0.12890625
0.7616009712219238,514,-0.33515625
0.7631819248199463,515,-0.103125
0.7646999359130859,516,0.012890625
0.7661728858947754,517,-0.02578125
0.7675559520721436,518,-0.30937499999999996
0.7698140144348145,519,-0.29648437499999997
0.7717800140380859,520,-1.340625
0.7733249664306641,521,-0.0515625
0.7748448848724365,522,-0.02578125
0.7768039703369141,523,-0.29648437499999997
0.7784860134124756,524,-0.12890625
0.7797839641571045,525,0.24492187499999998
0.7809619903564453,526,0.0
0.7821569442749023,527,-0.02578125
0.7833127975463867,528,-0.15468749999999998
0.784437894821167,529,-0.4125
0.7855420112609863,530,-0.54140625
0.7866477966308594,531,-1.26328125
0.7878329753875732,532,-1.3019531249999998
0.7892649173736572,533,0.0
0.7907228469848633,534,-0.12890625
0.7922430038452148,535,-0.28359375
0.793813943862915,536,-0.103125
0.7952499389648438,537,-0.167578125
0.7967259883880615,538,0.116015625
0.7981488704681396,539,0.0
0.8001728057861328,540,-0.012890625
0.8024230003356934,541,-0.33515625
0.803919792175293,542,-1.0828125
0.8053648471832275,543,-0.0515625
0.8072748184204102,544,-0.064453125
0.8090999126434326,545,-0.20625
0.8104369640350342,546,-0.12890625
0.811607837677002,547,-0.193359375
0.812802791595459,548,-0.012890625
0.8139429092407227,549,0.0
0.8150539398193359,550,-0.012890625
0.816169023513794,551,-0.02578125
0.8172709941864014,552,-0.33515625
0.818457841873169,553,-0.42539062499999997
0.8198750019073486,554,-1.00546875
0.8213329315185547,555,-1.65
0.8229329586029053,556,0.012890625
0.8245518207550049,557,-0.18046874999999998
0.8259158134460449,558,-0.322265625
0.827293872833252,559,-0.064453125
0.8291819095611572,560,-0.15468749999999998
0.8314249515533447,561,0.0
0.8329358100891113,562,-0.02578125
0.8344550132751465,563,-0.28359375
0.8363909721374512,564,-0.37382812499999996
0.8381829261779785,565,-1.405078125
0.8394818305969238,566,-0.012890625
0.8406507968902588,567,-0.23203125
0.8417778015136719,568,-0.348046875
0.842911958694458,569,-0.167578125
0.8440380096435547,570,-0.21914062499999998
0.845160961151123,571,-0.24492187499999998
0.8463029861450195,572,-0.02578125
0.8474149703979492,573,0.0
0.8486008644104004,574,-0.012890625
0.8500099182128906,575,-0.07734374999999999
0.8514769077301025,576,-0.37382812499999996
0.853065013885498,577,-0.6832031249999999
0.8546769618988037,578,-1.546875
0.856022834777832,579,0.0
0.8573689460754395,580,-0.270703125
0.8591189384460449,581,-0.36093749999999997
0.8614428043365479,582,-0.0515625
0.863041877746582,583,0.2578125
0.8645219802856445,584,0.012890625
0.8664348125457764,585,-0.012890625
0.868215799331665,586,-0.322265625
0.869553804397583,587,-0.631640625
0.8707339763641357,588,-1.5082031249999999
0.8718729019165039,589,0.0
0.8730528354644775,590,0.0
0.8741710186004639,591,-0.064453125
0.875281810760498,592,-0.451171875
0.8764019012451172,593,-0.15468749999999998
0.8775229454040527,594,-0.37382812499999996
0.878715991973877,595,-0.29648437499999997
0.880159854888916,596,0.0
0.8816039562225342,597,-0.012890625
0.8831329345703125,598,-0.012890625
0.8847119808197021,599,-0.37382812499999996
0.8861198425292969,600,-0.5671875
0.8874938488006592,601,-1.46953125
0.8892748355865479,602,0.0
0.8915510177612305,603,-0.012890625
0.8930819034576416,604,-0.2578125
0.8944878578186035,605,-0.21914062499999998
0.896406888961792,606,-0.103125
0.898216962814331,607,-0.012890625
0.8995528221130371,608,-0.02578125
0.9007358551025391,609,-0.322265625
0.9018819332122803,610,-0.37382812499999996
0.9031038284301758,611,-1.03125
0.9042329788208008,612,-1.65
0.905336856842041,613,0.0
0.9064669609069824,614,-0.103125
0.9076409339904785,615,-0.012890625
0.9088428020477295,616,-0.322265625
0.9102609157562256,617,-0.193359375
0.9117059707641602,618,-0.322265625
0.9132328033447266,619,-0.02578125
0.9147629737854004,620,0.0
0.9161779880523682,621,-0.0515625
0.9176449775695801,622,-0.29648437499999997
0.9194638729095459,623,-0.37382812499999996
0.9217288494110107,624,-1.224609375
0.923285961151123,625,0.0
0.92476487159729,626,-0.09023437499999999
0.9266908168792725,627,-0.20625
0.928473949432373,628,-0.20625
0.9298129081726074,629,0.20625
0.9309868812561035,630,-0.012890625
0.9322278499603271,631,-0.09023437499999999
0.9333748817443848,632,-0.23203125
0.9344899654388428,633,-0.42539062499999997
0.935600996017456,634,-0.64453125
0.9366979598999023,635,-1.3148437499999999
0.9378018379211426,636,-1.2503906249999999
0.9389820098876953,637,0.0
0.940392017364502,638,-0.141796875
0.941864013671875,639,-0.20625
0.9434218406677246,640,-0.167578125
0.9449708461761475,641,-0.4125
0.9463469982147217,642,-0.02578125
0.9477119445800781,643,-0.012890625
0.9493789672851562,644,-0.103125
0.9518229961395264,645,-0.29648437499999997
0.9534428119659424,646,-0.734765625
0.9549098014831543,647,-1.65
0.9567959308624268,648,0.0
0.9585869312286377,649,-0.12890625
0.9599349498748779,650,-0.20625
0.9611020088195801,651,-0.4125
0.9622898101806641,652,-0.23203125
0.9634950160980225,653,0.012890625
0.9646358489990234,654,-0.012890625
0.9657609462738037,655,-0.012890625
0.9668807983398438,656,-0.30937499999999996
0.9679889678955078,657,-0.4640625
0.9691669940948486,658,-0.760546875
0.9705607891082764,659,-1.4437499999999999
0.9720199108123779,660,0.0
0.9736227989196777,661,-0.012890625
0.975121021270752,662,-0.18046874999999998
0.9764738082885742,663,-0.21914062499999998
0.9778268337249756,664,-0.33515625
0.9798238277435303,665,-0.167578125
0.9819538593292236,666,0.0
0.9835019111633301,667,-0.02578125
0.9850368499755859,668,-0.33515625
0.9869828224182129,669,-0.7476562499999999
0.9886479377746582,670,-1.65
