time,count,voltage
0.004369020462036133,1,-0.29648437499999997
0.0058460235595703125,2,-0.12890625
0.007193088531494141,3,-0.02578125
0.008472919464111328,4,-0.0515625
0.009752988815307617,5,-0.30937499999999996
0.012963056564331055,6,-0.580078125
0.014574050903320312,7,-0.7476562499999999
0.016071081161499023,8,-0.12890625
0.017477035522460938,9,-0.4125
0.01874995231628418,10,-0.4125
0.019910097122192383,11,-0.29648437499999997
0.021044015884399414,12,-0.4125
0.022160053253173828,13,-0.322265625
0.023368120193481445,14,0.0
0.024491071701049805,15,-0.038671874999999994
0.025617122650146484,16,-0.23203125
0.026736974716186523,17,-0.515625
0.028011083602905273,18,-0.7734375
0.029443025588989258,19,-1.00546875
0.030888080596923828,20,-1.65
0.032427072525024414,21,-0.064453125
0.03390908241271973,22,-0.2578125
0.035275936126708984,23,-0.36093749999999997
0.03665590286254883,24,-0.2578125
0.03810000419616699,25,-0.502734375
0.040010929107666016,26,-0.2578125
0.04236912727355957,27,-0.012890625
0.04389691352844238,28,-0.29648437499999997
0.045391082763671875,29,-0.5671875
0.04735994338989258,30,-1.173046875
0.04906892776489258,31,-0.09023437499999999
0.05035901069641113,32,-0.193359375
0.05152606964111328,33,-0.30937499999999996
0.05266404151916504,34,-0.18046874999999998
0.05388307571411133,35,-0.399609375
0.05502605438232422,36,-0.33515625
0.056160926818847656,37,-0.20625
0.057279109954833984,38,0.012890625
0.058381080627441406,39,-0.0515625
0.05948805809020996,40,-0.29648437499999997
0.06059598922729492,41,-0.605859375
0.061715126037597656,42,-0.7863281249999999
0.06287908554077148,43,-1.2890625
0.06399798393249512,44,-1.65
0.06510305404663086,45,0.0
0.06620502471923828,46,-0.28359375
0.06731700897216797,47,-0.4125
0.06842207908630371,48,-0.399609375
0.06952404975891113,49,-0.4125
0.07074403762817383,50,-0.28359375
0.0720980167388916,51,-0.30937499999999996
0.07337212562561035,52,0.0
0.07460999488830566,53,-0.038671874999999994
0.07593703269958496,54,-0.20625
0.0774071216583252,55,-0.4640625
0.07886505126953125,56,-0.7218749999999999
0.08042502403259277,57,-1.353515625
0.08184194564819336,58,-0.103125
0.08339595794677734,59,-0.20625
0.08550095558166504,60,-0.708984375
0.08783102035522461,61,-0.348046875
0.08930301666259766,62,0.038671874999999994
0.0911109447479248,63,0.0
0.0931088924407959,64,-0.103125
0.09444499015808105,65,-0.43828124999999996
0.09564995765686035,66,-0.734765625
0.09679293632507324,67,-1.4437499999999999
0.0979299545288086,68,0.0
0.09903907775878906,69,-0.12890625
0.10020709037780762,70,-0.322265625
0.10136795043945312,71,-0.37382812499999996
0.10250496864318848,72,-0.2578125
0.10366296768188477,73,-0.33515625
0.10486197471618652,74,-0.37382812499999996
0.10625195503234863,75,-0.23203125
0.1077110767364502,76,-0.012890625
0.1092679500579834,77,-0.12890625
0.11082100868225098,78,-0.502734375
0.11218094825744629,79,-0.631640625
0.11369800567626953,80,-1.3792968749999999
0.11602902412414551,81,-0.0515625
0.1179509162902832,82,-0.2578125
0.11932992935180664,83,-0.37382812499999996
0.12121200561523438,84,-0.4125
0.12305593490600586,85,-0.2578125
0.12434911727905273,86,-0.012890625
0.12553095817565918,87,-0.12890625
0.12669110298156738,88,-0.43828124999999996
0.1278519630432129,89,-0.69609375
0.1289830207824707,90,-0.9410156249999999
0.13011598587036133,91,-1.5597656249999998
0.13123798370361328,92,-0.038671874999999994
0.13234996795654297,93,-0.20625
0.13347697257995605,94,-0.30937499999999996
0.13460612297058105,95,-0.322265625
0.1358039379119873,96,-0.476953125
0.13721108436584473,97,-0.193359375
0.13869094848632812,98,-0.167578125
0.14025306701660156,99,0.0
0.14179491996765137,100,-0.02578125
0.1432960033416748,101,-0.20625
0.14475297927856445,102,-0.54140625
0.14621901512145996,103,-0.9152343749999999
0.14874601364135742,104,-1.65
0.1504840850830078,105,-0.21914062499999998
0.15186595916748047,106,-0.29648437499999997
0.1536710262298584,107,-0.37382812499999996
0.1556539535522461,108,-0.399609375
0.15706992149353027,109,-0.012890625
0.1582779884338379,110,-0.0515625
0.15943098068237305,111,-0.30937499999999996
0.16057896614074707,112,-0.580078125
0.16170811653137207,113,-0.7476562499999999
0.16291308403015137,114,-1.276171875
0.16405797004699707,115,-1.65
0.16516995429992676,116,-0.02578125
0.16637802124023438,117,-0.2578125
0.1677839756011963,118,-0.6703125
0.16925811767578125,119,-0.4640625
0.17080092430114746,120,-0.36093749999999997
0.17234206199645996,121,-0.2578125
0.17377710342407227,122,-0.012890625
0.17520689964294434,123,-0.064453125
0.17706298828125,124,-0.322265625
0.17934608459472656,125,-0.5671875
0.18079805374145508,126,-1.456640625
0.18236994743347168,127,-0.0515625
0.18432211875915527,128,-0.322265625
0.18600201606750488,129,-0.476953125
0.18729591369628906,130,-0.631640625
0.18846607208251953,131,-0.399609375
0.18961596488952637,132,-0.15468749999999998
0.1907670497894287,133,-0.012890625
0.19189000129699707,134,-0.116015625
0.19304704666137695,135,-0.399609375
0.1941840648651123,136,-0.64453125
0.19530010223388672,137,-0.8121093749999999
0.19653010368347168,138,-1.4308593749999998
0.19795894622802734,139,-0.580078125
0.1994340419769287,140,-0.12890625
0.2009890079498291,141,-0.399609375
0.20257306098937988,142,-0.476953125
0.2041010856628418,143,-0.21914062499999998
0.20562195777893066,144,-0.02578125
0.2070319652557373,145,-0.012890625
0.20948410034179688,146,-0.09023437499999999
0.21132397651672363,147,-0.36093749999999997
0.212752103805542,148,-0.7476562499999999
0.21453404426574707,149,-1.611328125
0.21652698516845703,150,-0.167578125
0.2180159091949463,151,-0.37382812499999996
0.21923494338989258,152,-0.21914062499999998
0.22039508819580078,153,-0.33515625
0.22153496742248535,154,-0.43828124999999996
0.22266697883605957,155,-0.2578125
0.22387003898620605,156,-0.012890625
0.2250080108642578,157,-0.07734374999999999
0.2261340618133545,158,-0.270703125
0.22734999656677246,159,-0.631640625
0.2287750244140625,160,-0.734765625
0.2302570343017578,161,-1.405078125
0.23183107376098633,162,0.0
0.2334151268005371,163,-0.2578125
0.2348020076751709,164,-0.23203125
0.2361609935760498,165,-0.36093749999999997
0.2379450798034668,166,-0.322265625
0.24026703834533691,167,-0.2578125
0.24174904823303223,168,-0.0515625
0.24330592155456543,169,-0.23203125
0.24529099464416504,170,-0.515625
0.24690699577331543,171,-1.16015625
0.24817609786987305,172,-0.0515625
0.24935293197631836,173,-0.24492187499999998
0.2505159378051758,174,-0.42539062499999997
0.25164294242858887,175,-0.33515625
0.25276899337768555,176,-0.322265625
0.2539980411529541,177,-0.43828124999999996
0.2551391124725342,178,-0.37382812499999996
0.256256103515625,179,-0.167578125
0.2574501037597656,180,-0.02578125
0.2588629722595215,181,-0.12890625
0.26031994819641113,182,-0.42539062499999997
0.26189398765563965,183,-0.6574218749999999
0.26355695724487305,184,-1.2374999999999998
0.2650120258331299,185,-0.103125
0.26644206047058105,186,-0.38671875
0.26804304122924805,187,-0.580078125
0.27056002616882324,188,-0.28359375
0.27233004570007324,189,0.038671874999999994
0.2737429141998291,190,0.012890625
0.27550506591796875,191,-0.0515625
0.2774538993835449,192,-0.37382812499999996
0.27888989448547363,193,-0.6187499999999999
0.2801051139831543,194,-1.405078125
0.28125905990600586,195,-0.103125
0.28238797187805176,196,-0.103125
0.28353190422058105,197,-0.33515625
0.28464794158935547,198,-0.38671875
0.2857680320739746,199,-0.2578125
0.28688597679138184,200,-0.322265625
0.28810596466064453,201,-0.33515625
0.28951406478881836,202,-0.20625
0.29097604751586914,203,-0.012890625
0.29249095916748047,204,-0.12890625
0.29415011405944824,205,-0.4640625
0.2955329418182373,206,-0.631640625
0.2968940734863281,207,-1.3921875
0.29822611808776855,208,-0.012890625
0.3007469177246094,209,-0.23203125
0.3023860454559326,210,-0.322265625
0.3037540912628174,211,-0.2578125
0.30530500411987305,212,-0.20625
0.3072469234466553,213,0.02578125
0.30895090103149414,214,-0.02578125
0.31026697158813477,215,-0.399609375
0.31197094917297363,216,-0.605859375
0.31320691108703613,217,-1.26328125
0.31436800956726074,218,-1.4953124999999998
0.31550002098083496,219,-0.09023437499999999
0.3166189193725586,220,-0.28359375
0.3177609443664551,221,-0.322265625
0.3189699649810791,222,-0.43828124999999996
0.3203859329223633,223,-0.270703125
0.3218710422515869,224,-0.20625
0.32340097427368164,225,0.038671874999999994
0.3249349594116211,226,-0.064453125
0.3264200687408447,227,-0.23203125
0.3278639316558838,228,-0.54140625
0.32923197746276855,229,-0.8507812499999999
0.3316609859466553,230,-1.5597656249999998
0.33358001708984375,231,-0.167578125
0.3350179195404053,232,-0.28359375
0.3366570472717285,233,-0.42539062499999997
0.33861207962036133,234,-0.36093749999999997
0.3401179313659668,235,-0.02578125
0.341357946395874,236,-0.0515625
0.3425419330596924,237,-0.33515625
0.3437190055847168,238,-0.6832031249999999
0.34485602378845215,239,-0.825
0.3459811210632324,240,-1.2890625
0.34709906578063965,241,-1.65
0.3482229709625244,242,0.0
0.34942102432250977,243,-0.270703125
0.35085391998291016,244,-0.515625
0.3523221015930176,245,-0.399609375
0.35384392738342285,246,-0.193359375
0.3553440570831299,247,-0.2578125
0.35663700103759766,248,-0.012890625
0.35797595977783203,249,-0.0515625
0.3597109317779541,250,-0.30937499999999996
0.3621029853820801,251,-0.6187499999999999
0.3636898994445801,252,-1.26328125
0.3651609420776367,253,-0.103125
0.36710095405578613,254,-0.21914062499999998
0.36890602111816406,255,-0.37382812499999996
0.37023401260375977,256,-0.167578125
0.371412992477417,257,-0.20625
0.3725709915161133,258,-0.116015625
0.37373805046081543,259,-0.012890625
0.37487292289733887,260,-0.064453125
0.37600207328796387,261,-0.348046875
0.3771209716796875,262,-0.6703125
0.3782501220703125,263,-0.7863281249999999
0.3794701099395752,264,-1.2890625
0.3809211254119873,265,-1.65
0.3823740482330322,266,-0.12890625
0.3839070796966553,267,-0.30937499999999996
0.38544702529907227,268,-0.4640625
0.3868100643157959,269,-0.23203125
0.3881349563598633,270,-0.270703125
0.38986992835998535,271,-0.103125
0.3921489715576172,272,-0.012890625
0.39379096031188965,273,-0.23203125
0.3951759338378906,274,-0.580078125
0.3969380855560303,275,-1.2374999999999998
0.3988840579986572,276,-0.37382812499999996
0.4003140926361084,277,-0.23203125
0.4015169143676758,278,-0.30937499999999996
0.4026670455932617,279,-0.37382812499999996
0.40389394760131836,280,-0.4125
0.4050300121307373,281,-0.348046875
0.40614891052246094,282,-0.167578125
0.40732312202453613,283,-0.02578125
0.4084889888763428,284,-0.116015625
0.4097111225128174,285,-0.33515625
0.41112399101257324,286,-0.631640625
0.41259098052978516,287,-0.9152343749999999
0.4142460823059082,288,-1.65
0.41582608222961426,289,0.0
0.4171900749206543,290,-0.33515625
0.4185750484466553,291,-0.322265625
0.4208180904388428,292,-0.399609375
0.422727108001709,293,-0.24492187499999998
0.4242548942565918,294,0.0
0.42589497566223145,295,-0.20625
0.4278991222381592,296,-0.502734375
0.42940497398376465,297,-0.79921875
0.4306330680847168,298,-1.65
0.43178796768188477,299,-0.012890625
0.4330110549926758,300,-0.24492187499999998
0.4341769218444824,301,-0.6703125
0.43529605865478516,302,-0.4125
0.43640804290771484,303,-0.20625
0.4375181198120117,304,-0.37382812499999996
0.4386599063873291,305,-0.322265625
0.4398610591888428,306,-0.012890625
0.441270112991333,307,-0.0515625
0.44272303581237793,308,-0.23203125
0.44437289237976074,309,-0.580078125
0.4458799362182617,310,-0.8121093749999999
0.4472479820251465,311,-1.6371093749999999
0.4485960006713867,312,0.012890625
0.45077991485595703,313,-0.20625
0.45285701751708984,314,-0.36093749999999997
0.4543581008911133,315,-0.36093749999999997
0.45597410202026367,316,-0.18046874999999998
0.45795512199401855,317,-0.0515625
0.45946812629699707,318,-0.141796875
0.4607110023498535,319,-0.54140625
0.46189403533935547,320,-0.6832031249999999
0.4632680416107178,321,-1.353515625
0.46475696563720703,322,-0.631640625
0.46628594398498535,323,-0.23203125
0.46775197982788086,324,-0.451171875
0.46904993057250977,325,-0.631640625
0.47035789489746094,326,-0.30937499999999996
0.47179198265075684,327,-0.322265625
0.47320008277893066,328,-0.0515625
0.47476911544799805,329,-0.038671874999999994
0.4762389659881592,330,-0.193359375
0.47759294509887695,331,-0.515625
0.4789469242095947,332,-0.7734375
0.4810910224914551,333,-1.533984375
0.4832160472869873,334,-0.038671874999999994
0.4846510887145996,335,-0.29648437499999997
0.4862210750579834,336,-0.167578125
0.4881610870361328,337,-0.33515625
0.4897758960723877,338,0.07734374999999999
0.4910728931427002,339,-0.02578125
0.49223804473876953,340,-0.20625
0.49349498748779297,341,-0.4640625
0.49465107917785645,342,-0.708984375
0.4960010051727295,343,-1.147265625
0.4974839687347412,344,-1.65
0.4989490509033203,345,-0.0515625
0.5002589225769043,346,-0.29648437499999997
0.5016870498657227,347,-0.29648437499999997
0.5031399726867676,348,-0.4125
0.5046889781951904,349,-0.43828124999999996
0.5061650276184082,350,-0.20625
0.5074679851531982,351,-0.038671874999999994
0.5088019371032715,352,-0.167578125
0.5105490684509277,353,-0.4125
0.5130519866943359,354,-0.6832031249999999
0.514646053314209,355,-1.6371093749999999
0.5160191059112549,356,-0.322265625
0.5178139209747314,357,-0.4640625
0.5197110176086426,358,-0.30937499999999996
0.5211200714111328,359,-0.20625
0.5223031044006348,360,0.038671874999999994
0.5235381126403809,361,-0.012890625
0.5246779918670654,362,-0.0515625
0.5258059501647949,363,-0.33515625
0.5269219875335693,364,-0.605859375
0.5280280113220215,365,-0.7734375
0.529141902923584,366,-1.2503906249999999
0.5303609371185303,367,-1.65
0.5317699909210205,368,-0.07734374999999999
0.5332460403442383,369,-0.20625
0.5347709655761719,370,-0.4640625
0.5362799167633057,371,-0.193359375
0.5376689434051514,372,-0.21914062499999998
0.5390050411224365,373,-0.064453125
0.5407569408416748,374,-0.0515625
0.543165922164917,375,-0.02578125
0.54469895362854,376,-0.399609375
0.5461649894714355,377,-0.928125
0.5481159687042236,378,-1.65
0.5498840808868408,379,-0.20625
0.5512049198150635,380,-0.4640625
0.5523769855499268,381,-0.29648437499999997
0.5535659790039062,382,-0.399609375
0.5547120571136475,383,-0.36093749999999997
0.555854082107544,384,-0.193359375
0.5569639205932617,385,-0.0515625
0.5580830574035645,386,-0.15468749999999998
0.5592019557952881,387,-0.29648437499999997
0.5604209899902344,388,-0.6703125
0.5618550777435303,389,-0.837890625
0.5633599758148193,390,-1.405078125
0.5649230480194092,391,-0.09023437499999999
0.5664420127868652,392,-0.38671875
0.5678350925445557,393,-0.21914062499999998
0.5692169666290283,394,-0.4640625
0.5712471008300781,395,-0.515625
0.5733230113983154,396,-0.23203125
0.5748190879821777,397,-0.103125
0.57625412940979,398,-0.193359375
0.5781888961791992,399,-0.54140625
0.5799798965454102,400,-0.992578125
0.5812950134277344,401,-0.15468749999999998
0.582495927810669,402,-0.2578125
0.5836899280548096,403,-0.42539062499999997
0.5848419666290283,404,-0.33515625
0.5859730243682861,405,-0.2578125
0.5870850086212158,406,-0.322265625
0.5881950855255127,407,-0.322265625
0.5892989635467529,408,-0.193359375
0.59049391746521,409,-0.012890625
0.5918979644775391,410,-0.09023437499999999
0.5934360027313232,411,-0.33515625
0.5949909687042236,412,-0.64453125
0.5964961051940918,413,-1.224609375
0.5978929996490479,414,-0.6832031249999999
0.599323034286499,415,-0.270703125
0.600783109664917,416,-0.42539062499999997
0.6031539440155029,417,-0.37382812499999996
0.6051840782165527,418,-0.42539062499999997
0.6066241264343262,419,0.2578125
0.608212947845459,420,-0.0515625
0.6101689338684082,421,-0.2578125
0.6118121147155762,422,-0.554296875
0.6131260395050049,423,-1.2503906249999999
0.6143360137939453,424,-1.00546875
0.6154921054840088,425,-0.116015625
0.6166210174560547,426,-0.29648437499999997
0.6177489757537842,427,-0.33515625
0.6188600063323975,428,-0.20625
0.6199719905853271,429,-0.167578125
0.6211750507354736,430,-0.37382812499999996
0.62306809425354,431,-0.20625
0.6245579719543457,432,-0.02578125
0.6261320114135742,433,-0.20625
0.6276350021362305,434,-0.5671875
0.6289470195770264,435,-0.8121093749999999
0.630302906036377,436,-1.546875
0.6324069499969482,437,-0.07734374999999999
0.6346249580383301,438,-0.21914062499999998
0.6361160278320312,439,-0.37382812499999996
0.6376299858093262,440,-0.20625
0.6395180225372314,441,-0.09023437499999999
0.6412389278411865,442,-0.012890625
0.6425449848175049,443,-0.167578125
0.6437480449676514,444,-0.5285156249999999
0.644895076751709,445,-0.6832031249999999
0.6460320949554443,446,-1.2374999999999998
0.6471669673919678,447,-1.65
0.6482899188995361,448,-0.02578125
0.6494059562683105,449,-0.2578125
0.6505169868469238,450,-0.4125
0.6517128944396973,451,-0.38671875
0.6531319618225098,452,-0.399609375
0.6545929908752441,453,-0.4640625
0.6561050415039062,454,-0.15468749999999998
0.6576550006866455,455,-0.012890625
0.659013032913208,456,-0.23203125
0.660351037979126,457,-0.4640625
0.6622979640960693,458,-0.6832031249999999
0.6646840572357178,459,-1.340625
0.6661989688873291,460,-0.193359375
0.6676740646362305,461,-0.4640625
0.6696100234985352,462,-0.4640625
0.6713809967041016,463,-0.322265625
0.6726880073547363,464,0.09023437499999999
0.6739709377288818,465,-0.012890625
0.6751210689544678,466,-0.141796875
0.6762499809265137,467,-0.36093749999999997
0.6773760318756104,468,-0.580078125
0.6785011291503906,469,-0.837890625
0.6796190738677979,470,-1.456640625
0.6807351112365723,471,-0.43828124999999996
0.6819450855255127,472,-0.0515625
0.6833739280700684,473,-0.270703125
0.6848440170288086,474,-0.270703125
0.6864321231842041,475,-0.322265625
0.6879899501800537,476,-0.36093749999999997
0.6893811225891113,477,-0.02578125
0.6907811164855957,478,-0.02578125
0.6930069923400879,479,-0.12890625
0.6950569152832031,480,-0.4640625
0.6965210437774658,481,-1.134375
0.6980481147766113,482,-0.7863281249999999
0.6999750137329102,483,-0.20625
0.701740026473999,484,-0.515625
0.7030870914459229,485,-0.20625
0.7042720317840576,486,-0.36093749999999997
0.705420970916748,487,-0.20625
0.7065379619598389,488,-0.012890625
0.7076480388641357,489,-0.038671874999999994
0.7087700366973877,490,-0.23203125
0.7098801136016846,491,-0.5285156249999999
0.7110059261322021,492,-0.708984375
0.7122271060943604,493,-1.0570312499999999
0.7137129306793213,494,-1.6371093749999999
0.7152040004730225,495,0.0
0.7166919708251953,496,-0.21914062499999998
0.7182660102844238,497,-0.30937499999999996
0.7196340560913086,498,-0.451171875
0.7209949493408203,499,-0.48984374999999997
0.7227070331573486,500,-0.2578125
0.7251520156860352,501,-0.012890625
0.7267360687255859,502,-0.167578125
0.7281439304351807,503,-0.5285156249999999
0.7300019264221191,504,-1.147265625
0.7318739891052246,505,-0.8765624999999999
0.7332789897918701,506,-0.28359375
0.7344889640808105,507,-0.2578125
0.7356491088867188,508,-0.270703125
0.7367711067199707,509,-0.399609375
0.7378969192504883,510,-0.399609375
0.7390251159667969,511,-0.20625
0.7401289939880371,512,-0.012890625
0.7412309646606445,513,-0.038671874999999994
0.7424418926239014,514,-0.24492187499999998
0.7438759803771973,515,-0.54140625
0.7453479766845703,516,-0.708984375
0.7469010353088379,517,-1.4308593749999998
0.7484109401702881,518,0.0
0.7497730255126953,519,-0.270703125
0.7512071132659912,520,-0.20625
0.7529768943786621,521,-0.23203125
0.7553770542144775,522,-0.36093749999999997
0.7569289207458496,523,0.0
0.758354902267456,524,-0.0515625
0.760246992111206,525,-0.270703125
0.7620940208435059,526,-0.605859375
0.7635219097137451,527,-1.3664062499999998
0.7647209167480469,528,-0.193359375
0.7658839225769043,529,-0.23203125
0.767021894454956,530,-0.5671875
0.7681450843811035,531,-0.38671875
0.7692649364471436,532,-0.270703125
0.770388126373291,533,-0.33515625
0.7715010643005371,534,-0.37382812499999996
0.7727029323577881,535,-0.15468749999999998
0.7741909027099609,536,-0.012890625
0.775662899017334,537,-0.15468749999999998
0.7772400379180908,538,-0.54140625
0.7787439823150635,539,-0.6703125
0.7800540924072266,540,-1.456640625
0.7814469337463379,541,-0.064453125
0.7831249237060547,542,-0.23203125
0.7855429649353027,543,-0.4640625
0.7871379852294922,544,-0.322265625
0.7885839939117432,545,-0.0515625
0.7904379367828369,546,-0.012890625
0.7922859191894531,547,-0.038671874999999994
0.7936849594116211,548,-0.37382812499999996
0.7948920726776123,549,-0.5671875
0.7960329055786133,550,-1.21171875
0.7972309589385986,551,-1.65
0.7984020709991455,552,-0.064453125
0.7995409965515137,553,-0.2578125
0.8006610870361328,554,-0.4125
0.8017799854278564,555,-0.6703125
0.8030478954315186,556,-0.23203125
0.8044929504394531,557,-0.37382812499999996
0.8059549331665039,558,-0.18046874999999998
0.8075110912322998,559,-0.0515625
0.8090109825134277,560,-0.103125
0.8104000091552734,561,-0.48984374999999997
0.8117530345916748,562,-0.69609375
0.8135669231414795,563,-1.327734375
0.8159360885620117,564,-0.23203125
0.8175139427185059,565,-0.37382812499999996
0.8189151287078857,566,-0.4125
0.8207681179046631,567,-0.20625
0.8225760459899902,568,-0.02578125
0.8240160942077637,569,-0.012890625
0.825218915939331,570,-0.12890625
0.8263700008392334,571,-0.37382812499999996
0.8275101184844971,572,-0.6832031249999999
0.8286290168762207,573,-0.928125
0.8297479152679443,574,-1.5082031249999999
0.8308789730072021,575,0.0
0.8319869041442871,576,-0.15468749999999998
0.8331999778747559,577,-0.33515625
0.8346071243286133,578,-0.28359375
0.8360579013824463,579,-0.33515625
0.8376200199127197,580,-0.21914062499999998
0.8391520977020264,581,-0.103125
0.840548038482666,582,-0.0515625
0.8419721126556396,583,-0.103125
0.8434419631958008,584,-0.37382812499999996
0.8458719253540039,585,-0.631640625
0.8477540016174316,586,-1.456640625
0.8492200374603271,587,-0.12890625
0.8508379459381104,588,-0.54140625
0.8528780937194824,589,-0.399609375
0.854456901550293,590,-0.37382812499999996
0.8557310104370117,591,0.038671874999999994
0.856895923614502,592,0.0
0.8580420017242432,593,-0.064453125
0.8591549396514893,594,-0.29648437499999997
0.8602700233459473,595,-0.6187499999999999
0.8613879680633545,596,-0.760546875
0.8625071048736572,597,-1.3019531249999998
0.8637349605560303,598,-1.65
0.865138053894043,599,-0.02578125
0.8665940761566162,600,-0.2578125
0.8681039810180664,601,-0.37382812499999996
0.8696780204772949,602,-0.29648437499999997
0.8711369037628174,603,-0.37382812499999996
0.8725259304046631,604,-0.103125
0.8739891052246094,605,-0.012890625
0.8763220310211182,606,-0.103125
0.8782589435577393,607,-0.43828124999999996
0.8797140121459961,608,-1.0828125
0.8812799453735352,609,-1.03125
0.8832600116729736,610,-0.15468749999999998
0.8849029541015625,611,-0.322265625
0.8862059116363525,612,-0.37382812499999996
0.8873929977416992,613,-0.42539062499999997
0.8885300159454346,614,-0.23203125
0.8897581100463867,615,0.012890625
0.8910079002380371,616,-0.0515625
0.8921539783477783,617,-0.20625
0.8978490829467773,618,-0.5285156249999999
0.8994550704956055,619,-0.7218749999999999
0.9040200710296631,620,-0.33515625
0.9057109355926514,621,0.2578125
0.9081211090087891,622,0.0
0.9099469184875488,623,-0.167578125
0.9113631248474121,624,-0.476953125
0.9130020141601562,625,-1.0570312499999999
0.9150059223175049,626,-1.65
0.9166030883789062,627,-0.30937499999999996
0.9179120063781738,628,-0.20625
0.9191040992736816,629,-0.270703125
0.9203009605407715,630,-0.4640625
0.921457052230835,631,-0.36093749999999997
0.9225869178771973,632,-0.116015625
0.9237930774688721,633,-0.02578125
0.9250690937042236,634,-0.103125
0.9265120029449463,635,-0.322265625
0.9279720783233643,636,-0.6832031249999999
0.9295289516448975,637,-1.173046875
0.9310290813446045,638,-1.65
0.9324779510498047,639,-0.167578125
0.9339361190795898,640,-0.4125
0.9352939128875732,641,-0.4125
0.9374620914459229,642,-0.116015625
0.9395151138305664,643,-0.0515625
0.9409940242767334,644,-0.02578125
0.9425089359283447,645,-0.21914062499999998
0.9445600509643555,646,-0.5285156249999999
0.9462780952453613,647,-0.966796875
0.947983980178833,648,-1.095703125
0.9491910934448242,649,-0.2578125
0.9503700733184814,650,-0.5671875
0.9515058994293213,651,-0.4640625
0.9526240825653076,652,-0.322265625
0.9538359642028809,653,-0.4125
0.9550681114196777,654,-0.30937499999999996
0.9564850330352783,655,0.012890625
0.9579288959503174,656,-0.0515625
0.9595129489898682,657,-0.2578125
0.9610540866851807,658,-0.605859375
0.9625000953674316,659,-0.9796874999999999
0.9640100002288818,660,-1.65
0.9657258987426758,661,-0.09023437499999999
0.9681689739227295,662,-0.28359375
0.9698319435119629,663,-0.36093749999999997
0.9712109565734863,664,-0.36093749999999997
0.9730350971221924,665,-0.07734374999999999
0.9749751091003418,666,-0.02578125
0.9763760566711426,667,-0.21914062499999998
0.9775779247283936,668,-0.554296875
0.9787309169769287,669,-0.95390625
0.9798519611358643,670,-1.5597656249999998
0.9809730052947998,671,0.0
0.9820840358734131,672,-0.20625
0.9835259914398193,673,-0.322265625
0.9846889972686768,674,-0.322265625
0.9858980178833008,675,-0.515625
0.9873061180114746,676,-0.23203125
0.9887700080871582,677,-0.141796875
0.9902079105377197,678,0.0
0.9917140007019043,679,-0.103125
0.9931840896606445,680,-0.270703125
0.9945759773254395,681,-0.631640625
0.9962599277496338,682,-1.1214843749999999
0.9986410140991211,683,-1.65
1.0001330375671387,684,-0.2578125
1.0016798973083496,685,-0.29648437499999997
1.0038750171661377,686,-0.399609375
1.0054619312286377,687,-0.12890625
1.0066990852355957,688,0.0
1.0078511238098145,689,-0.064453125
1.0089709758758545,690,-0.29648437499999997
1.010085105895996,691,-0.580078125
1.011186122894287,692,-0.7476562499999999
1.0122849941253662,693,-1.2503906249999999
1.013495922088623,694,-1.65
1.0146169662475586,695,0.0
1.0157179832458496,696,-0.24492187499999998
1.016909122467041,697,-0.515625
1.0182878971099854,698,-0.43828124999999996
1.019719123840332,699,-0.2578125
1.0212860107421875,700,-0.4125
1.0229089260101318,701,-0.18046874999999998
1.0243840217590332,702,-0.012890625
1.0257680416107178,703,-0.23203125
1.0279290676116943,704,-0.5285156249999999
1.030043125152588,705,-0.825
1.0315089225769043,706,-0.038671874999999994
1.033473014831543,707,-0.24492187499999998
1.035233974456787,708,-0.38671875
1.0364971160888672,709,-0.167578125
1.0376710891723633,710,-0.21914062499999998
1.0388140678405762,711,-0.12890625
1.0399250984191895,712,0.0
1.041024923324585,713,-0.0515625
1.042130947113037,714,-0.29648437499999997
1.0433640480041504,715,-0.631640625
1.0445160865783691,716,-0.7476562499999999
1.0456390380859375,717,-1.26328125
1.0468370914459229,718,-1.65
1.0482449531555176,719,-0.0515625
1.0496900081634521,720,-0.116015625
1.0512480735778809,721,-0.30937499999999996
1.052711009979248,722,-0.20625
1.0543239116668701,723,-0.30937499999999996
1.0557849407196045,724,-0.02578125
1.0580980777740479,725,0.0
1.060107946395874,726,-0.193359375
1.0615711212158203,727,-0.5285156249999999
1.0635020732879639,728,-1.1859374999999999
1.0653259754180908,729,-0.02578125
1.0666100978851318,730,-0.193359375
1.067784070968628,731,-0.322265625
1.0689280033111572,732,-0.476953125
1.0700669288635254,733,-0.33515625
1.0711801052093506,734,-0.322265625
1.0722839832305908,735,-0.167578125
1.073448896408081,736,0.0
1.0745670795440674,737,-0.0515625
1.0756731033325195,738,-0.270703125
1.0768589973449707,739,-0.6703125
1.0782620906829834,740,-0.79921875
1.0797169208526611,741,-1.3921875
1.081254005432129,742,-0.02578125
1.0827429294586182,743,-0.2578125
1.0843420028686523,744,-0.29648437499999997
1.0857961177825928,745,-0.02578125
1.0883281230926514,746,-0.4640625
1.089951992034912,747,0.09023437499999999
1.0915310382843018,748,-0.064453125
1.093729019165039,749,-0.2578125
1.0951769351959229,750,-0.5671875
1.0963819026947021,751,-1.353515625
1.0975260734558105,752,-0.038671874999999994
1.0986659526824951,753,-0.21914062499999998
1.099787950515747,754,-0.37382812499999996
1.1009130477905273,755,-0.20625
1.1020300388336182,756,-0.20625
1.1031739711761475,757,-0.29648437499999997
1.1043651103973389,758,-0.4125
1.105518102645874,759,-0.322265625
1.1066501140594482,760,-0.012890625
1.1078519821166992,761,-0.064453125
1.1092579364776611,762,-0.28359375
1.1107079982757568,763,-0.5671875
1.1122779846191406,764,-0.837890625
1.1139109134674072,765,-1.611328125
1.1153171062469482,766,-0.0515625
1.116689920425415,767,-0.270703125
1.1189169883728027,768,-0.4125
1.1211180686950684,769,-0.2578125
1.1225481033325195,770,0.2578125
1.1244289875030518,771,-0.012890625
1.1263740062713623,772,-0.20625
1.1277120113372803,773,-0.515625
1.1288869380950928,774,-1.0570312499999999
1.130033016204834,775,-1.65
1.1311500072479248,776,-0.02578125
1.132262945175171,777,-0.20625
1.1334710121154785,778,-0.4125
1.134606122970581,779,-0.399609375
1.1357200145721436,780,-0.30937499999999996
1.136836051940918,781,-0.2578125
1.138045072555542,782,-0.270703125
1.13942289352417,783,-0.103125
1.1408610343933105,784,-0.02578125
1.1424291133880615,785,-0.18046874999999998
1.1444380283355713,786,-0.502734375
1.1463780403137207,787,-0.79921875
1.1486561298370361,788,-1.65
1.1511459350585938,789,-0.15468749999999998
1.152972936630249,790,-0.399609375
1.1555609703063965,791,-0.21914062499999998
1.1572279930114746,792,0.103125
1.1586110591888428,793,-0.103125
1.1599020957946777,794,-0.37382812499999996
1.1611690521240234,795,-0.6574218749999999
1.1624159812927246,796,-1.1214843749999999
1.163701057434082,797,-1.65
1.1649389266967773,798,-0.012890625
1.166184902191162,799,-0.2578125
1.172071933746338,800,-0.2578125
1.1741080284118652,801,-0.4125
1.1760029792785645,802,-0.15468749999999998
1.1782960891723633,803,-0.54140625
1.1809709072113037,804,-0.837890625
1.182887077331543,805,-0.20625
1.185241937637329,806,-0.580078125
1.1868650913238525,807,-0.399609375
1.1883490085601807,808,-0.20625
1.189626932144165,809,0.012890625
1.1908988952636719,810,-0.0515625
1.1921429634094238,811,-0.23203125
1.1934919357299805,812,-0.476953125
1.1947500705718994,813,-0.631640625
1.1959929466247559,814,-1.2374999999999998
1.197242021560669,815,-1.65
1.203084945678711,816,-0.12890625
1.205491065979004,817,-0.270703125
1.2074759006500244,818,-0.012890625
1.210205078125,819,-0.0515625
1.2122321128845215,820,-0.4125
1.2141621112823486,821,-1.353515625
1.216555118560791,822,-0.0515625
1.218135118484497,823,-0.28359375
1.2194669246673584,824,-0.322265625
1.220736026763916,825,-0.43828124999999996
1.2220180034637451,826,-0.2578125
1.223304033279419,827,-0.012890625
1.2245681285858154,828,-0.0515625
1.2258350849151611,829,-0.23203125
1.227165937423706,830,-0.580078125
1.2327420711517334,831,-0.734765625
1.2358989715576172,832,-1.4437499999999999
1.2378370761871338,833,-0.5929687499999999
1.2397170066833496,834,-0.064453125
1.2424819469451904,835,-0.012890625
1.2442739009857178,836,-0.30937499999999996
1.2469820976257324,837,-0.6832031249999999
1.2488429546356201,838,-0.21914062499999998
1.2502660751342773,839,-0.2578125
1.2515571117401123,840,-0.502734375
1.2528789043426514,841,-0.42539062499999997
1.2542059421539307,842,-0.515625
1.2554750442504883,843,-0.24492187499999998
1.2567250728607178,844,0.0
1.257962942123413,845,-0.0515625
1.273219108581543,846,-0.29648437499999997
1.275015115737915,847,-0.605859375
1.2765929698944092,848,-0.322265625
1.2781898975372314,849,-0.6703125
1.2797961235046387,850,-1.26328125
1.2813611030578613,851,-0.20625
1.2828600406646729,852,-0.2578125
1.2841169834136963,853,-0.605859375
1.285278081893921,854,-0.21914062499999998
1.2864220142364502,855,-0.2578125
1.287545919418335,856,-0.30937499999999996
1.2886979579925537,857,-0.20625
1.2898380756378174,858,-0.064453125
1.291100025177002,859,-0.09023437499999999
1.292557954788208,860,-0.36093749999999997
1.2940990924835205,861,-0.6703125
1.2956750392913818,862,-0.928125
1.2971210479736328,863,-1.65
1.2984809875488281,864,-0.09023437499999999
1.299901008605957,865,-0.29648437499999997
1.302443027496338,866,-0.399609375
1.304224967956543,867,-0.2578125
1.3056180477142334,868,0.193359375
