time,count,voltage
0.0058269500732421875,1,-0.20625
0.007821083068847656,2,-0.20625
0.009689092636108398,3,-0.12890625
0.011468887329101562,4,0.012890625
0.013048887252807617,5,-0.0515625
0.01839590072631836,6,-0.23203125
0.020503997802734375,7,-0.23203125
0.022207975387573242,8,-0.012890625
0.023899078369140625,9,-0.064453125
0.025377988815307617,10,-0.322265625
0.026916980743408203,11,-0.012890625
0.028398990631103516,12,-0.012890625
0.0298309326171875,13,-0.02578125
0.03142809867858887,14,-0.270703125
0.03319597244262695,15,-0.29648437499999997
0.034913063049316406,16,-1.327734375
0.036993980407714844,17,-0.012890625
0.03883004188537598,18,-0.0515625
0.04043388366699219,19,-0.0515625
0.04201197624206543,20,-0.322265625
0.04368090629577637,21,-0.02578125
0.04549407958984375,22,0.0
0.047882080078125,23,-0.012890625
0.050744056701660156,24,-0.20625
0.053009033203125,25,-1.4437499999999999
0.05475807189941406,26,-0.103125
0.056565046310424805,27,-0.322265625
0.0588839054107666,28,-0.33515625
0.061213016510009766,29,0.167578125
0.06282997131347656,30,-0.02578125
0.06428289413452148,31,-0.21914062499999998
0.06567192077636719,32,-0.29648437499999997
0.06707501411437988,33,-0.9796874999999999
0.0684969425201416,34,-1.65
0.06990408897399902,35,-0.0515625
0.0712580680847168,36,-0.167578125
0.07260489463806152,37,-0.28359375
0.07393789291381836,38,-0.15468749999999998
0.07533788681030273,39,-0.270703125
0.07692909240722656,40,-0.103125
0.07883191108703613,41,0.012890625
0.08051109313964844,42,-0.02578125
0.08200907707214355,43,-0.2578125
0.08363699913024902,44,-0.7476562499999999
0.085205078125,45,-1.5597656249999998
0.08655405044555664,46,0.0
0.08804011344909668,47,-0.103125
0.09028005599975586,48,-0.2578125
0.0923910140991211,49,-0.36093749999999997
0.09400606155395508,50,0.29648437499999997
0.09612894058227539,51,0.0
0.0977170467376709,52,-0.12890625
0.09894990921020508,53,-0.193359375
0.10010504722595215,54,-0.95390625
0.10127997398376465,55,-1.585546875
0.10242509841918945,56,0.012890625
0.10354399681091309,57,-0.0515625
0.10465407371520996,58,-0.09023437499999999
0.1057729721069336,59,-0.12890625
0.10689902305603027,60,-0.12890625
0.1080770492553711,61,-0.399609375
0.10949993133544922,62,-0.29648437499999997
0.11100292205810547,63,0.0
0.11260700225830078,64,-0.012890625
0.11413311958312988,65,-0.103125
0.11560297012329102,66,-0.21914062499999998
0.11765408515930176,67,-0.9152343749999999
0.11975789070129395,68,-0.103125
0.1219339370727539,69,-0.064453125
0.12349700927734375,70,-0.18046874999999998
0.12531805038452148,71,-0.270703125
0.12745189666748047,72,-0.02578125
0.12891197204589844,73,0.0
0.1301100254058838,74,-0.103125
0.13127803802490234,75,-0.322265625
0.13244104385375977,76,-0.42539062499999997
0.1336069107055664,77,-1.1859374999999999
0.13471603393554688,78,-1.65
0.13581395149230957,79,0.012890625
0.1369490623474121,80,-0.02578125
0.13814306259155273,81,-0.09023437499999999
0.13958406448364258,82,-0.30937499999999996
0.14108800888061523,83,-0.24492187499999998
0.14272403717041016,84,-0.15468749999999998
0.14428400993347168,85,0.0
0.1457059383392334,86,-0.012890625
0.14720702171325684,87,-0.064453125
0.1491260528564453,88,-0.28359375
0.1515951156616211,89,-0.8121093749999999
0.15314698219299316,90,-0.02578125
0.15474700927734375,91,-0.23203125
0.15689492225646973,92,-0.28359375
0.15855097770690918,93,-0.322265625
0.15985703468322754,94,0.07734374999999999
0.16104888916015625,95,0.0
0.1621708869934082,96,-0.012890625
0.16337108612060547,97,-0.0515625
0.1645340919494629,98,-0.322265625
0.16571807861328125,99,-0.4125
0.16684293746948242,100,-1.134375
0.16795992851257324,101,-1.65
0.16913890838623047,102,0.0
0.17051911354064941,103,-0.12890625
0.1720728874206543,104,-0.141796875
0.17372488975524902,105,-0.167578125
0.17535090446472168,106,-0.4125
0.17690491676330566,107,-0.064453125
0.17834997177124023,108,0.0
0.1798090934753418,109,-0.02578125
0.18249893188476562,110,-0.23203125
0.18415307998657227,111,-0.6832031249999999
0.18552803993225098,112,-0.038671874999999994
0.187485933303833,113,-0.038671874999999994
0.18949604034423828,114,-0.20625
0.19086408615112305,115,-0.12890625
0.1920759677886963,116,-0.09023437499999999
0.19322705268859863,117,0.038671874999999994
0.19438505172729492,118,-0.012890625
0.19550299644470215,119,-0.02578125
0.19669103622436523,120,-0.09023437499999999
0.19783997535705566,121,-0.33515625
0.19896697998046875,122,-0.36093749999999997
0.2001500129699707,123,-1.0828125
0.201524019241333,124,-1.65
0.20299100875854492,125,0.0
0.20467591285705566,126,-0.15468749999999998
0.20627403259277344,127,-0.322265625
0.20778393745422363,128,-0.29648437499999997
0.20931410789489746,129,-0.193359375
0.21113109588623047,130,0.0
0.21378493309020996,131,-0.02578125
0.21562504768371582,132,-0.23203125
0.21732401847839355,133,-0.863671875
0.21936488151550293,134,-1.65
0.22085094451904297,135,-0.0515625
0.22207188606262207,136,-0.2578125
0.2232370376586914,137,-0.09023437499999999
0.22436809539794922,138,-0.322265625
0.22549009323120117,139,-0.30937499999999996
0.22667407989501953,140,-0.02578125
0.22785401344299316,141,0.0
0.22897100448608398,142,-0.02578125
0.230180025100708,143,-0.103125
0.23158693313598633,144,-0.348046875
0.2330610752105713,145,-0.5671875
0.23460102081298828,146,-1.405078125
0.2362220287322998,147,0.0
0.23775291442871094,148,-0.193359375
0.23929190635681152,149,-0.29648437499999997
0.2411649227142334,150,-0.193359375
0.24368906021118164,151,-0.20625
0.24527597427368164,152,0.0
0.2469630241394043,153,-0.02578125
0.24897193908691406,154,-0.2578125
0.25051307678222656,155,-0.7476562499999999
0.2518351078033447,156,-1.611328125
0.2530090808868408,157,-0.0515625
0.254180908203125,158,-0.20625
0.2553110122680664,159,-0.20625
0.2564210891723633,160,-0.15468749999999998
0.25763511657714844,161,-0.29648437499999997
0.25876307487487793,162,-0.30937499999999996
0.2599210739135742,163,-0.103125
0.26111793518066406,164,0.0
0.2625439167022705,165,-0.0515625
0.26400208473205566,166,-0.15468749999999998
0.26555395126342773,167,-0.24492187499999998
0.26709604263305664,168,-0.8765624999999999
0.2686889171600342,169,-1.65
0.2700929641723633,170,-0.0515625
0.2715930938720703,171,-0.103125
0.27408909797668457,172,-0.21914062499999998
0.27585506439208984,173,-0.038671874999999994
0.277479887008667,174,0.0
0.27948689460754395,175,0.012890625
0.28124189376831055,176,-0.12890625
0.2825510501861572,177,-0.20625
0.2837800979614258,178,-1.10859375
0.28493309020996094,179,-1.65
0.28608202934265137,180,0.0
0.2873079776763916,181,-0.12890625
0.28844499588012695,182,-0.2578125
0.28955793380737305,183,-0.0515625
0.29065990447998047,184,-0.37382812499999996
0.291888952255249,185,-0.399609375
0.2933640480041504,186,-0.20625
0.29488205909729004,187,-0.012890625
0.29644203186035156,188,-0.02578125
0.2980489730834961,189,-0.270703125
0.2995870113372803,190,-0.37382812499999996
0.3010408878326416,191,-1.2503906249999999
0.30256104469299316,192,-0.09023437499999999
0.30510997772216797,193,-0.02578125
0.3068521022796631,194,-0.29648437499999997
0.3083639144897461,195,-0.12890625
0.31051111221313477,196,0.0
0.31221508979797363,197,-0.012890625
0.3135030269622803,198,-0.0515625
0.3146650791168213,199,-0.322265625
0.3158760070800781,200,-0.515625
0.3170289993286133,201,-1.2374999999999998
0.3182179927825928,202,-1.65
0.3193778991699219,203,-0.012890625
0.3205080032348633,204,-0.02578125
0.3216090202331543,205,-0.2578125
0.32277989387512207,206,-0.141796875
0.32424092292785645,207,-0.29648437499999997
0.3257899284362793,208,-0.29648437499999997
0.3274838924407959,209,0.0
0.3289508819580078,210,-0.012890625
0.33026695251464844,211,-0.0515625
0.3316020965576172,212,-0.30937499999999996
0.33412909507751465,213,-0.580078125
0.33586907386779785,214,-1.65
0.3373410701751709,215,-0.167578125
0.33936309814453125,216,-0.20625
0.3413410186767578,217,-0.15468749999999998
0.3427760601043701,218,0.038671874999999994
0.3439619541168213,219,0.0
0.34509897232055664,220,-0.012890625
0.3468139171600342,221,-0.02578125
0.34802794456481934,222,-0.21914062499999998
0.34925198554992676,223,-0.451171875
0.35036611557006836,224,-1.2374999999999998
0.35149192810058594,225,-1.65
0.3526320457458496,226,-0.012890625
0.35379791259765625,227,-0.18046874999999998
0.3552360534667969,228,-0.167578125
0.35683107376098633,229,-0.09023437499999999
0.3584890365600586,230,-0.20625
0.359982967376709,231,-0.012890625
0.361314058303833,232,0.0
0.36260390281677246,233,-0.09023437499999999
0.3650069236755371,234,-0.21914062499999998
0.36710190773010254,235,-0.21914062499999998
0.3685450553894043,236,-1.5597656249999998
0.3703289031982422,237,-0.012890625
0.37241101264953613,238,-0.0515625
0.373852014541626,239,-0.167578125
0.3750441074371338,240,-0.2578125
0.3768610954284668,241,-0.12890625
0.3782379627227783,242,-0.012890625
0.3794069290161133,243,-0.012890625
0.3805360794067383,244,-0.2578125
0.38170289993286133,245,-0.33515625
0.3828089237213135,246,-0.7734375
0.38397789001464844,247,-1.405078125
0.38537096977233887,248,-0.012890625
0.3869040012359619,249,0.0
0.3885641098022461,250,-0.064453125
0.39017796516418457,251,-0.20625
0.391650915145874,252,-0.322265625
0.39305996894836426,253,-0.07734374999999999
0.394848108291626,254,0.02578125
0.3975529670715332,255,-0.012890625
0.3990929126739502,256,-0.21914062499999998
0.40074992179870605,257,-0.966796875
0.4027440547943115,258,-1.353515625
0.40426206588745117,259,-0.15468749999999998
0.40550994873046875,260,-0.29648437499999997
0.40677595138549805,261,-0.15468749999999998
0.4079270362854004,262,-0.42539062499999997
0.40904903411865234,263,-0.30937499999999996
0.4101600646972656,264,0.012890625
0.4112870693206787,265,0.0
0.41240906715393066,266,-0.02578125
0.4135398864746094,267,-0.141796875
0.41476011276245117,268,-0.322265625
0.41614794731140137,269,-0.605859375
0.4175999164581299,270,-1.327734375
0.4191548824310303,271,-0.103125
0.42084503173828125,272,-0.103125
0.42232799530029297,273,-0.21914062499999998
0.4241631031036377,274,-0.12890625
0.42653393745422363,275,-0.33515625
0.4286789894104004,276,0.012890625
0.4301741123199463,277,-0.02578125
0.4320180416107178,278,-0.20625
0.4339330196380615,279,-0.580078125
0.4353759288787842,280,-1.65
0.43666791915893555,281,0.0
0.4378700256347656,282,0.0
0.43900108337402344,283,-0.193359375
0.44011497497558594,284,-0.167578125
0.4412219524383545,285,-0.399609375
0.44232606887817383,286,-0.322265625
0.4434659481048584,287,0.0
0.44460105895996094,288,0.0
0.44580698013305664,289,-0.0515625
0.4473080635070801,290,-0.193359375
0.44884610176086426,291,-0.270703125
0.450390100479126,292,-0.928125
0.45191097259521484,293,-1.65
0.45334506034851074,294,-0.02578125
0.45470094680786133,295,-0.141796875
0.4569399356842041,296,-0.2578125
0.4589700698852539,297,-0.29648437499999997
0.4605550765991211,298,0.30937499999999996
0.46258997917175293,299,-0.012890625
0.46451306343078613,300,-0.103125
0.46587705612182617,301,-0.15468749999999998
0.46715211868286133,302,-1.0828125
0.4683990478515625,303,-1.0828125
0.46954989433288574,304,-0.09023437499999999
0.4706990718841553,305,-0.12890625
0.47181010246276855,306,-0.270703125
0.4729149341583252,307,-0.15468749999999998
0.47401905059814453,308,-0.33515625
0.4751160144805908,309,-0.37382812499999996
0.47638893127441406,310,-0.20625
0.47792911529541016,311,0.012890625
0.47944211959838867,312,-0.012890625
0.48107099533081055,313,-0.23203125
0.4825460910797119,314,-0.30937499999999996
0.48401904106140137,315,-1.1214843749999999
0.48545002937316895,316,0.012890625
0.48772406578063965,317,0.0
0.48992395401000977,318,-0.21914062499999998
0.49151611328125,319,-0.37382812499999996
0.49326610565185547,320,-0.103125
0.49541211128234863,321,0.012890625
0.4969151020050049,322,-0.012890625
0.4981200695037842,323,-0.23203125
0.49928808212280273,324,-0.515625
0.5004398822784424,325,-1.2374999999999998
0.50164794921875,326,-0.580078125
0.5028059482574463,327,0.0
0.5039310455322266,328,-0.18046874999999998
0.5050480365753174,329,-0.20625
0.506213903427124,330,-0.15468749999999998
0.507659912109375,331,-0.37382812499999996
0.5091419219970703,332,-0.322265625
0.5107319355010986,333,0.012890625
0.5123291015625,334,0.012890625
0.5137488842010498,335,-0.09023437499999999
0.5151360034942627,336,-0.21914062499999998
0.5168430805206299,337,-0.734765625
0.5193579196929932,338,-1.5082031249999999
0.5209829807281494,339,-0.064453125
0.5228390693664551,340,-0.23203125
0.5250139236450195,341,-0.09023437499999999
0.5267400741577148,342,0.141796875
0.5280280113220215,343,-0.012890625
0.5291929244995117,344,-0.0515625
0.5303239822387695,345,-0.21914062499999998
0.5314679145812988,346,-0.30937499999999996
0.5326149463653564,347,-0.6187499999999999
0.5337719917297363,348,-1.3019531249999998
0.53489089012146,349,-0.37382812499999996
0.5359981060028076,350,-0.02578125
0.5372428894042969,351,-0.193359375
0.5386450290679932,352,-0.23203125
0.5401849746704102,353,-0.116015625
0.5418479442596436,354,-0.30937499999999996
0.5434350967407227,355,-0.064453125
0.5448660850524902,356,-0.012890625
0.5462501049041748,357,-0.012890625
0.5477890968322754,358,-0.2578125
0.5504140853881836,359,-0.2578125
0.5520210266113281,360,-1.5082031249999999
0.5534629821777344,361,-0.07734374999999999
0.5554890632629395,362,-0.02578125
0.5574729442596436,363,-0.12890625
0.5588669776916504,364,-0.167578125
0.5600669384002686,365,0.0
0.5613210201263428,366,-0.02578125
0.5624759197235107,367,-0.012890625
0.563601016998291,368,-0.21914062499999998
0.5647690296173096,369,-0.37382812499999996
0.5658950805664062,370,-0.605859375
0.5670239925384521,371,-1.3019531249999998
0.5682039260864258,372,-0.8765624999999999
0.569598913192749,373,0.0
0.5710699558258057,374,-0.09023437499999999
0.5727720260620117,375,-0.29648437499999997
0.5743420124053955,376,-0.15468749999999998
0.57582688331604,377,-0.064453125
0.5773739814758301,378,0.012890625
0.5790929794311523,379,0.0
0.5818150043487549,380,-0.0515625
0.5833520889282227,381,-0.476953125
0.5849089622497559,382,-1.4953124999999998
0.5869839191436768,383,0.012890625
0.5886890888214111,384,-0.012890625
0.5899519920349121,385,-0.167578125
0.5911281108856201,386,-0.43828124999999996
0.5922820568084717,387,-0.36093749999999997
0.5934019088745117,388,0.012890625
0.5945088863372803,389,-0.012890625
0.5956060886383057,390,-0.02578125
0.596776008605957,391,-0.12890625
0.597898006439209,392,-0.30937499999999996
0.5990889072418213,393,-0.502734375
0.6004691123962402,394,-1.2374999999999998
0.6019279956817627,395,-1.2890625
0.6035549640655518,396,-0.012890625
0.6051750183105469,397,-0.0515625
0.6067581176757812,398,-0.20625
0.6082909107208252,399,-0.20625
0.6100420951843262,400,-0.02578125
0.6126840114593506,401,0.0
0.6142799854278564,402,-0.09023437499999999
0.6158590316772461,403,-0.193359375
0.6178100109100342,404,-0.992578125
0.6195089817047119,405,0.0
0.6208300590515137,406,-0.167578125
0.6219990253448486,407,-0.29648437499999997
0.6231679916381836,408,-0.141796875
0.6246519088745117,409,-0.322265625
0.6262760162353516,410,-0.20625
0.6281070709228516,411,0.012890625
0.6296980381011963,412,-0.02578125
0.6312079429626465,413,-0.270703125
0.6329319477081299,414,-0.30937499999999996
0.6345419883728027,415,-1.198828125
0.6360468864440918,416,0.0
0.6376550197601318,417,-0.12890625
0.6394109725952148,418,-0.29648437499999997
0.6419320106506348,419,-0.0515625
0.6436159610748291,420,0.29648437499999997
0.6452090740203857,421,-0.012890625
0.6473040580749512,422,-0.012890625
0.6489369869232178,423,-0.24492187499999998
0.6502110958099365,424,-0.9410156249999999
0.651432991027832,425,-1.65
0.6525790691375732,426,0.0
0.653764009475708,427,-0.103125
0.6548819541931152,428,-0.15468749999999998
0.6559939384460449,429,-0.2578125
0.6571919918060303,430,-0.21914062499999998
0.6583259105682373,431,-0.30937499999999996
0.6595349311828613,432,-0.167578125
0.6609830856323242,433,0.0
0.6625139713287354,434,-0.02578125
0.6640698909759521,435,-0.12890625
0.6655669212341309,436,-0.322265625
0.6677529811859131,437,-0.95390625
0.6699080467224121,438,0.0
0.6722640991210938,439,-0.167578125
0.6737420558929443,440,-0.18046874999999998
0.6757628917694092,441,-0.36093749999999997
0.6776509284973145,442,0.038671874999999994
0.6789360046386719,443,-0.02578125
0.680095911026001,444,-0.103125
0.6812150478363037,445,-0.28359375
0.6823220252990723,446,-0.48984374999999997
0.6834490299224854,447,-1.198828125
0.6845519542694092,448,-1.65
0.6856999397277832,449,0.012890625
0.6869120597839355,450,-0.0515625
0.6880640983581543,451,-0.116015625
0.6891880035400391,452,-0.20625
0.6903591156005859,453,-0.103125
0.6917519569396973,454,-0.270703125
0.6932740211486816,455,-0.12890625
0.6948370933532715,456,0.0
0.6963140964508057,457,-0.02578125
0.6984519958496094,458,-0.2578125
0.7010610103607178,459,-0.43828124999999996
0.7034709453582764,460,-1.5082031249999999
0.7055189609527588,461,-0.15468749999999998
0.7079179286956787,462,-0.103125
0.7097179889678955,463,-0.09023437499999999
0.7110641002655029,464,-0.012890625
0.7123370170593262,465,-0.038671874999999994
0.7135870456695557,466,-0.12890625
0.714818000793457,467,-0.322265625
0.7160799503326416,468,-0.54140625
0.7174489498138428,469,-1.3019531249999998
0.7187180519104004,470,-0.0515625
0.7271349430084229,471,-0.012890625
0.7288451194763184,472,-0.0515625
0.7302939891815186,473,-0.07734374999999999
0.7327020168304443,474,-0.29648437499999997
0.7346959114074707,475,-0.9152343749999999
0.7361750602722168,476,0.0
0.7381439208984375,477,-0.21914062499999998
0.7399768829345703,478,-0.167578125
0.7412919998168945,479,-0.21914062499999998
0.7425119876861572,480,-0.116015625
0.7436549663543701,481,0.0
0.7447719573974609,482,0.0
0.7458739280700684,483,-0.02578125
0.7470219135284424,484,-0.21914062499999998
0.7481749057769775,485,-0.37382812499999996
0.7493100166320801,486,-0.734765625
0.7504329681396484,487,-1.3664062499999998
0.7516720294952393,488,0.0
0.7531230449676514,489,-0.012890625
0.7545700073242188,490,-0.12890625
0.7561600208282471,491,-0.270703125
0.7577900886535645,492,-0.23203125
0.7593851089477539,493,-0.103125
0.7611289024353027,494,0.0
0.7636659145355225,495,-0.012890625
0.7652499675750732,496,-0.193359375
0.7670838832855225,497,-0.7863281249999999
0.7690379619598389,498,-1.6371093749999999
0.7703518867492676,499,-0.0515625
0.7715411186218262,500,-0.18046874999999998
0.7727000713348389,501,-0.20625
0.7738358974456787,502,-0.33515625
0.7749629020690918,503,-0.4125
0.7760701179504395,504,-0.270703125
0.7772688865661621,505,0.0
0.7784030437469482,506,0.0
0.7795259952545166,507,-0.02578125
0.7806529998779297,508,-0.29648437499999997
0.7818739414215088,509,-0.30937499999999996
0.7833120822906494,510,-0.9152343749999999
0.7847750186920166,511,-1.585546875
0.7863790988922119,512,0.0
0.7880609035491943,513,-0.193359375
0.7895541191101074,514,-0.12890625
0.7909319400787354,515,-0.36093749999999997
0.7935469150543213,516,-0.23203125
0.7951850891113281,517,0.0
0.7969040870666504,518,-0.012890625
0.7990059852600098,519,-0.29648437499999997
0.800400972366333,520,-0.928125
0.8015749454498291,521,-1.533984375
0.8027141094207764,522,0.0
0.8038349151611328,523,-0.193359375
0.8049559593200684,524,-0.2578125
0.8060770034790039,525,-0.20625
0.8072490692138672,526,-0.36093749999999997
0.8083970546722412,527,-0.399609375
0.8095109462738037,528,-0.20625
0.8106400966644287,529,0.012890625
0.811830997467041,530,0.0
0.813270092010498,531,-0.012890625
0.8147459030151367,532,-0.322265625
0.816335916519165,533,-0.502734375
0.8179619312286377,534,-1.405078125
0.8194530010223389,535,0.0
0.8208370208740234,536,-0.21914062499999998
0.8233990669250488,537,-0.28359375
0.8251140117645264,538,-0.322265625
0.8267889022827148,539,0.141796875
0.8289220333099365,540,0.0
0.8303990364074707,541,-0.038671874999999994
0.8316249847412109,542,-0.270703125
0.8327789306640625,543,-0.760546875
0.8339109420776367,544,-1.405078125
0.835028886795044,545,-0.02578125
0.8361461162567139,546,0.0
0.837291955947876,547,-0.103125
0.8384130001068115,548,-0.2578125
0.8395180702209473,549,-0.103125
0.8406240940093994,550,-0.36093749999999997
0.8418169021606445,551,-0.4125
0.8432369232177734,552,-0.21914062499999998
0.8447411060333252,553,0.0
0.8463029861450195,554,-0.0515625
0.8479719161987305,555,-0.20625
0.8494551181793213,556,-0.399609375
0.8508059978485107,557,-1.2890625
0.8533289432525635,558,-0.116015625
0.8550670146942139,559,-0.20625
0.8567090034484863,560,0.0
0.8588318824768066,561,-0.2578125
0.860292911529541,562,0.167578125
0.8615059852600098,563,0.0
0.8626580238342285,564,-0.02578125
0.8637909889221191,565,-0.2578125
0.8648970127105713,566,-0.29648437499999997
0.8660120964050293,567,-0.7734375
0.8672358989715576,568,-1.405078125
0.8684160709381104,569,-0.02578125
0.8695659637451172,570,-0.02578125
0.8706879615783691,571,-0.23203125
0.8719029426574707,572,-0.36093749999999997
0.8733189105987549,573,-0.15468749999999998
0.8747889995574951,574,-0.28359375
0.8763930797576904,575,-0.09023437499999999
0.8780980110168457,576,0.0
0.8796200752258301,577,-0.012890625
0.8810091018676758,578,-0.20625
0.8835868835449219,579,-0.116015625
0.885221004486084,580,-1.26328125
0.8869268894195557,581,-0.02578125
0.8890340328216553,582,-0.12890625
0.8904709815979004,583,-0.167578125
0.8916659355163574,584,-0.24492187499999998
0.8928580284118652,585,-0.103125
0.8941149711608887,586,0.012890625
0.8956151008605957,587,0.012890625
0.8970448970794678,588,-0.116015625
0.8982589244842529,589,-0.322265625
0.899406909942627,590,-0.7218749999999999
0.9005439281463623,591,-1.405078125
0.9016759395599365,592,-0.09023437499999999
0.9028899669647217,593,-0.02578125
0.9042959213256836,594,-0.116015625
0.9057579040527344,595,-0.33515625
0.9074299335479736,596,-0.193359375
0.9090330600738525,597,-0.20625
0.9104249477386475,598,0.012890625
0.9117341041564941,599,0.012890625
0.914172887802124,600,-0.012890625
0.9158821105957031,601,-0.24492187499999998
0.9174330234527588,602,-1.0828125
0.919435977935791,603,0.0
0.9211831092834473,604,-0.12890625
0.9224948883056641,605,-0.270703125
0.9236800670623779,606,-0.167578125
0.9248340129852295,607,-0.29648437499999997
0.9259650707244873,608,-0.193359375
0.9271860122680664,609,0.012890625
0.9283170700073242,610,-0.012890625
0.9294290542602539,611,-0.02578125
0.9305338859558105,612,-0.2578125
0.9316489696502686,613,-0.36093749999999997
0.9328649044036865,614,-0.837890625
0.9342780113220215,615,-1.482421875
0.9357240200042725,616,-0.0515625
0.9373440742492676,617,-0.0515625
0.9388699531555176,618,-0.103125
0.940345048904419,619,-0.18046874999999998
0.9418580532073975,620,-0.37382812499999996
0.9436900615692139,621,-0.064453125
0.9460821151733398,622,-0.012890625
0.9476780891418457,623,-0.12890625
0.9491539001464844,624,-0.20625
0.9511020183563232,625,-1.0570312499999999
0.9528050422668457,626,-0.012890625
0.9541010856628418,627,-0.20625
0.9552590847015381,628,-0.322265625
0.9564039707183838,629,-0.116015625
0.957650899887085,630,-0.36093749999999997
0.9587969779968262,631,-0.2578125
0.9599239826202393,632,-0.012890625
0.9610390663146973,633,0.0
0.96213698387146,634,-0.012890625
0.9633440971374512,635,-0.116015625
0.964785099029541,636,-0.37382812499999996
0.966296911239624,637,-0.54140625
0.9678559303283691,638,-1.4308593749999998
0.9694221019744873,639,0.0
0.9708349704742432,640,-0.064453125
0.9723279476165771,641,-0.30937499999999996
0.9741959571838379,642,-0.012890625
0.9767670631408691,643,-0.28359375
0.9783229827880859,644,-0.012890625
0.9799039363861084,645,0.0
0.9819800853729248,646,-0.322265625
0.9835479259490967,647,-0.6187499999999999
0.9847900867462158,648,-1.65
0.9859380722045898,649,0.0
0.9871509075164795,650,-0.15468749999999998
0.9883160591125488,651,-0.20625
0.9894509315490723,652,-0.20625
0.990576982498169,653,-0.322265625
0.9916939735412598,654,-0.37382812499999996
0.9928300380706787,655,-0.193359375
0.9940509796142578,656,0.012890625
0.9954710006713867,657,-0.012890625
0.9969570636749268,658,-0.064453125
