time,count,voltage
0.004438877105712891,1,-0.167578125
0.0058138370513916016,2,-0.12890625
0.007055044174194336,3,-0.064453125
0.008188962936401367,4,0.012890625
0.009315967559814453,5,0.0
0.010426044464111328,6,0.0
0.011554956436157227,7,-0.2578125
0.012809038162231445,8,-0.30937499999999996
0.014016866683959961,9,-0.8121093749999999
0.015156984329223633,10,-1.4953124999999998
0.016345977783203125,11,0.0
0.0175778865814209,12,-0.012890625
0.01888585090637207,13,-0.0515625
0.020200014114379883,14,-0.28359375
0.025610923767089844,15,-0.116015625
0.02690291404724121,16,-0.012890625
0.028082847595214844,17,-0.20625
0.029222965240478516,18,-0.348046875
0.030359983444213867,19,-0.6574218749999999
0.0509028434753418,20,-1.353515625
0.05238986015319824,21,-0.270703125
0.053639888763427734,22,-0.270703125
0.05479693412780762,23,-0.103125
0.0559239387512207,24,-0.2578125
0.05706286430358887,25,-0.167578125
0.058183908462524414,26,0.0
0.05928492546081543,27,-0.012890625
0.06040382385253906,28,-0.012890625
0.06151700019836426,29,-0.2578125
0.06262898445129395,30,-0.37382812499999996
0.06382894515991211,31,-0.7863281249999999
0.06496095657348633,32,-1.4437499999999999
0.06607699394226074,33,-0.103125
0.06728982925415039,34,0.012890625
0.06851696968078613,35,-0.18046874999999998
0.06975293159484863,36,-0.270703125
0.0709829330444336,37,-0.12890625
0.07219982147216797,38,-0.37382812499999996
0.07344698905944824,39,-0.322265625
0.07480382919311523,40,0.0
0.07602190971374512,41,0.0
0.07724285125732422,42,-0.012890625
0.07846784591674805,43,-0.23203125
0.07969093322753906,44,-0.322265625
0.0809178352355957,45,-0.9152343749999999
0.08672690391540527,46,-1.5597656249999998
0.0885469913482666,47,0.012890625
0.09007596969604492,48,-0.07734374999999999
0.09158587455749512,49,-0.012890625
0.09541702270507812,50,-0.012890625
0.09734988212585449,51,-0.167578125
0.1004488468170166,52,-1.134375
0.1022958755493164,53,-0.193359375
0.10371685028076172,54,-0.29648437499999997
0.1050260066986084,55,-0.12890625
0.10628890991210938,56,-0.193359375
0.1075289249420166,57,-0.02578125
0.1088249683380127,58,-0.012890625
0.11011600494384766,59,-0.012890625
0.11136102676391602,60,-0.15468749999999998
0.13042402267456055,61,-0.33515625
0.1319568157196045,62,-0.6187499999999999
0.13329792022705078,63,0.0
0.134443998336792,64,-0.02578125
0.13556885719299316,65,-0.12890625
0.13668394088745117,66,-0.2578125
0.137786865234375,67,-0.12890625
0.13890290260314941,68,-0.38671875
0.13999581336975098,69,-0.322265625
0.1411588191986084,70,0.012890625
0.14229297637939453,71,-0.012890625
0.14340901374816895,72,-0.02578125
0.14489388465881348,73,-0.167578125
0.1464219093322754,74,-0.36093749999999997
0.14804887771606445,75,-0.928125
0.149763822555542,76,-1.65
0.15120387077331543,77,0.012890625
0.1525568962097168,78,-0.09023437499999999
0.15434503555297852,79,-0.20625
0.157059907913208,80,-0.33515625
0.15866494178771973,81,0.0
0.1602928638458252,82,-0.02578125
0.1623220443725586,83,-0.116015625
0.16402983665466309,84,-0.193359375
0.16533398628234863,85,-1.276171875
0.166517972946167,86,0.012890625
0.16763687133789062,87,-0.038671874999999994
0.1687488555908203,88,-0.09023437499999999
0.1699068546295166,89,-0.2578125
0.1710338592529297,90,-0.12890625
0.1721649169921875,91,-0.4125
0.17332983016967773,92,-0.33515625
0.17458200454711914,93,-0.012890625
0.17600584030151367,94,-0.012890625
0.17750787734985352,95,-0.02578125
0.1790318489074707,96,-0.2578125
0.1807420253753662,97,-0.37382812499999996
0.18222999572753906,98,-1.3664062499999998
0.1836838722229004,99,0.0
0.18553900718688965,100,-0.103125
0.18800091743469238,101,-0.21914062499999998
0.18959283828735352,102,-0.18046874999999998
0.19118285179138184,103,0.18046874999999998
0.19320392608642578,104,0.012890625
0.19481897354125977,105,-0.0515625
0.19608592987060547,106,-0.20625
0.19729900360107422,107,-0.7476562499999999
0.19843387603759766,108,-1.4437499999999999
0.19955086708068848,109,0.0
0.20064091682434082,110,-0.012890625
0.2017359733581543,111,-0.064453125
0.20285487174987793,112,-0.322265625
0.20395898818969727,113,-0.116015625
0.20522284507751465,114,-0.30937499999999996
0.20667481422424316,115,-0.28359375
0.20813488960266113,116,0.012890625
0.2096710205078125,117,0.0
0.2111649513244629,118,-0.012890625
0.21261191368103027,119,-0.322265625
0.2142338752746582,120,-0.580078125
0.21573400497436523,121,-1.46953125
0.21822500228881836,122,0.0
0.21999382972717285,123,-0.103125
0.2214188575744629,124,-0.193359375
0.22333192825317383,125,-0.322265625
0.22526097297668457,126,0.09023437499999999
0.22659897804260254,127,0.0
0.22782683372497559,128,-0.09023437499999999
0.22896695137023926,129,-0.36093749999999997
0.23016095161437988,130,-0.5285156249999999
0.2312779426574707,131,-1.2503906249999999
0.23237895965576172,132,-1.276171875
0.23349785804748535,133,0.0
0.23458003997802734,134,-0.0515625
0.23611688613891602,135,-0.116015625
0.23771286010742188,136,-0.167578125
0.2391510009765625,137,-0.18046874999999998
0.24080586433410645,138,-0.02578125
0.24227499961853027,139,0.012890625
0.24376296997070312,140,-0.012890625
0.24526000022888184,141,-0.20625
0.2476208209991455,142,-0.322265625
0.24958086013793945,143,-1.224609375
0.2509880065917969,144,-0.02578125
0.2529149055480957,145,-0.09023437499999999
0.25497889518737793,146,-0.20625
0.25643086433410645,147,-0.23203125
0.2576138973236084,148,0.09023437499999999
0.25874996185302734,149,0.0
0.2599010467529297,150,-0.02578125
0.26101088523864746,151,-0.103125
0.262178897857666,152,-0.322265625
0.26331090927124023,153,-0.42539062499999997
0.26441502571105957,154,-1.16015625
0.2655220031738281,155,-1.65
0.26670384407043457,156,-0.012890625
0.2680950164794922,157,-0.038671874999999994
0.26955389976501465,158,-0.12890625
0.2711338996887207,159,-0.116015625
0.27274584770202637,160,-0.23203125
0.2741858959197998,161,0.02578125
0.2755880355834961,162,0.012890625
0.2774930000305176,163,-0.012890625
0.28003692626953125,164,-0.23203125
0.2815539836883545,165,-0.7863281249999999
0.28343701362609863,166,-0.4125
0.28562188148498535,167,0.0
0.2871429920196533,168,-0.28359375
0.28835582733154297,169,-0.322265625
0.2895069122314453,170,-0.30937499999999996
0.29062485694885254,171,-0.116015625
0.2917449474334717,172,-0.012890625
0.2928919792175293,173,0.012890625
0.2940499782562256,174,-0.02578125
0.29515695571899414,175,-0.36093749999999997
0.2962608337402344,176,-0.33515625
0.2974560260772705,177,-0.9410156249999999
0.2988908290863037,178,-1.5726562499999999
0.3003818988800049,179,0.0
0.30197787284851074,180,-0.167578125
0.3035769462585449,181,-0.193359375
0.30504584312438965,182,-0.103125
0.306459903717041,183,-0.15468749999999998
0.30851292610168457,184,0.103125
0.3109099864959717,185,0.012890625
0.31241488456726074,186,-0.2578125
0.31417083740234375,187,-0.476953125
0.316241979598999,188,-1.3792968749999999
0.31769704818725586,189,0.0
0.3188638687133789,190,-0.116015625
0.3199939727783203,191,-0.270703125
0.32112598419189453,192,-0.141796875
0.3222239017486572,193,-0.399609375
0.3233480453491211,194,-0.322265625
0.32445597648620605,195,0.0
0.3255748748779297,196,0.0
0.32668590545654297,197,-0.02578125
0.3278830051422119,198,-0.15468749999999998
0.3292989730834961,199,-0.33515625
0.33073997497558594,200,-0.64453125
0.33225083351135254,201,-1.456640625
0.33388400077819824,202,0.0
0.33528900146484375,203,-0.193359375
0.3366999626159668,204,-0.30937499999999996
0.3383808135986328,205,-0.193359375
0.3410940170288086,206,-0.322265625
0.3427448272705078,207,0.0
0.34429287910461426,208,-0.012890625
0.34624791145324707,209,-0.2578125
0.347959041595459,210,-0.5929687499999999
0.3492770195007324,211,-1.6242187499999998
0.3504459857940674,212,-0.103125
0.35156702995300293,213,-0.21914062499999998
0.35279297828674316,214,-0.20625
0.35392093658447266,215,-0.116015625
0.3550279140472412,216,-0.30937499999999996
0.35615086555480957,217,-0.33515625
0.3572978973388672,218,-0.167578125
0.3585238456726074,219,0.012890625
0.3605320453643799,220,-0.012890625
0.3619859218597412,221,-0.23203125
0.3637259006500244,222,-0.23203125
0.3653888702392578,223,-1.147265625
0.3669149875640869,224,-0.012890625
0.3682839870452881,225,-0.064453125
0.3705928325653076,226,-0.2578125
0.372844934463501,227,-0.09023437499999999
0.3744208812713623,228,0.33515625
0.3762638568878174,229,0.0
0.37812304496765137,230,-0.012890625
0.3794708251953125,231,-0.2578125
0.38071703910827637,232,-0.7863281249999999
0.3818669319152832,233,-1.4953124999999998
0.38303399085998535,234,0.0
0.3841819763183594,235,-0.012890625
0.3852858543395996,236,-0.012890625
0.3864009380340576,237,-0.29648437499999997
0.3874969482421875,238,-0.193359375
0.3887770175933838,239,-0.4125
0.39023685455322266,240,-0.322265625
0.3917109966278076,241,0.012890625
0.39323902130126953,242,-0.012890625
0.3951389789581299,243,-0.064453125
0.39656496047973633,244,-0.270703125
0.3979990482330322,245,-0.992578125
0.39979982376098633,246,-1.65
0.40221190452575684,247,0.0
0.40378689765930176,248,-0.29648437499999997
0.4053690433502197,249,-0.193359375
0.4075000286102295,250,-0.141796875
0.40909385681152344,251,0.0
0.41034603118896484,252,-0.0515625
0.4114978313446045,253,-0.20625
0.41275787353515625,254,-0.36093749999999997
0.41391992568969727,255,-0.837890625
0.4150688648223877,256,-1.482421875
0.4162149429321289,257,0.0
0.41730403900146484,258,-0.012890625
0.4183838367462158,259,-0.15468749999999998
0.41959285736083984,260,-0.23203125
0.4210989475250244,261,-0.193359375
0.42257094383239746,262,-0.348046875
0.4242260456085205,263,-0.116015625
0.4257388114929199,264,0.0
0.4270930290222168,265,-0.0515625
0.4285449981689453,266,-0.23203125
0.4302248954772949,267,-0.23203125
0.43282604217529297,268,-0.992578125
0.4344029426574707,269,-0.103125
0.4358830451965332,270,-0.116015625
0.4380209445953369,271,-0.193359375
0.43982791900634766,272,-0.141796875
0.44110703468322754,273,0.30937499999999996
0.44226503372192383,274,0.0
0.44340085983276367,275,-0.02578125
0.44452595710754395,276,-0.193359375
0.4457118511199951,277,-0.322265625
0.44681787490844727,278,-0.54140625
0.4479238986968994,279,-1.26328125
0.44904398918151855,280,-1.2503906249999999
0.45024585723876953,281,0.0
0.4516270160675049,282,-0.116015625
0.45319199562072754,283,-0.21914062499999998
0.4547920227050781,284,-0.116015625
0.4563419818878174,285,-0.322265625
0.45774388313293457,286,0.038671874999999994
0.4591348171234131,287,0.0
0.46076083183288574,288,-0.012890625
0.46345996856689453,289,-0.270703125
0.46510887145996094,290,-0.7863281249999999
0.46651196479797363,291,0.0
0.46834492683410645,292,-0.0515625
0.47032904624938965,293,-0.167578125
0.4720759391784668,294,-0.012890625
0.47371602058410645,295,-0.0515625
0.4752328395843506,296,-0.012890625
0.4767940044403076,297,-0.02578125
0.4784839153289795,298,-0.103125
0.4801359176635742,299,-0.30937499999999996
0.4818699359893799,300,-1.044140625
0.48386096954345703,301,-0.012890625
0.48592495918273926,302,-0.15468749999999998
0.4879438877105713,303,-0.24492187499999998
0.4899008274078369,304,-0.167578125
0.4931328296661377,305,0.21914062499999998
0.49562501907348633,306,-0.012890625
0.49781203269958496,307,-0.193359375
0.5002419948577881,308,-1.3019531249999998
0.5020020008087158,309,-0.02578125
0.503633975982666,310,-0.2578125
0.5052368640899658,311,-0.167578125
0.5068650245666504,312,-0.12890625
0.5085399150848389,313,0.0
0.5102038383483887,314,-0.02578125
0.5119829177856445,315,-0.12890625
0.5138559341430664,316,-0.2578125
0.5157549381256104,317,-1.198828125
0.5179879665374756,318,0.0
0.5199999809265137,319,-0.103125
0.5219919681549072,320,-0.15468749999999998
0.5255639553070068,321,-0.116015625
0.5278019905090332,322,0.0
0.5300228595733643,323,-0.28359375
0.5323410034179688,324,-0.7734375
0.5341989994049072,325,0.0
0.5362148284912109,326,-0.15468749999999998
0.5377578735351562,327,-0.0515625
0.5391099452972412,328,-0.36093749999999997
0.5405569076538086,329,-0.15468749999999998
0.5421538352966309,330,-0.012890625
0.5439460277557373,331,-0.02578125
0.5457010269165039,332,-0.2578125
0.5472428798675537,333,-0.38671875
0.5486588478088379,334,-1.353515625
0.5502719879150391,335,-0.012890625
0.5523669719696045,336,0.0
0.554081916809082,337,-0.322265625
0.555487871170044,338,-0.28359375
0.5571439266204834,339,-0.12890625
0.5586650371551514,340,0.0
0.5614080429077148,341,-0.012890625
0.5631229877471924,342,-0.24492187499999998
0.5653719902038574,343,-0.8765624999999999
0.5676980018615723,344,-0.6187499999999999
0.5692548751831055,345,-0.012890625
0.5705180168151855,346,-0.20625
0.5718748569488525,347,-0.37382812499999996
0.5735039710998535,348,-0.37382812499999996
0.575002908706665,349,0.012890625
0.5766739845275879,350,-0.012890625
0.5781128406524658,351,-0.064453125
0.5794680118560791,352,-0.30937499999999996
0.5812678337097168,353,-0.825
0.5838639736175537,354,-1.546875
0.5854089260101318,355,-0.141796875
0.5868649482727051,356,-0.30937499999999996
0.589015007019043,357,-0.23203125
0.5910170078277588,358,0.0
0.5923519134521484,359,0.0
0.5935368537902832,360,-0.02578125
0.5946838855743408,361,-0.20625
0.5958418846130371,362,-0.30937499999999996
0.596966028213501,363,-0.708984375
0.5982959270477295,364,-1.353515625
0.5994389057159424,365,-0.012890625
0.6005499362945557,366,0.0
0.601747989654541,367,-0.2578125
0.6031780242919922,368,-0.270703125
0.604672908782959,369,-0.103125
0.6063268184661865,370,-0.322265625
0.6079039573669434,371,-0.012890625
0.6093008518218994,372,-0.012890625
0.6106438636779785,373,-0.02578125
0.6134309768676758,374,-0.270703125
0.6150639057159424,375,-0.734765625
0.6167359352111816,376,0.0
0.6186869144439697,377,-0.012890625
0.6200618743896484,378,-0.23203125
0.6212890148162842,379,-0.0515625
0.6224310398101807,380,-0.29648437499999997
0.6236159801483154,381,-0.167578125
0.6247880458831787,382,-0.012890625
0.6259059906005859,383,0.0
0.6270120143890381,384,-0.012890625
0.6281158924102783,385,-0.28359375
0.6292510032653809,386,-0.37382812499999996
0.6303720474243164,387,-0.7863281249999999
0.6314818859100342,388,-1.41796875
0.6327300071716309,389,0.012890625
0.634152889251709,390,-0.02578125
0.6355998516082764,391,-0.12890625
0.6372909545898438,392,-0.322265625
0.638873815536499,393,-0.33515625
0.640496015548706,394,-0.09023437499999999
0.6422719955444336,395,0.012890625
0.6451148986816406,396,-0.02578125
0.6465768814086914,397,-0.2578125
0.6483898162841797,398,-0.992578125
0.6503679752349854,399,-0.605859375
0.6517479419708252,400,-0.167578125
0.652987003326416,401,-0.20625
0.654217004776001,402,-0.103125
0.6553528308868408,403,-0.38671875
0.656466007232666,404,-0.322265625
0.6576030254364014,405,0.012890625
0.6588449478149414,406,0.0
0.6604299545288086,407,-0.12890625
0.6621458530426025,408,-0.09023437499999999
0.6638369560241699,409,-0.103125
0.6653900146484375,410,-1.134375
0.6668388843536377,411,0.0
0.6684780120849609,412,-0.09023437499999999
0.669996976852417,413,-0.23203125
0.6714129447937012,414,-0.2578125
0.6732208728790283,415,-0.322265625
0.6756529808044434,416,-0.09023437499999999
0.6773619651794434,417,-0.02578125
0.6789770126342773,418,-0.24492187499999998
0.680992841720581,419,-0.322265625
0.6825759410858154,420,-1.405078125
0.6839578151702881,421,0.0
0.6851558685302734,422,-0.21914062499999998
0.6863338947296143,423,-0.0515625
0.6874580383300781,424,-0.0515625
0.6885828971862793,425,-0.33515625
0.6896908283233643,426,-0.33515625
0.6907899379730225,427,-0.012890625
0.6918928623199463,428,0.0
0.6931090354919434,429,-0.012890625
0.694566011428833,430,-0.064453125
0.6960179805755615,431,-0.28359375
0.6975739002227783,432,-0.6703125
0.6990468502044678,433,-1.4953124999999998
0.7004988193511963,434,-0.012890625
0.7029879093170166,435,-0.20625
0.7054009437561035,436,-0.29648437499999997
0.70694899559021,437,-0.0515625
0.709169864654541,438,0.012890625
0.7109060287475586,439,-0.012890625
0.7121658325195312,440,-0.28359375
0.7133598327636719,441,-0.37382812499999996
0.7145049571990967,442,-1.173046875
