time,count,voltage
0.005635976791381836,1,-0.36093749999999997
0.007246971130371094,2,0.012890625
0.008885860443115234,3,-0.012890625
0.010383844375610352,4,-0.20625
0.011823892593383789,5,-0.5285156249999999
0.013231992721557617,6,-1.0828125
0.014631032943725586,7,-1.65
0.01600193977355957,8,-0.193359375
0.017364025115966797,9,-0.29648437499999997
0.019681930541992188,10,-0.42539062499999997
0.021550893783569336,11,-0.515625
0.02332901954650879,12,-0.012890625
0.02504587173461914,13,-0.012890625
0.026725053787231445,14,-0.0515625
0.028434038162231445,15,-0.54140625
0.029989957809448242,16,-0.992578125
0.0314030647277832,17,-1.611328125
0.032778024673461914,18,-0.116015625
0.03414297103881836,19,-0.2578125
0.035730838775634766,20,-0.4125
0.03751206398010254,21,-0.02578125
0.039320945739746094,22,0.0
0.041131019592285156,23,0.012890625
0.04301786422729492,24,-0.064453125
0.04477500915527344,25,-0.38671875
0.04725790023803711,26,-0.6832031249999999
0.049141883850097656,27,-0.103125
0.0509798526763916,28,-0.20625
0.053624868392944336,29,-0.4125
0.05661797523498535,30,-0.2578125
0.05854988098144531,31,0.012890625
0.06022787094116211,32,-0.09023437499999999
0.06216883659362793,33,-0.48984374999999997
0.06437897682189941,34,-1.147265625
0.06660890579223633,35,-0.141796875
0.06834983825683594,36,-0.193359375
0.0699310302734375,37,-0.580078125
0.07132983207702637,38,-0.4125
0.07272005081176758,39,-0.103125
0.07407903671264648,40,-0.02578125
0.07543396949768066,41,-0.02578125
0.07682299613952637,42,-0.24492187499999998
0.07828593254089355,43,-0.5929687499999999
0.0796658992767334,44,-1.00546875
0.0810098648071289,45,-1.65
0.08240795135498047,46,0.0
0.08375787734985352,47,-0.24492187499999998
0.08515000343322754,48,-0.30937499999999996
0.08654999732971191,49,-0.4125
0.0878899097442627,50,-0.4125
0.08926701545715332,51,-0.12890625
0.09070897102355957,52,0.0
0.09201383590698242,53,-0.012890625
0.09356188774108887,54,-0.15468749999999998
0.09501504898071289,55,-0.554296875
0.09661388397216797,56,-1.0570312499999999
0.09807896614074707,57,-1.6371093749999999
0.09974789619445801,58,-0.15468749999999998
0.10157084465026855,59,-0.20625
0.10410284996032715,60,-0.605859375
0.10569906234741211,61,-0.2578125
0.10747790336608887,62,0.0
0.10957193374633789,63,-0.012890625
0.11092185974121094,64,-0.322265625
0.11231684684753418,65,-0.54140625
0.11352396011352539,66,-1.276171875
0.11468791961669922,67,0.0
0.11579394340515137,68,-0.064453125
0.11689901351928711,69,-0.33515625
0.11805105209350586,70,-0.2578125
0.11924290657043457,71,-0.580078125
0.1204519271850586,72,-0.38671875
0.12197494506835938,73,-0.348046875
0.12345290184020996,74,-0.012890625
0.12514305114746094,75,0.0
0.126633882522583,76,-0.09023437499999999
0.1279749870300293,77,-0.502734375
0.12944793701171875,78,-0.7863281249999999
0.13188886642456055,79,-1.611328125
0.13379883766174316,80,-0.116015625
0.1352829933166504,81,-0.36093749999999997
0.1373610496520996,82,-0.2578125
0.13903498649597168,83,-0.09023437499999999
0.14027190208435059,84,0.02578125
0.14145302772521973,85,0.0
0.14259004592895508,86,-0.12890625
0.1437079906463623,87,-0.605859375
0.1448040008544922,88,-0.69609375
0.1459360122680664,89,-1.147265625
0.14704084396362305,90,-1.65
0.14812994003295898,91,0.0
0.1493518352508545,92,-0.167578125
0.15056991577148438,93,-0.4125
0.151993989944458,94,-0.451171875
0.1534559726715088,95,-0.322265625
0.15507793426513672,96,-0.43828124999999996
0.15659785270690918,97,-0.02578125
0.15810799598693848,98,-0.012890625
0.15964388847351074,99,-0.103125
0.16128206253051758,100,-0.515625
0.16389989852905273,101,-0.631640625
0.1655750274658203,102,0.0
0.1670520305633545,103,-0.0515625
0.16911005973815918,104,-0.2578125
0.1708528995513916,105,-0.012890625
0.17219090461730957,106,0.116015625
0.1733989715576172,107,0.0
0.17453885078430176,108,-0.012890625
0.17565202713012695,109,-0.09023437499999999
0.17676496505737305,110,-0.37382812499999996
0.17789602279663086,111,-0.64453125
0.17904090881347656,112,-0.90234375
0.18015599250793457,113,-1.5597656249999998
0.18142199516296387,114,0.0
0.18284296989440918,115,-0.193359375
0.18431901931762695,116,-0.21914062499999998
0.18599796295166016,117,-0.476953125
0.1876070499420166,118,0.0
0.18914198875427246,119,0.103125
0.1906599998474121,120,0.012890625
0.19227385520935059,121,-0.012890625
0.1948859691619873,122,-0.15468749999999998
0.19648385047912598,123,-0.6574218749999999
0.19809484481811523,124,-1.65
0.20017600059509277,125,0.0
0.20192790031433105,126,-0.116015625
0.20322895050048828,127,-0.270703125
0.2043900489807129,128,-0.38671875
0.2055339813232422,129,-0.20625
0.20665502548217773,130,0.0
0.20775389671325684,131,-0.012890625
0.20888090133666992,132,-0.103125
0.20998883247375488,133,-0.36093749999999997
0.21110892295837402,134,-0.631640625
0.2122950553894043,135,-0.863671875
0.21376895904541016,136,-1.546875
0.21557998657226562,137,0.0
0.21691393852233887,138,-0.12890625
0.21840691566467285,139,-0.2578125
0.21981287002563477,140,-0.33515625
0.22141385078430176,141,-0.30937499999999996
0.222883939743042,142,-0.012890625
0.22539305686950684,143,0.0
0.2274010181427002,144,-0.0515625
0.22898006439208984,145,-0.37382812499999996
0.23093390464782715,146,-1.2374999999999998
0.23281002044677734,147,-0.116015625
0.23416686058044434,148,-0.20625
0.23535799980163574,149,-0.631640625
0.23649096488952637,150,-0.167578125
0.23766684532165527,151,-0.37382812499999996
0.2388148307800293,152,-0.20625
0.23995184898376465,153,0.012890625
0.2410600185394287,154,-0.012890625
0.24228286743164062,155,-0.103125
0.2436840534210205,156,-0.37382812499999996
0.24519801139831543,157,-0.64453125
0.24678587913513184,158,-1.1859374999999999
0.24837994575500488,159,-0.012890625
0.24985098838806152,160,-0.0515625
0.25119590759277344,161,-0.15468749999999998
0.2531158924102783,162,-0.7734375
0.255612850189209,163,-0.20625
0.25713586807250977,164,0.0
0.25873589515686035,165,-0.02578125
0.26084399223327637,166,-0.103125
0.2624979019165039,167,-0.515625
0.2637488842010498,168,-1.4437499999999999
0.2649040222167969,169,0.0
0.2660238742828369,170,-0.103125
0.26715087890625,171,-0.23203125
0.26834583282470703,172,-0.38671875
0.2694859504699707,173,-0.64453125
0.2706129550933838,174,-0.399609375
0.2717099189758301,175,-0.30937499999999996
0.2729189395904541,176,-0.012890625
0.2743659019470215,177,0.0
0.2758209705352783,178,-0.0515625
0.2775380611419678,179,-0.322265625
0.2790489196777344,180,-0.54140625
0.28046488761901855,181,-1.3921875
0.28197383880615234,182,0.0
0.283282995223999,183,-0.103125
0.285754919052124,184,0.0
0.28761792182922363,185,-0.270703125
0.2890510559082031,186,0.0515625
0.2909369468688965,187,0.0
0.2928938865661621,188,-0.012890625
0.2943079471588135,189,-0.33515625
0.2954850196838379,190,-0.605859375
0.2966189384460449,191,-1.353515625
0.2977609634399414,192,-0.322265625
0.298922061920166,193,-0.02578125
0.30002593994140625,194,-0.18046874999999998
0.3011798858642578,195,-0.23203125
0.30229997634887695,196,-0.4640625
0.3034839630126953,197,-0.09023437499999999
0.30486488342285156,198,-0.18046874999999998
0.306365966796875,199,-0.02578125
0.3079349994659424,200,0.0
0.30965185165405273,201,-0.103125
0.31106996536254883,202,-0.476953125
0.31241703033447266,203,-0.64453125
0.3139159679412842,204,-1.456640625
0.31648683547973633,205,-0.103125
0.3185110092163086,206,-0.2578125
0.31995487213134766,207,-0.270703125
0.3219618797302246,208,-0.48984374999999997
0.3237159252166748,209,0.0
0.32500290870666504,210,0.0
0.32644200325012207,211,-0.103125
0.3276059627532959,212,-0.54140625
0.3288240432739258,213,-0.6703125
0.3299689292907715,214,-1.4437499999999999
0.331096887588501,215,-0.02578125
0.33219385147094727,216,0.0
0.33333683013916016,217,-0.270703125
0.3345329761505127,218,-0.15468749999999998
0.33592891693115234,219,-0.7218749999999999
0.33739185333251953,220,-0.29648437499999997
0.33905506134033203,221,-0.12890625
0.3405928611755371,222,0.0
0.34205198287963867,223,-0.02578125
0.3440999984741211,224,-0.193359375
0.3466019630432129,225,-0.4640625
0.3485288619995117,226,-1.46953125
0.35004305839538574,227,-0.103125
0.35179805755615234,228,-0.12890625
0.3537869453430176,229,-0.64453125
0.35523104667663574,230,-0.4125
0.3564329147338867,231,0.0
0.35761404037475586,232,0.0
0.35883402824401855,233,-0.09023437499999999
0.3599739074707031,234,-0.2578125
0.3610818386077881,235,-0.605859375
0.36221790313720703,236,-0.79921875
0.36332106590270996,237,-1.456640625
0.36450886726379395,238,0.0
0.3659799098968506,239,-0.038671874999999994
0.36745691299438477,240,-0.270703125
0.3691079616546631,241,-0.54140625
0.37064504623413086,242,-0.15468749999999998
0.3720519542694092,243,-0.02578125
0.3736109733581543,244,0.0
0.3752169609069824,245,-0.038671874999999994
0.3778409957885742,246,-0.116015625
0.37953805923461914,247,-0.43828124999999996
0.38112306594848633,248,-1.5597656249999998
0.3831319808959961,249,-0.012890625
0.38483595848083496,250,-0.29648437499999997
0.3861370086669922,251,-0.33515625
0.38730692863464355,252,-0.20625
0.3884398937225342,253,-0.167578125
0.38961005210876465,254,0.0
0.39072394371032715,255,0.012890625
0.39182496070861816,256,-0.09023437499999999
0.3929250240325928,257,-0.20625
0.394014835357666,258,-0.631640625
0.3952059745788574,259,-0.64453125
0.39660000801086426,260,-1.3148437499999999
0.3982059955596924,261,-0.21914062499999998
0.3998110294342041,262,-0.141796875
0.4012730121612549,263,-0.2578125
0.4026968479156494,264,-0.5671875
0.4040830135345459,265,-0.36093749999999997
0.4057638645172119,266,-0.167578125
0.4083750247955322,267,0.012890625
0.41004395484924316,268,-0.064453125
0.41144704818725586,269,-0.502734375
0.41345787048339844,270,-0.837890625
0.41526103019714355,271,-1.65
0.4165668487548828,272,0.0
0.4177699089050293,273,-0.09023437499999999
0.4189798831939697,274,-0.6832031249999999
0.4203648567199707,275,-0.141796875
0.42153406143188477,276,-0.09023437499999999
0.42266106605529785,277,0.012890625
0.4237658977508545,278,-0.012890625
0.42485785484313965,279,-0.012890625
0.42604994773864746,280,-0.07734374999999999
0.42745089530944824,281,-0.515625
0.4292728900909424,282,-0.580078125
0.4308810234069824,283,-1.5597656249999998
0.4323849678039551,284,0.0
0.433851957321167,285,-0.23203125
0.43534088134765625,286,-0.30937499999999996
0.4374508857727051,287,-0.21914062499999998
0.43972301483154297,288,-0.322265625
0.4412200450897217,289,0.012890625
0.44277191162109375,290,-0.09023437499999999
0.44483304023742676,291,-0.43828124999999996
0.4465458393096924,292,-0.734765625
0.44781994819641113,293,-1.46953125
0.44899988174438477,294,-0.0515625
0.4501349925994873,295,-0.2578125
0.4512660503387451,296,-0.2578125
0.4523909091949463,297,-0.631640625
0.45350193977355957,298,-0.2578125
0.4546060562133789,299,-0.30937499999999996
0.4557058811187744,300,-0.167578125
0.45688390731811523,301,0.0
0.4583170413970947,302,-0.012890625
0.45978593826293945,303,-0.103125
0.4614119529724121,304,-0.502734375
0.46289801597595215,305,-0.7476562499999999
0.4642908573150635,306,-1.65
0.4656698703765869,307,0.0
0.46754884719848633,308,-0.15468749999999998
0.4702620506286621,309,-0.29648437499999997
0.4718649387359619,310,0.02578125
0.4734170436859131,311,0.012890625
0.4755589962005615,312,-0.012890625
0.4771440029144287,313,-0.15468749999999998
0.47844886779785156,314,-0.4640625
0.47960686683654785,315,-1.16015625
0.48072290420532227,316,-1.65
0.48186588287353516,317,0.0
0.4829888343811035,318,-0.02578125
0.4840998649597168,319,-0.15468749999999998
0.48524904251098633,320,-0.554296875
0.48636698722839355,321,-0.23203125
0.48755502700805664,322,-0.4125
0.4889998435974121,323,-0.2578125
0.4905669689178467,324,0.012890625
0.492128849029541,325,-0.012890625
0.4936349391937256,326,-0.20625
0.4950590133666992,327,-0.5285156249999999
0.4964468479156494,328,-1.1214843749999999
0.4977760314941406,329,-1.65
0.5002038478851318,330,-0.0515625
0.5022249221801758,331,-0.20625
0.5036270618438721,332,-0.116015625
0.5053699016571045,333,-0.167578125
0.5074009895324707,334,-0.012890625
0.5088980197906494,335,-0.012890625
0.5101339817047119,336,-0.270703125
0.5112669467926025,337,-0.580078125
0.5123870372772217,338,-0.928125
0.513495922088623,339,-1.5597656249999998
0.5146150588989258,340,-0.012890625
0.5157208442687988,341,-0.12890625
0.5168449878692627,342,-0.23203125
0.518082857131958,343,-0.270703125
0.5195209980010986,344,-0.69609375
0.5210020542144775,345,-0.23203125
0.5225870609283447,346,-0.02578125
0.5241010189056396,347,0.012890625
0.5255489349365234,348,-0.0515625
0.5268919467926025,349,-0.24492187499999998
0.5285749435424805,350,-0.6187499999999999
0.5313379764556885,351,-1.0828125
0.5329539775848389,352,-0.20625
0.5346119403839111,353,-0.270703125
0.5366349220275879,354,-0.580078125
0.5382599830627441,355,-0.270703125
0.5395238399505615,356,0.141796875
0.5406789779663086,357,-0.012890625
0.5418639183044434,358,-0.038671874999999994
0.54298996925354,359,-0.20625
0.5440928936004639,360,-0.5671875
0.5451929569244385,361,-0.69609375
0.546332836151123,362,-1.327734375
0.5474278926849365,363,-1.4437499999999999
0.5486159324645996,364,0.012890625
0.5501019954681396,365,-0.103125
0.5515680313110352,366,-0.193359375
0.5530998706817627,367,-0.322265625
0.5546989440917969,368,-0.167578125
0.5560140609741211,369,0.116015625
0.5574889183044434,370,0.012890625
0.5590639114379883,371,-0.0515625
0.5615940093994141,372,-0.30937499999999996
0.5633578300476074,373,-0.708984375
0.5648379325866699,374,-0.825
0.5668339729309082,375,-0.141796875
0.5686190128326416,376,-0.21914062499999998
0.5699770450592041,377,-0.193359375
0.5711510181427002,378,-0.322265625
0.5722708702087402,379,-0.15468749999999998
0.5734150409698486,380,0.0
0.574517011642456,381,-0.012890625
0.5756139755249023,382,-0.116015625
0.5767090320587158,383,-0.43828124999999996
0.577888011932373,384,-0.6703125
0.5791280269622803,385,-0.95390625
0.5805330276489258,386,-1.65
0.5820989608764648,387,0.0
0.5836520195007324,388,-0.12890625
0.5851540565490723,389,-0.2578125
0.5866739749908447,390,-0.193359375
0.5880758762359619,391,-0.30937499999999996
0.590087890625,392,-0.02578125
0.5924808979034424,393,0.0
0.5940818786621094,394,-0.29648437499999997
0.5955779552459717,395,-0.4640625
0.5977270603179932,396,-1.2503906249999999
0.5994369983673096,397,-0.064453125
0.6007230281829834,398,-0.2578125
0.6019458770751953,399,-0.43828124999999996
0.6030979156494141,400,-0.29648437499999997
0.6042249202728271,401,-0.37382812499999996
0.6053788661956787,402,-0.23203125
0.6064870357513428,403,-0.012890625
0.6075918674468994,404,-0.012890625
0.6087470054626465,405,-0.103125
0.6099810600280762,406,-0.37382812499999996
0.6114020347595215,407,-0.6703125
0.6129138469696045,408,-0.992578125
0.6145138740539551,409,-1.65
0.6159830093383789,410,0.0
0.6173439025878906,411,-0.2578125
0.6188619136810303,412,-0.4125
0.6205639839172363,413,-0.193359375
0.6230590343475342,414,-0.20625
0.6248719692230225,415,0.0
0.6264128684997559,416,-0.103125
0.6284890174865723,417,-0.554296875
0.6302390098571777,418,-0.928125
0.6315078735351562,419,0.0
0.6326639652252197,420,-0.103125
0.6340498924255371,421,-0.322265625
0.6351969242095947,422,-0.4125
0.6363110542297363,423,-0.167578125
0.6374399662017822,424,-0.4125
0.6385588645935059,425,-0.322265625
0.6396989822387695,426,0.0
0.6408870220184326,427,0.0
0.6422879695892334,428,-0.064453125
0.6437458992004395,429,-0.36093749999999997
0.6453909873962402,430,-0.5671875
0.6469230651855469,431,-1.198828125
0.6483719348907471,432,-0.064453125
0.6499228477478027,433,-0.103125
0.6517150402069092,434,-0.20625
0.6543478965759277,435,-0.37382812499999996
0.6558809280395508,436,0.07734374999999999
0.6574368476867676,437,0.0
0.6595940589904785,438,-0.012890625
0.6612129211425781,439,-0.36093749999999997
0.6625089645385742,440,-0.64453125
0.6636650562286377,441,-1.52109375
0.6647870540618896,442,-0.012890625
0.6659269332885742,443,-0.07734374999999999
0.6670548915863037,444,-0.270703125
