time,count,voltage
0.004615068435668945,1,-0.167578125
0.005927085876464844,2,-0.20625
0.007112026214599609,3,-0.116015625
0.00826406478881836,4,-0.36093749999999997
0.009512901306152344,5,-0.30937499999999996
0.010638952255249023,6,-0.012890625
0.011749982833862305,7,-0.012890625
0.012929916381835938,8,-0.103125
0.01409006118774414,9,-0.270703125
0.015280961990356445,10,-0.167578125
0.016546010971069336,11,-0.7476562499999999
0.017859935760498047,12,-1.353515625
0.023746013641357422,13,-0.4640625
0.025065898895263672,14,-0.12890625
0.026313066482543945,15,-0.0515625
0.027477025985717773,16,-0.012890625
0.028641939163208008,17,-0.012890625
0.029793977737426758,18,-0.07734374999999999
0.03100895881652832,19,-0.29648437499999997
0.03244900703430176,20,-0.167578125
0.033902883529663086,21,-0.889453125
0.03543591499328613,22,-1.611328125
0.03711891174316406,23,-0.23203125
0.03862595558166504,24,-0.18046874999999998
0.04012298583984375,25,-0.12890625
0.041552066802978516,26,-0.322265625
0.04351305961608887,27,-0.20625
0.045883893966674805,28,-0.012890625
0.04732203483581543,29,-0.07734374999999999
0.049056053161621094,30,-0.15468749999999998
0.05098104476928711,31,-0.7734375
0.05246305465698242,32,-1.65
0.05372500419616699,33,-0.2578125
0.05487203598022461,34,-0.0515625
0.05600094795227051,35,-0.193359375
0.05714607238769531,36,-0.09023437499999999
0.05825209617614746,37,-0.36093749999999997
0.059439897537231445,38,-0.33515625
0.06055903434753418,39,-0.012890625
0.0617070198059082,40,-0.012890625
0.06281495094299316,41,-0.064453125
0.06924104690551758,42,-0.21914062499999998
0.0706939697265625,43,-0.24492187499999998
0.07207703590393066,44,-0.21914062499999998
0.0732879638671875,45,-0.20625
0.07441592216491699,46,-0.37382812499999996
0.0755300521850586,47,-0.42539062499999997
0.07665491104125977,48,-0.2578125
0.07776308059692383,49,-0.012890625
0.07899689674377441,50,-0.064453125
0.08022189140319824,51,-0.12890625
0.08137893676757812,52,-0.21914062499999998
0.08250999450683594,53,-0.37382812499999996
0.08376908302307129,54,-1.0828125
0.08507800102233887,55,-1.611328125
0.08639097213745117,56,-0.141796875
0.08767986297607422,57,-0.322265625
0.08909201622009277,58,-0.193359375
0.09038901329040527,59,-0.103125
0.09911298751831055,60,-0.37382812499999996
0.10109996795654297,61,-0.2578125
0.10252690315246582,62,-1.533984375
0.10384988784790039,63,-0.23203125
0.10511898994445801,64,-0.23203125
0.10643291473388672,65,-0.09023437499999999
0.10771799087524414,66,-0.322265625
0.10907101631164551,67,-0.33515625
0.11902809143066406,68,-0.141796875
0.12052106857299805,69,-0.064453125
0.12182402610778809,70,-0.20625
0.12308597564697266,71,-0.116015625
0.12440204620361328,72,-0.29648437499999997
0.12578701972961426,73,-0.322265625
0.1269838809967041,74,-0.103125
0.1282510757446289,75,-0.012890625
0.13005304336547852,76,-0.0515625
0.13187909126281738,77,-0.23203125
0.13372302055358887,78,-0.37382812499999996
0.13544607162475586,79,-1.3792968749999999
0.13688898086547852,80,-0.103125
0.13836097717285156,81,-0.116015625
0.14001107215881348,82,-0.12890625
0.1416759490966797,83,-0.270703125
0.14346694946289062,84,-0.141796875
0.149946928024292,85,-0.012890625
0.1517329216003418,86,-0.9152343749999999
0.15439796447753906,87,-0.36093749999999997
0.15626907348632812,88,-0.20625
0.15823101997375488,89,-0.103125
0.16048192977905273,90,-0.116015625
0.1619560718536377,91,-0.02578125
0.16326689720153809,92,-0.0515625
0.16452598571777344,93,-0.20625
0.16577887535095215,94,-0.167578125
0.16702008247375488,95,-0.9152343749999999
0.1682600975036621,96,-1.5082031249999999
0.16960501670837402,97,-0.103125
0.17899107933044434,98,-0.33515625
0.181290864944458,99,-0.270703125
0.18373799324035645,100,-0.02578125
0.18524789810180664,101,-1.224609375
0.1870110034942627,102,-0.2578125
0.18898296356201172,103,-0.167578125
0.19030094146728516,104,-0.0515625
0.1914689540863037,105,-0.37382812499999996
0.19260787963867188,106,-0.270703125
0.1937270164489746,107,-0.103125
0.19482803344726562,108,-0.012890625
0.19593286514282227,109,-0.09023437499999999
0.19704294204711914,110,-0.2578125
0.1981520652770996,111,-0.30937499999999996
0.1992800235748291,112,-0.476953125
0.2003779411315918,113,-1.147265625
0.20147705078125,114,-1.65
0.20266389846801758,115,-0.012890625
0.20406508445739746,116,-0.2578125
0.20550990104675293,117,-0.2578125
0.2070319652557373,118,-0.103125
0.2085568904876709,119,-0.4125
0.210068941116333,120,-0.20625
0.2115180492401123,121,-0.012890625
0.21413898468017578,122,-0.0515625
0.2157909870147705,123,-0.18046874999999998
0.2173318862915039,124,-0.8507812499999999
0.2195589542388916,125,-1.5597656249999998
0.22104501724243164,126,-0.2578125
0.2222590446472168,127,-0.270703125
0.22345495223999023,128,-0.18046874999999998
0.2246410846710205,129,-0.4640625
0.2257828712463379,130,-0.399609375
0.22690105438232422,131,-0.167578125
0.22800397872924805,132,-0.012890625
0.22914505004882812,133,-0.09023437499999999
0.23026204109191895,134,-0.18046874999999998
0.23136496543884277,135,-0.33515625
0.23246192932128906,136,-0.42539062499999997
0.23362493515014648,137,-1.10859375
0.23500704765319824,138,-1.6371093749999999
0.23643803596496582,139,-0.15468749999999998
0.23799395561218262,140,-0.29648437499999997
0.23960208892822266,141,-0.20625
0.24102306365966797,142,-0.36093749999999997
0.24239706993103027,143,-0.33515625
0.24463486671447754,144,-0.103125
0.24654507637023926,145,-0.012890625
0.24807286262512207,146,-0.193359375
0.2501809597015381,147,-0.21914062499999998
0.2517690658569336,148,-1.224609375
0.25299787521362305,149,-0.23203125
0.2541470527648926,150,-0.33515625
0.2552659511566162,151,-0.23203125
0.2563619613647461,152,-0.167578125
0.257457971572876,153,-0.30937499999999996
0.25863194465637207,154,-0.399609375
0.25974392890930176,155,-0.322265625
0.2608470916748047,156,0.0
0.2619349956512451,157,-0.02578125
0.2630279064178467,158,-0.103125
0.26419496536254883,159,-0.322265625
0.2655799388885498,160,-0.193359375
0.2670109272003174,161,-0.863671875
0.26859307289123535,162,-1.546875
0.2702798843383789,163,-0.167578125
0.2717409133911133,164,-0.2578125
0.2731950283050537,165,-0.116015625
0.2756788730621338,166,-0.2578125
0.27745890617370605,167,0.02578125
0.27887988090515137,168,-0.02578125
0.28087902069091797,169,-0.09023437499999999
0.2825610637664795,170,-0.12890625
0.2837998867034912,171,-0.9152343749999999
0.2849550247192383,172,-1.5726562499999999
0.2860839366912842,173,-0.23203125
0.2871999740600586,174,-0.37382812499999996
0.2883028984069824,175,-0.2578125
0.28948092460632324,176,-0.167578125
0.29059696197509766,177,-0.322265625
0.29169297218322754,178,-0.451171875
0.2927889823913574,179,-0.33515625
0.2938830852508545,180,-0.012890625
0.29502296447753906,181,-0.012890625
0.2964050769805908,182,-0.0515625
0.29784393310546875,183,-0.29648437499999997
0.2994248867034912,184,-0.20625
0.3009219169616699,185,-1.03125
0.30224108695983887,186,-1.65
0.3035299777984619,187,-0.20625
0.30568408966064453,188,-0.167578125
0.3076958656311035,189,-0.12890625
0.3092679977416992,190,-0.15468749999999998
0.31105709075927734,191,0.038671874999999994
0.31293487548828125,192,-0.0515625
0.3142879009246826,193,-0.193359375
0.3154599666595459,194,-0.09023437499999999
0.31659698486328125,195,-0.79921875
0.3177158832550049,196,-1.405078125
0.31886792182922363,197,-0.30937499999999996
0.32005906105041504,198,-0.21914062499999998
0.32124900817871094,199,-0.038671874999999994
0.3223710060119629,200,-0.23203125
0.323469877243042,201,-0.103125
0.32457900047302246,202,-0.43828124999999996
0.32598400115966797,203,-0.399609375
0.3274569511413574,204,-0.064453125
0.3297290802001953,205,-0.0515625
0.3313279151916504,206,-0.18046874999999998
0.3327748775482178,207,-0.23203125
0.33432793617248535,208,-1.044140625
0.33612895011901855,209,-1.65
0.3384110927581787,210,-0.193359375
0.34003686904907227,211,-0.21914062499999998
0.34167909622192383,212,-0.2578125
0.34368395805358887,213,-0.18046874999999998
0.34570789337158203,214,-0.012890625
0.3469550609588623,215,-0.12890625
0.34812402725219727,216,-0.193359375
0.3493189811706543,217,-0.43828124999999996
0.3504500389099121,218,-1.147265625
0.351564884185791,219,-1.65
0.3526570796966553,220,-0.167578125
0.35375189781188965,221,-0.2578125
0.3548879623413086,222,-0.23203125
0.3560919761657715,223,-0.12890625
0.3575160503387451,224,-0.29648437499999997
0.3589968681335449,225,-0.322265625
0.3605508804321289,226,-0.103125
0.3620278835296631,227,-0.012890625
0.36342906951904297,228,-0.07734374999999999
0.36492109298706055,229,-0.2578125
0.36687397956848145,230,-0.322265625
0.3691689968109131,231,-1.21171875
0.37070488929748535,232,-0.167578125
0.37218689918518066,233,-0.20625
0.37422990798950195,234,-0.193359375
0.375993013381958,235,-0.270703125
0.37729501724243164,236,0.09023437499999999
0.37852001190185547,237,-0.012890625
0.3796820640563965,238,-0.07734374999999999
0.3808770179748535,239,-0.29648437499999997
0.3820319175720215,240,-0.20625
0.3831510543823242,241,-0.825
0.38425493240356445,242,-1.4308593749999998
0.3853569030761719,243,-0.43828124999999996
0.3865370750427246,244,-0.18046874999999998
0.38800597190856934,245,-0.167578125
0.3894948959350586,246,-0.193359375
0.39105796813964844,247,-0.29648437499999997
0.39262890815734863,248,-0.2578125
0.394028902053833,249,-0.012890625
0.39541196823120117,250,-0.012890625
0.3968930244445801,251,-0.0515625
0.39963793754577637,252,-0.2578125
0.4012429714202881,253,-0.889453125
0.4026029109954834,254,-0.4125
0.40437793731689453,255,-0.2578125
0.4062950611114502,256,-0.2578125
0.40764594078063965,257,-0.33515625
0.40888309478759766,258,-0.28359375
0.4100499153137207,259,-0.103125
0.41115689277648926,260,-0.012890625
0.412322998046875,261,-0.064453125
0.4134330749511719,262,-0.141796875
0.41455698013305664,263,-0.2578125
0.41565799713134766,264,-0.37382812499999996
0.41683197021484375,265,-1.069921875
0.418226957321167,266,-1.5726562499999999
0.4197869300842285,267,0.0
0.42141294479370117,268,-0.29648437499999997
0.42306089401245117,269,-0.167578125
0.42447805404663086,270,-0.322265625
0.4258120059967041,271,-0.2578125
0.42741990089416504,272,-0.103125
0.4301888942718506,273,-0.012890625
0.4319429397583008,274,-0.116015625
0.43356895446777344,275,-0.502734375
0.43549299240112305,276,-1.327734375
0.4371519088745117,277,-0.20625
0.4384770393371582,278,-0.193359375
0.439655065536499,279,-0.12890625
0.44081807136535645,280,-0.30937499999999996
0.44193387031555176,281,-0.37382812499999996
0.44304394721984863,282,-0.2578125
0.4441349506378174,283,0.012890625
0.44525790214538574,284,-0.0515625
0.44635486602783203,285,-0.07734374999999999
0.4475219249725342,286,-0.322265625
0.4489269256591797,287,-0.167578125
0.4503660202026367,288,-0.8765624999999999
0.45198702812194824,289,-1.5984375
0.45354294776916504,290,-0.193359375
0.454988956451416,291,-0.167578125
0.4564340114593506,292,-0.193359375
0.45813798904418945,293,-0.322265625
0.46059703826904297,294,-0.29648437499999997
0.4622030258178711,295,-0.012890625
0.46366000175476074,296,-0.064453125
0.4655430316925049,297,-0.23203125
0.4672510623931885,298,-0.64453125
0.468641996383667,299,-1.611328125
0.4698820114135742,300,-0.23203125
0.47101688385009766,301,-0.167578125
0.4721488952636719,302,-0.21914062499999998
0.4732799530029297,303,-0.141796875
0.47438502311706543,304,-0.43828124999999996
0.47548604011535645,305,-0.43828124999999996
0.4765899181365967,306,-0.2578125
0.4778110980987549,307,-0.012890625
0.47927308082580566,308,-0.09023437499999999
0.480712890625,309,-0.18046874999999998
0.4833378791809082,310,-0.167578125
0.4848809242248535,311,-0.79921875
0.48634886741638184,312,-0.21914062499999998
0.4880409240722656,313,-0.2578125
0.49056291580200195,314,-0.2578125
0.49221086502075195,315,-0.0515625
0.49359989166259766,316,0.15468749999999998
0.49544191360473633,317,-0.0515625
0.49719905853271484,318,-0.0515625
0.49866700172424316,319,-0.116015625
0.4999549388885498,320,-0.6703125
0.501168966293335,321,-1.3921875
0.502357006072998,322,-0.270703125
0.5034840106964111,323,-0.21914062499999998
0.504615068435669,324,-0.15468749999999998
0.5057170391082764,325,-0.167578125
0.5068109035491943,326,-0.116015625
0.5079970359802246,327,-0.4125
0.5094270706176758,328,-0.4125
0.5108730792999268,329,-0.012890625
0.512362003326416,330,-0.064453125
0.51385498046875,331,-0.116015625
0.5152370929718018,332,-0.167578125
0.5166590213775635,333,-0.708984375
0.5179998874664307,334,-1.41796875
0.5204250812530518,335,-0.116015625
0.5223190784454346,336,-0.21914062499999998
0.5237870216369629,337,-0.103125
0.5255448818206787,338,-0.322265625
0.5274789333343506,339,-0.12890625
0.5288600921630859,340,-0.012890625
0.5301690101623535,341,-0.103125
0.5313489437103271,342,-0.270703125
0.5325009822845459,343,-0.36093749999999997
0.5336489677429199,344,-1.095703125
0.5347750186920166,345,-1.6371093749999999
0.5359070301055908,346,-0.167578125
0.537013053894043,347,-0.28359375
0.5381710529327393,348,-0.193359375
0.5395798683166504,349,-0.18046874999999998
0.541140079498291,350,-0.322265625
0.5426990985870361,351,-0.24492187499999998
0.5441639423370361,352,-0.064453125
0.5455288887023926,353,-0.02578125
0.5468900203704834,354,-0.103125
0.5485479831695557,355,-0.2578125
0.5511949062347412,356,-0.43828124999999996
0.5527908802032471,357,-1.095703125
0.5542290210723877,358,-0.29648437499999997
0.5562200546264648,359,-0.270703125
0.5580260753631592,360,-0.0515625
0.559412956237793,361,0.09023437499999999
0.5605900287628174,362,-0.012890625
0.5617160797119141,363,-0.02578125
0.5628249645233154,364,-0.064453125
0.5639519691467285,365,-0.28359375
0.5650670528411865,366,-0.23203125
0.5662329196929932,367,-0.7476562499999999
0.5673420429229736,368,-1.3664062499999998
0.5686540603637695,369,-1.546875
0.5700249671936035,370,-0.24492187499999998
0.5714840888977051,371,-0.193359375
0.5729880332946777,372,-0.193359375
0.5746200084686279,373,-0.33515625
0.5759780406951904,374,-0.21914062499999998
0.5772509574890137,375,-0.02578125
0.5785849094390869,376,-0.012890625
0.5812830924987793,377,-0.0515625
0.5829920768737793,378,-0.09023437499999999
0.5844190120697021,379,-1.044140625
0.5862069129943848,380,-1.1859374999999999
0.5881218910217285,381,-0.37382812499999996
0.589561939239502,382,-0.23203125
0.5907928943634033,383,-0.322265625
0.5919308662414551,384,-0.37382812499999996
0.5930440425872803,385,-0.2578125
0.5941340923309326,386,0.0
0.5952188968658447,387,-0.09023437499999999
0.5963699817657471,388,-0.103125
0.5974669456481934,389,-0.28359375
0.5986809730529785,390,-0.18046874999999998
0.6000869274139404,391,-0.837890625
0.6015498638153076,392,-1.4953124999999998
0.6030728816986084,393,-0.038671874999999994
0.6046910285949707,394,-0.2578125
0.6060910224914551,395,-0.21914062499999998
0.6074960231781006,396,-0.30937499999999996
0.6091530323028564,397,-0.29648437499999997
0.611487865447998,398,-0.15468749999999998
0.6131880283355713,399,-0.0515625
0.6146419048309326,400,-0.20625
0.61655592918396,401,-0.23203125
0.618272066116333,402,-1.198828125
0.6196448802947998,403,-0.4125
0.6209008693695068,404,-0.21914062499999998
0.6220479011535645,405,-0.322265625
0.6231870651245117,406,-0.064453125
0.6242880821228027,407,-0.4640625
0.6253859996795654,408,-0.4640625
0.6264739036560059,409,-0.29648437499999997
0.6275599002838135,410,-0.012890625
0.628791093826294,411,-0.0515625
0.6302158832550049,412,-0.103125
0.6316609382629395,413,-0.270703125
0.6332559585571289,414,-0.5285156249999999
0.6347620487213135,415,-1.327734375
0.6361708641052246,416,-0.20625
0.6376049518585205,417,-0.322265625
0.6395130157470703,418,-0.2578125
0.6421909332275391,419,-0.12890625
0.6436529159545898,420,0.399609375
0.6453750133514404,421,-0.02578125
0.6474180221557617,422,-0.02578125
0.6489429473876953,423,-0.12890625
0.6501529216766357,424,-0.825
0.6512799263000488,425,-1.5082031249999999
0.65242600440979,426,-0.28359375
0.6535279750823975,427,-0.270703125
0.6546459197998047,428,-0.167578125
0.6562080383300781,429,-0.2578125
0.657371997833252,430,-0.33515625
0.6585509777069092,431,-0.4125
0.6597950458526611,432,-0.30937499999999996
0.6612610816955566,433,-0.012890625
0.6627230644226074,434,-0.064453125
0.6642899513244629,435,-0.193359375
0.6658239364624023,436,-0.167578125
0.6672210693359375,437,-0.928125
0.6687009334564209,438,-1.65
0.6705069541931152,439,-0.167578125
0.672839879989624,440,-0.116015625
0.6744019985198975,441,-0.20625
0.6759209632873535,442,-0.064453125
0.6778829097747803,443,0.0
0.6795940399169922,444,-0.0515625
0.6809310913085938,445,-0.193359375
0.6821169853210449,446,-0.103125
0.6832540035247803,447,-0.837890625
0.6844189167022705,448,-1.4437499999999999
0.6855418682098389,449,-0.167578125
0.686661958694458,450,-0.167578125
0.6877589225769043,451,-0.141796875
0.6888730525970459,452,-0.15468749999999998
0.690061092376709,453,-0.15468749999999998
0.6914739608764648,454,-0.43828124999999996
0.692997932434082,455,-0.33515625
0.6945760250091553,456,0.0
0.6961069107055664,457,-0.09023437499999999
0.6975059509277344,458,-0.23203125
0.6988649368286133,459,-0.07734374999999999
0.7004189491271973,460,-0.8121093749999999
0.7029910087585449,461,-1.5082031249999999
0.704571008682251,462,-0.30937499999999996
0.7059609889984131,463,-0.2578125
0.7078120708465576,464,-0.09023437499999999
0.7098240852355957,465,-0.116015625
0.7111680507659912,466,-0.012890625
0.7123680114746094,467,-0.0515625
0.7134909629821777,468,-0.20625
0.7145960330963135,469,-0.30937499999999996
0.7157020568847656,470,-0.399609375
0.7168610095977783,471,-1.095703125
0.7179579734802246,472,-1.65
0.7190980911254883,473,-0.116015625
0.7202858924865723,474,-0.2578125
0.7217040061950684,475,-0.167578125
0.7231359481811523,476,-0.20625
0.7248020172119141,477,-0.2578125
0.7263789176940918,478,-0.12890625
0.7277350425720215,479,-0.012890625
0.729219913482666,480,-0.09023437499999999
0.7307369709014893,481,-0.18046874999999998
0.7333979606628418,482,-0.20625
0.7350599765777588,483,-1.1859374999999999
0.7364990711212158,484,-0.322265625
0.7383639812469482,485,-0.12890625
0.7404959201812744,486,-0.064453125
0.7418699264526367,487,-0.29648437499999997
0.7430479526519775,488,-0.103125
0.7441859245300293,489,-0.012890625
0.7452900409698486,490,-0.064453125
0.7463879585266113,491,-0.09023437499999999
0.7474949359893799,492,-0.270703125
0.7486169338226318,493,-0.193359375
0.7497849464416504,494,-0.837890625
0.7509799003601074,495,-1.4437499999999999
0.7523860931396484,496,-0.193359375
0.7538199424743652,497,-0.29648437499999997
0.7553410530090332,498,-0.167578125
0.7568628787994385,499,-0.116015625
0.7582840919494629,500,-0.43828124999999996
0.7597930431365967,501,-0.2578125
0.7613470554351807,502,0.0
0.7638418674468994,503,-0.09023437499999999
0.7655248641967773,504,-0.167578125
0.7670149803161621,505,-0.8121093749999999
0.7689130306243896,506,-1.546875
0.7706780433654785,507,-0.21914062499999998
0.7720260620117188,508,-0.2578125
0.7732360363006592,509,-0.116015625
0.7743890285491943,510,-0.4640625
0.7755069732666016,511,-0.4125
0.7766239643096924,512,-0.23203125
0.7777159214019775,513,-0.012890625
0.7788279056549072,514,-0.0515625
0.7799570560455322,515,-0.167578125
0.7811789512634277,516,-0.270703125
0.7826199531555176,517,-0.36093749999999997
0.784074068069458,518,-1.134375
0.7855930328369141,519,-1.65
0.7870869636535645,520,-0.20625
0.7886409759521484,521,-0.29648437499999997
0.790153980255127,522,-0.18046874999999998
0.7920420169830322,523,-0.4125
0.7943720817565918,524,-0.21914062499999998
0.7959420680999756,525,-0.02578125
0.7975010871887207,526,-0.20625
0.7995870113372803,527,-0.167578125
0.801163911819458,528,-1.03125
0.8024098873138428,529,-0.502734375
0.8035669326782227,530,-0.193359375
0.8046960830688477,531,-0.15468749999999998
0.8058769702911377,532,-0.12890625
0.8069849014282227,533,-0.20625
0.8080880641937256,534,-0.36093749999999997
0.8092460632324219,535,-0.322265625
0.8103640079498291,536,-0.012890625
0.8115439414978027,537,-0.012890625
0.8130090236663818,538,-0.02578125
0.8145110607147217,539,-0.20625
0.8160209655761719,540,-0.193359375
0.8175020217895508,541,-0.9796874999999999
0.8189380168914795,542,-1.65
0.8203549385070801,543,-0.4125
0.8223240375518799,544,-0.270703125
0.8247618675231934,545,-0.37382812499999996
0.8262770175933838,546,0.0515625
0.8277409076690674,547,0.012890625
0.8298349380493164,548,-0.07734374999999999
0.8314988613128662,549,-0.193359375
0.8327610492706299,550,-0.4125
0.833920955657959,551,-1.147265625
0.8350329399108887,552,-1.65
0.8361430168151855,553,-0.20625
0.8373560905456543,554,-0.30937499999999996
0.8387429714202881,555,-0.21914062499999998
0.8402349948883057,556,-0.15468749999999998
0.8416249752044678,557,-0.399609375
0.843048095703125,558,-0.20625
0.8445000648498535,559,0.0
0.8462309837341309,560,-0.0515625
0.8477580547332764,561,-0.167578125
0.8492369651794434,562,-0.12890625
0.8506100177764893,563,-1.00546875
0.8523108959197998,564,-1.6371093749999999
0.854882001876831,565,-0.193359375
0.8564960956573486,566,-0.20625
0.8579049110412598,567,-0.23203125
0.8597280979156494,568,-0.193359375
0.8616290092468262,569,0.0
0.8629598617553711,570,-0.0515625
0.8641250133514404,571,-0.21914062499999998
0.8652620315551758,572,-0.064453125
0.8663740158081055,573,-0.7863281249999999
0.8674778938293457,574,-1.405078125
0.8686079978942871,575,-1.16015625
0.8697600364685059,576,-0.21914062499999998
0.8708920478820801,577,-0.064453125
0.872096061706543,578,-0.23203125
0.8735148906707764,579,-0.07734374999999999
0.874953031539917,580,-0.38671875
0.8765149116516113,581,-0.20625
0.8780899047851562,582,0.012890625
0.8794889450073242,583,-0.0515625
0.8808619976043701,584,-0.23203125
0.8826100826263428,585,-0.0515625
0.8851339817047119,586,-0.837890625
0.8866870403289795,587,-0.37382812499999996
0.8883719444274902,588,-0.167578125
0.8903770446777344,589,-0.167578125
0.8919949531555176,590,-0.37382812499999996
0.8932809829711914,591,-0.02578125
0.8944559097290039,592,-0.02578125
0.8955788612365723,593,-0.0515625
0.8966810703277588,594,-0.167578125
0.8977799415588379,595,-0.28359375
0.8989629745483398,596,-0.37382812499999996
0.9000799655914307,597,-1.069921875
0.9012010097503662,598,-1.5984375
0.9024288654327393,599,-0.02578125
0.9038629531860352,600,-0.21914062499999998
0.9053239822387695,601,-0.20625
0.9068379402160645,602,-0.103125
0.9083380699157715,603,-0.43828124999999996
0.9099118709564209,604,-0.23203125
0.9113359451293945,605,-0.02578125
0.9131588935852051,606,-0.0515625
0.9154188632965088,607,-0.20625
0.9169509410858154,608,-0.554296875
0.9186739921569824,609,-1.46953125
0.9207220077514648,610,-0.24492187499999998
0.9222910404205322,611,-0.23203125
0.9235410690307617,612,-0.23203125
0.9247078895568848,613,-0.399609375
0.925886869430542,614,-0.29648437499999997
0.9270000457763672,615,-0.02578125
0.9280900955200195,616,-0.02578125
0.9292130470275879,617,-0.064453125
0.930311918258667,618,-0.20625
0.9314038753509521,619,-0.18046874999999998
0.932607889175415,620,-0.580078125
0.9340879917144775,621,-1.198828125
0.9355440139770508,622,-1.65
0.9371509552001953,623,-0.20625
0.938709020614624,624,-0.15468749999999998
0.9401750564575195,625,-0.103125
0.9416790008544922,626,-0.37382812499999996
0.9437658786773682,627,-0.20625
0.9458310604095459,628,-0.012890625
0.9472699165344238,629,-0.12890625
0.9489490985870361,630,-0.0515625
0.9510750770568848,631,-0.7863281249999999
0.9526278972625732,632,-1.65
0.9538478851318359,633,-0.33515625
0.9549849033355713,634,-0.20625
0.9561030864715576,635,-0.103125
0.9572339057922363,636,-0.30937499999999996
0.9583740234375,637,-0.399609375
0.9595580101013184,638,-0.30937499999999996
0.9606680870056152,639,0.0
0.9617569446563721,640,-0.0515625
0.9629390239715576,641,-0.103125
0.9643979072570801,642,-0.29648437499999997
0.9659919738769531,643,-0.167578125
0.9673819541931152,644,-1.0570312499999999
0.968735933303833,645,-1.65
0.970081090927124,646,-0.12890625
0.9715299606323242,647,-0.103125
