time,count,voltage
0.005578041076660156,1,-0.0515625
0.0071141719818115234,2,-0.30937499999999996
0.0084991455078125,3,-0.837890625
0.009867191314697266,4,-1.5984375
0.011283159255981445,5,0.0
0.01268911361694336,6,-0.23203125
0.014081001281738281,7,-0.36093749999999997
0.015465974807739258,8,-0.103125
0.017045021057128906,9,-0.37382812499999996
0.018870115280151367,10,-0.116015625
0.020748138427734375,11,-0.012890625
0.022495031356811523,12,-0.07734374999999999
0.024147987365722656,13,-0.30937499999999996
0.02607417106628418,14,-0.966796875
0.027520179748535156,15,-0.012890625
0.02889704704284668,16,-0.12890625
0.0303041934967041,17,-0.20625
0.03170919418334961,18,-0.28359375
0.03337502479553223,19,-0.21914062499999998
0.03522205352783203,20,-0.103125
0.037008047103881836,21,0.012890625
0.03887605667114258,22,-0.02578125
0.040611982345581055,23,-0.37382812499999996
0.04218006134033203,24,-0.889453125
0.044229984283447266,25,-1.65
0.04598498344421387,26,-0.103125
0.047715187072753906,27,-0.2578125
0.050599098205566406,28,-0.20625
0.05266904830932617,29,0.24492187499999998
0.05448317527770996,30,-0.012890625
0.05643916130065918,31,-0.21914062499999998
0.058672189712524414,32,-0.33515625
0.060781002044677734,33,-1.456640625
0.06237316131591797,34,-0.038671874999999994
0.06389713287353516,35,-0.167578125
0.06527996063232422,36,-0.20625
0.06662797927856445,37,-0.43828124999999996
0.0679941177368164,38,-0.24492187499999998
0.0693671703338623,39,0.0
0.0707089900970459,40,-0.012890625
0.07204198837280273,41,-0.09023437499999999
0.0734109878540039,42,-0.4125
0.07476615905761719,43,-0.708984375
0.07598710060119629,44,-1.4437499999999999
0.07716608047485352,45,0.0
0.08661508560180664,46,-0.103125
0.08825397491455078,47,-0.167578125
0.0898141860961914,48,-0.322265625
0.09135699272155762,49,-0.451171875
0.09273099899291992,50,-1.3019531249999998
0.09473419189453125,51,-0.0515625
0.09730911254882812,52,-0.20625
0.0988471508026123,53,-0.15468749999999998
0.1006159782409668,54,-0.33515625
0.10272598266601562,55,-0.09023437499999999
0.10429906845092773,56,-0.012890625
0.10550212860107422,57,-0.23203125
0.10663199424743652,58,-0.4125
0.1077871322631836,59,-0.7476562499999999
0.10892915725708008,60,-1.3664062499999998
0.1100771427154541,61,-0.167578125
0.11119699478149414,62,0.0
0.11228609085083008,63,-0.21914062499999998
0.11340618133544922,64,-0.30937499999999996
0.1146090030670166,65,-0.23203125
0.11601114273071289,66,-0.37382812499999996
0.1175391674041748,67,-0.33515625
0.11908507347106934,68,0.0
0.12061810493469238,69,-0.012890625
0.12204313278198242,70,-0.064453125
0.12354898452758789,71,-0.4125
0.12552714347839355,72,-0.6832031249999999
0.1280350685119629,73,-1.533984375
0.12955713272094727,74,-0.167578125
0.1311790943145752,75,-0.348046875
0.1335291862487793,76,-0.103125
0.1350231170654297,77,0.12890625
0.13643097877502441,78,-0.012890625
0.13761401176452637,79,-0.0515625
0.13878202438354492,80,-0.2578125
0.13990998268127441,81,-0.476953125
0.1410989761352539,82,-0.7476562499999999
0.14221811294555664,83,-1.3921875
0.1433241367340088,84,0.0
0.14444398880004883,85,-0.012890625
0.14561915397644043,86,-0.23203125
0.14701414108276367,87,-0.23203125
0.14854097366333008,88,-0.29648437499999997
0.15011000633239746,89,-0.399609375
0.1515820026397705,90,-0.167578125
0.15292716026306152,91,0.0
0.15444111824035645,92,-0.0515625
0.15714502334594727,93,-0.23203125
0.15890216827392578,94,-0.4640625
0.16048312187194824,95,-1.65
0.16255402565002441,96,-0.103125
0.16405296325683594,97,-0.21914062499999998
0.16530609130859375,98,-0.12890625
0.16647005081176758,99,-0.399609375
0.1675891876220703,100,-0.29648437499999997
0.16869902610778809,101,0.0
0.16979312896728516,102,-0.012890625
0.17088699340820312,103,-0.064453125
0.17199015617370605,104,-0.2578125
0.17320919036865234,105,-0.43828124999999996
0.17434000968933105,106,-0.6703125
0.17546701431274414,107,-1.353515625
0.17664003372192383,108,-0.7863281249999999
0.1780390739440918,109,0.0
0.17951011657714844,110,-0.2578125
0.18112802505493164,111,-0.4125
0.18265199661254883,112,-0.0515625
0.18410611152648926,113,-0.116015625
0.1855151653289795,114,0.0
0.18732905387878418,115,-0.012890625
0.1898341178894043,116,-0.0515625
0.19141912460327148,117,-0.270703125
0.19308114051818848,118,-1.327734375
0.19514703750610352,119,-0.012890625
0.19686603546142578,120,-0.21914062499999998
0.19817018508911133,121,-0.24492187499999998
0.1993250846862793,122,-0.270703125
0.20044398307800293,123,-0.29648437499999997
0.201585054397583,124,-0.12890625
0.20268511772155762,125,0.0
0.20381712913513184,126,-0.012890625
0.20496606826782227,127,-0.103125
0.20608997344970703,128,-0.4640625
0.20727801322937012,129,-0.43828124999999996
0.2087111473083496,130,-1.134375
0.21017813682556152,131,-1.65
0.2117311954498291,132,-0.0515625
0.21335196495056152,133,-0.20625
0.21474003791809082,134,-0.399609375
0.21601605415344238,135,-0.348046875
0.21821904182434082,136,-0.33515625
0.22028613090515137,137,0.012890625
0.22186613082885742,138,-0.02578125
0.2240281105041504,139,-0.399609375
0.22569012641906738,140,-0.837890625
0.2269761562347412,141,-0.12890625
0.22825217247009277,142,-0.103125
0.2294161319732666,143,-0.141796875
0.23055219650268555,144,-0.43828124999999996
0.23165512084960938,145,-0.20625
0.2327570915222168,146,-0.5285156249999999
0.2341141700744629,147,-0.451171875
0.23534297943115234,148,-0.0515625
0.23650217056274414,149,-0.012890625
0.23771309852600098,150,-0.0515625
0.23915505409240723,151,-0.28359375
0.240617036819458,152,-0.4640625
0.24216914176940918,153,-1.03125
0.2438960075378418,154,-1.65
0.24535298347473145,155,0.0
0.2466890811920166,156,-0.116015625
0.24898600578308105,157,-0.270703125
0.2508120536804199,158,-0.18046874999999998
0.25252318382263184,159,0.07734374999999999
0.25460314750671387,160,0.0
0.2562270164489746,161,-0.21914062499999998
0.2574920654296875,162,-0.37382812499999996
0.25865602493286133,163,-1.147265625
0.2598140239715576,164,-1.65
0.26095104217529297,165,0.0
0.26209497451782227,166,-0.15468749999999998
0.2632291316986084,167,-0.2578125
0.264329195022583,168,-0.270703125
0.2654151916503906,169,-0.103125
0.26650309562683105,170,-0.30937499999999996
0.2677340507507324,171,-0.2578125
0.26917600631713867,172,0.012890625
0.27066516876220703,173,-0.012890625
0.27225518226623535,174,-0.103125
0.27384018898010254,175,-0.36093749999999997
0.27527904510498047,176,-0.95390625
0.276669979095459,177,-1.65
0.27883410453796387,178,0.0
0.28086209297180176,179,-0.12890625
0.28221607208251953,180,-0.103125
0.2843191623687744,181,-0.28359375
0.2862861156463623,182,0.0
0.28765296936035156,183,-0.012890625
0.2888309955596924,184,-0.270703125
0.289959192276001,185,-0.43828124999999996
0.2910959720611572,186,-0.7863281249999999
0.2922520637512207,187,-1.405078125
0.2933621406555176,188,-0.0515625
0.29454898834228516,189,-0.012890625
0.2956509590148926,190,-0.20625
0.29674315452575684,191,-0.270703125
0.2979011535644531,192,-0.2578125
0.29933905601501465,193,-0.33515625
0.3008291721343994,194,-0.37382812499999996
0.302462100982666,195,0.0
0.30406808853149414,196,0.0
0.3054821491241455,197,-0.103125
0.30684709548950195,198,-0.4125
0.30878615379333496,199,-0.837890625
0.31122899055480957,200,-1.5597656249999998
0.3127560615539551,201,-0.193359375
0.31438302993774414,202,-0.36093749999999997
0.31653618812561035,203,-0.167578125
0.31812405586242676,204,0.0
0.31938695907592773,205,-0.012890625
0.32056617736816406,206,-0.012890625
0.32167506217956543,207,-0.103125
0.32277703285217285,208,-0.43828124999999996
0.3242030143737793,209,-0.515625
0.32535505294799805,210,-1.2503906249999999
0.32650017738342285,211,-1.21171875
0.32760000228881836,212,0.0
0.32877516746520996,213,-0.193359375
0.3301701545715332,214,-0.18046874999999998
0.33161306381225586,215,-0.167578125
0.33344507217407227,216,-0.2578125
0.33501505851745605,217,-0.0515625
0.33651018142700195,218,0.012890625
0.3378880023956299,219,-0.02578125
0.3397049903869629,220,-0.29648437499999997
0.34279608726501465,221,-0.4125
0.34433817863464355,222,-0.02578125
0.3460121154785156,223,-0.012890625
0.34805917739868164,224,-0.30937499999999996
0.34954118728637695,225,-0.29648437499999997
0.3507671356201172,226,-0.116015625
0.3518960475921631,227,0.0
0.35314416885375977,228,-0.012890625
0.3543081283569336,229,-0.09023437499999999
0.3554401397705078,230,-0.30937499999999996
0.35660696029663086,231,-0.4125
0.3577301502227783,232,-0.7863281249999999
0.3589141368865967,233,-1.405078125
0.36030006408691406,234,-0.02578125
0.3617429733276367,235,-0.103125
0.3634300231933594,236,-0.116015625
0.3650321960449219,237,-0.33515625
0.36647915840148926,238,-0.23203125
0.36794114112854004,239,-0.064453125
0.3696479797363281,240,0.0
0.3722250461578369,241,-0.012890625
0.3739030361175537,242,-0.322265625
0.37540102005004883,243,-0.95390625
0.37737107276916504,244,-1.65
0.37903714179992676,245,-0.103125
0.38040614128112793,246,-0.23203125
0.3816511631011963,247,-0.20625
0.3827810287475586,248,-0.43828124999999996
0.3839101791381836,249,-0.36093749999999997
0.38504695892333984,250,-0.038671874999999994
0.3861541748046875,251,0.012890625
0.3872830867767334,252,-0.0515625
0.3883841037750244,253,-0.12890625
0.3896350860595703,254,-0.476953125
0.39103102684020996,255,-0.605859375
0.392484188079834,256,-1.340625
0.3940110206604004,257,-0.18046874999999998
0.39554810523986816,258,-0.0515625
0.39699411392211914,259,-0.20625
0.3983800411224365,260,-0.20625
0.39981508255004883,261,-0.4125
0.4027130603790283,262,-0.21914062499999998
0.40520596504211426,263,0.012890625
0.4071190357208252,264,-0.37382812499999996
0.4090111255645752,265,-0.7734375
0.410351037979126,266,-0.6574218749999999
0.4115321636199951,267,-0.0515625
0.412708044052124,268,-0.2578125
0.41383910179138184,269,-0.399609375
0.41494297981262207,270,-0.103125
0.41608214378356934,271,-0.476953125
0.41718006134033203,272,-0.4125
0.4182920455932617,273,-0.09023437499999999
0.41939711570739746,274,-0.012890625
0.4206230640411377,275,-0.038671874999999994
0.4220311641693115,276,-0.12890625
0.4234950542449951,277,-0.38671875
0.42502617835998535,278,-0.825
0.42653799057006836,279,-1.5597656249999998
0.4279911518096924,280,0.012890625
0.4293811321258545,281,-0.193359375
0.43172502517700195,282,-0.30937499999999996
0.4337291717529297,283,-0.167578125
0.4351651668548584,284,0.36093749999999997
0.4371340274810791,285,-0.012890625
0.4390881061553955,286,-0.02578125
0.440446138381958,287,-0.270703125
0.44160914421081543,288,-0.928125
0.44297003746032715,289,-1.585546875
0.44429707527160645,290,0.0
0.44548511505126953,291,-0.20625
0.44660305976867676,292,-0.20625
0.44773197174072266,293,-0.23203125
0.44884514808654785,294,-0.29648437499999997
0.4499490261077881,295,-0.4125
0.45114803314208984,296,-0.270703125
0.4526071548461914,297,0.0
0.4541170597076416,298,-0.012890625
0.45568203926086426,299,-0.167578125
0.4571871757507324,300,-0.4125
0.4584970474243164,301,-0.992578125
0.4599311351776123,302,-1.65
0.4620201587677002,303,-0.012890625
0.46430301666259766,304,-0.09023437499999999
0.4657430648803711,305,-0.193359375
0.4674341678619385,306,-0.20625
0.4696230888366699,307,0.038671874999999994
0.47107696533203125,308,-0.012890625
0.47226500511169434,309,-0.30937499999999996
0.47344017028808594,310,-0.43828124999999996
0.474567174911499,311,-0.889453125
0.4757390022277832,312,-1.5082031249999999
0.4768540859222412,313,-0.21914062499999998
0.4779841899871826,314,-0.0515625
0.47910404205322266,315,-0.2578125
0.48020100593566895,316,-0.322265625
0.48134899139404297,317,-0.167578125
0.48270606994628906,318,-0.30937499999999996
0.48428916931152344,319,-0.30937499999999996
0.48594117164611816,320,0.0
0.487415075302124,321,-0.012890625
0.4887881278991699,322,-0.12890625
0.4901421070098877,323,-0.4125
0.49179601669311523,324,-0.8507812499999999
0.4945411682128906,325,-1.546875
0.4961531162261963,326,-0.103125
0.49763917922973633,327,-0.37382812499999996
0.49969005584716797,328,-0.15468749999999998
0.5014381408691406,329,-0.09023437499999999
0.5027480125427246,330,0.0
0.5039219856262207,331,-0.0515625
0.5050520896911621,332,-0.167578125
0.5061531066894531,333,-0.399609375
0.5072920322418213,334,-0.5671875
0.5083980560302734,335,-1.173046875
0.5095391273498535,336,-1.65
0.5106329917907715,337,0.012890625
0.5118041038513184,338,-0.09023437499999999
0.5132629871368408,339,-0.038671874999999994
0.5147280693054199,340,-0.29648437499999997
0.5163140296936035,341,-0.322265625
0.517970085144043,342,-0.2578125
0.519366979598999,343,0.012890625
0.5207610130310059,344,-0.038671874999999994
0.5224480628967285,345,-0.167578125
0.5249271392822266,346,-0.37382812499999996
0.526576042175293,347,-1.3019531249999998
0.5280041694641113,348,0.012890625
0.5299561023712158,349,-0.15468749999999998
0.5317370891571045,350,-0.37382812499999996
0.5331501960754395,351,-0.167578125
0.5343451499938965,352,-0.0515625
0.535473108291626,353,0.0
0.5365681648254395,354,0.0
0.5376591682434082,355,-0.038671874999999994
0.5387580394744873,356,-0.322265625
0.5398581027984619,357,-0.4640625
0.5412101745605469,358,-0.7863281249999999
0.5424981117248535,359,-1.41796875
0.5439631938934326,360,0.0
0.5454311370849609,361,-0.02578125
0.5469870567321777,362,-0.167578125
0.5486431121826172,363,-0.24492187499999998
0.5501091480255127,364,-0.4125
0.5515410900115967,365,-0.103125
0.5534961223602295,366,0.012890625
0.5557601451873779,367,-0.02578125
0.5573761463165283,368,-0.322265625
0.5590400695800781,369,-1.03125
0.5611920356750488,370,-1.0570312499999999
0.5626430511474609,371,-0.193359375
0.5638840198516846,372,-0.37382812499999996
0.565101146697998,373,-0.103125
0.5662171840667725,374,-0.42539062499999997
0.5673270225524902,375,-0.33515625
0.5684220790863037,376,0.0
0.5695021152496338,377,0.0
0.5705831050872803,378,-0.02578125
0.5717151165008545,379,-0.167578125
0.5728821754455566,380,-0.4640625
0.5743870735168457,381,-0.605859375
0.5759520530700684,382,-1.353515625
0.5775370597839355,383,0.0
0.5790431499481201,384,-0.103125
0.5805151462554932,385,-0.23203125
0.581820011138916,386,-0.28359375
0.5841941833496094,387,-0.43828124999999996
0.5861821174621582,388,0.038671874999999994
0.587630033493042,389,-0.02578125
0.5895040035247803,390,-0.2578125
0.5915811061859131,391,-0.399609375
0.5929641723632812,392,-1.3921875
0.594228982925415,393,0.0
0.5953891277313232,394,-0.20625
0.5965321063995361,395,-0.23203125
0.5976710319519043,396,-0.20625
0.598764181137085,397,-0.2578125
0.5998589992523193,398,-0.399609375
0.6009540557861328,399,-0.30937499999999996
0.6020481586456299,400,0.0
0.6032571792602539,401,-0.012890625
0.604680061340332,402,-0.038671874999999994
0.6061761379241943,403,-0.36093749999999997
0.6077711582183838,404,-0.43828124999999996
0.6092820167541504,405,-1.2503906249999999
0.6105961799621582,406,-0.0515625
0.6119771003723145,407,-0.09023437499999999
0.6143691539764404,408,-0.103125
0.616361141204834,409,-0.116015625
0.6178159713745117,410,0.09023437499999999
0.619664192199707,411,-0.012890625
0.6217670440673828,412,-0.012890625
0.6232540607452393,413,-0.348046875
0.6244871616363525,414,-0.580078125
0.6256270408630371,415,-1.3921875
0.6267349720001221,416,-0.167578125
0.6278591156005859,417,-0.0515625
0.6289780139923096,418,-0.15468749999999998
0.6301250457763672,419,-0.36093749999999997
0.6312229633331299,420,-0.167578125
0.6323080062866211,421,-0.322265625
0.633491039276123,422,-0.4125
0.6349201202392578,423,-0.20625
0.6364951133728027,424,0.012890625
0.6381111145019531,425,-0.02578125
0.6399049758911133,426,-0.36093749999999997
0.6413240432739258,427,-0.502734375
0.6425859928131104,428,-1.4437499999999999
0.6450831890106201,429,0.0
0.6469559669494629,430,-0.167578125
0.648414134979248,431,-0.20625
0.6504371166229248,432,-0.322265625
0.6520330905914307,433,0.07734374999999999
0.6533310413360596,434,0.0
0.6545140743255615,435,-0.012890625
0.6556739807128906,436,-0.33515625
0.6567840576171875,437,-0.42539062499999997
0.6578900814056396,438,-0.9410156249999999
0.659433126449585,439,-1.533984375
0.6606521606445312,440,0.0
0.6617779731750488,441,-0.07734374999999999
0.6628870964050293,442,0.0
0.664121150970459,443,-0.399609375
0.6654951572418213,444,-0.18046874999999998
0.6669521331787109,445,-0.322265625
0.6686320304870605,446,-0.0515625
0.6701991558074951,447,-0.012890625
0.6716141700744629,448,-0.038671874999999994
0.6730670928955078,449,-0.36093749999999997
0.6747910976409912,450,-0.5671875
0.6775829792022705,451,-1.353515625
0.6791341304779053,452,-0.103125
0.6806941032409668,453,-0.2578125
0.6826410293579102,454,-0.193359375
0.6844930648803711,455,-0.193359375
0.6858081817626953,456,0.0
0.6869521141052246,457,-0.02578125
0.6881341934204102,458,-0.103125
0.6892421245574951,459,-0.4125
0.6903400421142578,460,-0.43828124999999996
0.6914429664611816,461,-1.0570312499999999
0.6925790309906006,462,-1.6371093749999999
0.6937191486358643,463,0.0
0.6948881149291992,464,-0.0515625
0.6962761878967285,465,-0.20625
0.6977391242980957,466,-0.38671875
0.6993250846862793,467,-0.20625
0.7009880542755127,468,-0.167578125
0.7024250030517578,469,0.0
0.7039539813995361,470,-0.012890625
0.7053580284118652,471,-0.103125
0.7079529762268066,472,-0.399609375
0.7096960544586182,473,-1.095703125
0.7110881805419922,474,0.0
0.7129430770874023,475,-0.18046874999999998
0.7148771286010742,476,-0.399609375
0.7162821292877197,477,-0.29648437499999997
0.7175571918487549,478,-0.12890625
0.7187139987945557,479,-0.012890625
0.7198340892791748,480,-0.012890625
0.720937967300415,481,-0.02578125
0.7220239639282227,482,-0.36093749999999997
0.7232410907745361,483,-0.476953125
0.7243640422821045,484,-0.79921875
0.7256450653076172,485,-1.4437499999999999
0.727092981338501,486,-0.0515625
0.7285580635070801,487,-0.0515625
0.7301111221313477,488,-0.09023437499999999
0.7316231727600098,489,-0.30937499999999996
0.7330729961395264,490,-0.20625
0.7345321178436279,491,-0.103125
0.7360210418701172,492,0.012890625
0.738530158996582,493,-0.038671874999999994
0.740307092666626,494,-0.29648437499999997
0.7417969703674316,495,-0.825
0.7436521053314209,496,-1.65
0.7455360889434814,497,-0.116015625
0.7468891143798828,498,-0.12890625
0.748136043548584,499,-0.2578125
0.7492890357971191,500,-0.348046875
0.7506799697875977,501,-0.322265625
0.7518250942230225,502,0.0
0.7529311180114746,503,-0.012890625
0.7541160583496094,504,-0.0515625
0.7552640438079834,505,-0.24492187499999998
0.7564511299133301,506,-0.451171875
0.7579100131988525,507,-0.7476562499999999
0.7593741416931152,508,-1.456640625
0.7609131336212158,509,0.0
0.7624540328979492,510,-0.116015625
0.7640340328216553,511,-0.2578125
0.7655930519104004,512,-0.167578125
0.7677690982818604,513,-0.2578125
0.7698919773101807,514,0.038671874999999994
0.7714390754699707,515,-0.02578125
0.7732701301574707,516,-0.322265625
0.7753360271453857,517,-0.502734375
0.7767391204833984,518,-1.65
0.7779231071472168,519,-0.0515625
0.779055118560791,520,-0.12890625
0.7802920341491699,521,-0.36093749999999997
0.7814321517944336,522,-0.116015625
0.782555103302002,523,-0.4125
0.7837040424346924,524,-0.38671875
0.784837007522583,525,-0.064453125
0.7859370708465576,526,0.0
0.7871310710906982,527,-0.038671874999999994
0.7886180877685547,528,-0.116015625
0.7901041507720947,529,-0.4125
0.7916421890258789,530,-0.837890625
0.7931380271911621,531,-1.611328125
0.7944850921630859,532,0.012890625
0.7958991527557373,533,-0.064453125
0.7984051704406738,534,-0.399609375
0.800213098526001,535,-0.37382812499999996
0.801591157913208,536,0.15468749999999998
0.8036341667175293,537,0.02578125
0.8055930137634277,538,-0.012890625
0.8069579601287842,539,-0.33515625
0.8081300258636475,540,-0.928125
0.8092529773712158,541,-1.5726562499999999
0.810366153717041,542,-0.0515625
0.8116600513458252,543,-0.116015625
0.8127920627593994,544,-0.103125
0.8139171600341797,545,-0.4640625
0.8150191307067871,546,-0.167578125
0.8161401748657227,547,-0.43828124999999996
0.8173201084136963,548,-0.33515625
0.8187520503997803,549,0.0
0.8202390670776367,550,-0.02578125
0.8219420909881592,551,-0.02578125
0.823505163192749,552,-0.4125
0.824862003326416,553,-0.837890625
0.8261861801147461,554,-1.5984375
0.828787088394165,555,0.0
0.8305511474609375,556,-0.012890625
0.8322880268096924,557,-0.193359375
0.8343791961669922,558,-0.399609375
0.835996150970459,559,0.0
0.8372910022735596,560,-0.02578125
0.8384590148925781,561,-0.15468749999999998
0.8395791053771973,562,-0.42539062499999997
0.84067702293396,563,-0.631640625
0.841763973236084,564,-1.2503906249999999
0.8428530693054199,565,-1.65
0.8441541194915771,566,0.0
0.8452789783477783,567,-0.20625
0.8463840484619141,568,-0.23203125
0.84757399559021,569,-0.28359375
0.8492271900177002,570,-0.20625
0.8507101535797119,571,-0.167578125
0.8523011207580566,572,0.0
0.8540010452270508,573,0.0
0.8553421497344971,574,-0.15468749999999998
0.8567121028900146,575,-0.36093749999999997
0.8584051132202148,576,-0.8121093749999999
0.8608570098876953,577,-1.5082031249999999
0.8624670505523682,578,-0.103125
0.8641080856323242,579,-0.33515625
0.8660621643066406,580,-0.09023437499999999
0.867833137512207,581,-0.103125
0.8692030906677246,582,0.0
0.8703691959381104,583,-0.012890625
0.8715009689331055,584,-0.103125
0.8726069927215576,585,-0.42539062499999997
0.8737480640411377,586,-0.4125
0.8748559951782227,587,-1.0828125
0.8759610652923584,588,-1.65
0.8771181106567383,589,0.0
0.8782989978790283,590,-0.0515625
0.8797290325164795,591,-0.064453125
0.8811891078948975,592,-0.580078125
0.8827240467071533,593,-0.38671875
0.8845090866088867,594,-0.23203125
0.8859810829162598,595,0.012890625
0.8874061107635498,596,-0.012890625
0.8887650966644287,597,-0.12890625
0.8912591934204102,598,-0.103125
0.893402099609375,599,-0.863671875
0.8948671817779541,600,-0.12890625
0.8967990875244141,601,-0.103125
0.8986220359802246,602,-0.30937499999999996
0.8999931812286377,603,-0.37382812499999996
0.9012570381164551,604,-0.0515625
0.9026241302490234,605,0.012890625
0.9043071269989014,606,-0.02578125
0.9056000709533691,607,-0.20625
0.906757116317749,608,-0.37382812499999996
0.9079060554504395,609,-0.889453125
0.9092071056365967,610,-1.533984375
0.9106299877166748,611,0.0
0.912100076675415,612,-0.103125
0.913661003112793,613,-0.20625
0.9151771068572998,614,-0.193359375
0.9166650772094727,615,-0.43828124999999996
0.9181289672851562,616,-0.12890625
0.9199371337890625,617,0.0
0.9223120212554932,618,-0.0515625
0.9239711761474609,619,-0.28359375
0.9256889820098877,620,-1.03125
0.9277629852294922,621,-1.5597656249999998
0.9293160438537598,622,-0.20625
0.9305419921875,623,-0.322265625
0.9317469596862793,624,-0.116015625
0.932880163192749,625,-0.37382812499999996
0.9341349601745605,626,-0.28359375
0.9352610111236572,627,0.012890625
0.9363620281219482,628,-0.012890625
0.9374539852142334,629,-0.0515625
0.9385390281677246,630,-0.29648437499999997
0.9397971630096436,631,-0.4125
0.9412720203399658,632,-0.7476562499999999
0.942777156829834,633,-1.482421875
0.9444890022277832,634,0.0
0.9460000991821289,635,-0.20625
0.9476799964904785,636,-0.399609375
0.9491870403289795,637,-0.20625
0.9514360427856445,638,-0.141796875
0.9534511566162109,639,0.012890625
0.9549040794372559,640,-0.02578125
0.9567420482635498,641,-0.37382812499999996
0.9588050842285156,642,-0.5285156249999999
0.9602620601654053,643,-1.65
0.9614529609680176,644,-0.15468749999999998
0.9625849723815918,645,-0.103125
0.9637801647186279,646,-0.4640625
0.9648921489715576,647,-0.15468749999999998
0.9660191535949707,648,-0.4640625
0.9671130180358887,649,-0.36093749999999997
0.9682090282440186,650,0.0
0.9692871570587158,651,-0.012890625
0.9704539775848389,652,-0.0515625
0.9719290733337402,653,-0.167578125
0.9734439849853516,654,-0.43828124999999996
0.9750499725341797,655,-0.863671875
0.9766061305999756,656,-1.65
0.9779360294342041,657,-0.012890625
0.9793281555175781,658,-0.21914062499999998
0.9819021224975586,659,-0.399609375
0.9837830066680908,660,-0.37382812499999996
0.9851691722869873,661,0.29648437499999997
0.987011194229126,662,-0.02578125
