time,count,voltage
0.006043910980224609,1,-0.07734374999999999
0.007792949676513672,2,-0.038671874999999994
0.009248018264770508,3,-1.018359375
0.010618925094604492,4,-1.6371093749999999
0.012072086334228516,5,-0.29648437499999997
0.013740062713623047,6,-0.193359375
0.015127897262573242,7,-0.02578125
0.01648998260498047,8,-0.37382812499999996
0.018071889877319336,9,-0.21914062499999998
0.019780874252319336,10,-0.012890625
0.021459102630615234,11,-0.09023437499999999
0.023180007934570312,12,-0.23203125
0.024756908416748047,13,-0.33515625
0.026362895965576172,14,-1.3019531249999998
0.02780890464782715,15,-0.23203125
0.02920389175415039,16,-0.348046875
0.030572891235351562,17,-0.21914062499999998
0.03191804885864258,18,-0.02578125
0.03354787826538086,19,-0.348046875
0.03522205352783203,20,-0.103125
0.03692007064819336,21,0.0
0.03869795799255371,22,-0.012890625
0.04042696952819824,23,-0.20625
0.04201197624206543,24,-0.760546875
0.04380488395690918,25,-1.5726562499999999
0.045408010482788086,26,-0.193359375
0.047087907791137695,27,-0.15468749999999998
0.04943490028381348,28,-0.141796875
0.051934003829956055,29,-0.28359375
0.05380105972290039,30,-0.02578125
0.05539393424987793,31,-0.0515625
0.05740809440612793,32,-0.167578125
0.05958199501037598,33,-0.79921875
0.0614171028137207,34,-1.0570312499999999
0.0630350112915039,35,-0.43828124999999996
0.06445789337158203,36,-0.193359375
0.06580805778503418,37,-0.36093749999999997
0.0672459602355957,38,-0.37382812499999996
0.06865286827087402,39,-0.103125
0.07000994682312012,40,-0.02578125
0.07135796546936035,41,-0.116015625
0.07277202606201172,42,-0.23203125
0.07411694526672363,43,-0.24492187499999998
0.0754539966583252,44,-1.044140625
0.0767970085144043,45,-1.65
0.078125,46,-0.20625
0.07944989204406738,47,-0.29648437499999997
0.08078503608703613,48,-0.23203125
0.08210206031799316,49,-0.103125
0.08349800109863281,50,-0.2578125
0.08491706848144531,51,-0.103125
0.08642292022705078,52,0.0
0.08809494972229004,53,-0.12890625
0.08974099159240723,54,-0.20625
0.09151101112365723,55,-0.322265625
0.09329891204833984,56,-1.2890625
0.09488201141357422,57,-0.09023437499999999
0.096466064453125,58,-0.2578125
0.09860992431640625,59,-0.20625
0.10128307342529297,60,-0.2578125
0.10327696800231934,61,0.0
0.10510897636413574,62,-0.0515625
0.10744309425354004,63,-0.21914062499999998
0.1094369888305664,64,-0.760546875
0.11096405982971191,65,-0.992578125
0.11241888999938965,66,-0.270703125
0.11380410194396973,67,-0.2578125
0.1152811050415039,68,-0.103125
0.11696290969848633,69,-0.33515625
0.11870408058166504,70,-0.07734374999999999
0.12036705017089844,71,-0.012890625
0.12233495712280273,72,-0.064453125
0.12415504455566406,73,-0.167578125
0.1257948875427246,74,-0.928125
0.12720298767089844,75,-1.65
0.12958097457885742,76,-0.29648437499999997
0.13145804405212402,77,-0.24492187499999998
0.13298892974853516,78,-0.2578125
0.13506507873535156,79,-0.12890625
0.13678193092346191,80,0.0
0.13802790641784668,81,-0.09023437499999999
0.1391921043395996,82,-0.21914062499999998
0.14035296440124512,83,-0.167578125
0.14148998260498047,84,-0.8765624999999999
0.14270687103271484,85,-1.46953125
0.14383602142333984,86,-0.012890625
0.14504003524780273,87,-0.270703125
0.14644289016723633,88,0.0
0.1478729248046875,89,-0.20625
0.14940810203552246,90,-0.37382812499999996
0.1509079933166504,91,-0.36093749999999997
0.1523740291595459,92,0.0
0.1538999080657959,93,-0.012890625
0.1562519073486328,94,-0.07734374999999999
0.1582040786743164,95,-0.064453125
0.15964698791503906,96,-1.2503906249999999
0.16159296035766602,97,-0.12890625
0.16328096389770508,98,-0.399609375
0.16453194618225098,99,-0.18046874999999998
0.16569209098815918,100,-0.2578125
0.16682195663452148,101,-0.322265625
0.1679379940032959,102,-0.21914062499999998
0.16904592514038086,103,0.012890625
0.17014288902282715,104,-0.0515625
0.17123699188232422,105,-0.064453125
0.17235898971557617,106,-0.30937499999999996
0.17348694801330566,107,-0.167578125
0.1745920181274414,108,-0.825
0.1757669448852539,109,-1.456640625
0.17719197273254395,110,-0.37382812499999996
0.1786658763885498,111,-0.0515625
0.18018388748168945,112,-0.20625
0.18161988258361816,113,-0.103125
0.18303894996643066,114,-0.43828124999999996
0.18448805809020996,115,-0.20625
0.18688297271728516,116,0.012890625
0.18868494033813477,117,-0.07734374999999999
0.19019794464111328,118,-0.103125
0.19234490394592285,119,-0.64453125
0.19402694702148438,120,-1.5984375
0.1952989101409912,121,-0.29648437499999997
0.19653010368347168,122,-0.193359375
0.19769597053527832,123,-0.103125
0.198836088180542,124,-0.36093749999999997
0.19996404647827148,125,-0.4125
0.20107388496398926,126,-0.28359375
0.20224809646606445,127,0.0
0.20337605476379395,128,-0.064453125
0.20449090003967285,129,-0.09023437499999999
0.20560407638549805,130,-0.322265625
0.20678210258483887,131,-0.23203125
0.2081749439239502,132,-0.825
0.20959901809692383,133,-1.5082031249999999
0.21112990379333496,134,0.0
0.21268606185913086,135,-0.20625
0.2141408920288086,136,-0.23203125
0.2155609130859375,137,-0.15468749999999998
0.2180159091949463,138,-0.2578125
0.21978187561035156,139,-0.012890625
0.22128701210021973,140,-0.09023437499999999
0.22342801094055176,141,-0.20625
0.224992036819458,142,-0.4640625
0.22621488571166992,143,-1.4308593749999998
0.22739696502685547,144,0.0
0.22853398323059082,145,-0.2578125
0.22966289520263672,146,-0.07734374999999999
0.23078393936157227,147,-0.20625
0.23187899589538574,148,-0.141796875
0.23301386833190918,149,-0.322265625
0.23412489891052246,150,-0.28359375
0.2352290153503418,151,0.0
0.2363278865814209,152,-0.02578125
0.23755407333374023,153,-0.116015625
0.23894596099853516,154,-0.20625
0.2404160499572754,155,-0.193359375
0.24184799194335938,156,-0.8765624999999999
0.2436199188232422,157,-1.5726562499999999
0.2451000213623047,158,-0.141796875
0.24652791023254395,159,-0.15468749999999998
0.24827790260314941,160,-0.02578125
0.25071096420288086,161,-0.2578125
0.2523069381713867,162,0.322265625
0.25400304794311523,163,-0.012890625
0.2559530735015869,164,-0.15468749999999998
0.2573370933532715,165,-0.038671874999999994
0.25850796699523926,166,-0.928125
0.2596418857574463,167,-1.546875
0.2607710361480713,168,-0.103125
0.2618749141693115,169,-0.18046874999999998
0.2630190849304199,170,-0.167578125
0.2641298770904541,171,-0.09023437499999999
0.26522088050842285,172,-0.20625
0.2663099765777588,173,-0.348046875
0.2674989700317383,174,-0.2578125
0.2688939571380615,175,-0.012890625
0.2703230381011963,176,-0.012890625
0.2718210220336914,177,-0.15468749999999998
0.27351903915405273,178,-0.2578125
0.2749168872833252,179,-0.708984375
0.27639102935791016,180,-1.46953125
0.2786569595336914,181,-0.24492187499999998
0.2806859016418457,182,-0.167578125
0.282106876373291,183,-0.0515625
0.2843348979949951,184,-0.270703125
0.285952091217041,185,-0.0515625
0.2871739864349365,186,-0.038671874999999994
0.28833603858947754,187,-0.12890625
0.2894599437713623,188,-0.2578125
0.29056406021118164,189,-0.37382812499999996
0.29167604446411133,190,-1.0828125
0.2928159236907959,191,-1.6242187499999998
0.29393792152404785,192,-0.103125
0.2950899600982666,193,-0.24492187499999998
0.2962040901184082,194,-0.167578125
0.2973048686981201,195,-0.20625
0.2984640598297119,196,-0.103125
0.2998769283294678,197,-0.37382812499999996
0.3013319969177246,198,-0.193359375
0.30293893814086914,199,0.012890625
0.30455803871154785,200,-0.064453125
0.30597901344299316,201,-0.23203125
0.30742502212524414,202,-0.20625
0.30974888801574707,203,-1.018359375
0.31163907051086426,204,-0.33515625
0.31316590309143066,205,-0.322265625
0.31748390197753906,206,-0.20625
0.3188440799713135,207,-0.02578125
0.32003188133239746,208,-0.0515625
0.3211789131164551,209,-0.09023437499999999
0.32232189178466797,210,-0.2578125
0.32346105575561523,211,-0.20625
0.32459497451782227,212,-0.8121093749999999
0.3257639408111572,213,-1.46953125
0.3268759250640869,214,-0.23203125
0.32796502113342285,215,-0.20625
0.3291490077972412,216,-0.28359375
0.33104705810546875,217,-0.21914062499999998
0.3325490951538086,218,-0.33515625
0.3341960906982422,219,-0.270703125
0.33568906784057617,220,-0.02578125
0.33713603019714355,221,-0.0515625
0.33870601654052734,222,-0.12890625
0.34140801429748535,223,-0.167578125
0.34316301345825195,224,-1.03125
0.34453296661376953,225,-0.20625
0.34621405601501465,226,-0.30937499999999996
0.34818387031555176,227,-0.2578125
0.3496379852294922,228,-0.270703125
0.3508589267730713,229,-0.09023437499999999
0.35201597213745117,230,-0.012890625
0.353240966796875,231,0.012890625
0.35437798500061035,232,-0.12890625
0.35550808906555176,233,-0.322265625
0.35663890838623047,234,-0.20625
0.357774019241333,235,-0.7863281249999999
0.35889387130737305,236,-1.4308593749999998
0.36008691787719727,237,-0.9152343749999999
0.36150193214416504,238,-0.09023437499999999
0.3630208969116211,239,-0.193359375
0.36467909812927246,240,-0.23203125
0.36620497703552246,241,-0.36093749999999997
0.36769890785217285,242,-0.141796875
0.36910295486450195,243,-0.012890625
0.37166810035705566,244,-0.0515625
0.37342309951782227,245,-0.193359375
0.3751380443572998,246,-0.515625
0.37694692611694336,247,-1.456640625
0.3787689208984375,248,-0.20625
0.3800990581512451,249,-0.20625
0.38132500648498535,250,-0.167578125
0.3824889659881592,251,-0.33515625
0.38364696502685547,252,-0.399609375
0.38480091094970703,253,-0.193359375
0.3859100341796875,254,-0.02578125
0.38701391220092773,255,-0.141796875
0.38811397552490234,256,-0.141796875
0.3892688751220703,257,-0.36093749999999997
0.3904709815979004,258,-0.322265625
0.3918900489807129,259,-1.03125
0.3934059143066406,260,-1.65
0.3949310779571533,261,-0.012890625
0.39656496047973633,262,-0.12890625
0.39800405502319336,263,-0.0515625
0.39942502975463867,264,-0.24492187499999998
0.4018399715423584,265,-0.20625
0.403717041015625,266,-0.012890625
0.4051079750061035,267,-0.103125
0.40681004524230957,268,-0.15468749999999998
0.4087240695953369,269,-0.54140625
0.4101409912109375,270,-1.533984375
0.4114038944244385,271,-0.167578125
0.4125790596008301,272,-0.322265625
0.4137859344482422,273,-0.23203125
0.4149038791656494,274,-0.103125
0.4160120487213135,275,-0.4125
0.4171409606933594,276,-0.399609375
0.41826891899108887,277,-0.12890625
0.4194059371948242,278,-0.02578125
0.42061710357666016,279,-0.12890625
0.4220728874206543,280,-0.20625
0.4236180782318115,281,-0.20625
0.4251530170440674,282,-0.825
0.42668890953063965,283,-1.546875
0.4281620979309082,284,-0.15468749999999998
0.4296278953552246,285,-0.15468749999999998
0.43213796615600586,286,-0.12890625
0.4340178966522217,287,-0.167578125
0.43547797203063965,288,0.29648437499999997
0.4373900890350342,289,-0.02578125
0.43924498558044434,290,-0.103125
0.4405698776245117,291,-0.02578125
0.4417378902435303,292,-0.928125
0.44289088249206543,293,-1.546875
0.44402599334716797,294,-0.09023437499999999
0.4452080726623535,295,-0.23203125
0.44635510444641113,296,-0.15468749999999998
0.4474670886993408,297,-0.193359375
0.4485890865325928,298,-0.270703125
0.44968390464782715,299,-0.4125
0.45085787773132324,300,-0.322265625
0.4523608684539795,301,-0.012890625
0.45390892028808594,302,-0.02578125
0.4554588794708252,303,-0.12890625
0.4569590091705322,304,-0.20625
0.45827603340148926,305,-0.8121093749999999
0.45969104766845703,306,-1.52109375
0.4617750644683838,307,-0.07734374999999999
0.4641458988189697,308,-0.2578125
0.46558308601379395,309,0.0
0.4670729637145996,310,-0.167578125
0.4691789150238037,311,-0.02578125
0.4708530902862549,312,-0.038671874999999994
0.4721190929412842,313,-0.167578125
0.4733550548553467,314,-0.193359375
0.47449398040771484,315,-0.760546875
0.47562193870544434,316,-1.3921875
0.4767909049987793,317,-0.54140625
0.477902889251709,318,-0.23203125
0.4790010452270508,319,-0.33515625
0.480118989944458,320,-0.2578125
0.48129701614379883,321,-0.2578125
0.48269104957580566,322,-0.30937499999999996
0.484421968460083,323,-0.30937499999999996
0.48610806465148926,324,-0.012890625
0.487623929977417,325,-0.0515625
0.48900794982910156,326,-0.193359375
0.4904799461364746,327,-0.12890625
0.4927980899810791,328,-0.8765624999999999
0.49500107765197754,329,-1.65
0.4965240955352783,330,-0.167578125
0.498060941696167,331,-0.12890625
0.49993395805358887,332,-0.270703125
0.5015630722045898,333,0.012890625
0.5028948783874512,334,-0.02578125
0.5040509700775146,335,-0.15468749999999998
0.5051820278167725,336,-0.2578125
0.506289005279541,337,-0.23203125
0.5074400901794434,338,-0.580078125
0.5085530281066895,339,-1.198828125
0.509727954864502,340,-1.65
0.5108299255371094,341,-0.167578125
0.5120079517364502,342,-0.30937499999999996
0.513484001159668,343,-0.20625
0.5148839950561523,344,-0.09023437499999999
0.5164659023284912,345,-0.399609375
0.5180869102478027,346,-0.23203125
0.5195660591125488,347,0.0
0.5210280418395996,348,-0.116015625
0.5228719711303711,349,-0.2578125
0.5254220962524414,350,-0.103125
0.526961088180542,351,-1.456640625
0.5284640789031982,352,-0.193359375
0.5303530693054199,353,-0.09023437499999999
0.532080888748169,354,-0.167578125
0.5335080623626709,355,-0.20625
0.5347058773040771,356,-0.012890625
0.5358390808105469,357,0.0
0.5369548797607422,358,-0.0515625
0.5380609035491943,359,-0.12890625
0.5391700267791748,360,-0.322265625
0.5403358936309814,361,-0.2578125
0.5414509773254395,362,-0.95390625
0.5427279472351074,363,-1.546875
0.5441470146179199,364,-0.038671874999999994
0.5455789566040039,365,-0.23203125
0.547076940536499,366,-0.20625
0.5487139225006104,367,-0.103125
0.5501630306243896,368,-0.29648437499999997
0.5516469478607178,369,-0.0515625
0.5533430576324463,370,-0.012890625
0.5558300018310547,371,-0.09023437499999999
0.5574829578399658,372,-0.103125
0.5589230060577393,373,-0.9410156249999999
0.560797929763794,374,-1.65
0.5625970363616943,375,-0.4125
0.5639898777008057,376,-0.23203125
0.5651760101318359,377,-0.09023437499999999
0.5663449764251709,378,-0.322265625
0.5674619674682617,379,-0.2578125
0.5685629844665527,380,0.0
0.5696580410003662,381,-0.012890625
0.5707569122314453,382,-0.12890625
0.5718889236450195,383,-0.23203125
0.5730729103088379,384,-0.29648437499999997
0.5745060443878174,385,-0.64453125
0.5759809017181396,386,-1.340625
0.5775249004364014,387,-0.20625
0.5790379047393799,388,-0.270703125
0.5805759429931641,389,-0.270703125
0.5821089744567871,390,-0.116015625
0.5849659442901611,391,-0.2578125
0.5869178771972656,392,0.012890625
0.5884549617767334,393,-0.07734374999999999
0.590195894241333,394,-0.18046874999999998
0.592231035232544,395,-0.64453125
0.5936739444732666,396,-1.6242187499999998
0.5948829650878906,397,-0.167578125
0.5960419178009033,398,-0.09023437499999999
0.5971970558166504,399,-0.167578125
0.598330020904541,400,-0.103125
0.5994338989257812,401,-0.37382812499999996
0.6005399227142334,402,-0.33515625
0.6016669273376465,403,-0.0515625
0.6027839183807373,404,0.0
0.6039900779724121,405,-0.15468749999999998
0.6054730415344238,406,-0.29648437499999997
0.6069560050964355,407,-0.2578125
0.6085119247436523,408,-0.8765624999999999
0.6100280284881592,409,-1.5984375
0.6115000247955322,410,-0.116015625
0.61313796043396,411,-0.23203125
0.6149270534515381,412,-0.038671874999999994
0.6174960136413574,413,-0.2578125
0.619441032409668,414,0.322265625
0.6214230060577393,415,-0.0515625
0.6238980293273926,416,-0.2578125
0.6257948875427246,417,-0.5285156249999999
0.6275279521942139,418,-1.611328125
0.6291859149932861,419,-0.23203125
0.6307668685913086,420,-0.23203125
0.6323230266571045,421,-0.012890625
0.6339430809020996,422,-0.141796875
0.6357429027557373,423,0.103125
0.6377060413360596,424,-0.012890625
0.6397919654846191,425,-0.167578125
0.6417450904846191,426,-0.2578125
0.644010066986084,427,-1.3921875
0.6470680236816406,428,-0.116015625
0.6493098735809326,429,-0.12890625
0.6515789031982422,430,-0.116015625
0.6541969776153564,431,0.012890625
0.6559810638427734,432,-0.116015625
0.6575610637664795,433,-0.09023437499999999
0.6591079235076904,434,-1.00546875
0.6608090400695801,435,-0.95390625
0.6624760627746582,436,-0.33515625
0.6645898818969727,437,-0.23203125
0.6663849353790283,438,-0.30937499999999996
0.6683769226074219,439,-0.0515625
0.6706240177154541,440,-0.012890625
0.6725730895996094,441,-0.116015625
0.6745409965515137,442,-0.064453125
0.677711009979248,443,-1.10859375
0.679840087890625,444,-0.42539062499999997
0.6818759441375732,445,-0.15468749999999998
0.6841208934783936,446,-0.064453125
0.6863939762115479,447,0.2578125
0.6879310607910156,448,-0.103125
0.6893210411071777,449,-0.23203125
0.690701961517334,450,-0.20625
0.6921319961547852,451,-1.044140625
0.6936888694763184,452,-1.65
0.6952359676361084,453,0.0
0.6969749927520752,454,-0.21914062499999998
0.6986210346221924,455,-0.116015625
0.7009100914001465,456,-0.322265625
0.7029709815979004,457,0.038671874999999994
0.7046449184417725,458,-0.064453125
0.7060890197753906,459,-0.2578125
0.7084078788757324,460,-0.28359375
0.7115750312805176,461,-1.4437499999999999
0.7132749557495117,462,-0.2578125
0.7148089408874512,463,-0.167578125
0.7163660526275635,464,-0.28359375
0.717932939529419,465,-0.0515625
0.7199358940124512,466,0.0
0.7217409610748291,467,-0.07734374999999999
0.7230799198150635,468,-0.18046874999999998
0.7243409156799316,469,-0.5285156249999999
0.7256700992584229,470,-1.276171875
0.7271349430084229,471,-1.3019531249999998
0.728553056716919,472,-0.2578125
0.7301340103149414,473,-0.167578125
0.7316498756408691,474,-0.167578125
0.7333900928497314,475,-0.42539062499999997
0.7352108955383301,476,-0.15468749999999998
0.7377619743347168,477,-0.0515625
0.7392210960388184,478,-0.12890625
0.7410750389099121,479,-0.12890625
0.7431850433349609,480,-1.03125
0.7445309162139893,481,-0.103125
0.7457230091094971,482,-0.322265625
0.7468569278717041,483,-0.2578125
0.7480120658874512,484,-0.141796875
0.7491600513458252,485,-0.42539062499999997
0.7503080368041992,486,-0.43828124999999996
0.7514488697052002,487,-0.20625
0.7525858879089355,488,-0.012890625
0.7537028789520264,489,-0.167578125
0.7548151016235352,490,-0.15468749999999998
0.7560338973999023,491,-0.2578125
0.757530927658081,492,-0.502734375
0.759023904800415,493,-1.26328125
0.7605819702148438,494,-0.23203125
0.7621049880981445,495,-0.24492187499999998
0.7637488842010498,496,-0.167578125
0.7655019760131836,497,-0.103125
0.7682139873504639,498,-0.30937499999999996
0.7699370384216309,499,-0.012890625
0.772068977355957,500,-0.064453125
0.7745499610900879,501,-0.116015625
0.7760500907897949,502,-1.147265625
0.7772719860076904,503,-0.2578125
0.778407096862793,504,-0.20625
0.7795519828796387,505,-0.20625
0.7806930541992188,506,-0.12890625
0.781822919845581,507,-0.15468749999999998
0.7830860614776611,508,-0.322265625
0.7846388816833496,509,-0.20625
0.7861359119415283,510,0.0
0.7875549793243408,511,-0.116015625
0.7890670299530029,512,-0.23203125
0.7905199527740479,513,-0.09023437499999999
0.7926170825958252,514,-0.9410156249999999
0.7941849231719971,515,-0.5285156249999999
0.7957420349121094,516,-0.20625
0.7981820106506348,517,-0.23203125
0.8002979755401611,518,-0.2578125
0.8018190860748291,519,0.322265625
0.8040158748626709,520,-0.02578125
0.8056669235229492,521,-0.09023437499999999
0.8068959712982178,522,-0.0515625
0.8080520629882812,523,-0.8121093749999999
0.8091740608215332,524,-1.46953125
0.8102760314941406,525,-0.29648437499999997
0.8114559650421143,526,-0.15468749999999998
0.812593936920166,527,-0.15468749999999998
0.8138020038604736,528,-0.24492187499999998
0.8149209022521973,529,-0.103125
0.8160228729248047,530,-0.399609375
0.8172149658203125,531,-0.322265625
0.818634033203125,532,-0.0515625
0.820159912109375,533,-0.012890625
0.8217771053314209,534,-0.0515625
0.8233990669250488,535,-0.20625
0.8248240947723389,536,-0.6703125
0.8262019157409668,537,-1.456640625
0.8286268711090088,538,-0.09023437499999999
0.8307149410247803,539,-0.193359375
0.8323628902435303,540,-0.116015625
0.8345320224761963,541,-0.20625
0.8360929489135742,542,0.0
0.8373689651489258,543,-0.103125
0.8385140895843506,544,-0.21914062499999998
0.8396389484405518,545,-0.193359375
0.8407430648803711,546,-0.6187499999999999
0.8418369293212891,547,-1.2374999999999998
0.8429780006408691,548,-1.65
0.8441059589385986,549,-0.103125
0.8452630043029785,550,-0.322265625
0.8463900089263916,551,-0.24492187499999998
0.8475868701934814,552,-0.18046874999999998
0.8490278720855713,553,-0.36093749999999997
0.8504810333251953,554,-0.322265625
0.8523199558258057,555,-0.09023437499999999
0.8539690971374512,556,0.0
0.8553309440612793,557,-0.15468749999999998
0.8566498756408691,558,-0.103125
0.8591840267181396,559,-0.7218749999999999
0.8609519004821777,560,-1.65
0.8627970218658447,561,-0.30937499999999996
0.8649389743804932,562,-0.30937499999999996
0.866365909576416,563,-0.103125
0.8676109313964844,564,-0.012890625
0.8688240051269531,565,0.0
0.8699550628662109,566,-0.0515625
0.871074914932251,567,-0.167578125
0.8722529411315918,568,-0.322265625
0.8733980655670166,569,-0.167578125
0.8745169639587402,570,-0.837890625
0.875622034072876,571,-1.46953125
0.8767499923706055,572,-0.348046875
0.8779850006103516,573,-0.20625
0.8794600963592529,574,-0.20625
0.8809399604797363,575,-0.322265625
0.8825609683990479,576,-0.37382812499999996
0.8843569755554199,577,-0.29648437499999997
0.8858609199523926,578,0.0
0.8873910903930664,579,-0.0515625
0.8902380466461182,580,-0.103125
0.891822099685669,581,-0.33515625
0.8937358856201172,582,-1.41796875
0.8957200050354004,583,-0.9410156249999999
0.8970470428466797,584,-0.42539062499999997
0.8982119560241699,585,-0.15468749999999998
0.8993768692016602,586,-0.37382812499999996
0.9005329608917236,587,-0.270703125
0.9016830921173096,588,0.0
0.9028198719024658,589,-0.012890625
0.9039249420166016,590,-0.116015625
0.9050359725952148,591,-0.20625
0.906135082244873,592,-0.322265625
0.9072310924530029,593,-0.5285156249999999
0.908531904220581,594,-1.1859374999999999
0.9104099273681641,595,-1.65
0.912039041519165,596,-0.167578125
0.9138820171356201,597,-0.23203125
0.9154500961303711,598,-0.167578125
0.9169790744781494,599,-0.2578125
0.9190750122070312,600,-0.012890625
0.9212150573730469,601,-0.012890625
0.9226760864257812,602,-0.167578125
0.9249000549316406,603,-0.23203125
0.9268379211425781,604,-1.276171875
0.9281430244445801,605,-0.167578125
0.929311990737915,606,-0.167578125
0.9304380416870117,607,-0.15468749999999998
0.9315741062164307,608,-0.02578125
0.9328219890594482,609,-0.348046875
0.9339449405670166,610,-0.21914062499999998
0.9350709915161133,611,-0.012890625
0.936168909072876,612,-0.02578125
0.9372670650482178,613,-0.18046874999999998
0.9384799003601074,614,-0.270703125
0.9399409294128418,615,-0.2578125
0.9414610862731934,616,-0.734765625
0.9431500434875488,617,-1.4953124999999998
0.9447290897369385,618,-0.141796875
0.9460759162902832,619,-0.141796875
0.9473860263824463,620,-0.270703125
0.95005202293396,621,-0.103125
0.9516410827636719,622,0.28359375
0.9531130790710449,623,-0.02578125
0.9550530910491943,624,-0.07734374999999999
0.9569079875946045,625,-0.21914062499999998
0.9582319259643555,626,-0.79921875
0.9594230651855469,627,-1.533984375
0.9605579376220703,628,-0.103125
0.9616670608520508,629,-0.21914062499999998
0.9628140926361084,630,-0.167578125
0.9639620780944824,631,-0.23203125
0.9650530815124512,632,-0.15468749999999998
0.9661810398101807,633,-0.33515625
0.9672820568084717,634,-0.270703125
0.9684879779815674,635,0.0
0.9698989391326904,636,-0.012890625
0.9713869094848633,637,-0.02578125
0.9730920791625977,638,-0.2578125
0.9746649265289307,639,-0.4125
0.9760959148406982,640,-1.340625
0.9775080680847168,641,-0.12890625
0.979388952255249,642,-0.29648437499999997
0.9818809032440186,643,-0.2578125
0.9835278987884521,644,0.0
0.985145092010498,645,0.193359375
0.9871029853820801,646,-0.012890625
0.988955020904541,647,-0.064453125
0.9902338981628418,648,-0.02578125
0.9914579391479492,649,-0.7863281249999999
0.9926939010620117,650,-1.456640625
0.9938459396362305,651,-0.167578125
0.9949629306793213,652,-0.270703125
0.9960711002349854,653,-0.12890625
0.9972050189971924,654,-0.24492187499999998
