time,count,voltage
0.004163980484008789,1,-0.15468749999999998
0.005537986755371094,2,-0.515625
0.0067670345306396484,3,-0.7218749999999999
0.00804591178894043,4,-1.4953124999999998
0.009187936782836914,5,0.0
0.010296106338500977,6,-0.167578125
0.011395931243896484,7,-0.193359375
0.012505054473876953,8,-0.37382812499999996
0.013612985610961914,9,-0.322265625
0.014723062515258789,10,-0.348046875
0.01582193374633789,11,-0.322265625
0.017074108123779297,12,-0.15468749999999998
0.01857590675354004,13,0.0
0.019984006881713867,14,-0.0515625
0.021420001983642578,15,-0.270703125
0.022835969924926758,16,-0.515625
0.024120092391967773,17,-1.095703125
0.02527904510498047,18,-1.65
0.02639603614807129,19,0.0
0.027544021606445312,20,-0.18046874999999998
0.02867603302001953,21,-0.02578125
0.029774904251098633,22,-0.399609375
0.030879974365234375,23,-0.064453125
0.03198504447937012,24,-0.30937499999999996
0.03330111503601074,25,-0.21914062499999998
0.03474712371826172,26,0.012890625
0.036184072494506836,27,-0.02578125
0.03780412673950195,28,-0.167578125
0.03933405876159668,29,-0.4640625
0.04076504707336426,30,-0.992578125
0.04234194755554199,31,-1.65
0.04485893249511719,32,-0.09023437499999999
0.0464320182800293,33,-0.270703125
0.04797196388244629,34,-0.02578125
0.049616098403930664,35,-0.2578125
0.05161595344543457,36,0.0
0.053138017654418945,37,-0.012890625
0.05437612533569336,38,-0.270703125
0.0555419921875,39,-0.48984374999999997
0.0566709041595459,40,-0.7734375
0.057868003845214844,41,-1.482421875
0.05898904800415039,42,-0.103125
0.06010103225708008,43,-0.116015625
0.06119799613952637,44,-0.270703125
0.06229710578918457,45,-0.322265625
0.06339597702026367,46,-0.23203125
0.06450009346008301,47,-0.23203125
0.06559205055236816,48,-0.2578125
0.06667804718017578,49,-0.15468749999999998
0.06790399551391602,50,-0.012890625
0.06925106048583984,51,0.0
0.07069802284240723,52,-0.2578125
0.0722200870513916,53,-0.5929687499999999
0.07375192642211914,54,-0.708984375
0.07522892951965332,55,-1.65
0.07668209075927734,56,0.0
0.07907509803771973,57,-0.193359375
0.08106207847595215,58,-0.37382812499999996
0.08246397972106934,59,-0.37382812499999996
0.0843961238861084,60,-0.0515625
0.08614492416381836,61,-0.012890625
0.08747696876525879,62,-0.07734374999999999
0.08864903450012207,63,-0.5671875
0.08977603912353516,64,-0.6574218749999999
0.09089303016662598,65,-1.3921875
0.09200906753540039,66,-0.322265625
0.0931088924407959,67,-0.038671874999999994
0.09421801567077637,68,-0.167578125
0.09532809257507324,69,-0.15468749999999998
0.09642791748046875,70,-0.4125
0.09754300117492676,71,-0.07734374999999999
0.09871196746826172,72,-0.322265625
0.10011696815490723,73,-0.193359375
0.10155701637268066,74,0.012890625
0.10303497314453125,75,-0.07734374999999999
0.10452508926391602,76,-0.20625
0.10593199729919434,77,-0.515625
0.10743308067321777,78,-1.00546875
0.10894489288330078,79,-1.65
0.11141300201416016,80,-0.103125
0.11327791213989258,81,-0.12890625
0.11465692520141602,82,-0.116015625
0.11640310287475586,83,-0.12890625
0.11840510368347168,84,0.012890625
0.1197810173034668,85,-0.02578125
0.12094593048095703,86,-0.270703125
0.1220710277557373,87,-0.502734375
0.12319612503051758,88,-0.734765625
0.1243290901184082,89,-1.4437499999999999
0.12544012069702148,90,-0.012890625
0.1265430450439453,91,-0.0515625
0.1276700496673584,92,-0.20625
0.1288449764251709,93,-0.270703125
0.1302170753479004,94,-0.30937499999999996
0.13166499137878418,95,-0.29648437499999997
0.13323497772216797,96,-0.103125
0.13479208946228027,97,0.012890625
0.13622808456420898,98,-0.064453125
0.13770508766174316,99,-0.2578125
0.1394801139831543,100,-0.54140625
0.14189910888671875,101,-0.9152343749999999
0.14348697662353516,102,-0.064453125
0.14487290382385254,103,-0.20625
0.14674592018127441,104,-0.502734375
0.14872312545776367,105,-0.15468749999999998
0.1500530242919922,106,0.193359375
0.15410900115966797,107,0.012890625
0.15547800064086914,108,0.0
0.15663790702819824,109,-0.43828124999999996
0.15787291526794434,110,-1.2890625
0.15912699699401855,111,-0.02578125
0.16053104400634766,112,-0.18046874999999998
0.16195392608642578,113,-0.29648437499999997
0.16345500946044922,114,-0.451171875
0.1650071144104004,115,-0.07734374999999999
0.16650104522705078,116,-0.103125
0.1679849624633789,117,0.012890625
0.1695549488067627,118,0.0
0.17196393013000488,119,-0.103125
0.1736440658569336,120,-0.502734375
0.1750190258026123,121,-1.482421875
0.17673611640930176,122,0.0
0.1787121295928955,123,-0.21914062499999998
0.18010902404785156,124,-0.33515625
0.1812880039215088,125,-0.24492187499999998
0.18242406845092773,126,-0.20625
0.18356609344482422,127,-0.09023437499999999
0.18467211723327637,128,0.012890625
0.1857590675354004,129,-0.064453125
0.1869189739227295,130,-0.103125
0.1880650520324707,131,-0.4640625
0.18925905227661133,132,-0.605859375
0.19066095352172852,133,-1.134375
0.19210195541381836,134,-1.65
0.19359803199768066,135,-0.064453125
0.19511103630065918,136,-0.20625
0.19652009010314941,137,-0.36093749999999997
0.19820189476013184,138,-0.07734374999999999
0.19988107681274414,139,-0.064453125
0.2024390697479248,140,0.0
0.2040541172027588,141,-0.09023437499999999
0.20540499687194824,142,-0.4125
0.21299195289611816,143,-0.605859375
0.2144150733947754,144,-1.533984375
0.21559691429138184,145,-0.734765625
0.2167220115661621,146,-0.399609375
0.21793198585510254,147,0.0
0.2190389633178711,148,-0.012890625
0.22024798393249512,149,-0.116015625
0.22162699699401855,150,-0.4640625
0.2230510711669922,151,-0.515625
0.22455906867980957,152,-1.2374999999999998
0.22602391242980957,153,0.0
0.22762703895568848,154,-0.103125
0.22917699813842773,155,-0.28359375
0.23153996467590332,156,-0.24492187499999998
0.23354005813598633,157,0.09023437499999999
0.23506712913513184,158,0.0
0.23719096183776855,159,-0.02578125
0.2387709617614746,160,-0.33515625
0.2399580478668213,161,-0.605859375
0.24107789993286133,162,-1.4437499999999999
0.24219393730163574,163,-0.103125
0.24328899383544922,164,-0.064453125
0.2443850040435791,165,-0.20625
0.2454679012298584,166,-0.193359375
0.24654793739318848,167,-0.5671875
0.2476789951324463,168,0.0
0.2487950325012207,169,-0.23203125
0.24990010261535645,170,-0.12890625
0.25107693672180176,171,0.0
0.2524430751800537,172,-0.012890625
0.253856897354126,173,-0.103125
0.2553999423980713,174,-0.502734375
0.25703001022338867,175,-0.54140625
0.25857996940612793,176,-1.5082031249999999
0.26001596450805664,177,0.012890625
0.26209497451782227,178,-0.103125
0.2642490863800049,179,-0.36093749999999997
0.2657449245452881,180,-0.09023437499999999
0.26783204078674316,181,0.12890625
0.26956892013549805,182,-0.012890625
0.2708311080932617,183,-0.167578125
0.27199602127075195,184,-0.5285156249999999
0.27312493324279785,185,-0.6703125
0.2742791175842285,186,-1.3921875
0.2754330635070801,187,0.0
0.2765779495239258,188,-0.116015625
0.27771592140197754,189,-0.20625
0.27883291244506836,190,-0.2578125
0.2799389362335205,191,-0.33515625
0.2811009883880615,192,-0.064453125
0.28247594833374023,193,-0.20625
0.28392910957336426,194,-0.0515625
0.2854459285736084,195,-0.012890625
0.28705406188964844,196,-0.064453125
0.288707971572876,197,-0.37382812499999996
0.29026007652282715,198,-0.5671875
0.29270505905151367,199,-1.4953124999999998
0.29462504386901855,200,-0.0515625
0.29610109329223633,201,-0.12890625
0.29828596115112305,202,-0.20625
0.30007505416870117,203,-0.15468749999999998
0.3013439178466797,204,-0.012890625
0.3025059700012207,205,-0.02578125
0.3036470413208008,206,-0.15468749999999998
0.30476808547973633,207,-0.502734375
0.30588197708129883,208,-0.54140625
0.3070089817047119,209,-1.095703125
0.30812692642211914,210,-1.65
0.3092319965362549,211,-0.0515625
0.3103311061859131,212,-0.15468749999999998
0.31153011322021484,213,-0.28359375
0.31293606758117676,214,-0.4125
0.31440305709838867,215,-0.193359375
0.3159160614013672,216,-0.2578125
0.3175539970397949,217,-0.02578125
0.31905698776245117,218,-0.02578125
0.3204920291900635,219,-0.15468749999999998
0.3233520984649658,220,-0.502734375
0.3252689838409424,221,-0.992578125
0.3267021179199219,222,-0.02578125
0.3284111022949219,223,-0.21914062499999998
0.3304929733276367,224,-0.4125
0.33194398880004883,225,-0.33515625
0.3331749439239502,226,0.012890625
0.33432507514953613,227,-0.012890625
0.3354461193084717,228,0.0
0.3365490436553955,229,-0.15468749999999998
0.3377220630645752,230,-0.43828124999999996
0.33888697624206543,231,-0.6574218749999999
0.3400130271911621,232,-0.889453125
0.3411240577697754,233,-1.5597656249999998
0.3423800468444824,234,0.0
0.34352993965148926,235,-0.167578125
0.34473109245300293,236,-0.2578125
0.34607791900634766,237,-0.30937499999999996
0.34761595726013184,238,-0.20625
0.34905099868774414,239,-0.30937499999999996
0.3506460189819336,240,-0.12890625
0.3520479202270508,241,0.0
0.353395938873291,242,-0.07734374999999999
0.35504603385925293,243,-0.322265625
0.35756993293762207,244,-0.54140625
0.3591339588165283,245,-1.65
0.36049389839172363,246,-0.103125
0.3623230457305908,247,-0.37382812499999996
0.3641970157623291,248,-0.36093749999999997
0.36558103561401367,249,-0.103125
0.3668370246887207,250,0.064453125
0.3680100440979004,251,0.0
0.36913490295410156,252,-0.064453125
0.3702409267425537,253,-0.193359375
0.37134790420532227,254,-0.502734375
0.37253689765930176,255,-0.631640625
0.3739440441131592,256,-1.1214843749999999
0.3754251003265381,257,-1.65
0.3769049644470215,258,-0.012890625
0.3785269260406494,259,-0.2578125
0.3799569606781006,260,-0.515625
0.38138294219970703,261,-0.116015625
0.38285398483276367,262,-0.15468749999999998
0.38518595695495605,263,0.0
0.3870890140533447,264,-0.02578125
0.38850903511047363,265,-0.348046875
0.3902261257171631,266,-0.42539062499999997
0.39222002029418945,267,-1.327734375
0.3936281204223633,268,-0.02578125
0.39479589462280273,269,-0.23203125
0.39592790603637695,270,-0.399609375
0.3970680236816406,271,-0.21914062499999998
0.39821505546569824,272,-0.2578125
0.39933204650878906,273,-0.20625
0.4004640579223633,274,-0.0515625
0.40155696868896484,275,0.0
0.40273404121398926,276,-0.012890625
0.40409111976623535,277,-0.20625
0.40553903579711914,278,-0.5671875
0.407135009765625,279,-0.734765625
0.40870189666748047,280,-1.585546875
0.41010594367980957,281,-0.012890625
0.41152095794677734,282,-0.18046874999999998
0.4129509925842285,283,-0.4125
0.4155089855194092,284,-0.116015625
0.4171929359436035,285,0.07734374999999999
0.41855311393737793,286,-0.012890625
0.42023396492004395,287,-0.103125
0.42215394973754883,288,-0.399609375
0.4235570430755615,289,-0.54140625
0.4247429370880127,290,-1.546875
0.42587995529174805,291,0.0
0.4270191192626953,292,-0.167578125
0.42815589904785156,293,-0.2578125
0.4292631149291992,294,-0.42539062499999997
0.43036890029907227,295,-0.24492187499999998
0.43147802352905273,296,-0.23203125
0.432650089263916,297,-0.23203125
0.43402910232543945,298,-0.0515625
0.43546509742736816,299,0.0
0.437000036239624,300,-0.103125
0.43851399421691895,301,-0.37382812499999996
0.4399290084838867,302,-0.4640625
0.4414050579071045,303,-1.353515625
0.44280195236206055,304,-0.0515625
0.44531798362731934,305,-0.167578125
0.44712305068969727,306,-0.33515625
0.448498010635376,307,-0.502734375
0.45027589797973633,308,-0.28359375
0.45218491554260254,309,0.012890625
0.45352911949157715,310,-0.064453125
0.4547109603881836,311,-0.38671875
0.45584702491760254,312,-0.5285156249999999
0.45699501037597656,313,-1.044140625
0.45811009407043457,314,-1.6371093749999999
0.4592440128326416,315,0.0
0.46034693717956543,316,-0.0515625
0.4614419937133789,317,-0.4125
0.46253490447998047,318,-0.322265625
0.4637119770050049,319,-0.18046874999999998
0.46509408950805664,320,-0.4640625
0.4665200710296631,321,-0.270703125
0.4681570529937744,322,0.012890625
0.4696319103240967,323,-0.02578125
0.47103404998779297,324,-0.23203125
0.47249293327331543,325,-0.502734375
0.4742469787597656,326,-0.8765624999999999
0.47664904594421387,327,-1.6371093749999999
0.4783201217651367,328,-0.116015625
0.47981905937194824,329,-0.38671875
0.4817969799041748,330,-0.09023437499999999
0.48352694511413574,331,-0.012890625
0.48482298851013184,332,-0.012890625
0.48598694801330566,333,-0.038671874999999994
0.48714709281921387,334,-0.116015625
0.4882669448852539,335,-0.502734375
0.48937392234802246,336,-0.476953125
0.49046802520751953,337,-1.134375
0.49156689643859863,338,-1.65
0.4926619529724121,339,0.0
0.4938371181488037,340,-0.15468749999999998
0.49524712562561035,341,-0.29648437499999997
0.49671101570129395,342,-0.6832031249999999
0.49839305877685547,343,-0.103125
0.5000119209289551,344,0.038671874999999994
0.5014569759368896,345,-0.012890625
0.5029098987579346,346,-0.012890625
0.5046241283416748,347,-0.167578125
0.5072829723358154,348,-0.515625
0.5088400840759277,349,-1.405078125
0.510369062423706,350,-0.064453125
0.5123379230499268,351,-0.2578125
0.5139939785003662,352,-0.42539062499999997
0.515286922454834,353,-0.167578125
0.5164871215820312,354,-0.0515625
0.517643928527832,355,0.012890625
0.5187630653381348,356,0.0
0.5198650360107422,357,-0.07734374999999999
0.520967960357666,358,-0.36093749999999997
0.522068977355957,359,-0.6187499999999999
0.5231630802154541,360,-0.7734375
0.5243360996246338,361,-1.456640625
0.5257201194763184,362,0.0
0.5271871089935303,363,-0.103125
0.5286540985107422,364,-0.23203125
0.5301859378814697,365,-0.37382812499999996
0.5316019058227539,366,-0.322265625
0.5330970287322998,367,-0.141796875
0.5344700813293457,368,0.0
0.5364010334014893,369,0.0
0.5387969017028809,370,-0.167578125
0.5403270721435547,371,-0.4125
0.5418229103088379,372,-1.456640625
0.5438380241394043,373,0.0
0.5454609394073486,374,-0.23203125
0.5467240810394287,375,-0.348046875
0.547976016998291,376,-0.103125
0.5491180419921875,377,-0.141796875
0.5502610206604004,378,-0.0515625
0.5513811111450195,379,0.0
0.5524840354919434,380,-0.012890625
0.5535809993743896,381,-0.09023437499999999
0.554771900177002,382,-0.43828124999999996
0.5561621189117432,383,-0.515625
0.5576980113983154,384,-1.1214843749999999
0.5592489242553711,385,-1.16015625
0.5607519149780273,386,-0.116015625
0.5621209144592285,387,-0.451171875
0.5635130405426025,388,-0.4640625
0.5648880004882812,389,-0.167578125
0.5674850940704346,390,-0.02578125
0.5692460536956787,391,0.0
0.5705790519714355,392,-0.0515625
0.572343111038208,393,-0.4125
0.5742459297180176,394,-0.42539062499999997
0.5756380558013916,395,-1.585546875
0.5768868923187256,396,-0.12890625
0.5780479907989502,397,-0.322265625
0.5791769027709961,398,-0.36093749999999997
0.5802919864654541,399,-0.20625
0.5813961029052734,400,-0.4125
0.5825529098510742,401,-0.322265625
0.5839600563049316,402,-0.15468749999999998
0.5853440761566162,403,-0.012890625
0.5867249965667725,404,-0.0515625
0.5882749557495117,405,-0.399609375
0.5898189544677734,406,-0.4640625
0.5913701057434082,407,-1.224609375
0.5927660465240479,408,-0.09023437499999999
0.5941600799560547,409,-0.15468749999999998
0.5954909324645996,410,-0.24492187499999998
0.597985029220581,411,-0.554296875
0.5998780727386475,412,-0.09023437499999999
0.6012969017028809,413,0.012890625
0.6032569408416748,414,-0.012890625
0.6051449775695801,415,-0.193359375
0.6065781116485596,416,-0.37382812499999996
0.6078851222991943,417,-1.2374999999999998
0.609044075012207,418,-0.0515625
0.6101579666137695,419,-0.21914062499999998
0.6112749576568604,420,-0.270703125
0.6123740673065186,421,-0.30937499999999996
0.6134870052337646,422,-0.4125
0.6145980358123779,423,-0.36093749999999997
0.6157889366149902,424,-0.36093749999999997
0.6171929836273193,425,-0.193359375
0.6186490058898926,426,0.0
0.6201410293579102,427,-0.0515625
0.6216390132904053,428,-0.28359375
0.6229710578918457,429,-0.42539062499999997
0.6243579387664795,430,-1.173046875
0.6260039806365967,431,-0.515625
0.6284010410308838,432,-0.15468749999999998
0.6299800872802734,433,-0.30937499999999996
0.631397008895874,434,-0.167578125
0.633275032043457,435,-0.270703125
0.6350810527801514,436,0.0
0.636389970779419,437,-0.012890625
0.6375699043273926,438,-0.23203125
