time,count,voltage
0.005714893341064453,1,-0.116015625
0.007322072982788086,2,-0.502734375
0.008845090866088867,3,-1.018359375
0.01025700569152832,4,-1.65
0.011630058288574219,5,-0.064453125
0.013046026229858398,6,-0.37382812499999996
0.014429092407226562,7,-0.5671875
0.01577901840209961,8,-0.18046874999999998
0.01714801788330078,9,-0.33515625
0.024657011032104492,10,-0.103125
0.026752948760986328,11,-0.012890625
0.02849411964416504,12,-0.348046875
0.030345916748046875,13,-0.33515625
0.03200697898864746,14,-0.515625
0.03375506401062012,15,-0.28359375
0.03554391860961914,16,-0.064453125
0.037336111068725586,17,-0.012890625
0.039099931716918945,18,-0.12890625
0.0412600040435791,19,-0.54140625
0.043164968490600586,20,-1.147265625
0.044799089431762695,21,-0.167578125
0.0465240478515625,22,-0.21914062499999998
0.04816889762878418,23,-0.515625
0.04979109764099121,24,-0.2578125
0.05238795280456543,25,-0.09023437499999999
0.05493593215942383,26,0.0
0.05673789978027344,27,-0.2578125
0.058316946029663086,28,-0.6187499999999999
0.06011509895324707,29,-1.482421875
0.06235194206237793,30,-0.09023437499999999
0.06454706192016602,31,-0.476953125
0.06692290306091309,32,-0.36093749999999997
0.06815004348754883,33,0.15468749999999998
0.06931495666503906,34,0.0
0.07070302963256836,35,-0.064453125
0.07192707061767578,36,-0.21914062499999998
0.07333588600158691,37,-0.5671875
0.07451510429382324,38,-0.863671875
0.07565498352050781,39,-1.46953125
0.07678508758544922,40,0.0
0.07795310020446777,41,-0.064453125
0.07907509803771973,42,-0.322265625
0.08020591735839844,43,-0.36093749999999997
0.08132505416870117,44,-0.502734375
0.08259105682373047,45,-0.18046874999999998
0.08387303352355957,46,-0.21914062499999998
0.08507108688354492,47,-0.064453125
0.0863199234008789,48,-0.012890625
0.08761405944824219,49,-0.064453125
0.08905291557312012,50,-0.29648437499999997
0.09051990509033203,51,-0.64453125
0.0921940803527832,52,-1.0828125
0.09391999244689941,53,-1.65
0.09534597396850586,54,-0.103125
0.0968480110168457,55,-0.322265625
0.09916496276855469,56,-0.54140625
0.10122203826904297,57,-0.28359375
0.10277795791625977,58,0.0
0.10465312004089355,59,-0.0515625
0.10652494430541992,60,-0.2578125
0.1078789234161377,61,-0.5671875
0.10916399955749512,62,-1.3664062499999998
0.1103520393371582,63,0.0
0.1114799976348877,64,-0.15468749999999998
0.11272907257080078,65,-0.30937499999999996
0.1139988899230957,66,-0.30937499999999996
0.11543607711791992,67,-0.734765625
0.11687588691711426,68,-0.322265625
0.11854696273803711,69,-0.193359375
0.1201620101928711,70,0.0
0.12162590026855469,71,-0.103125
0.1230781078338623,72,-0.4125
0.12586307525634766,73,-0.64453125
0.12749195098876953,74,-1.65
0.12905097007751465,75,-0.2578125
0.13108396530151367,76,-0.2578125
0.13259196281433105,77,-0.54140625
0.13392400741577148,78,-0.399609375
0.13510894775390625,79,-0.09023437499999999
0.1362760066986084,80,-0.012890625
0.1374061107635498,81,-0.0515625
0.13852810859680176,82,-0.23203125
0.13964295387268066,83,-0.605859375
0.14075708389282227,84,-0.7476562499999999
0.14189505577087402,85,-1.3019531249999998
0.14303994178771973,86,-1.65
0.14426398277282715,87,0.012890625
0.14569401741027832,88,-0.322265625
0.14717698097229004,89,-0.2578125
0.14871001243591309,90,-0.515625
0.15040111541748047,91,-0.2578125
0.15183305740356445,92,0.038671874999999994
0.1535329818725586,93,0.0
0.15539908409118652,94,-0.12890625
0.15790200233459473,95,-0.4640625
0.15944290161132812,96,-1.1859374999999999
0.1610279083251953,97,-0.0515625
0.16315197944641113,98,-0.21914062499999998
0.1647639274597168,99,-0.42539062499999997
0.16608810424804688,100,-0.15468749999999998
0.16726899147033691,101,-0.12890625
0.1684110164642334,102,0.0
0.1695261001586914,103,0.02578125
0.17079496383666992,104,-0.064453125
0.1719989776611328,105,-0.270703125
0.17325305938720703,106,-0.631640625
0.17455291748046875,107,-0.825
0.17604708671569824,108,-1.4953124999999998
0.17753195762634277,109,0.0
0.17912697792053223,110,-0.20625
0.18059897422790527,111,-0.322265625
0.18201303482055664,112,-0.451171875
0.18388104438781738,113,-0.23203125
0.18663811683654785,114,-0.012890625
0.18810510635375977,115,-0.09023437499999999
0.19008898735046387,116,-0.4640625
0.19193792343139648,117,-0.6574218749999999
0.19340896606445312,118,-1.65
0.19458293914794922,119,-0.038671874999999994
0.1957399845123291,120,-0.24492187499999998
0.1968839168548584,121,-0.23203125
0.19805192947387695,122,-0.7218749999999999
0.19918107986450195,123,-0.28359375
0.20029211044311523,124,-0.37382812499999996
0.20141196250915527,125,-0.322265625
0.20254302024841309,126,-0.0515625
0.20366692543029785,127,-0.0515625
0.20488500595092773,128,-0.167578125
0.2063760757446289,129,-0.515625
0.20783209800720215,130,-0.734765625
0.2094719409942627,131,-1.41796875
0.21102309226989746,132,-0.012890625
0.2124800682067871,133,-0.348046875
0.21396994590759277,134,-0.270703125
0.21580910682678223,135,-0.631640625
0.21831202507019043,136,-0.4125
0.21982789039611816,137,0.0
0.2215590476989746,138,-0.103125
0.2236039638519287,139,-0.322265625
0.2252659797668457,140,-0.708984375
0.22654008865356445,141,-1.65
0.22770404815673828,142,0.0
0.22884106636047363,143,-0.30937499999999996
0.23002910614013672,144,-0.193359375
0.2311689853668213,145,-0.580078125
0.23230695724487305,146,-0.18046874999999998
0.23343610763549805,147,-0.36093749999999997
0.2345569133758545,148,-0.33515625
0.23577404022216797,149,0.0
0.23731493949890137,150,-0.07734374999999999
0.23885011672973633,151,-0.20625
0.24047303199768066,152,-0.580078125
0.24204206466674805,153,-0.9410156249999999
0.2436990737915039,154,-1.65
0.24527812004089355,155,-0.24492187499999998
0.24725604057312012,156,-0.4125
0.2495560646057129,157,-0.476953125
0.2511169910430908,158,-0.29648437499999997
0.25272297859191895,159,-0.012890625
0.2548329830169678,160,-0.02578125
0.256450891494751,161,-0.33515625
0.2577340602874756,162,-0.580078125
0.2589080333709717,163,-1.327734375
0.26004695892333984,164,-0.2578125
0.2611870765686035,165,0.0
0.26236605644226074,166,-0.30937499999999996
0.26351094245910645,167,-0.322265625
0.26465892791748047,168,-0.6703125
0.2658579349517822,169,-0.167578125
0.2672760486602783,170,-0.37382812499999996
0.2690699100494385,171,-0.116015625
0.2707540988922119,172,-0.064453125
0.27244997024536133,173,-0.20625
0.2739250659942627,174,-0.605859375
0.27536606788635254,175,-1.134375
0.2775089740753174,176,-1.65
0.2797551155090332,177,-0.064453125
0.2813119888305664,178,-0.42539062499999997
0.28298211097717285,179,-0.23203125
0.28522491455078125,180,-0.15468749999999998
0.2869589328765869,181,0.0
0.2882390022277832,182,-0.103125
0.2894248962402344,183,-0.48984374999999997
0.29056692123413086,184,-0.708984375
0.2916910648345947,185,-1.198828125
0.29283595085144043,186,-1.65
0.29401493072509766,187,-0.0515625
0.2951350212097168,188,-0.270703125
0.2963449954986572,189,-0.29648437499999997
0.29776811599731445,190,-0.4125
0.2992079257965088,191,-0.36093749999999997
0.30083298683166504,192,-0.322265625
0.30249810218811035,193,-0.0515625
0.3039369583129883,194,-0.0515625
0.3054530620574951,195,-0.18046874999999998
0.3070709705352783,196,-0.5929687499999999
0.3097050189971924,197,-0.9152343749999999
0.3113288879394531,198,0.0
0.312946081161499,199,-0.30937499999999996
0.3148810863494873,200,-0.37382812499999996
0.31673598289489746,201,-0.23203125
0.31810688972473145,202,0.103125
0.3192880153656006,203,0.0
0.32043004035949707,204,-0.064453125
0.3215649127960205,205,-0.21914062499999998
0.3228271007537842,206,-0.580078125
0.32396888732910156,207,-0.760546875
0.3251221179962158,208,-1.2890625
0.3263530731201172,209,-1.65
0.3278830051422119,210,-0.02578125
0.3294498920440674,211,-0.29648437499999997
0.33104801177978516,212,-0.476953125
0.33263301849365234,213,-0.29648437499999997
0.3341801166534424,214,-0.2578125
0.3357119560241699,215,-0.0515625
0.33765602111816406,216,-0.02578125
0.33997392654418945,217,-0.20625
0.34153008460998535,218,-0.5285156249999999
