time,count,voltage
0.0042569637298583984,1,-0.02578125
0.005541086196899414,2,-0.103125
0.006704092025756836,3,-0.43828124999999996
0.00783395767211914,4,-0.18046874999999998
0.008939027786254883,5,-0.322265625
0.01003408432006836,6,-0.2578125
0.011155128479003906,7,0.0
0.012742042541503906,8,0.0
0.014238119125366211,9,-0.012890625
0.015707015991210938,10,-0.33515625
0.017095088958740234,11,-0.54140625
0.0185091495513916,12,-1.405078125
0.019746065139770508,13,-0.064453125
0.02093815803527832,14,-0.012890625
0.022086143493652344,15,-0.07734374999999999
0.02321314811706543,16,-0.33515625
0.024325132369995117,17,-0.141796875
0.025426149368286133,18,-0.4125
0.02652716636657715,19,-0.322265625
0.02775716781616211,20,0.0
0.029206037521362305,21,0.012890625
0.030660152435302734,22,-0.02578125
0.032156944274902344,23,-0.270703125
0.03366708755493164,24,-0.4125
0.035009145736694336,25,-1.2890625
0.03641796112060547,26,0.0
0.03772902488708496,27,-0.167578125
0.03913998603820801,28,-0.07734374999999999
0.04155993461608887,29,-0.29648437499999997
0.04346799850463867,30,-0.116015625
0.0448610782623291,31,0.012890625
0.046729087829589844,32,-0.012890625
0.04857301712036133,33,-0.0515625
0.04983997344970703,34,-0.322265625
0.05101895332336426,35,-1.044140625
0.05219316482543945,36,-1.65
0.0533139705657959,37,0.012890625
0.05442094802856445,38,-0.0515625
0.055518150329589844,39,-0.167578125
0.056610107421875,40,-0.2578125
0.05769515037536621,41,-0.15468749999999998
0.05878400802612305,42,-0.399609375
0.05987405776977539,43,-0.33515625
0.06098794937133789,44,0.012890625
0.0621180534362793,45,0.0
0.06322097778320312,46,-0.02578125
0.06432104110717773,47,-0.116015625
0.06541109085083008,48,-0.37382812499999996
0.0664980411529541,49,-0.54140625
0.0675809383392334,50,-1.198828125
0.0686650276184082,51,-1.65
0.0697469711303711,52,0.0
0.07085609436035156,53,0.0
0.07195711135864258,54,-0.103125
0.07305598258972168,55,-0.30937499999999996
0.07415509223937988,56,-0.20625
0.07523393630981445,57,-0.399609375
0.07632994651794434,58,-0.33515625
0.07742500305175781,59,0.012890625
0.07851696014404297,60,0.0
0.07967400550842285,61,0.0
0.08088111877441406,62,-0.064453125
0.08225893974304199,63,-0.399609375
0.08382511138916016,64,-0.515625
0.08540701866149902,65,-1.41796875
0.08696103096008301,66,0.0
0.08830595016479492,67,-0.02578125
0.0896151065826416,68,-0.167578125
0.09186315536499023,69,-0.20625
0.09385299682617188,70,-0.038671874999999994
0.09526205062866211,71,-0.012890625
0.09724998474121094,72,-0.012890625
0.09892511367797852,73,-0.21914062499999998
0.10018014907836914,74,-0.4640625
0.10141801834106445,75,-1.2890625
0.10275101661682129,76,0.0
0.10406208038330078,77,-0.012890625
0.10524415969848633,78,-0.116015625
0.10637116432189941,79,-0.30937499999999996
0.10747909545898438,80,-0.193359375
0.10858416557312012,81,-0.399609375
0.10983109474182129,82,-0.36093749999999997
0.11119794845581055,83,0.0
0.11265397071838379,84,-0.012890625
0.1141209602355957,85,-0.02578125
0.11568093299865723,86,-0.322265625
0.11708998680114746,87,-0.5671875
0.11841511726379395,88,-1.3921875
0.12002301216125488,89,0.0
0.12263703346252441,90,-0.103125
0.12418508529663086,91,-0.23203125
0.125931978225708,92,-0.20625
0.12787413597106934,93,-0.0515625
0.129194974899292,94,0.0
0.13042402267456055,95,-0.0515625
0.1315901279449463,96,-0.2578125
0.13272500038146973,97,-0.4125
0.13383913040161133,98,-0.966796875
0.1349489688873291,99,-1.5597656249999998
0.13605499267578125,100,0.0
0.13713812828063965,101,-0.0515625
0.13822698593139648,102,-0.167578125
0.13931608200073242,103,-0.18046874999999998
0.14050793647766113,104,-0.167578125
0.14188504219055176,105,-0.37382812499999996
0.1433260440826416,106,-0.29648437499999997
0.14496207237243652,107,0.012890625
0.14651012420654297,108,0.0
0.1478900909423828,109,-0.0515625
0.14925193786621094,110,-0.33515625
0.15180397033691406,111,-0.7476562499999999
0.15354609489440918,112,-1.6371093749999999
0.15503215789794922,113,-0.02578125
0.15713095664978027,114,-0.2578125
0.15868210792541504,115,-0.167578125
0.15995216369628906,116,0.038671874999999994
0.16115808486938477,117,0.012890625
0.16228413581848145,118,0.0
0.16338706016540527,119,-0.02578125
0.1644880771636963,120,-0.20625
0.1655881404876709,121,-0.42539062499999997
0.16669201850891113,122,-0.631640625
0.16778898239135742,123,-1.327734375
0.1688840389251709,124,-0.554296875
0.16997003555297852,125,0.0
0.17114710807800293,126,0.0
0.17255616188049316,127,-0.116015625
0.17400002479553223,128,-0.33515625
0.17553114891052246,129,-0.322265625
0.17717194557189941,130,-0.167578125
0.1786489486694336,131,0.0
0.1800529956817627,132,0.0
0.18221497535705566,133,-0.167578125
0.18439602851867676,134,-0.4125
0.18584299087524414,135,-1.5984375
0.18767595291137695,136,0.0
0.18954014778137207,137,-0.103125
0.19090008735656738,138,-0.20625
0.1920609474182129,139,-0.193359375
0.19319605827331543,140,-0.193359375
0.19437408447265625,141,0.012890625
0.195512056350708,142,-0.012890625
0.1967020034790039,143,-0.038671874999999994
0.19786310195922852,144,-0.167578125
0.19899296760559082,145,-0.451171875
0.20009803771972656,146,-0.69609375
0.20134711265563965,147,-1.340625
0.20275497436523438,148,0.012890625
0.204193115234375,149,-0.012890625
0.2057051658630371,150,-0.12890625
0.20722603797912598,151,-0.2578125
0.2086009979248047,152,-0.399609375
0.21000409126281738,153,-0.270703125
0.21240496635437012,154,0.0
0.21439814567565918,155,0.0
0.21581006050109863,156,-0.29648437499999997
0.21776103973388672,157,-0.631640625
0.21947503089904785,158,-1.5726562499999999
0.22084498405456543,159,-0.0515625
0.22201299667358398,160,-0.0515625
0.22313404083251953,161,-0.30937499999999996
0.22424602508544922,162,-0.193359375
0.2253429889678955,163,-0.42539062499999997
0.22644400596618652,164,-0.37382812499999996
0.22753500938415527,165,0.0
0.22861599922180176,166,0.012890625
0.22970795631408691,167,-0.0515625
0.23086214065551758,168,-0.064453125
0.23204493522644043,169,-0.37382812499999996
0.23341894149780273,170,-0.515625
0.2348480224609375,171,-1.2890625
0.23642206192016602,172,0.0
0.23793506622314453,173,0.0
0.23927593231201172,174,-0.09023437499999999
0.24069714546203613,175,-0.15468749999999998
0.2430870532989502,176,-0.33515625
0.24488306045532227,177,0.0515625
0.24636316299438477,178,0.0
0.2484149932861328,179,-0.0515625
0.24997615814208984,180,-0.322265625
0.2512030601501465,181,-1.1214843749999999
0.2523651123046875,182,-1.10859375
0.2534949779510498,183,0.0
0.2546069622039795,184,-0.103125
0.25576305389404297,185,-0.12890625
0.25687694549560547,186,-0.322265625
0.2579810619354248,187,-0.15468749999999998
0.2590751647949219,188,-0.270703125
0.2601790428161621,189,-0.167578125
0.2613410949707031,190,0.012890625
0.26251912117004395,191,0.0
0.26389408111572266,192,-0.02578125
0.26537108421325684,193,-0.322265625
0.26688194274902344,194,-0.399609375
0.2684140205383301,195,-1.2503906249999999
0.2698781490325928,196,0.0
0.27146100997924805,197,-0.012890625
0.27385902404785156,198,-0.167578125
0.2757699489593506,199,-0.23203125
0.27724695205688477,200,0.15468749999999998
0.27930307388305664,201,0.012890625
0.28101301193237305,202,-0.012890625
0.28224706649780273,203,-0.348046875
0.2833869457244873,204,-0.5929687499999999
0.284512996673584,205,-1.3019531249999998
0.28562498092651367,206,-0.30937499999999996
0.286729097366333,207,0.0
0.2878251075744629,208,-0.12890625
0.2889139652252197,209,0.0
0.289992094039917,210,-0.30937499999999996
0.2911059856414795,211,-0.15468749999999998
0.2922530174255371,212,-0.37382812499999996
0.29349303245544434,213,-0.270703125
0.29489707946777344,214,0.012890625
0.2963230609893799,215,-0.012890625
0.2978529930114746,216,-0.0515625
0.29935193061828613,217,-0.348046875
0.30080199241638184,218,-0.8121093749999999
0.3022651672363281,219,-1.5597656249999998
0.3044731616973877,220,0.02578125
0.3065309524536133,221,-0.167578125
0.30797815322875977,222,-0.20625
0.3099679946899414,223,-0.30937499999999996
0.3123769760131836,224,0.09023437499999999
0.31363511085510254,225,-0.012890625
0.31477808952331543,226,-0.270703125
0.31589508056640625,227,-0.4125
0.3170020580291748,228,-0.9152343749999999
0.3181180953979492,229,-1.5082031249999999
0.3192479610443115,230,0.0
0.32044100761413574,231,0.0
0.321835994720459,232,-0.193359375
0.32297515869140625,233,-0.270703125
0.324160099029541,234,-0.21914062499999998
0.3255641460418701,235,-0.33515625
0.32703399658203125,236,-0.20625
0.32856106758117676,237,0.0
0.33004307746887207,238,-0.012890625
0.3315751552581787,239,-0.15468749999999998
0.33306097984313965,240,-0.37382812499999996
0.3354361057281494,241,-1.03125
0.3373410701751709,242,0.0
0.33878397941589355,243,-0.141796875
0.34076905250549316,244,-0.33515625
0.342426061630249,245,-0.37382812499999996
0.34368109703063965,246,0.02578125
0.3448209762573242,247,0.0
0.3459279537200928,248,0.0
0.3470151424407959,249,-0.012890625
0.3481290340423584,250,-0.33515625
0.34923315048217773,251,-0.476953125
0.3504140377044678,252,-0.928125
0.3515350818634033,253,-1.52109375
0.35263705253601074,254,0.0
0.35375213623046875,255,-0.02578125
0.35492515563964844,256,-0.103125
0.35631704330444336,257,-0.21914062499999998
0.3577611446380615,258,-0.193359375
0.35929393768310547,259,-0.37382812499999996
0.36099696159362793,260,-0.116015625
0.3624999523162842,261,0.012890625
0.36388111114501953,262,-0.012890625
0.3664419651031494,263,-0.322265625
0.3681609630584717,264,-0.734765625
0.3696579933166504,265,0.0
0.37169694900512695,266,-0.09023437499999999
0.37328004837036133,267,-0.167578125
0.3744950294494629,268,-0.167578125
0.37563204765319824,269,-0.33515625
0.3767509460449219,270,-0.21914062499999998
0.37787795066833496,271,0.0
0.3789701461791992,272,0.0
0.3800630569458008,273,-0.02578125
0.3812570571899414,274,-0.193359375
0.38237595558166504,275,-0.42539062499999997
0.3834879398345947,276,-0.7863281249999999
0.38458895683288574,277,-1.405078125
0.38575315475463867,278,0.0
0.3871190547943115,279,0.0
0.38855504989624023,280,-0.20625
0.39007997512817383,281,-0.322265625
0.3917880058288574,282,-0.18046874999999998
0.3933291435241699,283,-0.116015625
0.3948090076446533,284,-0.012890625
0.39736294746398926,285,-0.012890625
0.3991129398345947,286,-0.167578125
0.40058207511901855,287,-0.5671875
0.4026050567626953,288,-1.4308593749999998
0.4042630195617676,289,0.012890625
0.4055180549621582,290,-0.0515625
0.4066779613494873,291,-0.23203125
0.4078061580657959,292,-0.20625
0.40891504287719727,293,-0.33515625
0.4100210666656494,294,-0.23203125
0.41115498542785645,295,0.012890625
0.4122641086578369,296,-0.012890625
0.4133880138397217,297,-0.09023437499999999
0.41449999809265137,298,-0.21914062499999998
0.41560912132263184,299,-0.4125
0.41678309440612793,300,-0.6832031249999999
0.4181971549987793,301,-1.3921875
0.4196431636810303,302,0.0
0.42112207412719727,303,-0.012890625
0.4226839542388916,304,-0.103125
0.42405104637145996,305,-0.24492187499999998
0.42537808418273926,306,-0.2578125
0.42708706855773926,307,-0.167578125
0.4294769763946533,308,0.012890625
0.4311380386352539,309,-0.012890625
0.4325289726257324,310,-0.348046875
0.4343440532684326,311,-0.6832031249999999
0.4362161159515381,312,-1.611328125
0.4375910758972168,313,-0.064453125
0.43877100944519043,314,-0.07734374999999999
0.43991804122924805,315,-0.4125
0.4410591125488281,316,-0.167578125
0.4421670436859131,317,-0.348046875
0.4432699680328369,318,-0.2578125
0.44437313079833984,319,0.0
0.44547510147094727,320,0.0
0.4465799331665039,321,-0.02578125
0.44779205322265625,322,-0.15468749999999998
0.4492220878601074,323,-0.451171875
0.4507009983062744,324,-0.7863281249999999
0.45223093032836914,325,-1.5984375
0.45378994941711426,326,0.0
0.45520496368408203,327,-0.116015625
0.45654916763305664,328,-0.270703125
0.4582700729370117,329,-0.20625
0.4606659412384033,330,-0.36093749999999997
0.4622030258178711,331,0.012890625
0.4636261463165283,332,-0.02578125
0.46548008918762207,333,-0.20625
0.4673020839691162,334,-0.399609375
0.4686400890350342,335,-1.4308593749999998
0.4698331356048584,336,0.0
0.47100400924682617,337,-0.09023437499999999
0.4721400737762451,338,-0.167578125
0.4732539653778076,339,-0.30937499999999996
0.4743621349334717,340,-0.103125
0.4754519462585449,341,-0.37382812499999996
0.4765591621398926,342,-0.29648437499999997
0.4777669906616211,343,-0.012890625
0.47916698455810547,344,0.0
0.48062705993652344,345,-0.02578125
0.4821140766143799,346,-0.28359375
0.4836239814758301,347,-0.43828124999999996
0.4850590229034424,348,-1.353515625
0.4864630699157715,349,0.0
0.4880189895629883,350,0.012890625
0.4905400276184082,351,-0.193359375
0.4921090602874756,352,-0.116015625
0.49355411529541016,353,0.103125
0.49538302421569824,354,-0.012890625
0.49724602699279785,355,0.0
0.49871015548706055,356,-0.2578125
0.4999570846557617,357,-0.4125
0.5012111663818359,358,-1.21171875
0.5024051666259766,359,-0.5285156249999999
0.5035431385040283,360,0.0
0.5046501159667969,361,-0.12890625
0.505763053894043,362,-0.21914062499999998
0.5068740844726562,363,-0.29648437499999997
0.5080561637878418,364,-0.23203125
0.5094621181488037,365,-0.2578125
0.5110270977020264,366,-0.02578125
0.5125119686126709,367,-0.012890625
0.5140790939331055,368,-0.02578125
0.515470027923584,369,-0.348046875
0.5168399810791016,370,-0.48984374999999997
0.5182080268859863,371,-1.327734375
0.5205609798431396,372,-0.012890625
0.5225231647491455,373,-0.103125
0.523996114730835,374,-0.33515625
0.5255610942840576,375,-0.29648437499999997
0.5275509357452393,376,-0.167578125
0.5291440486907959,377,0.0
0.5304629802703857,378,-0.012890625
0.5316400527954102,379,-0.28359375
0.5327980518341064,380,-0.43828124999999996
0.5339319705963135,381,-1.018359375
0.5350501537322998,382,-1.6242187499999998
0.5361599922180176,383,0.0
0.5372500419616699,384,0.0
0.5384249687194824,385,-0.064453125
0.5398440361022949,386,-0.29648437499999997
0.5413060188293457,387,-0.18046874999999998
0.5427229404449463,388,-0.322265625
0.5441970825195312,389,-0.064453125
0.5456709861755371,390,0.012890625
0.5470781326293945,391,-0.02578125
0.5485320091247559,392,-0.24492187499999998
0.549901008605957,393,-0.42539062499999997
0.5522069931030273,394,-1.16015625
0.5541479587554932,395,0.0
0.5555860996246338,396,-0.103125
0.5571651458740234,397,-0.29648437499999997
0.5590839385986328,398,-0.20625
0.5607240200042725,399,0.07734374999999999
0.5620019435882568,400,0.0
0.5631520748138428,401,-0.02578125
0.5642890930175781,402,-0.103125
0.5654151439666748,403,-0.37382812499999996
0.5665450096130371,404,-0.605859375
0.5676579475402832,405,-1.276171875
0.5688490867614746,406,-1.65
0.570310115814209,407,0.0
0.5717740058898926,408,-0.116015625
0.5733110904693604,409,-0.29648437499999997
0.5748031139373779,410,-0.167578125
0.5762081146240234,411,-0.20625
0.5776140689849854,412,0.0515625
0.5789260864257812,413,-0.012890625
0.5811200141906738,414,-0.0515625
0.5832009315490723,415,-0.29648437499999997
0.5846779346466064,416,-0.992578125
0.5861780643463135,417,0.0
0.5880889892578125,418,0.0
0.5897860527038574,419,-0.103125
0.5910999774932861,420,-0.167578125
0.5922801494598389,421,-0.348046875
0.5934171676635742,422,-0.193359375
0.594527006149292,423,0.012890625
0.5956320762634277,424,0.012890625
0.5967400074005127,425,-0.02578125
0.5978541374206543,426,-0.2578125
0.5990359783172607,427,-0.43828124999999996
0.6005210876464844,428,-0.7476562499999999
0.6019871234893799,429,-1.4953124999999998
0.6035029888153076,430,0.0
0.6050150394439697,431,-0.064453125
0.6064491271972656,432,-0.2578125
0.6078200340270996,433,-0.09023437499999999
0.6091821193695068,434,-0.33515625
0.611501932144165,435,-0.103125
0.6134979724884033,436,0.0
0.6149711608886719,437,-0.15468749999999998
0.6164820194244385,438,-0.38671875
0.6184110641479492,439,-1.03125
0.6200699806213379,440,0.012890625
0.6214251518249512,441,-0.09023437499999999
0.6226041316986084,442,-0.23203125
0.6237490177154541,443,-0.2578125
0.6248660087585449,444,-0.37382812499999996
