time,count,voltage
0.0052759647369384766,1,0.116015625
0.006825923919677734,2,0.012890625
0.008243083953857422,3,-0.0515625
0.009659051895141602,4,-0.21914062499999998
0.011049032211303711,5,-0.167578125
0.012599945068359375,6,-0.8121093749999999
0.014369010925292969,7,-1.5984375
0.0160219669342041,8,-0.103125
0.017756938934326172,9,-0.141796875
0.019456863403320312,10,-0.15468749999999998
0.021184921264648438,11,-0.37382812499999996
0.022691965103149414,12,0.0515625
0.024087905883789062,13,-0.012890625
0.025460004806518555,14,-0.012890625
0.026818037033081055,15,-0.270703125
0.028375864028930664,16,-0.23203125
0.030185937881469727,17,-1.0828125
0.03191089630126953,18,-0.064453125
0.033609867095947266,19,-0.23203125
0.035466909408569336,20,-0.322265625
0.03714609146118164,21,-0.36093749999999997
0.0388638973236084,22,-0.09023437499999999
0.040541887283325195,23,0.012890625
0.04221987724304199,24,-0.012890625
0.043916940689086914,25,-0.270703125
0.04683804512023926,26,-0.399609375
0.04899907112121582,27,-1.65
0.051115989685058594,28,-0.02578125
0.05325508117675781,29,-0.193359375
0.05568099021911621,30,-0.24492187499999998
0.05775904655456543,31,0.0
0.059422969818115234,32,-0.0515625
0.060903072357177734,33,-0.20625
0.06262493133544922,34,-0.708984375
0.0641789436340332,35,-1.585546875
0.06559300422668457,36,-0.0515625
0.06694197654724121,37,-0.012890625
0.06831789016723633,38,-0.2578125
0.06971406936645508,39,-0.09023437499999999
0.07111001014709473,40,-0.21914062499999998
0.07252097129821777,41,0.0515625
0.0738680362701416,42,-0.012890625
0.07519793510437012,43,-0.02578125
0.07654094696044922,44,-0.23203125
0.07788300514221191,45,-0.193359375
0.07921385765075684,46,-0.90234375
0.08064007759094238,47,-1.6371093749999999
0.08206796646118164,48,0.0
0.08352899551391602,49,-0.07734374999999999
0.08524298667907715,50,-0.2578125
0.08692407608032227,51,-0.322265625
0.08881807327270508,52,-0.167578125
0.09070205688476562,53,0.0
0.09244394302368164,54,-0.012890625
0.09413886070251465,55,-0.20625
0.09642291069030762,56,-0.515625
0.09899687767028809,57,-1.46953125
0.10083889961242676,58,-0.23203125
0.10270500183105469,59,-0.193359375
0.10508394241333008,60,-0.322265625
0.10699295997619629,61,0.012890625
0.10850906372070312,62,-0.012890625
0.11002898216247559,63,-0.24492187499999998
0.11142587661743164,64,-0.116015625
0.11290192604064941,65,-0.9796874999999999
0.11466503143310547,66,-1.65
0.11641287803649902,67,-0.12890625
0.11812901496887207,68,-0.2578125
0.12019085884094238,69,-0.15468749999999998
0.12211394309997559,70,-0.038671874999999994
0.12391495704650879,71,0.0
0.12591791152954102,72,-0.012890625
0.12891006469726562,73,-0.2578125
0.13091492652893066,74,-1.134375
0.13259291648864746,75,-0.02578125
0.13470101356506348,76,-0.0515625
0.13687896728515625,77,-0.167578125
0.13855695724487305,78,-0.0515625
0.1401350498199463,79,0.0
0.1415250301361084,80,-0.02578125
0.1430349349975586,81,-0.20625
0.1448509693145752,82,-0.2578125
0.146622896194458,83,-0.9152343749999999
0.14840197563171387,84,-0.02578125
0.1505870819091797,85,-0.193359375
0.15226507186889648,86,-0.167578125
0.15373802185058594,87,-0.21914062499999998
0.15526199340820312,88,-0.12890625
0.1579289436340332,89,0.012890625
0.15962886810302734,90,-0.012890625
0.16115903854370117,91,-0.12890625
0.16324186325073242,92,-0.760546875
0.1647930145263672,93,-1.2374999999999998
0.16600394248962402,94,-0.103125
0.1671428680419922,95,-0.15468749999999998
0.1682748794555664,96,-0.12890625
0.16946101188659668,97,-0.20625
0.1706240177154541,98,-0.36093749999999997
0.17175889015197754,99,-0.20625
0.17298197746276855,100,0.012890625
0.17438387870788574,101,-0.038671874999999994
0.17583703994750977,102,-0.0515625
0.1773700714111328,103,-0.20625
0.17888808250427246,104,-0.515625
0.18048906326293945,105,-1.3921875
0.18203997611999512,106,0.0
0.18450093269348145,107,-0.29648437499999997
0.18624496459960938,108,-0.116015625
0.18780207633972168,109,-0.2578125
0.1898820400238037,110,-0.038671874999999994
0.19147992134094238,111,0.0
0.19270992279052734,112,-0.193359375
0.19386005401611328,113,-0.20625
0.19498395919799805,114,-0.605859375
0.19611907005310059,115,-1.26328125
0.1972520351409912,116,-1.5082031249999999
0.19837093353271484,117,0.0
0.19949603080749512,118,-0.23203125
0.20062494277954102,119,-0.2578125
0.20174193382263184,120,-0.0515625
0.2029259204864502,121,-0.36093749999999997
0.20435690879821777,122,-0.4125
0.20585989952087402,123,-0.167578125
0.20737099647521973,124,-0.012890625
0.20891094207763672,125,0.0
0.21050405502319336,126,-0.2578125
0.2120060920715332,127,-0.37382812499999996
0.21364402770996094,128,-1.3019531249999998
0.2151660919189453,129,0.0
0.21663403511047363,130,-0.20625
0.21804094314575195,131,-0.30937499999999996
0.22057199478149414,132,-0.0515625
0.22242188453674316,133,0.0
0.223829984664917,134,-0.012890625
0.22553396224975586,135,-0.012890625
0.22749090194702148,136,-0.270703125
0.2289268970489502,137,-0.48984374999999997
0.23015308380126953,138,-1.4308593749999998
0.2313230037689209,139,0.0
0.23244786262512207,140,-0.15468749999999998
0.23364996910095215,141,-0.0515625
0.23505401611328125,142,-0.18046874999999998
0.23650097846984863,143,-0.141796875
0.2380359172821045,144,-0.167578125
0.2396090030670166,145,0.012890625
0.24109697341918945,146,-0.012890625
0.24254989624023438,147,-0.0515625
0.24433588981628418,148,-0.2578125
0.24670004844665527,149,-0.5671875
0.248291015625,150,-0.0515625
0.24967408180236816,151,-0.20625
0.25153207778930664,152,-0.21914062499999998
0.25339603424072266,153,-0.103125
0.25479602813720703,154,-0.103125
0.25597596168518066,155,0.012890625
0.25711703300476074,156,-0.012890625
0.25832104682922363,157,-0.02578125
0.25951194763183594,158,-0.20625
0.2606539726257324,159,-0.23203125
0.2617800235748291,160,-0.734765625
0.2628939151763916,161,-1.340625
0.26409006118774414,162,-0.2578125
0.26549792289733887,163,-0.02578125
0.2669179439544678,164,-0.116015625
0.26847386360168457,165,-0.24492187499999998
0.2702169418334961,166,-0.07734374999999999
0.2718539237976074,167,0.0
0.27329397201538086,168,0.012890625
0.2758300304412842,169,-0.012890625
0.2775139808654785,170,-0.20625
0.27907490730285645,171,-0.605859375
0.2812669277191162,172,-1.405078125
0.2827489376068115,173,-0.02578125
0.28400087356567383,174,-0.20625
0.28516602516174316,175,0.0
0.2863008975982666,176,-0.36093749999999997
0.2874290943145752,177,-0.4125
0.28853392601013184,178,-0.2578125
0.2896699905395508,179,0.012890625
0.29077887535095215,180,-0.012890625
0.29189491271972656,181,-0.064453125
0.29300808906555176,182,-0.30937499999999996
0.29420900344848633,183,-0.2578125
0.29561495780944824,184,-0.837890625
0.2970719337463379,185,-1.52109375
0.2986268997192383,186,-0.012890625
0.30022096633911133,187,-0.21914062499999998
0.30167508125305176,188,-0.322265625
0.30306005477905273,189,0.0
0.30498409271240234,190,-0.18046874999999998
0.307157039642334,191,0.09023437499999999
0.3086090087890625,192,-0.02578125
0.3105180263519287,193,-0.2578125
0.3124959468841553,194,-0.36093749999999997
0.3138868808746338,195,-1.456640625
0.3150670528411865,196,-0.038671874999999994
0.3162369728088379,197,-0.167578125
0.3173658847808838,198,-0.23203125
0.3184800148010254,199,-0.0515625
0.31961488723754883,200,-0.37382812499999996
0.3207359313964844,201,-0.43828124999999996
0.32187700271606445,202,-0.2578125
0.322983980178833,203,0.0
0.3241710662841797,204,-0.012890625
0.3255798816680908,205,-0.012890625
0.32701992988586426,206,-0.270703125
0.3285808563232422,207,-0.4125
0.3302299976348877,208,-1.2374999999999998
0.33173704147338867,209,-0.0515625
0.333158016204834,210,-0.23203125
0.3357088565826416,211,-0.2578125
0.3374290466308594,212,-0.322265625
0.33898186683654785,213,0.09023437499999999
0.34119701385498047,214,-0.012890625
0.3426320552825928,215,-0.0515625
0.3438279628753662,216,-0.167578125
0.3449690341949463,217,-0.515625
0.34609293937683105,218,-1.198828125
0.3472120761871338,219,-1.65
0.3483269214630127,220,0.0
0.3500180244445801,221,-0.23203125
0.35120201110839844,222,-0.24492187499999998
0.3523380756378174,223,-0.103125
0.35344505310058594,224,-0.42539062499999997
0.3546268939971924,225,-0.38671875
0.3561859130859375,226,-0.012890625
0.35773396492004395,227,0.012890625
0.3595130443572998,228,-0.07734374999999999
0.3611760139465332,229,-0.20625
0.36270689964294434,230,-0.837890625
0.3646528720855713,231,-1.65
0.3671729564666748,232,-0.116015625
0.36872291564941406,233,-0.20625
0.37052488327026367,234,-0.30937499999999996
0.37252092361450195,235,-0.12890625
0.3738679885864258,236,0.0
0.3750450611114502,237,-0.012890625
0.3762218952178955,238,-0.23203125
0.3773488998413086,239,-0.21914062499999998
0.37847399711608887,240,-0.734765625
0.3796398639678955,241,-1.353515625
0.3807950019836426,242,-0.07734374999999999
0.3819460868835449,243,-0.0515625
0.38305091857910156,244,-0.21914062499999998
0.3841569423675537,245,-0.30937499999999996
0.3853750228881836,246,-0.15468749999999998
0.3868069648742676,247,-0.29648437499999997
0.3883938789367676,248,-0.23203125
0.3902919292449951,249,-0.012890625
0.39183688163757324,250,-0.012890625
0.39324188232421875,251,-0.270703125
0.39496588706970215,252,-0.21914062499999998
0.3976938724517822,253,-0.9410156249999999
0.39919304847717285,254,-0.0515625
0.4011240005493164,255,0.0
0.4029979705810547,256,-0.116015625
0.404386043548584,257,-0.24492187499999998
0.40563488006591797,258,0.0515625
0.4067800045013428,259,-0.012890625
0.40792107582092285,260,-0.02578125
0.40903592109680176,261,-0.12890625
0.41017603874206543,262,-0.30937499999999996
0.41132187843322754,263,-0.43828124999999996
0.412463903427124,264,-1.10859375
0.4136240482330322,265,-1.65
0.4147329330444336,266,0.0
0.4159219264984131,267,-0.103125
0.4173309803009033,268,-0.12890625
0.4188048839569092,269,-0.064453125
0.42055487632751465,270,-0.28359375
0.4221060276031494,271,-0.167578125
0.4235410690307617,272,0.0
0.42487406730651855,273,-0.064453125
0.4275510311126709,274,-0.18046874999999998
0.42923998832702637,275,-0.37382812499999996
0.4309689998626709,276,-1.533984375
0.43296194076538086,277,-0.064453125
0.43456101417541504,278,-0.15468749999999998
0.43588995933532715,279,-0.15468749999999998
0.43715405464172363,280,-0.38671875
0.43829798698425293,281,-0.23203125
0.4395270347595215,282,0.0
0.440654993057251,283,0.0
0.441756010055542,284,-0.02578125
0.4428749084472656,285,-0.2578125
0.4439859390258789,286,-0.23203125
0.4451310634613037,287,-0.734765625
0.4463188648223877,288,-1.3664062499999998
0.4477250576019287,289,-0.116015625
0.4491560459136963,290,-0.038671874999999994
0.45141100883483887,291,-0.12890625
0.45298099517822266,292,-0.116015625
0.4545478820800781,293,-0.20625
0.456096887588501,294,0.064453125
0.45864391326904297,295,0.0
0.46042895317077637,296,-0.12890625
0.4619019031524658,297,-0.29648437499999997
0.4637908935546875,298,-1.224609375
0.4656379222869873,299,0.0
0.4669680595397949,300,-0.09023437499999999
0.46828603744506836,301,-0.322265625
0.4695150852203369,302,-0.02578125
0.47065186500549316,303,-0.2578125
0.47177600860595703,304,-0.12890625
0.47289109230041504,305,0.0
0.4739968776702881,306,0.0
0.4751129150390625,307,-0.012890625
0.47634100914001465,308,-0.30937499999999996
0.47785401344299316,309,-0.28359375
0.47939395904541016,310,-0.9152343749999999
0.48098206520080566,311,-1.65
0.48246192932128906,312,-0.0515625
0.48398804664611816,313,-0.09023437499999999
0.485461950302124,314,-0.12890625
0.4878580570220947,315,-0.322265625
0.48990392684936523,316,-0.09023437499999999
0.4914259910583496,317,0.0
0.49321603775024414,318,-0.12890625
0.49526000022888184,319,-0.2578125
0.496690034866333,320,-1.10859375
0.49788498878479004,321,-0.02578125
0.4990379810333252,322,0.0
0.5003249645233154,323,-0.09023437499999999
0.5015480518341064,324,-0.23203125
0.5027148723602295,325,-0.103125
0.5038430690765381,326,-0.322265625
0.5049619674682617,327,-0.23203125
0.5061039924621582,328,0.012890625
0.5073468685150146,329,-0.012890625
0.5088059902191162,330,-0.012890625
0.5103530883789062,331,-0.23203125
0.5119020938873291,332,-0.37382812499999996
0.5134429931640625,333,-1.198828125
0.5148849487304688,334,0.0
0.5164799690246582,335,-0.15468749999999998
0.518502950668335,336,-0.21914062499999998
0.5209159851074219,337,-0.103125
0.5224630832672119,338,0.270703125
0.5242319107055664,339,0.0
0.5264089107513428,340,-0.012890625
0.527850866317749,341,-0.103125
0.5290560722351074,342,-0.837890625
0.5302300453186035,343,-1.533984375
0.5313849449157715,344,0.038671874999999994
0.5325360298156738,345,-0.02578125
0.5336780548095703,346,-0.167578125
0.5347950458526611,347,-0.12890625
0.5358948707580566,348,-0.103125
0.536998987197876,349,-0.33515625
0.5381698608398438,350,-0.29648437499999997
0.5401220321655273,351,0.012890625
0.5419559478759766,352,0.0
0.543632984161377,353,-0.23203125
0.5450780391693115,354,-0.23203125
0.5465190410614014,355,-1.147265625
0.547996997833252,356,0.0
0.5503280162811279,357,-0.116015625
0.5523788928985596,358,-0.270703125
0.5538389682769775,359,-0.23203125
0.555635929107666,360,-0.0515625
0.5577049255371094,361,0.0
0.5591070652008057,362,-0.012890625
0.5603940486907959,363,-0.24492187499999998
0.5615620613098145,364,-0.4125
0.562690019607544,365,-1.147265625
0.5638420581817627,366,-1.65
0.5652379989624023,367,-0.012890625
0.5663890838623047,368,-0.02578125
0.567533016204834,369,-0.2578125
0.5687599182128906,370,-0.15468749999999998
0.5702059268951416,371,-0.24492187499999998
0.5717670917510986,372,-0.21914062499999998
0.5734238624572754,373,0.0
0.5749690532684326,374,-0.038671874999999994
0.5763859748840332,375,-0.193359375
0.5778210163116455,376,-0.2578125
0.5798828601837158,377,-0.8765624999999999
0.5824499130249023,378,-1.611328125
0.5839619636535645,379,0.0
0.5855550765991211,380,-0.064453125
0.5876650810241699,381,-0.322265625
0.5892119407653809,382,-0.012890625
0.5905609130859375,383,0.0
0.5917210578918457,384,-0.012890625
0.592850923538208,385,-0.20625
0.5939669609069824,386,-0.2578125
0.5950720310211182,387,-0.7218749999999999
0.5962529182434082,388,-1.327734375
0.5973639488220215,389,-0.21914062499999998
0.5984959602355957,390,-0.09023437499999999
0.5997219085693359,391,0.0
0.6011409759521484,392,-0.18046874999999998
0.6026229858398438,393,-0.103125
0.6042499542236328,394,-0.399609375
0.6058530807495117,395,-0.141796875
0.607266902923584,396,0.0
0.6086728572845459,397,-0.02578125
0.6105079650878906,398,-0.23203125
0.6129710674285889,399,-0.20625
0.6146140098571777,400,-1.533984375
0.6160740852355957,401,-0.038671874999999994
0.6180160045623779,402,-0.141796875
0.6197929382324219,403,-0.12890625
0.6211709976196289,404,-0.167578125
0.6223649978637695,405,0.07734374999999999
0.623499870300293,406,-0.012890625
0.6246120929718018,407,-0.012890625
0.6257190704345703,408,-0.141796875
0.6268260478973389,409,-0.28359375
0.6279399394989014,410,-0.322265625
0.6291170120239258,411,-1.044140625
0.6303920745849609,412,-1.6371093749999999
0.6318809986114502,413,0.0
0.6333110332489014,414,-0.21914062499999998
0.6348428726196289,415,-0.4125
0.6364600658416748,416,-0.167578125
0.6380150318145752,417,-0.141796875
0.6396999359130859,418,0.0
0.6419370174407959,419,-0.012890625
0.6441469192504883,420,-0.12890625
0.6457149982452393,421,-0.4125
0.6476039886474609,422,-1.405078125
0.6495969295501709,423,0.0
0.6509530544281006,424,-0.103125
0.6522479057312012,425,-0.193359375
0.6534199714660645,426,-0.4125
0.6552228927612305,427,-0.36093749999999997
0.6566610336303711,428,0.012890625
0.6578888893127441,429,-0.012890625
0.6590430736541748,430,-0.103125
0.6604909896850586,431,-0.30937499999999996
0.6620070934295654,432,-0.4640625
0.663830041885376,433,-1.3019531249999998
0.6654670238494873,434,0.0
0.6669080257415771,435,-0.20625
0.6684360504150391,436,-0.2578125
0.6699950695037842,437,-0.15468749999999998
0.6724278926849365,438,-0.103125
0.6743650436401367,439,0.0
0.6758809089660645,440,-0.012890625
0.6778290271759033,441,-0.193359375
0.6797609329223633,442,-0.605859375
