time,count,voltage
0.004379987716674805,1,0.193359375
0.0058710575103759766,2,0.0
0.007116079330444336,3,-0.0515625
0.008260965347290039,4,-0.20625
0.009382009506225586,5,-0.5285156249999999
0.010500907897949219,6,-0.6187499999999999
0.011609077453613281,7,-1.224609375
0.012708902359008789,8,-1.65
0.013799905776977539,9,0.0
0.01488804817199707,10,-0.36093749999999997
0.016216039657592773,11,-0.29648437499999997
0.017673969268798828,12,-0.37382812499999996
0.01913905143737793,13,-0.23203125
0.020552873611450195,14,-0.167578125
0.021945953369140625,15,0.038671874999999994
0.02318286895751953,16,-0.02578125
0.02431797981262207,17,-0.12890625
0.025428056716918945,18,-0.43828124999999996
0.026766061782836914,19,-0.5671875
0.027963876724243164,20,-0.9796874999999999
0.02913188934326172,21,-1.611328125
0.030299901962280273,22,-0.07734374999999999
0.03161501884460449,23,-0.21914062499999998
0.03303194046020508,24,-0.36093749999999997
0.034455060958862305,25,-0.28359375
0.03608202934265137,26,-0.20625
0.03762507438659668,27,-0.064453125
0.03903484344482422,28,-0.012890625
0.0403599739074707,29,-0.012890625
0.04242396354675293,30,-0.167578125
0.0445859432220459,31,-0.476953125
0.04602789878845215,32,-1.353515625
0.04761195182800293,33,-0.167578125
0.04959988594055176,34,-0.24492187499999998
0.051017045974731445,35,-0.515625
0.05221295356750488,36,-0.0515625
0.05333995819091797,37,-0.167578125
0.05445289611816406,38,-0.20625
0.05554699897766113,39,0.012890625
0.05672907829284668,40,-0.064453125
0.05783486366271973,41,-0.116015625
0.05893301963806152,42,-0.502734375
0.060098886489868164,43,-0.5929687499999999
0.06122589111328125,44,-1.018359375
0.062361955642700195,45,-1.5984375
0.06346297264099121,46,-0.12890625
0.0645589828491211,47,-0.20625
0.06571102142333984,48,-0.30937499999999996
0.06682395935058594,49,-0.30937499999999996
0.06792593002319336,50,-0.20625
0.06902194023132324,51,-0.4125
0.07013106346130371,52,-0.4640625
0.07151389122009277,53,-0.28359375
0.07273006439208984,54,-0.012890625
0.07387304306030273,55,-0.07734374999999999
0.07501387596130371,56,-0.2578125
0.07619690895080566,57,-0.5671875
0.0774080753326416,58,-0.6703125
0.07869195938110352,59,-1.340625
0.0801088809967041,60,-1.16015625
0.08150887489318848,61,-0.2578125
0.08305096626281738,62,-0.193359375
0.08449792861938477,63,-0.348046875
0.08594703674316406,64,-0.270703125
0.08735394477844238,65,-0.20625
0.08986902236938477,66,0.0
0.09152603149414062,67,-0.064453125
0.09295201301574707,68,-0.37382812499999996
0.09491896629333496,69,-0.476953125
0.09661006927490234,70,-1.46953125
0.09784507751464844,71,-0.064453125
0.09905099868774414,72,-0.4640625
0.10020995140075684,73,-0.348046875
0.10133504867553711,74,-0.18046874999999998
0.10246706008911133,75,-0.29648437499999997
0.10358190536499023,76,-0.399609375
0.10467791557312012,77,-0.21914062499999998
0.1057889461517334,78,0.0
0.1068868637084961,79,-0.02578125
0.10806107521057129,80,-0.23203125
0.10943198204040527,81,-0.605859375
0.11086702346801758,82,-0.580078125
0.11236000061035156,83,-1.3792968749999999
0.11386990547180176,84,-0.02578125
0.11528396606445312,85,-0.20625
0.1167299747467041,86,-0.30937499999999996
0.11874198913574219,87,-0.23203125
0.12103486061096191,88,-0.167578125
0.122467041015625,89,0.0
0.12419700622558594,90,-0.038671874999999994
0.1261289119720459,91,-0.2578125
0.1274549961090088,92,-0.399609375
0.1286170482635498,93,-1.224609375
0.12974286079406738,94,-1.611328125
0.13085389137268066,95,-0.02578125
0.13197588920593262,96,-0.2578125
0.13313794136047363,97,-0.322265625
0.13428902626037598,98,-0.4640625
0.13540196418762207,99,-0.167578125
0.13658499717712402,100,-0.270703125
0.13768792152404785,101,-0.167578125
0.13886189460754395,102,-0.012890625
0.1402299404144287,103,-0.012890625
0.14168286323547363,104,-0.103125
0.14311003684997559,105,-0.54140625
0.14464402198791504,106,-0.6703125
0.14612507820129395,107,-1.5597656249999998
0.14752507209777832,108,-0.167578125
0.1488180160522461,109,-0.24492187499999998
0.1513230800628662,110,-0.29648437499999997
0.15309691429138184,111,0.0
0.15450096130371094,112,0.23203125
0.15663599967956543,113,-0.02578125
0.15837693214416504,114,-0.064453125
0.15968799591064453,115,-0.4125
0.16090607643127441,116,-0.580078125
0.16208887100219727,117,-1.327734375
0.16321492195129395,118,-0.33515625
0.16432595252990723,119,-0.24492187499999998
0.1655418872833252,120,-0.30937499999999996
0.16710901260375977,121,-0.2578125
0.16867685317993164,122,-0.2578125
0.17036890983581543,123,-0.37382812499999996
0.17211484909057617,124,-0.02578125
0.1738450527191162,125,-0.02578125
0.17545294761657715,126,-0.116015625
0.1770319938659668,127,-0.43828124999999996
0.17841792106628418,128,-1.00546875
0.1798560619354248,129,-1.65
0.18174290657043457,130,-0.0515625
0.18402791023254395,131,-0.37382812499999996
0.18564796447753906,132,-0.20625
0.18708491325378418,133,-0.21914062499999998
0.18899106979370117,134,0.012890625
0.19083404541015625,135,-0.02578125
0.19216299057006836,136,-0.23203125
0.19333791732788086,137,-0.4125
0.1944730281829834,138,-0.889453125
0.1956648826599121,139,-1.5082031249999999
0.1968848705291748,140,-0.20625
0.19805502891540527,141,-0.20625
0.19917702674865723,142,-0.37382812499999996
0.20037198066711426,143,-0.4640625
0.2017660140991211,144,-0.141796875
0.2032179832458496,145,-0.37382812499999996
0.20476102828979492,146,-0.167578125
0.20659399032592773,147,0.012890625
0.20806598663330078,148,-0.103125
0.20948004722595215,149,-0.451171875
0.21090388298034668,150,-0.43828124999999996
0.21338105201721191,151,-1.2890625
0.2150740623474121,152,-0.193359375
0.21646595001220703,153,-0.2578125
0.2180929183959961,154,-0.399609375
0.2200758457183838,155,-0.33515625
0.22167086601257324,156,0.064453125
0.22292399406433105,157,0.0
0.2240738868713379,158,-0.12890625
0.22520089149475098,159,-0.399609375
0.22633790969848633,160,-0.6187499999999999
0.22748684883117676,161,-0.7476562499999999
0.2286069393157959,162,-1.4437499999999999
0.22971701622009277,163,-0.322265625
0.23088693618774414,164,-0.09023437499999999
0.23227787017822266,165,-0.21914062499999998
0.2338249683380127,166,-0.29648437499999997
0.23532390594482422,167,-0.12890625
0.2368788719177246,168,-0.451171875
0.23825407028198242,169,-0.103125
0.239732027053833,170,-0.012890625
0.24116897583007812,171,-0.09023437499999999
0.24347996711730957,172,-0.502734375
0.24550795555114746,173,-0.64453125
0.2470860481262207,174,-1.1214843749999999
0.2487049102783203,175,-0.2578125
0.2508399486541748,176,-0.12890625
0.25225305557250977,177,-0.103125
0.2534198760986328,178,-0.167578125
0.2545890808105469,179,-0.0515625
0.25573205947875977,180,-0.012890625
0.25684595108032227,181,-0.02578125
0.25794386863708496,182,-0.12890625
0.25903987884521484,183,-0.502734375
0.26014184951782227,184,-0.554296875
0.26131296157836914,185,-1.0828125
0.26270008087158203,186,-1.65
0.26413607597351074,187,0.0
0.2656700611114502,188,-0.270703125
0.26725006103515625,189,-0.4125
0.26871490478515625,190,-0.18046874999999998
0.27011799812316895,191,-0.30937499999999996
0.27189207077026367,192,-0.09023437499999999
0.2742629051208496,193,-0.012890625
0.27582287788391113,194,-0.2578125
0.2773768901824951,195,-0.399609375
0.2793090343475342,196,-1.1214843749999999
0.28095507621765137,197,-0.038671874999999994
0.28224897384643555,198,-0.270703125
0.2834360599517822,199,-0.322265625
0.2845778465270996,200,-0.116015625
0.2857809066772461,201,-0.270703125
0.286923885345459,202,-0.29648437499999997
0.2880730628967285,203,-0.103125
0.2891960144042969,204,0.0
0.29029107093811035,205,-0.09023437499999999
0.29147887229919434,206,-0.23203125
0.2928619384765625,207,-0.631640625
0.29430389404296875,208,-0.6574218749999999
0.2959470748901367,209,-1.456640625
0.29742002487182617,210,-0.20625
0.29879188537597656,211,-0.21914062499999998
0.30019688606262207,212,-0.270703125
0.30217695236206055,213,-0.116015625
0.3044579029083252,214,-0.07734374999999999
0.3059098720550537,215,0.012890625
0.30819201469421387,216,-0.02578125
0.3101010322570801,217,-0.399609375
0.3114950656890869,218,-0.6832031249999999
0.31269001960754395,219,-1.5726562499999999
0.31382203102111816,220,-0.09023437499999999
0.3149549961090088,221,-0.20625
0.31616902351379395,222,-0.21914062499999998
0.3172929286956787,223,-0.5671875
0.3184049129486084,224,-0.15468749999999998
0.3195228576660156,225,-0.33515625
0.32062506675720215,226,-0.2578125
0.3218040466308594,227,-0.012890625
0.3231809139251709,228,-0.02578125
0.3246419429779053,229,-0.116015625
0.3260929584503174,230,-0.515625
0.32768988609313965,231,-0.502734375
0.3290748596191406,232,-1.405078125
0.3303968906402588,233,-0.21914062499999998
0.33171606063842773,234,-0.193359375
0.33428001403808594,235,-0.193359375
0.33595705032348633,236,-0.15468749999999998
0.337385892868042,237,0.0
0.3390340805053711,238,-0.012890625
0.3410379886627197,239,-0.0515625
0.3425428867340088,240,-0.23203125
0.3437800407409668,241,-0.36093749999999997
0.3449540138244629,242,-1.0570312499999999
0.34616589546203613,243,-1.65
0.34728407859802246,244,-0.012890625
0.3484048843383789,245,-0.23203125
0.3495149612426758,246,-0.02578125
0.35062599182128906,247,-0.38671875
0.3518218994140625,248,-0.116015625
0.35320496559143066,249,-0.33515625
0.3546888828277588,250,-0.193359375
0.3561868667602539,251,0.0
0.35773396492004395,252,-0.103125
0.3591959476470947,253,-0.36093749999999997
0.36057591438293457,254,-0.42539062499999997
0.36237287521362305,255,-1.1859374999999999
0.3646399974822998,256,-1.65
0.36615800857543945,257,-0.4640625
0.36757898330688477,258,-0.348046875
0.3694469928741455,259,-0.15468749999999998
0.3713710308074951,260,0.038671874999999994
0.37272095680236816,261,0.0
0.37391090393066406,262,-0.116015625
0.3750770092010498,263,-0.322265625
0.3762319087982178,264,-0.54140625
0.37734484672546387,265,-0.7218749999999999
0.37845706939697266,266,-1.405078125
0.37957191467285156,267,-1.4308593749999998
0.38067102432250977,268,0.012890625
0.38184690475463867,269,-0.2578125
0.3832409381866455,270,-0.2578125
0.3847060203552246,271,-0.20625
0.3861870765686035,272,-0.270703125
0.387800931930542,273,-0.116015625
0.38922786712646484,274,-0.0515625
0.39061403274536133,275,-0.038671874999999994
0.3922150135040283,276,-0.270703125
0.3946850299835205,277,-0.5285156249999999
0.39633703231811523,278,-1.4437499999999999
0.39771199226379395,279,-0.02578125
0.39954495429992676,280,-0.322265625
0.4014260768890381,281,-0.4125
0.4027998447418213,282,-0.29648437499999997
0.40399885177612305,283,-0.167578125
0.405134916305542,284,0.0
0.40628790855407715,285,-0.02578125
0.40741705894470215,286,-0.103125
0.40852785110473633,287,-0.399609375
0.4096238613128662,288,-0.605859375
0.41074585914611816,289,-0.7734375
0.4119389057159424,290,-1.4308593749999998
0.41332197189331055,291,-0.20625
0.4147670269012451,292,-0.167578125
0.4163670539855957,293,-0.20625
0.41788697242736816,294,-0.322265625
0.419342041015625,295,-0.37382812499999996
0.4207470417022705,296,-0.193359375
0.4226188659667969,297,0.0
0.4248828887939453,298,-0.02578125
0.4264400005340576,299,-0.36093749999999997
0.42797088623046875,300,-0.605859375
0.42992305755615234,301,-1.4437499999999999
0.43158507347106934,302,-0.02578125
0.4328620433807373,303,-0.116015625
0.4340250492095947,304,-0.36093749999999997
0.4351789951324463,305,-0.15468749999999998
0.43633103370666504,306,-0.322265625
0.4374549388885498,307,-0.20625
0.4385690689086914,308,0.012890625
0.4397139549255371,309,-0.103125
0.44086384773254395,310,-0.15468749999999998
0.44206690788269043,311,-0.4125
0.44344496726989746,312,-0.54140625
0.44488096237182617,313,-1.03125
0.44645094871520996,314,-1.65
0.44799089431762695,315,-0.167578125
0.4493720531463623,316,-0.38671875
0.45075201988220215,317,-0.38671875
0.45290398597717285,318,0.0
0.4550020694732666,319,-0.064453125
0.45648789405822754,320,-0.012890625
0.45805788040161133,321,-0.116015625
0.45998096466064453,322,-0.515625
0.46162891387939453,323,-0.708984375
0.46291494369506836,324,-1.65
0.4640638828277588,325,0.0
0.46517491340637207,326,-0.270703125
0.46648097038269043,327,-0.33515625
0.4676249027252197,328,-0.23203125
0.468796968460083,329,-0.2578125
0.46995997428894043,330,-0.30937499999999996
0.47109103202819824,331,-0.193359375
0.4722878932952881,332,-0.012890625
0.47368502616882324,333,-0.012890625
0.47513794898986816,334,-0.24492187499999998
0.47663092613220215,335,-0.5285156249999999
0.4782109260559082,336,-0.825
0.4796140193939209,337,-1.65
0.4809150695800781,338,-0.012890625
0.4823319911956787,339,-0.29648437499999997
0.484112024307251,340,-0.322265625
0.48658204078674316,341,-0.167578125
0.48816704750061035,342,0.24492187499999998
0.4895639419555664,343,0.0
0.4913959503173828,344,-0.064453125
0.493257999420166,345,-0.37382812499999996
0.4946269989013672,346,-0.6574218749999999
0.4958209991455078,347,-1.533984375
0.4969649314880371,348,0.0
0.4980740547180176,349,-0.20625
0.4991898536682129,350,-0.23203125
0.500316858291626,351,-0.4640625
0.5014200210571289,352,-0.193359375
0.5026040077209473,353,-0.4640625
0.503990888595581,354,-0.33515625
0.5054478645324707,355,0.0
0.5069980621337891,356,-0.02578125
0.5085659027099609,357,-0.103125
0.509984016418457,358,-0.43828124999999996
0.5114009380340576,359,-0.837890625
0.5131208896636963,360,-1.5726562499999999
0.5154218673706055,361,0.012890625
0.5170149803161621,362,-0.2578125
0.5184478759765625,363,-0.167578125
0.5203728675842285,364,-0.399609375
0.5221428871154785,365,-0.02578125
0.5234689712524414,366,-0.07734374999999999
0.5246469974517822,367,-0.116015625
0.5258140563964844,368,-0.476953125
0.526939868927002,369,-0.4640625
0.5280518531799316,370,-1.1214843749999999
0.529155969619751,371,-1.65
0.5302419662475586,372,-0.012890625
0.5313398838043213,373,-0.20625
0.5324339866638184,374,-0.322265625
0.533607006072998,375,-0.33515625
0.5349729061126709,376,-0.193359375
0.5364360809326172,377,-0.399609375
0.5379149913787842,378,-0.167578125
0.539470911026001,379,0.0
0.5408618450164795,380,-0.12890625
0.5423078536987305,381,-0.4125
0.5436818599700928,382,-0.502734375
0.5461618900299072,383,-1.1214843749999999
0.5479769706726074,384,-0.20625
0.5493850708007812,385,-0.21914062499999998
0.5510098934173584,386,-0.43828124999999996
0.5530440807342529,387,-0.116015625
0.5545799732208252,388,0.141796875
0.5558450222015381,389,-0.012890625
0.5570049285888672,390,-0.103125
0.5581328868865967,391,-0.29648437499999997
0.5592639446258545,392,-0.580078125
0.5603768825531006,393,-0.580078125
0.5614728927612305,394,-1.276171875
0.5625739097595215,395,-1.65
0.5637340545654297,396,-0.02578125
0.5651240348815918,397,-0.193359375
0.5665960311889648,398,-0.20625
0.568065881729126,399,-0.30937499999999996
0.5696289539337158,400,-0.20625
0.5711560249328613,401,-0.012890625
0.5725629329681396,402,0.012890625
0.5739340782165527,403,-0.02578125
0.5762009620666504,404,-0.2578125
0.5782580375671387,405,-0.4640625
0.5797069072723389,406,-1.5597656249999998
0.5812108516693115,407,-0.12890625
0.5830919742584229,408,-0.29648437499999997
0.584867000579834,409,-0.322265625
0.5862600803375244,410,-0.167578125
0.5874960422515869,411,-0.012890625
0.5886340141296387,412,0.012890625
0.5897529125213623,413,-0.02578125
0.5908730030059814,414,-0.116015625
0.5919709205627441,415,-0.42539062499999997
0.5930778980255127,416,-0.5671875
0.5942580699920654,417,-0.928125
0.5957159996032715,418,-1.533984375
0.5971770286560059,419,-0.23203125
0.5986559391021729,420,-0.24492187499999998
0.6001949310302734,421,-0.23203125
0.601611852645874,422,-0.116015625
0.6029849052429199,423,-0.399609375
0.6046960353851318,424,-0.193359375
0.6070499420166016,425,0.0
0.6086750030517578,426,-0.09023437499999999
0.6100389957427979,427,-0.43828124999999996
0.6118168830871582,428,-0.928125
0.6136980056762695,429,-1.65
0.6150729656219482,430,-0.20625
0.616278886795044,431,-0.193359375
0.617419958114624,432,-0.28359375
0.6185450553894043,433,-0.103125
0.6196689605712891,434,-0.4640625
0.6207740306854248,435,-0.322265625
