time,count,voltage
0.005131959915161133,1,-0.012890625
0.00686192512512207,2,-0.038671874999999994
0.008297920227050781,3,-0.21914062499999998
0.009671926498413086,4,-0.7734375
0.011023998260498047,5,-1.533984375
0.012573957443237305,6,0.0
0.014305830001831055,7,-0.167578125
0.015982866287231445,8,-0.37382812499999996
0.017781972885131836,9,-0.24492187499999998
0.019398927688598633,10,0.0
0.02105093002319336,11,0.0
0.022534847259521484,12,-0.012890625
0.02396082878112793,13,-0.28359375
0.025314807891845703,14,-0.23203125
0.026762962341308594,15,-1.018359375
0.028302907943725586,16,-1.65
0.029989957809448242,17,-0.038671874999999994
0.03170490264892578,18,-0.02578125
0.033386945724487305,19,-0.18046874999999998
0.03515791893005371,20,-0.36093749999999997
0.03700995445251465,21,0.103125
0.03870201110839844,22,0.0
0.04029083251953125,23,-0.0515625
0.04203200340270996,24,-0.30937499999999996
0.043823957443237305,25,-0.9152343749999999
0.04610800743103027,26,0.0
0.04900479316711426,27,-0.12890625
0.051100969314575195,28,-0.116015625
0.05277299880981445,29,0.07734374999999999
0.05461382865905762,30,0.012890625
0.05685901641845703,31,-0.012890625
0.05887198448181152,32,-0.28359375
0.060669898986816406,33,-0.9796874999999999
0.0622098445892334,34,-0.064453125
0.06361198425292969,35,-0.0515625
0.064971923828125,36,-0.193359375
0.0663459300994873,37,-0.07734374999999999
0.06770682334899902,38,-0.193359375
0.06910896301269531,39,-0.12890625
0.07066893577575684,40,0.0
0.07225298881530762,41,0.0
0.07368898391723633,42,-0.15468749999999998
0.07506990432739258,43,-0.21914062499999998
0.07647299766540527,44,-0.863671875
0.07792091369628906,45,-1.6242187499999998
0.07937288284301758,46,0.0
0.0810389518737793,47,-0.20625
0.08273482322692871,48,-0.2578125
0.08443093299865723,49,-0.322265625
0.08640289306640625,50,-0.09023437499999999
0.08813786506652832,51,0.0
0.08977985382080078,52,-0.038671874999999994
0.09131693840026855,53,-0.322265625
0.09371185302734375,54,-0.48984374999999997
0.09622979164123535,55,-1.5597656249999998
0.0980370044708252,56,-0.09023437499999999
0.09963679313659668,57,-0.2578125
0.10149002075195312,58,-0.2578125
0.10368800163269043,59,0.038671874999999994
0.10595488548278809,60,0.0
0.10759091377258301,61,-0.15468749999999998
0.10901093482971191,62,-0.18046874999999998
0.11046481132507324,63,-1.134375
0.11194896697998047,64,0.0
0.11347198486328125,65,0.0
0.11499595642089844,66,-0.0515625
0.11644792556762695,67,-0.20625
0.11789989471435547,68,-0.18046874999999998
0.11931395530700684,69,-0.012890625
0.12154388427734375,70,-0.012890625
0.12358379364013672,71,0.0
0.12504100799560547,72,-0.29648437499999997
0.12652182579040527,73,-0.837890625
0.1284928321838379,74,-1.5984375
0.13019299507141113,75,-0.038671874999999994
0.13149499893188477,76,-0.12890625
0.13267087936401367,77,-0.20625
0.13381385803222656,78,-0.348046875
0.13493800163269043,79,-0.33515625
0.13616394996643066,80,-0.12890625
0.13731098175048828,81,-0.012890625
0.1384899616241455,82,-0.012890625
0.1398630142211914,83,-0.038671874999999994
0.14133191108703613,84,-0.36093749999999997
0.1427619457244873,85,-0.580078125
0.14432287216186523,86,-1.405078125
0.14578700065612793,87,0.0
0.14714980125427246,88,-0.103125
0.14880800247192383,89,-0.21914062499999998
0.15129995346069336,90,-0.167578125
0.15285587310791016,91,0.15468749999999998
0.15437698364257812,92,0.012890625
0.15651988983154297,93,-0.02578125
0.15802884101867676,94,-0.2578125
0.15922093391418457,95,-0.580078125
0.16040396690368652,96,-1.3148437499999999
0.1615278720855713,97,0.0
0.16262292861938477,98,-0.038671874999999994
0.16374683380126953,99,-0.167578125
0.16486096382141113,100,-0.2578125
0.16604995727539062,101,-0.0515625
0.16717886924743652,102,-0.30937499999999996
0.1682889461517334,103,-0.322265625
0.16947388648986816,104,-0.141796875
0.17088794708251953,105,0.012890625
0.17233490943908691,106,-0.012890625
0.17390894889831543,107,-0.193359375
0.1754589080810547,108,-0.2578125
0.17699885368347168,109,-1.00546875
0.1784038543701172,110,-0.09023437499999999
0.18063092231750488,111,0.0
0.18273496627807617,112,-0.12890625
0.18415594100952148,113,-0.2578125
0.18603992462158203,114,-0.103125
0.1879408359527588,115,0.0
0.18924283981323242,116,-0.012890625
0.19042301177978516,117,-0.28359375
0.19155192375183105,118,-0.29648437499999997
0.19266295433044434,119,-0.837890625
0.19375991821289062,120,-1.5082031249999999
0.19486188888549805,121,-0.0515625
0.19604802131652832,122,-0.02578125
0.19717693328857422,123,-0.15468749999999998
0.19829201698303223,124,-0.29648437499999997
0.19946694374084473,125,-0.064453125
0.2009449005126953,126,-0.270703125
0.20238780975341797,127,-0.15468749999999998
0.2040398120880127,128,0.0
0.20566296577453613,129,-0.012890625
0.20754384994506836,130,-0.15468749999999998
0.2093977928161621,131,-0.322265625
0.21209001541137695,132,-1.10859375
0.21389985084533691,133,-0.09023437499999999
0.21628594398498535,134,-0.15468749999999998
0.2182939052581787,135,-0.12890625
0.21969890594482422,136,0.23203125
0.22099089622497559,137,-0.012890625
0.2225179672241211,138,-0.012890625
0.22378993034362793,139,-0.23203125
0.2250199317932129,140,-0.36093749999999997
0.2262709140777588,141,-0.889453125
0.22751688957214355,142,-1.546875
0.23384499549865723,143,0.0
0.23633980751037598,144,-0.02578125
0.23850584030151367,145,0.0
0.24115300178527832,146,-0.012890625
0.2432088851928711,147,-0.20625
0.24530982971191406,148,-1.327734375
0.2476940155029297,149,0.0
0.24916696548461914,150,-0.20625
0.2504708766937256,151,-0.0515625
0.2517249584197998,152,-0.167578125
0.25311779975891113,153,-0.012890625
0.2543919086456299,154,0.0
0.25568485260009766,155,-0.012890625
0.2569589614868164,156,-0.167578125
0.25820183753967285,157,-0.29648437499999997
0.2648580074310303,158,-0.7476562499999999
0.26681995391845703,159,-1.456640625
0.26904988288879395,160,-0.12890625
0.2712128162384033,161,0.193359375
0.2730398178100586,162,0.0
0.2749049663543701,163,-0.29648437499999997
0.27814793586730957,164,-0.37382812499999996
0.28000783920288086,165,0.0
0.28214192390441895,166,-0.0515625
0.2843348979949951,167,-0.20625
0.2859690189361572,168,-0.09023437499999999
0.2874579429626465,169,0.0
0.2887279987335205,170,-0.012890625
0.29465699195861816,171,-0.103125
0.29680895805358887,172,-0.37382812499999996
0.2986569404602051,173,-0.09023437499999999
0.30091381072998047,174,-0.193359375
0.30368995666503906,175,-0.37382812499999996
0.30558180809020996,176,-0.012890625
0.30797886848449707,177,-0.0515625
0.3096308708190918,178,-0.21914062499999998
0.3110198974609375,179,-1.2890625
0.31234192848205566,180,0.0
0.31357789039611816,181,-0.0515625
0.3148059844970703,182,-0.103125
0.3160738945007324,183,-0.21914062499999998
0.31735897064208984,184,-0.348046875
0.31860899925231934,185,-0.322265625
0.3256959915161133,186,-0.02578125
0.3275609016418457,187,0.0
0.3290538787841797,188,0.0
0.33084702491760254,189,0.0
0.33329296112060547,190,-0.20625
0.334885835647583,191,-0.193359375
0.33668088912963867,192,0.09023437499999999
0.33867383003234863,193,-0.012890625
0.340054988861084,194,-0.02578125
0.3412330150604248,195,-0.2578125
0.34235382080078125,196,-0.515625
0.3434619903564453,197,-1.2503906249999999
0.3445699214935303,198,-1.405078125
0.34571290016174316,199,0.0
0.346815824508667,200,-0.02578125
0.3479268550872803,201,-0.167578125
0.34903788566589355,202,-0.12890625
0.35013484954833984,203,-0.0515625
0.35131001472473145,204,-0.23203125
0.3527238368988037,205,-0.167578125
0.3541989326477051,206,-0.012890625
0.3558058738708496,207,-0.012890625
0.35736083984375,208,-0.167578125
0.3587210178375244,209,-0.20625
0.3600468635559082,210,-0.9796874999999999
0.3622260093688965,211,-1.65
0.36415600776672363,212,0.0
0.3656959533691406,213,-0.322265625
0.3676028251647949,214,-0.12890625
0.36943602561950684,215,-0.012890625
0.3707399368286133,216,0.0
0.37191081047058105,217,0.0
0.3730449676513672,218,-0.0515625
0.37416791915893555,219,-0.38671875
0.37526702880859375,220,-0.322265625
0.37697482109069824,221,-1.03125
0.3781468868255615,222,0.012890625
0.37926697731018066,223,-0.02578125
0.38048481941223145,224,-0.09023437499999999
0.38169097900390625,225,-0.23203125
0.38308000564575195,226,-0.064453125
0.38451385498046875,227,-0.193359375
0.3860290050506592,228,-0.0515625
0.3875408172607422,229,0.012890625
0.3889639377593994,230,-0.02578125
0.39040398597717285,231,-0.15468749999999998
0.3917398452758789,232,-0.36093749999999997
0.3941218852996826,233,-0.8765624999999999
0.39590883255004883,234,-0.4640625
0.3973078727722168,235,-0.12890625
0.39904284477233887,236,-0.2578125
0.40096402168273926,237,-0.116015625
0.4024088382720947,238,-0.0515625
0.4035918712615967,239,0.0
0.40473389625549316,240,0.012890625
0.4058558940887451,241,-0.012890625
0.40696191787719727,242,-0.2578125
0.40805602073669434,243,-0.36093749999999997
0.4091517925262451,244,-0.734765625
0.4102439880371094,245,-1.3664062499999998
0.41134095191955566,246,0.0
0.41250181198120117,247,-0.012890625
0.4138309955596924,248,-0.15468749999999998
0.4153718948364258,249,-0.18046874999999998
0.41698694229125977,250,-0.012890625
0.4184529781341553,251,-0.2578125
0.4198768138885498,252,-0.012890625
0.42142295837402344,253,0.012890625
0.4229159355163574,254,-0.02578125
0.4253408908843994,255,-0.28359375
0.42725491523742676,256,-0.605859375
0.4287238121032715,257,0.0
0.4305589199066162,258,0.0
0.4324049949645996,259,-0.21914062499999998
0.4337589740753174,260,-0.12890625
0.43492794036865234,261,-0.141796875
0.43619680404663086,262,-0.02578125
0.43736886978149414,263,-0.012890625
0.4385049343109131,264,-0.012890625
0.4396178722381592,265,-0.064453125
0.440716028213501,266,-0.37382812499999996
0.4418067932128906,267,-0.270703125
0.4429779052734375,268,-0.95390625
0.44444990158081055,269,-1.5597656249999998
0.44597291946411133,270,0.0
0.4474959373474121,271,-0.15468749999999998
0.44901490211486816,272,-0.322265625
0.4503638744354248,273,-0.09023437499999999
0.4516928195953369,274,-0.23203125
0.4539170265197754,275,-0.012890625
0.4560728073120117,276,-0.012890625
0.4575068950653076,277,-0.23203125
0.4590778350830078,278,-0.193359375
0.4612579345703125,279,-1.018359375
0.4627079963684082,280,-0.09023437499999999
0.4638948440551758,281,-0.09023437499999999
0.4650259017944336,282,-0.21914062499999998
0.46617794036865234,283,-0.103125
0.46733784675598145,284,-0.2578125
0.4684579372406006,285,-0.29648437499999997
0.46961188316345215,286,-0.0515625
0.47071099281311035,287,0.0
0.47182488441467285,288,-0.012890625
0.4729888439178467,289,-0.0515625
0.47434186935424805,290,-0.4125
0.47579002380371094,291,-0.36093749999999997
0.4774129390716553,292,-1.198828125
0.4789597988128662,293,0.0
0.480327844619751,294,-0.064453125
0.48164987564086914,295,-0.167578125
0.48377299308776855,296,-0.167578125
0.4861128330230713,297,-0.20625
0.4875450134277344,298,0.0
0.48927998542785645,299,-0.012890625
0.49125194549560547,300,-0.15468749999999998
0.4926788806915283,301,-0.23203125
0.4938797950744629,302,-1.2503906249999999
0.49502086639404297,303,-0.012890625
0.4961538314819336,304,0.0
0.49724888801574707,305,-0.18046874999999998
0.4983518123626709,306,-0.28359375
0.49945998191833496,307,-0.103125
0.5005528926849365,308,-0.37382812499999996
0.5017428398132324,309,-0.399609375
0.5029358863830566,310,-0.141796875
0.504349946975708,311,0.012890625
0.5062918663024902,312,-0.02578125
0.5079178810119629,313,-0.20625
0.5094738006591797,314,-0.36093749999999997
0.510901927947998,315,-1.3148437499999999
0.5121808052062988,316,0.0
0.514218807220459,317,-0.02578125
0.5164389610290527,318,-0.167578125
0.5179347991943359,319,-0.28359375
0.5196938514709473,320,-0.012890625
0.5216507911682129,321,0.012890625
0.5230438709259033,322,-0.0515625
0.5243139266967773,323,-0.322265625
0.5254669189453125,324,-0.2578125
0.5266900062561035,325,-1.0570312499999999
0.5278129577636719,326,-1.65
0.529167890548706,327,0.0
0.530303955078125,328,-0.103125
0.5314369201660156,329,-0.23203125
0.5325398445129395,330,-0.2578125
0.533775806427002,331,-0.167578125
0.5351729393005371,332,-0.21914062499999998
0.5368049144744873,333,-0.012890625
0.5383260250091553,334,0.0
0.5398437976837158,335,0.0
0.5412259101867676,336,-0.348046875
0.5425310134887695,337,-0.4125
0.5447490215301514,338,-1.26328125
0.546644926071167,339,0.0
0.5480759143829346,340,-0.012890625
0.5498127937316895,341,-0.24492187499999998
0.5518438816070557,342,-0.270703125
0.55324387550354,343,0.18046874999999998
0.554419994354248,344,-0.012890625
0.555621862411499,345,-0.012890625
0.5568058490753174,346,-0.15468749999999998
0.5579369068145752,347,-0.38671875
0.5590369701385498,348,-0.580078125
0.5601339340209961,349,-1.26328125
0.561244010925293,350,-1.1214843749999999
0.5623338222503662,351,0.0
0.5634448528289795,352,-0.038671874999999994
0.5646347999572754,353,-0.103125
0.5660338401794434,354,-0.18046874999999998
0.5675318241119385,355,-0.20625
0.5691490173339844,356,-0.116015625
0.5706369876861572,357,0.012890625
0.5720608234405518,358,0.0
0.5734758377075195,359,-0.0515625
0.5756349563598633,360,-0.348046875
0.577617883682251,361,-0.7863281249999999
0.5790648460388184,362,-0.02578125
0.580826997756958,363,-0.064453125
0.5828838348388672,364,-0.18046874999999998
0.5844078063964844,365,-0.167578125
0.5857188701629639,366,0.02578125
0.5868699550628662,367,0.0
0.5879988670349121,368,0.012890625
0.5891299247741699,369,-0.012890625
0.5902600288391113,370,-0.24492187499999998
0.591357946395874,371,-0.322265625
0.5924439430236816,372,-0.64453125
0.5935349464416504,373,-1.327734375
0.5946979522705078,374,-0.69609375
0.5962398052215576,375,0.0
0.5977330207824707,376,-0.103125
0.599327802658081,377,-0.2578125
0.6009039878845215,378,-0.103125
0.602288007736206,379,-0.02578125
0.6036379337310791,380,0.0
0.6056749820709229,381,0.0
0.6079709529876709,382,-0.012890625
0.6094498634338379,383,-0.20625
0.6109578609466553,384,-1.2503906249999999
0.6131579875946045,385,0.0
0.6147990226745605,386,-0.09023437499999999
0.6161630153656006,387,-0.20625
0.6173248291015625,388,-0.36093749999999997
0.6184518337249756,389,-0.30937499999999996
0.6196010112762451,390,-0.116015625
0.6207618713378906,391,-0.012890625
0.6218729019165039,392,-0.02578125
0.6229729652404785,393,-0.0515625
0.6240668296813965,394,-0.37382812499999996
0.6252260208129883,395,-0.30937499999999996
0.6265909671783447,396,-0.9796874999999999
0.6283848285675049,397,-1.65
0.630033016204834,398,-0.09023437499999999
0.6315419673919678,399,0.0
0.6328928470611572,400,-0.29648437499999997
0.6342029571533203,401,-0.33515625
0.636253833770752,402,-0.24492187499999998
0.6397578716278076,403,0.012890625
0.6413638591766357,404,-0.322265625
0.6433618068695068,405,-0.43828124999999996
0.6450049877166748,406,-1.46953125
0.6463289260864258,407,-0.02578125
0.6474928855895996,408,-0.116015625
0.6486539840698242,409,-0.29648437499999997
0.649770975112915,410,-0.09023437499999999
0.6508679389953613,411,-0.399609375
0.6519758701324463,412,-0.348046875
0.6530928611755371,413,0.0
0.6542139053344727,414,0.0
0.6553568840026855,415,-0.012890625
0.6568059921264648,416,-0.0515625
0.6582248210906982,417,-0.36093749999999997
0.6597440242767334,418,-0.64453125
0.6613428592681885,419,-1.456640625
0.6627628803253174,420,0.0
0.6641509532928467,421,-0.167578125
0.6658468246459961,422,-0.29648437499999997
0.6684319972991943,423,-0.116015625
0.6701169013977051,424,0.28359375
0.6716058254241943,425,0.0
0.6735258102416992,426,-0.012890625
0.6751708984375,427,-0.270703125
0.6766350269317627,428,-0.7734375
0.6778478622436523,429,-1.5984375
0.6789829730987549,430,0.0
0.6801149845123291,431,0.0
0.6812088489532471,432,-0.12890625
0.6823029518127441,433,-0.15468749999999998
0.6834249496459961,434,-0.09023437499999999
0.6845269203186035,435,-0.33515625
0.6857609748840332,436,-0.2578125
0.6871199607849121,437,0.0
0.6885528564453125,438,0.0
0.6899588108062744,439,-0.02578125
0.6915709972381592,440,-0.30937499999999996
0.6929678916931152,441,-0.515625
0.6943228244781494,442,-1.4308593749999998
