time,count,voltage
0.00562286376953125,1,-0.09023437499999999
0.007233858108520508,2,-1.0828125
0.008764028549194336,3,-0.18046874999999998
0.010313987731933594,4,-0.23203125
0.011779069900512695,5,-0.116015625
0.013185977935791016,6,-0.103125
0.014570951461791992,7,-0.23203125
0.015945911407470703,8,-0.02578125
0.01730203628540039,9,-0.012890625
0.027276992797851562,10,-0.064453125
0.028874874114990234,11,-0.15468749999999998
0.030449867248535156,12,-0.33515625
0.031907081604003906,13,-0.18046874999999998
0.033464908599853516,14,0.0
0.0351409912109375,15,-0.012890625
0.036958932876586914,16,-0.103125
0.03869295120239258,17,-0.103125
0.042001962661743164,18,-1.044140625
0.04384803771972656,19,-0.103125
0.04573798179626465,20,-0.167578125
0.04744887351989746,21,-0.348046875
0.04947304725646973,22,-0.103125
0.05179286003112793,23,0.0
0.05457901954650879,24,-0.0515625
0.05628204345703125,25,-0.42539062499999997
0.058374881744384766,26,-1.4953124999999998
0.0609588623046875,27,-0.0515625
0.06256794929504395,28,-0.193359375
0.06415700912475586,29,-0.21914062499999998
0.06574606895446777,30,-0.0515625
0.06734490394592285,31,0.012890625
0.0690450668334961,32,-0.0515625
0.0706779956817627,33,-0.23203125
0.0722038745880127,34,-0.322265625
0.07373499870300293,35,-1.2374999999999998
0.07530689239501953,36,-0.09023437499999999
0.07686495780944824,37,-0.116015625
0.07846689224243164,38,-0.167578125
0.08001589775085449,39,0.0
0.08169889450073242,40,-0.167578125
0.08349204063415527,41,0.0
0.08548402786254883,42,0.012890625
0.08750605583190918,43,-0.141796875
0.08954906463623047,44,-0.33515625
0.09203791618347168,45,-1.3792968749999999
0.0954899787902832,46,-0.07734374999999999
0.09739398956298828,47,-0.12890625
0.1004180908203125,48,0.07734374999999999
0.10223698616027832,49,0.0
0.10383200645446777,50,-0.18046874999999998
0.10539507865905762,51,-0.23203125
0.10696601867675781,52,-1.147265625
0.10864806175231934,53,-0.064453125
0.1103658676147461,54,-0.064453125
0.11217188835144043,55,-0.2578125
0.11395502090454102,56,-0.2578125
0.11601686477661133,57,-0.064453125
0.1177520751953125,58,0.0
0.11937808990478516,59,-0.012890625
0.1212930679321289,60,-0.18046874999999998
0.12396502494812012,61,-0.476953125
0.12556886672973633,62,0.0
0.12749505043029785,63,-0.29648437499999997
0.12956905364990234,64,-0.20625
0.13196301460266113,65,-0.09023437499999999
0.13347506523132324,66,0.012890625
0.13483691215515137,67,-0.012890625
0.136185884475708,68,-0.064453125
0.1375260353088379,69,-0.20625
0.13886809349060059,70,-0.515625
0.14047002792358398,71,-1.3019531249999998
0.1420910358428955,72,-0.012890625
0.14385104179382324,73,-0.167578125
0.14609789848327637,74,-0.193359375
0.1481189727783203,75,-0.322265625
0.1499500274658203,76,0.18046874999999998
0.15180492401123047,77,0.0
0.15386104583740234,78,-0.103125
0.15671396255493164,79,-0.09023437499999999
0.15830087661743164,80,-1.585546875
0.16033005714416504,81,-0.103125
0.16227388381958008,82,-0.193359375
0.16374802589416504,83,-0.348046875
0.1650080680847168,84,-0.167578125
0.16614699363708496,85,0.0
0.16725492477416992,86,-0.02578125
0.16835308074951172,87,-0.038671874999999994
0.16955804824829102,88,-0.167578125
0.1706850528717041,89,-0.30937499999999996
0.1719520092010498,90,-0.502734375
0.1734309196472168,91,-1.2503906249999999
0.17487597465515137,92,-0.15468749999999998
0.17648601531982422,93,-0.064453125
0.17792296409606934,94,-0.167578125
0.1793348789215088,95,-0.167578125
0.18071389198303223,96,-0.399609375
0.18329191207885742,97,-0.20625
0.18492698669433594,98,-0.02578125
0.18645000457763672,99,-0.07734374999999999
0.1885669231414795,100,-0.2578125
0.19016003608703613,101,-0.928125
0.19138407707214355,102,-0.0515625
0.19253206253051758,103,-0.116015625
0.1936478614807129,104,-0.0515625
0.19475293159484863,105,-0.193359375
0.19588303565979004,106,-0.193359375
0.19702506065368652,107,-0.4640625
0.19813108444213867,108,-0.42539062499999997
0.19925498962402344,109,-0.0515625
0.20036792755126953,110,0.0
0.20145893096923828,111,-0.0515625
0.20264697074890137,112,-0.09023437499999999
0.2040879726409912,113,-0.23203125
0.2056269645690918,114,-0.4125
0.20723795890808105,115,-1.327734375
0.20878291130065918,116,-0.012890625
0.2102820873260498,117,-0.29648437499999997
0.21183395385742188,118,-0.18046874999999998
0.21381688117980957,119,-0.0515625
0.21608686447143555,120,-0.20625
0.21759796142578125,121,0.0
0.21932697296142578,122,-0.02578125
0.22152400016784668,123,-0.23203125
0.22302794456481934,124,-0.580078125
0.2242429256439209,125,-1.585546875
0.22538304328918457,126,-0.0515625
0.22653698921203613,127,-0.167578125
0.22768688201904297,128,-0.23203125
0.2288200855255127,129,-0.15468749999999998
0.23003888130187988,130,-0.322265625
0.23116207122802734,131,-0.322265625
0.2322680950164795,132,-0.20625
0.23346495628356934,133,-0.012890625
0.23488998413085938,134,-0.012890625
0.2364339828491211,135,-0.07734374999999999
0.2380359172821045,136,-0.20625
0.23958802223205566,137,-0.79921875
0.2409958839416504,138,-1.585546875
0.2433309555053711,139,-0.12890625
0.24574899673461914,140,-0.0515625
0.24713706970214844,141,-0.270703125
0.249053955078125,142,-0.141796875
0.2509889602661133,143,-0.012890625
0.252377986907959,144,-0.0515625
0.25357794761657715,145,-0.2578125
0.25470995903015137,146,-0.193359375
0.2558410167694092,147,-0.90234375
0.25694990158081055,148,-1.5082031249999999
0.2580690383911133,149,0.012890625
0.25921106338500977,150,-0.103125
0.26034092903137207,151,-0.103125
0.26148009300231934,152,-0.20625
0.2625739574432373,153,-0.116015625
0.263761043548584,154,-0.42539062499999997
0.265186071395874,155,-0.38671875
0.2666199207305908,156,0.0
0.2682020664215088,157,0.0
0.269895076751709,158,-0.0515625
0.2713298797607422,159,-0.193359375
0.27277302742004395,160,-0.7863281249999999
0.2745680809020996,161,-1.5726562499999999
0.2772488594055176,162,-0.012890625
0.27878904342651367,163,-0.2578125
0.280397891998291,164,-0.37382812499999996
0.282459020614624,165,-0.322265625
0.28403806686401367,166,0.0
0.2852799892425537,167,-0.09023437499999999
0.2864670753479004,168,-0.167578125
0.28762388229370117,169,-0.23203125
0.28874707221984863,170,-0.7218749999999999
0.2898828983306885,171,-1.340625
0.2910029888153076,172,-0.322265625
0.2921268939971924,173,-0.0515625
0.2933008670806885,174,0.0
0.29453206062316895,175,-0.193359375
0.29594898223876953,176,-0.02578125
0.29736804962158203,177,-0.24492187499999998
0.29905200004577637,178,-0.15468749999999998
0.3007519245147705,179,-0.012890625
0.30219602584838867,180,-0.0515625
0.30367207527160645,181,-0.21914062499999998
0.30559492111206055,182,-0.12890625
0.308013916015625,183,-1.00546875
0.30965399742126465,184,-0.116015625
0.3112828731536865,185,-0.116015625
0.31327009201049805,186,-0.12890625
0.31475090980529785,187,-0.30937499999999996
0.3160529136657715,188,0.07734374999999999
0.3172180652618408,189,-0.012890625
0.3183770179748535,190,-0.0515625
0.31960105895996094,191,-0.167578125
0.32072997093200684,192,-0.2578125
0.3218379020690918,193,-0.515625
0.32296204566955566,194,-1.198828125
0.32410192489624023,195,-1.65
0.32529497146606445,196,-0.0515625
0.3267519474029541,197,-0.20625
0.32819604873657227,198,-0.21914062499999998
0.32979893684387207,199,-0.09023437499999999
0.3313450813293457,200,-0.30937499999999996
0.3328089714050293,201,-0.012890625
0.3342580795288086,202,-0.012890625
0.3361029624938965,203,-0.038671874999999994
0.3385128974914551,204,-0.2578125
0.34013986587524414,205,-0.837890625
0.34177589416503906,206,-0.23203125
0.34375786781311035,207,-0.012890625
0.34537291526794434,208,-0.23203125
0.34662795066833496,209,-0.15468749999999998
0.3477940559387207,210,-0.20625
0.34908199310302734,211,-0.103125
0.35022592544555664,212,0.0
0.35135889053344727,213,-0.012890625
0.3524770736694336,214,-0.0515625
0.353579044342041,215,-0.28359375
0.3546788692474365,216,-0.23203125
0.35587406158447266,217,-0.928125
0.357342004776001,218,-1.52109375
0.35878705978393555,219,0.0
0.361008882522583,220,-0.167578125
0.3624839782714844,221,-0.103125
0.3639218807220459,222,-0.20625
0.36537909507751465,223,-0.15468749999999998
0.36792898178100586,224,0.0
0.36974596977233887,225,-0.0515625
0.3712759017944336,226,-0.167578125
0.3733038902282715,227,-0.734765625
0.37516188621520996,228,-1.6371093749999999
0.3764939308166504,229,-0.12890625
0.37766289710998535,230,-0.012890625
0.37878990173339844,231,-0.15468749999999998
0.3800818920135498,232,-0.33515625
0.3812119960784912,233,-0.2578125
0.38234996795654297,234,-0.012890625
0.38352394104003906,235,0.0
0.38462305068969727,236,-0.012890625
0.3858189582824707,237,-0.09023437499999999
0.3873178958892822,238,-0.515625
0.38881897926330566,239,-0.8765624999999999
0.3904709815979004,240,-1.65
0.391956090927124,241,0.0
0.39331698417663574,242,0.0
0.3947150707244873,243,-0.2578125
0.39642786979675293,244,-0.43828124999999996
0.3990609645843506,245,-0.4125
0.4007270336151123,246,0.0
0.40226101875305176,247,-0.012890625
0.404494047164917,248,-0.30937499999999996
0.40607786178588867,249,-0.889453125
0.4073150157928467,250,0.0
0.4084510803222656,251,0.0
0.40964508056640625,252,-0.012890625
0.41077494621276855,253,-0.167578125
0.41192007064819336,254,-0.631640625
0.4130709171295166,255,-0.7218749999999999
0.4141879081726074,256,-0.502734375
0.4153449535369873,257,-0.15468749999999998
0.41657400131225586,258,0.012890625
0.41799187660217285,259,-0.012890625
0.41945385932922363,260,-0.038671874999999994
0.421051025390625,261,-0.502734375
0.42256593704223633,262,-1.0570312499999999
0.4239349365234375,263,0.0
0.42532801628112793,264,0.0
0.4266209602355957,265,0.0
0.4291229248046875,266,-0.24492187499999998
0.43108201026916504,267,-0.6703125
0.4325540065765381,268,0.15468749999999998
0.4344329833984375,269,0.0
0.4363119602203369,270,0.0
0.43770909309387207,271,-0.4640625
0.4392120838165283,272,-1.147265625
0.4403820037841797,273,0.0
0.4414970874786377,274,0.012890625
0.44260597229003906,275,0.0
0.44376492500305176,276,-0.0515625
0.4449789524078369,277,-0.399609375
0.4460909366607666,278,-0.7476562499999999
0.44730401039123535,279,-0.6703125
0.448760986328125,280,-0.33515625
0.45032787322998047,281,0.0
0.4519989490509033,282,0.0
0.4535548686981201,283,-0.167578125
0.45493507385253906,284,-0.6187499999999999
0.45635008811950684,285,-1.456640625
0.4580988883972168,286,0.0
0.46060895919799805,287,0.0
0.4622330665588379,288,-0.270703125
0.46376585960388184,289,-0.515625
0.4657130241394043,290,-0.193359375
0.4673740863800049,291,0.0
0.4687199592590332,292,-0.012890625
0.47004103660583496,293,-0.29648437499999997
0.4712069034576416,294,-0.6703125
0.472337007522583,295,-1.340625
0.47344398498535156,296,-0.631640625
0.474545955657959,297,0.0
0.4756629467010498,298,0.012890625
0.476762056350708,299,-0.141796875
0.4779820442199707,300,-0.33515625
0.4794330596923828,301,-0.42539062499999997
0.48088788986206055,302,-0.4125
0.4824249744415283,303,-0.012890625
0.48404407501220703,304,0.0
0.4854590892791748,305,-0.012890625
0.48683595657348633,306,-0.29648437499999997
0.4885258674621582,307,-0.6832031249999999
0.49114990234375,308,-1.456640625
0.4927990436553955,309,0.0
0.49434399604797363,310,-0.0515625
0.4963948726654053,311,-0.515625
0.49802303314208984,312,-0.29648437499999997
0.49933791160583496,313,0.0
0.5005688667297363,314,0.0
0.5017340183258057,315,-0.012890625
0.502877950668335,316,-0.21914062499999998
0.5040130615234375,317,-0.631640625
0.5051479339599609,318,-1.0570312499999999
0.506497859954834,319,-1.65
0.5081219673156738,320,0.0
0.5099799633026123,321,0.0
0.5117628574371338,322,-0.167578125
0.5132739543914795,323,-0.631640625
0.5147750377655029,324,-0.348046875
0.5163059234619141,325,0.0
0.5177068710327148,326,0.012890625
0.5194458961486816,327,-0.012890625
0.5218040943145752,328,-0.37382812499999996
0.5233938694000244,329,-1.353515625
0.5249578952789307,330,0.0
0.5271148681640625,331,0.0
0.5287599563598633,332,-0.2578125
0.5300948619842529,333,-0.6574218749999999
0.5312888622283936,334,-0.322265625
0.5324549674987793,335,0.0
0.5335979461669922,336,0.0
0.5346980094909668,337,0.0
0.5357918739318848,338,-0.038671874999999994
0.5368978977203369,339,-0.4640625
0.537992000579834,340,-0.7734375
0.539262056350708,341,-1.456640625
0.5407180786132812,342,0.0
0.5422360897064209,343,0.0
0.5438680648803711,344,-0.038671874999999994
0.5453400611877441,345,-0.29648437499999997
0.5466949939727783,346,-0.54140625
0.5480539798736572,347,-0.322265625
0.5511438846588135,348,0.0
0.5527369976043701,349,-0.012890625
0.554379940032959,350,-0.43828124999999996
0.556506872177124,351,-0.992578125
0.5579109191894531,352,0.0
0.5592648983001709,353,0.0
0.5605099201202393,354,-0.064453125
0.5616588592529297,355,-0.33515625
0.5627810955047607,356,-0.4640625
0.5638890266418457,357,-0.36093749999999997
0.5650789737701416,358,-0.21914062499999998
0.5661969184875488,359,0.012890625
0.5673000812530518,360,0.012890625
0.5684008598327637,361,-0.0515625
0.5696649551391602,362,-0.23203125
0.5711610317230225,363,-0.631640625
0.5726718902587891,364,-1.198828125
0.5743129253387451,365,0.012890625
0.5758910179138184,366,0.0
0.5772838592529297,367,-0.09023437499999999
0.5786168575286865,368,-0.43828124999999996
0.5815398693084717,369,-0.2578125
0.5831849575042725,370,0.42539062499999997
0.58486008644104,371,0.0
0.5868890285491943,372,-0.02578125
0.5883269309997559,373,-0.502734375
0.5896589756011963,374,-1.327734375
0.5908279418945312,375,0.0
0.592026948928833,376,0.0
0.5931360721588135,377,-0.09023437499999999
0.5942449569702148,378,-0.20625
0.5953519344329834,379,-0.30937499999999996
0.5965020656585693,380,-0.30937499999999996
0.5976250171661377,381,-0.37382812499999996
0.5987288951873779,382,-0.18046874999999998
0.5999290943145752,383,0.0
0.6013360023498535,384,0.0
0.6027660369873047,385,-0.02578125
0.604449987411499,386,-0.23203125
0.6060469150543213,387,-0.476953125
0.6074678897857666,388,-1.5082031249999999
0.6088669300079346,389,0.0
0.6114130020141602,390,-0.18046874999999998
0.6132760047912598,391,-0.18046874999999998
0.6147780418395996,392,-0.2578125
0.6167709827423096,393,0.038671874999999994
0.6183478832244873,394,0.0
0.6197428703308105,395,-0.064453125
0.6209440231323242,396,-0.20625
0.6221020221710205,397,-0.64453125
0.6232109069824219,398,-1.2890625
0.6243469715118408,399,-0.12890625
0.6254439353942871,400,-0.038671874999999994
0.6265490055084229,401,-0.193359375
0.6276669502258301,402,-0.116015625
0.6287739276885986,403,-0.18046874999999998
0.630059003829956,404,-0.399609375
0.6314609050750732,405,-0.37382812499999996
0.6328990459442139,406,-0.0515625
0.634415864944458,407,-0.012890625
0.6360988616943359,408,-0.038671874999999994
0.6376409530639648,409,-0.2578125
0.6391968727111816,410,-0.54140625
0.6414530277252197,411,-1.340625
0.6435670852661133,412,-0.012890625
0.6450998783111572,413,-0.29648437499999997
0.6467199325561523,414,-0.193359375
0.6491260528564453,415,-0.21914062499999998
0.6505429744720459,416,0.0
0.6517529487609863,417,-0.02578125
0.6529359817504883,418,-0.12890625
0.6540889739990234,419,-0.103125
0.6552069187164307,420,-0.38671875
0.6563410758972168,421,-1.134375
0.6574459075927734,422,-1.65
0.6585390567779541,423,0.0
0.659714937210083,424,-0.167578125
0.660959005355835,425,-0.23203125
0.6626250743865967,426,-0.064453125
0.6640660762786865,427,-0.18046874999999998
0.6655769348144531,428,-0.0515625
0.667201042175293,429,0.012890625
0.6686689853668213,430,-0.012890625
0.6702048778533936,431,-0.20625
0.6725480556488037,432,-0.18046874999999998
0.6745729446411133,433,-1.095703125
0.6759629249572754,434,0.0
0.6775288581848145,435,-0.09023437499999999
0.6794788837432861,436,-0.322265625
0.6812970638275146,437,-0.20625
0.6828019618988037,438,0.15468749999999998
0.6842179298400879,439,-0.02578125
0.6854410171508789,440,-0.02578125
0.6865749359130859,441,-0.28359375
0.6876940727233887,442,-0.37382812499999996
0.688817024230957,443,-0.825
0.6900079250335693,444,-1.4437499999999999
0.6912698745727539,445,-0.0515625
