time,count,voltage
0.005909919738769531,1,-0.02578125
0.00769495964050293,2,-0.12890625
0.009337902069091797,3,-0.451171875
0.010921955108642578,4,-0.8765624999999999
0.012495040893554688,5,-1.65
0.01406097412109375,6,-0.20625
0.023888826370239258,7,-0.399609375
0.025569915771484375,8,-0.54140625
0.02710700035095215,9,-0.476953125
0.028506994247436523,10,-1.3019531249999998
0.02989482879638672,11,-0.20625
0.03126382827758789,12,-0.399609375
0.0328369140625,13,-0.37382812499999996
0.03453183174133301,14,-0.20625
0.03621697425842285,15,-0.322265625
0.038092851638793945,16,0.02578125
0.03984999656677246,17,-0.064453125
0.04146695137023926,18,-0.28359375
0.04318404197692871,19,-0.451171875
0.044870853424072266,20,-1.16015625
0.046507835388183594,21,-0.270703125
0.048779964447021484,22,-0.322265625
0.05150485038757324,23,-0.36093749999999997
0.05331897735595703,24,-0.2578125
0.054988861083984375,25,-0.0515625
0.05723381042480469,26,-0.064453125
0.0593409538269043,27,-0.4125
0.06094694137573242,28,-0.7863281249999999
0.06265997886657715,29,-1.65
0.06419491767883301,30,-0.28359375
0.0655968189239502,31,-0.20625
0.06704187393188477,32,-0.42539062499999997
0.06845593452453613,33,-0.322265625
0.06982302665710449,34,-0.193359375
0.07116293907165527,35,-0.012890625
0.07251095771789551,36,-0.064453125
0.07384896278381348,37,-0.18046874999999998
0.07520294189453125,38,-0.54140625
0.0765378475189209,39,-0.6703125
0.07791781425476074,40,-1.3792968749999999
0.07935881614685059,41,-0.167578125
0.08093094825744629,42,-0.28359375
0.08262085914611816,43,-0.167578125
0.0842888355255127,44,-0.2578125
0.08609294891357422,45,-0.4125
0.08791589736938477,46,-0.02578125
0.08957290649414062,47,-0.064453125
0.0914149284362793,48,-0.167578125
0.09407186508178711,49,-0.5671875
0.0965569019317627,50,-1.405078125
0.0984048843383789,51,-0.322265625
0.10033082962036133,52,-0.515625
0.10268092155456543,53,-0.4125
0.10453486442565918,54,0.09023437499999999
0.10609889030456543,55,-0.116015625
0.10767388343811035,56,-0.23203125
0.1091458797454834,57,-0.54140625
0.11081600189208984,58,-0.992578125
0.11253690719604492,59,-1.65
0.11418986320495605,60,-0.270703125
0.11603784561157227,61,-0.2578125
0.1181178092956543,62,-0.20625
0.11979103088378906,63,-0.20625
0.12137889862060547,64,-0.0515625
0.12388396263122559,65,-0.07734374999999999
0.12553000450134277,66,-0.38671875
0.1271989345550537,67,-0.7863281249999999
0.129302978515625,68,-1.4953124999999998
0.13076186180114746,69,-0.37382812499999996
0.13196682929992676,70,-0.21914062499999998
0.1331338882446289,71,-0.33515625
0.13426995277404785,72,-0.15468749999999998
0.13539886474609375,73,-0.4125
0.13651204109191895,74,-0.30937499999999996
0.13764500617980957,75,-0.012890625
0.13875699043273926,76,-0.0515625
0.1399679183959961,77,-0.21914062499999998
0.14141488075256348,78,-0.6187499999999999
0.14287281036376953,79,-0.6832031249999999
0.1444849967956543,80,-1.26328125
0.14597797393798828,81,-0.28359375
0.14737582206726074,82,-0.167578125
0.14880800247192383,83,-0.24492187499999998
0.1510460376739502,84,-0.502734375
0.15314197540283203,85,-0.167578125
0.1546018123626709,86,0.0
0.15659403800964355,87,-0.09023437499999999
0.15840983390808105,88,-0.270703125
0.15970087051391602,89,-0.476953125
0.16088390350341797,90,-1.2503906249999999
0.16202998161315918,91,-1.65
0.16314983367919922,92,-0.20625
0.16426801681518555,93,-0.2578125
0.16538381576538086,94,-0.21914062499999998
0.16649103164672852,95,-0.5671875
0.16762685775756836,96,-0.064453125
0.16875696182250977,97,-0.30937499999999996
0.16997098922729492,98,-0.21914062499999998
0.17137503623962402,99,0.0
0.17281794548034668,100,-0.064453125
0.1743779182434082,101,-0.2578125
0.17581391334533691,102,-0.6703125
0.17717695236206055,103,-1.0828125
0.1786658763885498,104,-1.65
0.1808018684387207,105,-0.02578125
0.18299198150634766,106,-0.502734375
0.18445587158203125,107,-0.167578125
0.1863689422607422,108,-0.270703125
0.18811702728271484,109,0.103125
0.18943381309509277,110,-0.07734374999999999
0.19070982933044434,111,-0.23203125
0.19187283515930176,112,-0.605859375
0.1930088996887207,113,-0.7863281249999999
0.19413089752197266,114,-1.3792968749999999
0.19524383544921875,115,-1.3792968749999999
0.1963658332824707,116,-0.09023437499999999
0.19755983352661133,117,-0.37382812499999996
0.19869494438171387,118,-0.29648437499999997
0.19989395141601562,119,-0.322265625
0.2012958526611328,120,-0.43828124999999996
0.20275282859802246,121,-0.4125
0.20427584648132324,122,-0.09023437499999999
0.20577692985534668,123,-0.0515625
0.20726490020751953,124,-0.20625
0.20888686180114746,125,-0.515625
0.21145892143249512,126,-0.7863281249999999
0.21312284469604492,127,-1.26328125
0.21466588973999023,128,-0.322265625
0.21676182746887207,129,-0.270703125
0.2183678150177002,130,0.0
0.21959996223449707,131,0.038671874999999994
0.22073984146118164,132,0.0
0.22186899185180664,133,-0.02578125
0.22298884391784668,134,-0.21914062499999998
0.22411394119262695,135,-0.43828124999999996
0.2252359390258789,136,-0.69609375
0.2263498306274414,137,-0.837890625
0.22752594947814941,138,-1.4308593749999998
0.2286520004272461,139,-0.37382812499999996
0.229766845703125,140,-0.167578125
0.23096203804016113,141,-0.322265625
0.23235702514648438,142,-0.23203125
0.2338099479675293,143,-0.322265625
0.23535585403442383,144,-0.270703125
0.23678088188171387,145,-0.2578125
0.2382810115814209,146,0.0
0.23970293998718262,147,-0.12890625
0.24178695678710938,148,-0.36093749999999997
0.24394893646240234,149,-0.631640625
0.2454068660736084,150,-1.6242187499999998
0.2474229335784912,151,-0.167578125
0.24919986724853516,152,-0.2578125
0.25046586990356445,153,-0.270703125
0.25162196159362793,154,-0.48984374999999997
0.25275683403015137,155,-0.4640625
0.25387001037597656,156,-0.0515625
0.25498294830322266,157,-0.0515625
0.256091833114624,158,-0.2578125
0.2572329044342041,159,-0.348046875
0.25833988189697266,160,-0.708984375
0.2594490051269531,161,-0.79921875
0.2605600357055664,162,-1.340625
0.26175689697265625,163,-1.65
0.2631559371948242,164,0.0
0.2646048069000244,165,-0.30937499999999996
0.26616597175598145,166,-0.270703125
0.26782798767089844,167,-0.20625
0.2692749500274658,168,-0.29648437499999997
0.27071285247802734,169,-0.103125
0.27325892448425293,170,-0.064453125
0.2749190330505371,171,-0.18046874999999998
0.27646493911743164,172,-0.399609375
0.278656005859375,173,-1.147265625
0.2801668643951416,174,-0.322265625
0.28136181831359863,175,-0.476953125
0.28250598907470703,176,-0.322265625
0.283627986907959,177,-0.270703125
0.2847409248352051,178,-0.399609375
0.28586387634277344,179,-0.4125
0.28704380989074707,180,-0.30937499999999996
0.28817200660705566,181,-0.012890625
0.2892889976501465,182,-0.12890625
0.2904329299926758,183,-0.322265625
0.29154491424560547,184,-0.631640625
0.29272890090942383,185,-0.708984375
0.2941319942474365,186,-1.2890625
0.29557085037231445,187,-1.65
0.29718780517578125,188,-0.24492187499999998
0.2987558841705322,189,-0.42539062499999997
0.3002159595489502,190,-0.270703125
0.3016958236694336,191,-0.322265625
0.30420994758605957,192,-0.18046874999999998
0.30582594871520996,193,-0.012890625
0.30741000175476074,194,-0.193359375
0.30956196784973145,195,-0.554296875
0.31102800369262695,196,-1.069921875
0.3122258186340332,197,-0.580078125
0.3133668899536133,198,-0.18046874999999998
0.3145108222961426,199,-0.42539062499999997
0.3156719207763672,200,-0.515625
0.3167858123779297,201,-0.116015625
0.31798887252807617,202,-0.30937499999999996
0.31911301612854004,203,-0.30937499999999996
0.32024598121643066,204,-0.20625
0.32134580612182617,205,0.0
0.32243895530700684,206,-0.07734374999999999
0.3236238956451416,207,-0.24492187499999998
0.3250439167022705,208,-0.64453125
0.3264808654785156,209,-0.7476562499999999
0.32808685302734375,210,-1.456640625
0.3296318054199219,211,-0.20625
0.3310108184814453,212,-0.2578125
0.33237195014953613,213,-0.23203125
0.33457303047180176,214,-0.36093749999999997
0.3366849422454834,215,-0.064453125
0.3388488292694092,216,0.0
0.3408670425415039,217,-0.15468749999999998
0.3425748348236084,218,-0.4640625
0.3438689708709717,219,-1.044140625
0.3450469970703125,220,-1.65
0.34618401527404785,221,-0.167578125
0.34732699394226074,222,-0.515625
0.3484508991241455,223,-0.18046874999999998
0.34958481788635254,224,-0.4640625
0.35070300102233887,225,-0.167578125
0.35181689262390137,226,-0.4640625
0.3529238700866699,227,-0.36093749999999997
0.35412001609802246,228,-0.012890625
0.35552096366882324,229,-0.0515625
0.3570578098297119,230,-0.20625
0.3586459159851074,231,-0.515625
0.36020588874816895,232,-0.734765625
0.36156702041625977,233,-1.52109375
0.36296582221984863,234,-0.0515625
0.36480188369750977,235,-0.37382812499999996
0.36714696884155273,236,-0.20625
0.36864280700683594,237,-0.28359375
0.3701620101928711,238,-0.167578125
0.37213683128356934,239,-0.012890625
0.3737359046936035,240,-0.167578125
0.3750009536743164,241,-0.5671875
0.3761780261993408,242,-0.6703125
0.3773460388183594,243,-1.3148437499999999
0.37847399711608887,244,-1.65
0.37958693504333496,245,-0.064453125
0.38070201873779297,246,-0.322265625
0.3818178176879883,247,-0.21914062499999998
0.3829329013824463,248,-0.348046875
0.3841400146484375,249,-0.064453125
0.38553380966186523,250,-0.29648437499999997
0.38700389862060547,251,-0.15468749999999998
0.38858485221862793,252,-0.012890625
0.3901498317718506,253,-0.12890625
0.3915739059448242,254,-0.4640625
0.3930239677429199,255,-0.5285156249999999
0.3948798179626465,256,-1.26328125
0.3972809314727783,257,-0.12890625
0.39891982078552246,258,-0.30937499999999996
0.40041685104370117,259,-0.322265625
0.4023590087890625,260,-0.23203125
0.40407586097717285,261,0.038671874999999994
0.40538883209228516,262,-0.02578125
0.4065709114074707,263,-0.167578125
0.4077479839324951,264,-0.48984374999999997
0.4088869094848633,265,-0.631640625
0.4100069999694824,266,-1.0570312499999999
0.41112303733825684,267,-1.5726562499999999
0.4122769832611084,268,-0.103125
0.41344499588012695,269,-0.23203125
0.41466593742370605,270,-0.36093749999999997
0.4160888195037842,271,-0.37382812499999996
0.4176599979400635,272,-0.21914062499999998
0.41924595832824707,273,-0.322265625
0.4207589626312256,274,-0.12890625
0.42217302322387695,275,-0.0515625
0.4236159324645996,276,-0.141796875
0.4254469871520996,277,-0.515625
0.42789387702941895,278,-0.64453125
0.4295318126678467,279,-0.29648437499999997
0.43094897270202637,280,-0.37382812499999996
0.43285298347473145,281,-0.37382812499999996
0.43468785285949707,282,-0.28359375
0.4360239505767822,283,-0.270703125
0.43721890449523926,284,0.0
0.43836498260498047,285,-0.02578125
0.43949103355407715,286,-0.167578125
0.4406089782714844,287,-0.37382812499999996
0.4417269229888916,288,-0.6703125
0.44284987449645996,289,-0.8121093749999999
0.44395995140075684,290,-1.3792968749999999
0.44518184661865234,291,-1.533984375
0.4465799331665039,292,-0.103125
0.4480559825897217,293,-0.43828124999999996
0.4496300220489502,294,-0.36093749999999997
0.4512200355529785,295,-0.09023437499999999
0.45267391204833984,296,-0.18046874999999998
0.45409488677978516,297,0.038671874999999994
0.4559049606323242,298,-0.064453125
0.45831799507141113,299,-0.21914062499999998
0.45988988876342773,300,-0.399609375
0.4613368511199951,301,-1.26328125
0.46324586868286133,302,-0.2578125
0.4650230407714844,303,-0.29648437499999997
0.46633481979370117,304,-0.322265625
0.46761393547058105,305,-0.012890625
0.46877503395080566,306,-0.20625
0.4699108600616455,307,-0.167578125
0.4710240364074707,308,0.0
0.4721360206604004,309,-0.09023437499999999
0.4732489585876465,310,-0.2578125
0.47435688972473145,311,-0.580078125
0.47554492950439453,312,-0.6832031249999999
0.47701191902160645,313,-1.10859375
0.47847986221313477,314,-1.65
0.48003292083740234,315,-0.103125
0.4816148281097412,316,-0.37382812499999996
0.4830818176269531,317,-0.476953125
0.48455381393432617,318,-0.15468749999999998
0.4864358901977539,319,-0.167578125
0.4888639450073242,320,-0.02578125
0.4904208183288574,321,-0.103125
0.4919168949127197,322,-0.476953125
0.49388790130615234,323,-0.6187499999999999
0.4955878257751465,324,-1.5726562499999999
0.4969658851623535,325,-0.2578125
0.498201847076416,326,-0.36093749999999997
0.49936389923095703,327,-0.4640625
0.5005040168762207,328,-0.0515625
0.5016670227050781,329,-0.4125
0.5028109550476074,330,-0.30937499999999996
0.5039329528808594,331,-0.012890625
0.505051851272583,332,-0.0515625
0.5062530040740967,333,-0.167578125
0.5077190399169922,334,-0.37382812499999996
0.5091679096221924,335,-0.631640625
0.5107119083404541,336,-1.1214843749999999
0.512300968170166,337,-1.65
0.5137379169464111,338,-0.30937499999999996
0.515251874923706,339,-0.21914062499999998
0.5170369148254395,340,-0.515625
0.5195419788360596,341,-0.33515625
0.5212159156799316,342,0.193359375
0.5225908756256104,343,-0.09023437499999999
0.5244028568267822,344,-0.20625
0.5263290405273438,345,-0.554296875
0.5277290344238281,346,-1.2374999999999998
0.5289509296417236,347,-0.15468749999999998
0.5301079750061035,348,-0.2578125
0.5312299728393555,349,-0.554296875
0.532357931137085,350,-0.37382812499999996
0.533484935760498,351,-0.103125
0.5346019268035889,352,-0.270703125
0.5357179641723633,353,-0.43828124999999996
0.5369579792022705,354,-0.24492187499999998
0.5384068489074707,355,0.0
0.539841890335083,356,-0.167578125
0.5413999557495117,357,-0.42539062499999997
0.5429158210754395,358,-0.5671875
0.5442969799041748,359,-1.2503906249999999
0.5457038879394531,360,-0.20625
0.5475549697875977,361,-0.33515625
0.5499649047851562,362,-0.4640625
0.5515718460083008,363,-0.12890625
0.553048849105835,364,0.012890625
0.5549659729003906,365,0.0
0.556710958480835,366,-0.064453125
0.558121919631958,367,-0.4125
0.5593109130859375,368,-0.502734375
0.560467004776001,369,-1.173046875
0.5615949630737305,370,-1.65
0.5627059936523438,371,-0.02578125
0.5638120174407959,372,-0.29648437499999997
0.5649409294128418,373,-0.30937499999999996
0.5660598278045654,374,-0.5285156249999999
0.5672738552093506,375,-0.0515625
0.5686869621276855,376,-0.399609375
0.5701038837432861,377,-0.20625
0.5716190338134766,378,-0.02578125
0.5731499195098877,379,-0.07734374999999999
0.574577808380127,380,-0.399609375
0.576063871383667,381,-0.515625
0.5775959491729736,382,-1.1214843749999999
0.5799720287322998,383,-0.20625
0.5818638801574707,384,-0.20625
0.5832719802856445,385,-0.515625
0.5849230289459229,386,-0.33515625
0.5869808197021484,387,-0.270703125
0.5884349346160889,388,0.0
0.5896358489990234,389,-0.103125
0.5907919406890869,390,-0.4640625
0.5919229984283447,391,-0.6703125
0.5930488109588623,392,-0.928125
0.5941638946533203,393,-1.46953125
0.5952708721160889,394,0.0
0.5963728427886963,395,-0.2578125
0.5976438522338867,396,-0.4125
0.5990619659423828,397,-0.23203125
0.6005229949951172,398,-0.322265625
0.602043867111206,399,-0.64453125
0.603524923324585,400,-0.36093749999999997
0.6048479080200195,401,-0.02578125
0.6063339710235596,402,-0.141796875
0.608659029006958,403,-0.4125
0.6107769012451172,404,-0.54140625
0.6122269630432129,405,-1.65
0.614149808883667,406,-0.24492187499999998
0.61598801612854,407,-0.23203125
0.6173379421234131,408,-0.167578125
0.6185698509216309,409,-0.36093749999999997
0.6197209358215332,410,-0.23203125
0.6208369731903076,411,-0.0515625
0.6219749450683594,412,-0.103125
0.6230900287628174,413,-0.270703125
0.6242108345031738,414,-0.5285156249999999
0.6253290176391602,415,-0.6703125
0.6264350414276123,416,-1.0570312499999999
0.627647876739502,417,-1.5597656249999998
0.629086971282959,418,-0.20625
0.6305398941040039,419,-0.2578125
0.6321108341217041,420,-0.33515625
0.6336278915405273,421,-0.270703125
0.634976863861084,422,-0.20625
0.6362979412078857,423,-0.167578125
0.6381518840789795,424,0.0
0.6405019760131836,425,-0.116015625
0.642071008682251,426,-0.4125
0.6434838771820068,427,-0.760546875
0.6453549861907959,428,-1.4953124999999998
0.6472949981689453,429,-0.21914062499999998
0.6486740112304688,430,-0.36093749999999997
0.649878978729248,431,-0.20625
0.651453971862793,432,-0.322265625
0.652642011642456,433,-0.29648437499999997
0.6537778377532959,434,-0.103125
0.6549060344696045,435,-0.0515625
0.6560308933258057,436,-0.193359375
0.6571729183197021,437,-0.4125
0.658376932144165,438,-0.69609375
0.6597900390625,439,-0.79921875
0.6612520217895508,440,-1.482421875
0.6628029346466064,441,-0.167578125
0.6643698215484619,442,-0.2578125
0.6657898426055908,443,-0.28359375
0.6672379970550537,444,-0.116015625
0.6686868667602539,445,-0.54140625
0.6710939407348633,446,-0.23203125
0.672874927520752,447,-0.0515625
0.674278974533081,448,-0.21914062499999998
0.6759788990020752,449,-0.515625
0.6780450344085693,450,-1.03125
0.6795339584350586,451,0.012890625
0.6807758808135986,452,-0.322265625
0.6819438934326172,453,-0.2578125
0.6830768585205078,454,-0.37382812499999996
0.6841938495635986,455,-0.36093749999999997
0.6853189468383789,456,-0.4640625
0.686439037322998,457,-0.399609375
0.6875920295715332,458,0.0
0.6888048648834229,459,-0.0515625
0.6902158260345459,460,-0.23203125
0.691673994064331,461,-0.54140625
0.6932070255279541,462,-0.7218749999999999
0.6947448253631592,463,-1.456640625
0.696185827255249,464,-0.167578125
0.697767972946167,465,-0.38671875
0.6992340087890625,466,-0.29648437499999997
0.701732873916626,467,-0.103125
0.7035019397735596,468,-0.103125
0.7049050331115723,469,0.0
0.706449031829834,470,-0.15468749999999998
0.708420991897583,471,-0.42539062499999997
0.710150957107544,472,-0.6187499999999999
0.7114579677581787,473,-1.5597656249999998
0.7126398086547852,474,-0.064453125
0.71378493309021,475,-0.322265625
0.7149109840393066,476,-0.33515625
0.7160229682922363,477,-0.37382812499999996
0.7171618938446045,478,-0.103125
0.7182979583740234,479,-0.476953125
0.7195029258728027,480,-0.4640625
0.7208948135375977,481,-0.0515625
0.7223420143127441,482,-0.064453125
0.7238459587097168,483,-0.23203125
0.7254040241241455,484,-0.54140625
0.7268550395965576,485,-0.889453125
0.728402853012085,486,-1.611328125
0.7298238277435303,487,-0.0515625
0.7321419715881348,488,-0.399609375
0.7340538501739502,489,-0.42539062499999997
0.7354919910430908,490,-0.4640625
0.7370970249176025,491,-0.15468749999999998
0.7390539646148682,492,-0.012890625
0.7406480312347412,493,-0.20625
0.741912841796875,494,-0.5285156249999999
0.743088960647583,495,-0.8507812499999999
0.7442278861999512,496,-1.46953125
0.7453548908233643,497,-0.0515625
0.7464799880981445,498,-0.21914062499999998
0.7476298809051514,499,-0.54140625
0.7487378120422363,500,-0.37382812499999996
0.749953031539917,501,-0.4125
0.751356840133667,502,-0.30937499999999996
0.7528059482574463,503,-0.28359375
0.7543318271636963,504,-0.09023437499999999
0.7558648586273193,505,-0.064453125
0.7573709487915039,506,-0.20625
0.7588589191436768,507,-0.5285156249999999
0.760282039642334,508,-0.9410156249999999
0.7627890110015869,509,-1.611328125
0.7645328044891357,510,-0.2578125
0.7659440040588379,511,-0.322265625
0.7676348686218262,512,-0.20625
0.7695918083190918,513,-0.33515625
0.7710590362548828,514,-0.012890625
0.7722959518432617,515,-0.07734374999999999
0.7734830379486084,516,-0.20625
0.774616003036499,517,-0.54140625
0.7757308483123779,518,-0.580078125
0.7768509387969971,519,-1.16015625
0.7780468463897705,520,-1.65
0.7791829109191895,521,-0.09023437499999999
0.7803928852081299,522,-0.37382812499999996
0.7817938327789307,523,-0.37382812499999996
0.7832839488983154,524,-0.4125
0.7847268581390381,525,-0.399609375
0.7862880229949951,526,-0.29648437499999997
0.7877688407897949,527,-0.038671874999999994
0.7892179489135742,528,-0.103125
0.7905960083007812,529,-0.20625
0.7928609848022461,530,-0.515625
0.7948489189147949,531,-0.95390625
0.7963099479675293,532,-0.42539062499999997
0.7978928089141846,533,-0.37382812499999996
0.7998900413513184,534,-0.554296875
0.8016009330749512,535,-0.167578125
0.8028829097747803,536,0.15468749999999998
0.804095983505249,537,-0.012890625
0.8053109645843506,538,-0.0515625
0.806466817855835,539,-0.20625
0.8076188564300537,540,-0.4640625
0.8087599277496338,541,-0.54140625
0.8098869323730469,542,-1.044140625
0.8111109733581543,543,-1.585546875
0.81253981590271,544,-0.103125
0.8140268325805664,545,-0.29648437499999997
0.8155078887939453,546,-0.33515625
0.817126989364624,547,-0.20625
0.8186979293823242,548,-0.33515625
0.8201339244842529,549,-0.09023437499999999
0.8215830326080322,550,-0.012890625
0.8230488300323486,551,-0.103125
0.8251419067382812,552,-0.4125
0.8273098468780518,553,-0.4640625
0.8288190364837646,554,-1.65
0.8302469253540039,555,-0.2578125
0.8321268558502197,556,-0.399609375
0.8340389728546143,557,-0.631640625
0.8354489803314209,558,-0.4640625
0.8366429805755615,559,-0.116015625
0.8378198146820068,560,0.0
0.8389568328857422,561,-0.103125
0.8400859832763672,562,-0.23203125
0.8412988185882568,563,-0.631640625
0.8427128791809082,564,-0.64453125
0.8441629409790039,565,-1.3148437499999999
0.8457379341125488,566,-0.103125
0.8472788333892822,567,-0.24492187499999998
0.848701000213623,568,-0.23203125
0.850104808807373,569,-0.37382812499999996
0.8514258861541748,570,-0.270703125
0.8537449836730957,571,-0.20625
0.8556740283966064,572,-0.012890625
0.8572039604187012,573,-0.141796875
0.8588409423828125,574,-0.515625
0.860821008682251,575,-0.79921875
0.862360954284668,576,-1.65
0.8635938167572021,577,-0.348046875
0.8647568225860596,578,-0.4640625
0.8659029006958008,579,-0.42539062499999997
0.8671219348907471,580,-0.18046874999999998
0.8682808876037598,581,-0.4125
0.8694138526916504,582,-0.322265625
0.8705289363861084,583,-0.012890625
0.871737003326416,584,-0.0515625
0.8731348514556885,585,-0.23203125
0.8745989799499512,586,-0.476953125
0.8762679100036621,587,-0.605859375
0.8781948089599609,588,-1.276171875
0.8800179958343506,589,-0.193359375
0.8816869258880615,590,-0.43828124999999996
0.8838059902191162,591,-0.36093749999999997
0.8860828876495361,592,-0.322265625
0.8876628875732422,593,0.29648437499999997
0.889171838760376,594,-0.07734374999999999
0.8911559581756592,595,-0.2578125
0.8929779529571533,596,-0.515625
0.8944158554077148,597,-1.276171875
0.8956208229064941,598,-0.270703125
0.8967769145965576,599,-0.29648437499999997
0.8980209827423096,600,-0.4125
0.899169921875,601,-0.476953125
0.900291919708252,602,-0.0515625
0.9014120101928711,603,-0.4125
0.902634859085083,604,-0.37382812499999996
0.9040508270263672,605,-0.07734374999999999
0.9055368900299072,606,-0.02578125
0.9071218967437744,607,-0.20625
0.908707857131958,608,-0.5929687499999999
0.9101958274841309,609,-0.863671875
0.9116079807281494,610,-1.611328125
0.9130358695983887,611,-0.02578125
0.915431022644043,612,-0.4640625
0.9173579216003418,613,-0.43828124999999996
0.9188368320465088,614,-0.476953125
0.9202899932861328,615,-0.12890625
0.922231912612915,616,-0.02578125
0.923940896987915,617,-0.167578125
0.9252970218658447,618,-0.5671875
0.9265048503875732,619,-0.889453125
0.9276738166809082,620,-1.52109375
0.9288239479064941,621,-0.30937499999999996
0.9299538135528564,622,-0.270703125
0.9310739040374756,623,-0.322265625
0.9321939945220947,624,-0.37382812499999996
0.9334099292755127,625,-0.29648437499999997
0.9348788261413574,626,-0.30937499999999996
0.9364290237426758,627,-0.2578125
0.937870979309082,628,-0.012890625
0.9392068386077881,629,-0.103125
0.9405028820037842,630,-0.2578125
0.9419829845428467,631,-0.580078125
0.9434218406677246,632,-0.9152343749999999
0.9458060264587402,633,-1.5726562499999999
0.9478809833526611,634,-0.23203125
0.9493308067321777,635,-0.33515625
0.9509158134460449,636,-0.103125
0.9528579711914062,637,-0.322265625
0.95442795753479,638,0.012890625
0.9557039737701416,639,-0.103125
0.9568688869476318,640,-0.270703125
0.9581129550933838,641,-0.6187499999999999
0.9592678546905518,642,-0.734765625
0.9604058265686035,643,-1.340625
0.9615278244018555,644,-1.65
0.9626278877258301,645,-0.02578125
0.9638359546661377,646,-0.322265625
0.9652488231658936,647,-0.37382812499999996
0.9667189121246338,648,-0.30937499999999996
0.9683430194854736,649,-0.2578125
0.9698729515075684,650,-0.21914062499999998
