time,count,voltage
0.005509853363037109,1,0.193359375
0.007083892822265625,2,0.0
0.00850987434387207,3,-0.064453125
0.009909868240356445,4,-0.24492187499999998
0.011715888977050781,5,-0.399609375
0.013512849807739258,6,-1.044140625
0.015249013900756836,7,-0.012890625
0.016992807388305664,8,-0.20625
0.01859283447265625,9,-0.28359375
0.020265817642211914,10,0.0
0.021878957748413086,11,0.012890625
0.023302793502807617,12,0.0
0.0246889591217041,13,0.0
0.026050806045532227,14,-0.064453125
0.02761101722717285,15,-0.37382812499999996
0.02933788299560547,16,-0.6703125
0.031114816665649414,17,-1.611328125
0.032917022705078125,18,-0.09023437499999999
0.03480696678161621,19,-0.23203125
0.03655195236206055,20,-0.07734374999999999
0.03838491439819336,21,-0.23203125
0.04005289077758789,22,0.0
0.041812896728515625,23,-0.012890625
0.04356193542480469,24,-0.193359375
0.04586482048034668,25,-0.322265625
0.04877185821533203,26,-1.327734375
0.050650835037231445,27,-0.116015625
0.052407026290893555,28,-0.43828124999999996
0.05428600311279297,29,-0.322265625
0.056497812271118164,30,0.038671874999999994
0.058702945709228516,31,0.012890625
0.06059002876281738,32,-0.20625
0.0622868537902832,33,-0.451171875
0.06373095512390137,34,-1.456640625
0.06511902809143066,35,0.0
0.06648898124694824,36,-0.141796875
0.06785988807678223,37,-0.2578125
0.06923198699951172,38,-0.193359375
0.07060098648071289,39,-0.33515625
0.07200479507446289,40,-0.167578125
0.07337689399719238,41,0.0
0.07472395896911621,42,-0.012890625
0.07607388496398926,43,-0.064453125
0.07744002342224121,44,-0.4125
0.07879495620727539,45,-0.6832031249999999
0.08015084266662598,46,-1.456640625
0.08156085014343262,47,-0.012890625
0.0830240249633789,48,-0.116015625
0.08450889587402344,49,-0.116015625
0.0861968994140625,50,-0.167578125
0.08796286582946777,51,-0.30937499999999996
0.08969402313232422,52,0.09023437499999999
0.09164094924926758,53,0.0
0.09354400634765625,54,-0.103125
0.09529685974121094,55,-0.33515625
0.09696483612060547,56,-1.198828125
0.09995484352111816,57,0.0
0.10202789306640625,58,-0.0515625
0.1037759780883789,59,-0.02578125
0.10583782196044922,60,0.064453125
0.10819196701049805,61,0.012890625
0.10996580123901367,62,-0.012890625
0.1113898754119873,63,-0.30937499999999996
0.11314892768859863,64,-0.992578125
0.11471700668334961,65,0.0
0.11618781089782715,66,-0.0515625
0.1177678108215332,67,-0.167578125
0.11920499801635742,68,-0.18046874999999998
0.12055087089538574,69,-0.29648437499999997
0.12194490432739258,70,-0.116015625
0.12419581413269043,71,-0.012890625
0.12622690200805664,72,-0.02578125
0.1277170181274414,73,-0.37382812499999996
0.1297469139099121,74,-0.825
0.13137388229370117,75,-1.65
0.13272595405578613,76,-0.012890625
0.13389992713928223,77,-0.0515625
0.13503479957580566,78,-0.554296875
0.1361680030822754,79,-0.09023437499999999
0.1373288631439209,80,-0.29648437499999997
0.13850879669189453,81,-0.167578125
0.13964581489562988,82,0.012890625
0.1407759189605713,83,-0.012890625
0.14196491241455078,84,-0.012890625
0.1431868076324463,85,-0.322265625
0.14455580711364746,86,-0.4640625
0.14598798751831055,87,-1.00546875
0.14755797386169434,88,-1.65
0.1491069793701172,89,0.0
0.15053701400756836,90,-0.0515625
0.15202093124389648,91,-0.33515625
0.15390491485595703,92,-0.20625
0.15627384185791016,93,-0.141796875
0.15784096717834473,94,-0.012890625
0.15939879417419434,95,-0.038671874999999994
0.16133880615234375,96,-0.4125
0.16301202774047852,97,-0.90234375
0.16428589820861816,98,0.0
0.1654658317565918,99,-0.0515625
0.16660189628601074,100,-0.18046874999999998
0.16773295402526855,101,-0.28359375
0.16884493827819824,102,-0.103125
0.16994690895080566,103,-0.29648437499999997
0.17105388641357422,104,-0.322265625
0.17221784591674805,105,-0.116015625
0.1734309196472168,106,0.0
0.17485785484313965,107,-0.012890625
0.17629599571228027,108,-0.103125
0.1778090000152588,109,-0.37382812499999996
0.17937088012695312,110,-0.8765624999999999
0.18083500862121582,111,-1.65
0.1823728084564209,112,0.0
0.18421101570129395,113,-0.103125
0.18660783767700195,114,-0.270703125
0.18822193145751953,115,-0.103125
0.18984293937683105,116,0.0
0.19190001487731934,117,0.0
0.19347190856933594,118,-0.15468749999999998
0.1947329044342041,119,-0.30937499999999996
0.19591188430786133,120,-1.044140625
0.19706296920776367,121,-1.65
0.19818687438964844,122,0.0
0.19928979873657227,123,-0.09023437499999999
0.20041179656982422,124,-0.15468749999999998
0.2015988826751709,125,-0.4125
0.20272302627563477,126,-0.09023437499999999
0.20393896102905273,127,-0.33515625
0.20537686347961426,128,-0.193359375
0.20682501792907715,129,0.0
0.2083418369293213,130,-0.012890625
0.20987796783447266,131,-0.167578125
0.2112889289855957,132,-0.38671875
0.21286702156066895,133,-1.00546875
0.2145528793334961,134,-1.611328125
0.21705985069274902,135,-0.038671874999999994
0.21867680549621582,136,-0.33515625
0.2201550006866455,137,-0.24492187499999998
0.22220587730407715,138,-0.167578125
0.22401690483093262,139,0.0
0.2253108024597168,140,-0.02578125
0.22648286819458008,141,-0.33515625
0.2276148796081543,142,-0.451171875
0.2287440299987793,143,-0.9410156249999999
0.22986793518066406,144,-1.5726562499999999
0.23097896575927734,145,0.0
0.2321150302886963,146,-0.07734374999999999
0.23323297500610352,147,-0.193359375
0.23442983627319336,148,-0.322265625
0.23590683937072754,149,-0.141796875
0.23746991157531738,150,-0.20625
0.23907995223999023,151,0.038671874999999994
0.24058079719543457,152,0.0
0.24199390411376953,153,-0.02578125
0.2435758113861084,154,-0.270703125
0.2454228401184082,155,-0.4125
0.24782991409301758,156,-1.173046875
0.24936485290527344,157,0.0
0.25084996223449707,158,0.0
0.2528669834136963,159,-0.28359375
0.2546520233154297,160,-0.167578125
0.2559518814086914,161,0.30937499999999996
0.25711679458618164,162,0.0
0.2582359313964844,163,-0.02578125
0.25940585136413574,164,-0.21914062499999998
0.26053285598754883,165,-0.43828124999999996
0.2617299556732178,166,-0.708984375
0.262847900390625,167,-1.353515625
0.2639479637145996,168,0.0
0.26512885093688965,169,0.0
0.26653599739074707,170,-0.2578125
0.26894092559814453,171,-0.24492187499999998
0.2706029415130615,172,-0.37382812499999996
0.27219200134277344,173,-0.064453125
0.27365684509277344,174,0.012890625
0.2749819755554199,175,-0.0515625
0.27712082862854004,176,-0.21914062499999998
0.27926087379455566,177,-0.37382812499999996
0.2807598114013672,178,-1.52109375
0.2825789451599121,179,-0.012890625
0.28464293479919434,180,-0.09023437499999999
0.28602099418640137,181,-0.103125
0.2872028350830078,182,-0.37382812499999996
0.2883419990539551,183,-0.20625
0.28948187828063965,184,0.0
0.29059290885925293,185,-0.012890625
0.29175400733947754,186,-0.012890625
0.2928798198699951,187,-0.30937499999999996
0.2939949035644531,188,-0.43828124999999996
0.2951979637145996,189,-0.7863281249999999
0.296644926071167,190,-1.4437499999999999
0.2980918884277344,191,0.0
0.29971885681152344,192,0.0
0.3013169765472412,193,-0.103125
0.30292582511901855,194,-0.0515625
0.3043398857116699,195,-0.270703125
0.3061838150024414,196,0.012890625
0.3086209297180176,197,0.0
0.3101058006286621,198,-0.18046874999999998
0.31186890602111816,199,-0.36093749999999997
0.31403183937072754,200,-1.0570312499999999
0.3155069351196289,201,0.0
0.3167610168457031,202,-0.15468749999999998
0.3179049491882324,203,-0.37382812499999996
0.31903791427612305,204,-0.20625
0.3201467990875244,205,-0.399609375
0.32124900817871094,206,-0.322265625
0.32245683670043945,207,-0.012890625
0.3236258029937744,208,-0.012890625
0.32477498054504395,209,-0.02578125
0.32596302032470703,210,-0.141796875
0.32737183570861816,211,-0.451171875
0.3288419246673584,212,-0.6832031249999999
0.3303859233856201,213,-1.52109375
0.331981897354126,214,0.0
0.3335440158843994,215,-0.23203125
0.3353579044342041,216,-0.37382812499999996
0.33766698837280273,217,-0.36093749999999997
0.3396899700164795,218,-0.012890625
0.34111690521240234,219,-0.012890625
0.34291601181030273,220,-0.0515625
0.34482598304748535,221,-0.37382812499999996
0.34667301177978516,222,-1.03125
0.34798693656921387,223,0.0
0.34915685653686523,224,-0.0515625
0.3503119945526123,225,-0.0515625
0.35150694847106934,226,-0.29648437499999997
0.35266685485839844,227,-0.09023437499999999
0.3537909984588623,228,-0.348046875
0.35489797592163086,229,-0.2578125
0.3561239242553711,230,0.012890625
0.35758185386657715,231,-0.012890625
0.35905885696411133,232,-0.012890625
0.36062002182006836,233,-0.348046875
0.36221885681152344,234,-0.580078125
0.3636608123779297,235,-1.4953124999999998
0.36513686180114746,236,0.0
0.36693382263183594,237,-0.12890625
0.3692448139190674,238,-0.28359375
0.3708219528198242,239,-0.24492187499999998
0.3725290298461914,240,0.07734374999999999
0.3746309280395508,241,0.0
0.37621593475341797,242,-0.02578125
0.3774528503417969,243,-0.33515625
0.3786029815673828,244,-0.7863281249999999
0.3797588348388672,245,-1.4437499999999999
0.38088393211364746,246,-0.012890625
0.3821089267730713,247,-0.0515625
0.38324999809265137,248,-0.18046874999999998
0.3843669891357422,249,-0.4125
0.3854668140411377,250,-0.0515625
0.3866539001464844,251,-0.270703125
0.38811492919921875,252,-0.2578125
0.3896307945251465,253,0.0
0.391157865524292,254,-0.012890625
0.39293384552001953,255,-0.012890625
0.39435791969299316,256,-0.38671875
0.395766019821167,257,-0.8765624999999999
0.3976588249206543,258,-1.65
0.3999598026275635,259,0.0
0.4015510082244873,260,-0.167578125
0.40308690071105957,261,-0.116015625
0.40534281730651855,262,-0.270703125
0.40697193145751953,263,-0.012890625
0.40830397605895996,264,-0.064453125
0.4094719886779785,265,-0.2578125
0.41058802604675293,266,-0.476953125
0.41175079345703125,267,-0.7863281249999999
0.41289281845092773,268,-1.3921875
0.41400980949401855,269,0.0
0.41510987281799316,270,0.012890625
0.41620397567749023,271,-0.20625
0.41741085052490234,272,-0.15468749999999998
0.4188218116760254,273,-0.167578125
0.4203188419342041,274,-0.33515625
0.4219658374786377,275,-0.193359375
0.4235808849334717,276,0.012890625
0.42500901222229004,277,-0.012890625
0.4264249801635742,278,-0.20625
0.42812490463256836,279,-0.4125
0.43078184127807617,280,-0.966796875
0.4323608875274658,281,-0.0515625
0.4338088035583496,282,-0.103125
0.4358479976654053,283,-0.30937499999999996
0.4376678466796875,284,-0.29648437499999997
0.4389657974243164,285,0.193359375
0.4401588439941406,286,0.0
0.44127798080444336,287,-0.0515625
0.44249582290649414,288,-0.15468749999999998
0.44362688064575195,289,-0.4125
0.44498491287231445,290,-0.580078125
0.446152925491333,291,-1.353515625
0.4473609924316406,292,0.0
0.44875192642211914,293,0.0
0.45020294189453125,294,0.0
0.45182299613952637,295,-0.38671875
0.4534628391265869,296,-0.103125
0.4549698829650879,297,-0.02578125
0.4564030170440674,298,0.012890625
0.45786285400390625,299,-0.012890625
0.46044087409973145,300,-0.038671874999999994
0.4623258113861084,301,-0.30937499999999996
0.46375489234924316,302,-1.4308593749999998
0.46560192108154297,303,0.0
0.46755385398864746,304,-0.20625
0.4691779613494873,305,-0.4125
0.4707679748535156,306,-0.15468749999999998
0.47261500358581543,307,0.064453125
0.4741818904876709,308,0.0
0.47559094429016113,309,0.012890625
0.47681689262390137,310,-0.43828124999999996
0.47808289527893066,311,-0.43828124999999996
0.47954392433166504,312,-1.1859374999999999
0.48099589347839355,313,0.0
0.48255300521850586,314,0.0
0.484083890914917,315,-0.02578125
0.4855790138244629,316,-0.322265625
0.48691701889038086,317,-0.33515625
0.4894428253173828,318,-0.141796875
0.4911339282989502,319,0.0
0.4928247928619385,320,-0.02578125
0.4948148727416992,321,-0.4125
0.4965219497680664,322,-0.9796874999999999
0.49781298637390137,323,0.0
0.49896693229675293,324,-0.064453125
0.5001068115234375,325,-0.012890625
0.501323938369751,326,-0.399609375
0.5025579929351807,327,-0.167578125
0.5037178993225098,328,-0.4125
0.5048468112945557,329,-0.28359375
0.5059750080108643,330,0.0
0.5070719718933105,331,-0.012890625
0.5083119869232178,332,-0.02578125
0.5097529888153076,333,-0.23203125
0.5111880302429199,334,-0.451171875
0.512847900390625,335,-1.044140625
0.5143020153045654,336,-1.65
0.5156497955322266,337,-0.064453125
0.5170338153839111,338,-0.116015625
0.5195529460906982,339,-0.29648437499999997
0.5214009284973145,340,-0.2578125
0.5229909420013428,341,-0.012890625
0.5251078605651855,342,-0.012890625
0.526824951171875,343,-0.12890625
0.5280959606170654,344,-0.30937499999999996
0.529263973236084,345,-1.1214843749999999
0.5304009914398193,346,-1.65
0.531620979309082,347,0.0
0.5328128337860107,348,-0.15468749999999998
0.5339508056640625,349,-0.18046874999999998
0.5350658893585205,350,-0.20625
0.5362098217010498,351,-0.167578125
0.5373070240020752,352,-0.270703125
0.5384988784790039,353,-0.167578125
0.5399429798126221,354,0.012890625
0.5415298938751221,355,-0.012890625
0.5432980060577393,356,-0.15468749999999998
0.5447609424591064,357,-0.37382812499999996
0.5461978912353516,358,-1.095703125
0.547523021697998,359,-0.64453125
0.5501530170440674,360,0.0
0.5519180297851562,361,-0.141796875
0.5533199310302734,362,-0.02578125
0.5552108287811279,363,-0.038671874999999994
0.5572738647460938,364,0.0
0.5585899353027344,365,-0.012890625
0.559755802154541,366,-0.33515625
0.5608768463134766,367,-0.4640625
0.5620779991149902,368,-0.966796875
0.5632009506225586,369,-1.611328125
0.5643839836120605,370,0.0
0.5654938220977783,371,-0.103125
0.5666158199310303,372,-0.116015625
0.5677478313446045,373,-0.37382812499999996
0.5689430236816406,374,-0.21914062499999998
0.5703599452972412,375,-0.28359375
0.5718250274658203,376,-0.167578125
0.573483943939209,377,-0.012890625
0.5750019550323486,378,-0.02578125
0.576361894607544,379,-0.23203125
0.5777149200439453,380,-0.476953125
0.5801098346710205,381,-1.00546875
0.5821888446807861,382,-0.193359375
0.583582878112793,383,-0.193359375
0.5854518413543701,384,-0.322265625
0.587432861328125,385,-0.20625
0.5888729095458984,386,0.15468749999999998
0.5900700092315674,387,0.0
0.5912058353424072,388,-0.02578125
0.592357873916626,389,-0.0515625
0.5934648513793945,390,-0.37382812499999996
0.594566822052002,391,-0.502734375
0.5956618785858154,392,-1.16015625
0.5968039035797119,393,-1.65
0.5979068279266357,394,0.0
0.5990939140319824,395,-0.09023437499999999
0.6006119251251221,396,-0.103125
0.6023008823394775,397,-0.30937499999999996
0.6036818027496338,398,-0.270703125
0.6051650047302246,399,-0.103125
0.6065897941589355,400,0.0
0.608043909072876,401,-0.02578125
0.6097779273986816,402,-0.167578125
0.6121478080749512,403,-0.399609375
0.613825798034668,404,-1.3019531249999998
0.615293025970459,405,0.0
0.6172230243682861,406,-0.20625
0.619006872177124,407,-0.2578125
0.6203939914703369,408,-0.21914062499999998
0.6217339038848877,409,-0.09023437499999999
0.6229228973388672,410,0.0
0.6240479946136475,411,-0.012890625
0.6251540184020996,412,-0.02578125
0.6262547969818115,413,-0.322265625
0.6273729801177979,414,-0.43828124999999996
0.6285059452056885,415,-0.8765624999999999
0.6297798156738281,416,-1.5082031249999999
0.631201982498169,417,0.0
0.6327729225158691,418,-0.0515625
0.6343188285827637,419,-0.15468749999999998
0.6358418464660645,420,-0.270703125
0.6373488903045654,421,-0.322265625
0.6387879848480225,422,-0.0515625
0.6403598785400391,423,0.0
0.6430699825286865,424,-0.012890625
0.6447668075561523,425,-0.36093749999999997
0.6462419033050537,426,-1.0828125
0.648317813873291,427,-0.21914062499999998
0.6500058174133301,428,-0.103125
0.6513218879699707,429,-0.322265625
0.6526169776916504,430,-0.141796875
0.6538288593292236,431,-0.37382812499999996
0.654965877532959,432,-0.193359375
0.6560728549957275,433,0.0
0.6571698188781738,434,-0.012890625
0.6582608222961426,435,-0.012890625
0.6594078540802002,436,-0.270703125
0.6606028079986572,437,-0.5285156249999999
0.6621608734130859,438,-0.8121093749999999
0.6636688709259033,439,-1.611328125
0.665215015411377,440,0.0
0.6667468547821045,441,-0.167578125
0.6682078838348389,442,-0.322265625
0.6697440147399902,443,-0.18046874999999998
0.6716499328613281,444,-0.20625
