time,count,voltage
0.005650997161865234,1,-0.0515625
0.007231950759887695,2,-0.09023437499999999
0.008687973022460938,3,-0.7863281249999999
0.01007390022277832,4,-1.611328125
0.01149892807006836,5,-0.07734374999999999
0.012902975082397461,6,-0.116015625
0.014312982559204102,7,-0.167578125
0.01577305793762207,8,-0.064453125
0.017451047897338867,9,-0.193359375
0.019382953643798828,10,-0.02578125
0.021429061889648438,11,-0.012890625
0.022999048233032227,12,-0.15468749999999998
0.024558067321777344,13,-0.29648437499999997
0.02622699737548828,14,-1.1859374999999999
0.027730941772460938,15,-0.0515625
0.02918386459350586,16,-0.116015625
0.030646085739135742,17,-0.20625
0.03219199180603027,18,-0.103125
0.03383898735046387,19,-0.322265625
0.035578012466430664,20,0.0
0.037348031997680664,21,-0.012890625
0.03925895690917969,22,-0.103125
0.04107189178466797,23,-0.07734374999999999
0.04279208183288574,24,-0.9796874999999999
0.044580936431884766,25,-0.24492187499999998
0.046263933181762695,26,-0.21914062499999998
0.04793691635131836,27,-0.28359375
0.04958796501159668,28,-0.38671875
0.05154109001159668,29,-0.21914062499999998
0.05424189567565918,30,0.0
0.056752920150756836,31,-0.02578125
0.05859208106994629,32,-0.36093749999999997
0.06093597412109375,33,-1.4308593749999998
0.0632479190826416,34,-0.012890625
0.06499195098876953,35,-0.21914062499999998
0.06665396690368652,36,-0.20625
0.06838202476501465,37,-0.012890625
0.06993699073791504,38,0.0
0.07138800621032715,39,-0.012890625
0.07279300689697266,40,-0.23203125
0.07416105270385742,41,-0.20625
0.07551693916320801,42,-1.018359375
0.07690095901489258,43,-1.65
0.07829689979553223,44,-0.02578125
0.07964491844177246,45,-0.0515625
0.08099198341369629,46,-0.193359375
0.08243989944458008,47,-0.167578125
0.08391594886779785,48,-0.20625
0.08601689338684082,49,0.064453125
0.08817100524902344,50,0.0
0.09001708030700684,51,-0.167578125
0.09193205833435059,52,-0.33515625
0.09376907348632812,53,-1.4308593749999998
0.09520292282104492,54,-0.038671874999999994
0.09659194946289062,55,0.0
0.09891700744628906,56,-0.141796875
0.10103702545166016,57,-0.167578125
0.10244393348693848,58,0.0
0.10435891151428223,59,-0.012890625
0.10617399215698242,60,-0.103125
0.10748791694641113,61,-0.12890625
0.10870885848999023,62,-1.018359375
0.10985088348388672,63,-1.65
0.11105990409851074,64,-0.02578125
0.11225700378417969,65,-0.20625
0.11367297172546387,66,-0.21914062499999998
0.11520195007324219,67,-0.116015625
0.11684799194335938,68,-0.399609375
0.11852407455444336,69,-0.167578125
0.12004709243774414,70,0.012890625
0.12154197692871094,71,-0.012890625
0.12309598922729492,72,-0.20625
0.12583303451538086,73,-0.2578125
0.1274120807647705,74,-1.611328125
0.1287539005279541,75,-0.141796875
0.13062000274658203,76,-0.103125
0.13265299797058105,77,-0.0515625
0.13412189483642578,78,-0.141796875
0.1353459358215332,79,0.0
0.1365060806274414,80,0.0
0.13761305809020996,81,-0.012890625
0.13871288299560547,82,-0.20625
0.1398448944091797,83,-0.20625
0.14105987548828125,84,-0.54140625
0.14228487014770508,85,-1.2503906249999999
0.14368796348571777,86,-0.476953125
0.14514398574829102,87,0.0
0.14665699005126953,88,-0.0515625
0.14832305908203125,89,-0.0515625
0.1498889923095703,90,-0.193359375
0.15157198905944824,91,-0.02578125
0.1533830165863037,92,0.012890625
0.15575885772705078,93,-0.012890625
0.15743207931518555,94,-0.103125
0.15885496139526367,95,-0.90234375
0.160783052444458,96,-1.65
0.1626279354095459,97,-0.103125
0.16399002075195312,98,-0.2578125
0.16524791717529297,99,-0.103125
0.16640686988830566,100,-0.37382812499999996
0.16756200790405273,101,-0.270703125
0.16867995262145996,102,0.012890625
0.16978192329406738,103,0.012890625
0.17090392112731934,104,-0.012890625
0.1720139980316162,105,-0.193359375
0.17323589324951172,106,-0.20625
0.1746370792388916,107,-0.6187499999999999
0.17608904838562012,108,-1.340625
0.17763400077819824,109,-0.103125
0.17929291725158691,110,-0.103125
0.1809089183807373,111,-0.21914062499999998
0.1825098991394043,112,-0.103125
0.18447089195251465,113,-0.167578125
0.18701696395874023,114,0.038671874999999994
0.18859291076660156,115,-0.012890625
0.19011592864990234,116,-0.07734374999999999
0.19210505485534668,117,-0.515625
0.19381999969482422,118,-1.482421875
0.19511699676513672,119,-0.07734374999999999
0.19639086723327637,120,-0.09023437499999999
0.197584867477417,121,-0.167578125
0.19872093200683594,122,-0.12890625
0.1998438835144043,123,-0.29648437499999997
0.2010490894317627,124,-0.2578125
0.20217609405517578,125,0.0
0.2033689022064209,126,-0.012890625
0.20487499237060547,127,-0.012890625
0.20649504661560059,128,-0.20625
0.20793700218200684,129,-0.348046875
0.2093648910522461,130,-1.21171875
0.21085000038146973,131,-0.09023437499999999
0.21244406700134277,132,-0.02578125
0.21441006660461426,133,-0.270703125
0.21689796447753906,134,-0.103125
0.21845006942749023,135,0.29648437499999997
0.2200150489807129,136,0.0
0.22205686569213867,137,-0.012890625
0.223768949508667,138,-0.15468749999999998
0.2250809669494629,139,-0.760546875
0.2262570858001709,140,-1.533984375
0.22743606567382812,141,-0.038671874999999994
0.2286059856414795,142,-0.064453125
0.2297649383544922,143,-0.141796875
0.23090791702270508,144,-0.116015625
0.23205304145812988,145,-0.116015625
0.23316693305969238,146,-0.29648437499999997
0.23435592651367188,147,-0.23203125
0.23573994636535645,148,-0.012890625
0.23727703094482422,149,-0.012890625
0.23885703086853027,150,-0.0515625
0.24042105674743652,151,-0.167578125
0.24200701713562012,152,-0.7863281249999999
0.24351096153259277,153,-1.611328125
0.2461230754852295,154,-0.0515625
0.24788308143615723,155,-0.18046874999999998
0.24933600425720215,156,-0.36093749999999997
0.25154900550842285,157,-0.29648437499999997
0.2532989978790283,158,0.012890625
0.25462794303894043,159,-0.012890625
0.25580501556396484,160,-0.20625
0.25698304176330566,161,-0.15468749999999998
0.258120059967041,162,-0.8121093749999999
0.25926804542541504,163,-1.456640625
0.26042604446411133,164,-0.012890625
0.2616879940032959,165,-0.103125
0.2628169059753418,166,0.0
0.2639279365539551,167,-0.21914062499999998
0.26511597633361816,168,-0.064453125
0.2665078639984131,169,-0.43828124999999996
0.26805996894836426,170,-0.270703125
0.2697160243988037,171,0.012890625
0.27137088775634766,172,-0.02578125
0.2728910446166992,173,-0.167578125
0.27442407608032227,174,-0.23203125
0.276716947555542,175,-1.095703125
0.27895498275756836,176,-0.07734374999999999
0.28055286407470703,177,-0.167578125
0.2821688652038574,178,-0.12890625
0.28433704376220703,179,-0.36093749999999997
0.2860078811645508,180,-0.012890625
0.287276029586792,181,-0.0515625
0.28843188285827637,182,-0.12890625
0.28955888748168945,183,-0.167578125
0.2906959056854248,184,-0.33515625
0.29186391830444336,185,-1.0570312499999999
0.29299092292785645,186,-1.65
0.2941398620605469,187,0.0
0.2953360080718994,188,-0.15468749999999998
0.29690098762512207,189,-0.15468749999999998
0.29837989807128906,190,-0.09023437499999999
0.3000469207763672,191,-0.36093749999999997
0.3016989231109619,192,-0.12890625
0.3031649589538574,193,0.0
0.304624080657959,194,-0.012890625
0.3065328598022461,195,-0.20625
0.3088810443878174,196,-0.103125
0.3104698657989502,197,-1.4953124999999998
0.31209301948547363,198,0.0
0.31406593322753906,199,-0.103125
0.3158140182495117,200,-0.07734374999999999
0.3172008991241455,201,-0.09023437499999999
0.3184049129486084,202,0.09023437499999999
0.3195610046386719,203,0.0
0.32070398330688477,204,-0.02578125
0.3218200206756592,205,-0.167578125
0.32292604446411133,206,-0.23203125
0.3240349292755127,207,-0.399609375
0.3251969814300537,208,-1.1214843749999999
0.3263850212097168,209,-1.65
0.3278188705444336,210,0.0
0.32927393913269043,211,-0.12890625
0.330859899520874,212,-0.2578125
0.332597017288208,213,-0.064453125
0.3341519832611084,214,-0.15468749999999998
0.33569908142089844,215,0.0
0.3374810218811035,216,-0.012890625
0.33982396125793457,217,-0.0515625
0.34148597717285156,218,-0.21914062499999998
0.3437979221343994,219,-1.2890625
0.34679293632507324,220,-0.064453125
0.348146915435791,221,-0.038671874999999994
0.34938502311706543,222,-0.270703125
0.35063695907592773,223,-0.29648437499999997
0.35179591178894043,224,-0.012890625
0.3529200553894043,225,0.0
0.35402607917785645,226,-0.02578125
0.35512590408325195,227,-0.12890625
0.3563809394836426,228,-0.18046874999999998
0.3578910827636719,229,-0.43828124999999996
0.3594238758087158,230,-1.2374999999999998
0.36103200912475586,231,-0.02578125
0.3626129627227783,232,-0.20625
0.36423587799072266,233,-0.20625
0.3657660484313965,234,-0.064453125
0.3675549030303955,235,-0.15468749999999998
0.36995697021484375,236,0.038671874999999994
0.3715510368347168,237,-0.012890625
0.3730330467224121,238,-0.167578125
0.37503695487976074,239,-0.29648437499999997
0.3768739700317383,240,-1.2890625
0.3781759738922119,241,-0.064453125
0.3794078826904297,242,-0.141796875
0.38065600395202637,243,-0.2578125
0.3818368911743164,244,-0.116015625
0.3829810619354248,245,-0.37382812499999996
0.38409900665283203,246,-0.29648437499999997
0.3852109909057617,247,0.02578125
0.38638901710510254,248,-0.012890625
0.3878040313720703,249,-0.012890625
0.3893308639526367,250,-0.20625
0.3909308910369873,251,-0.0515625
0.3926360607147217,252,-0.966796875
0.3944220542907715,253,-0.038671874999999994
0.3961939811706543,254,-0.0515625
0.39858102798461914,255,-0.2578125
0.4006650447845459,256,-0.29648437499999997
0.4021458625793457,257,0.28359375
0.4038259983062744,258,-0.012890625
0.4058849811553955,259,-0.012890625
0.40734386444091797,260,-0.103125
0.4085719585418701,261,-0.8765624999999999
0.40972304344177246,262,-1.611328125
0.41087889671325684,263,-0.012890625
0.41201305389404297,264,-0.12890625
0.4131910800933838,265,-0.09023437499999999
0.4143218994140625,266,-0.12890625
0.41542696952819824,267,-0.28359375
0.4165940284729004,268,-0.4125
0.4179868698120117,269,-0.2578125
0.4195289611816406,270,0.0
0.4211099147796631,271,-0.02578125
0.42268896102905273,272,-0.167578125
0.4241650104522705,273,-0.09023437499999999
0.42564892768859863,274,-0.9410156249999999
0.4281020164489746,275,-1.4953124999999998
0.4300830364227295,276,-0.103125
0.431520938873291,277,-0.15468749999999998
0.433366060256958,278,-0.20625
0.43535494804382324,279,-0.09023437499999999
0.43678903579711914,280,-0.012890625
0.43796706199645996,281,-0.012890625
0.43909692764282227,282,-0.193359375
0.4402458667755127,283,-0.12890625
0.4413928985595703,284,-0.7863281249999999
0.4425070285797119,285,-1.4308593749999998
0.4436218738555908,286,-0.064453125
0.44475507736206055,287,-0.02578125
0.44586706161499023,288,-0.103125
0.4470500946044922,289,-0.20625
0.44844698905944824,290,-0.064453125
0.4499180316925049,291,-0.42539062499999997
0.4516270160675049,292,-0.21914062499999998
0.45331501960754395,293,0.012890625
0.4548060894012451,294,-0.02578125
0.4562869071960449,295,-0.167578125
0.4587850570678711,296,-0.29648437499999997
0.4606020450592041,297,-1.405078125
0.4621090888977051,298,-0.064453125
0.46407294273376465,299,-0.18046874999999998
0.4658660888671875,300,0.0
0.46724987030029297,301,-0.09023437499999999
0.4684920310974121,302,0.09023437499999999
0.4697129726409912,303,0.0
0.4708409309387207,304,-0.0515625
0.4719729423522949,305,-0.20625
0.47310304641723633,306,-0.167578125
0.4742100238800049,307,-0.502734375
0.47536587715148926,308,-1.198828125
0.4764890670776367,309,-1.65
0.47774195671081543,310,0.0
0.4791240692138672,311,-0.193359375
0.48065805435180664,312,-0.30937499999999996
0.48223209381103516,313,-0.0515625
0.48378801345825195,314,-0.29648437499999997
0.4853038787841797,315,0.038671874999999994
0.48680591583251953,316,-0.012890625
0.48912692070007324,317,-0.012890625
0.49099302291870117,318,-0.12890625
0.49276208877563477,319,-0.992578125
0.49469900131225586,320,-0.20625
0.4965789318084717,321,-0.167578125
0.497938871383667,322,-0.20625
0.499129056930542,323,-0.28359375
0.500391960144043,324,-0.322265625
0.5017030239105225,325,-0.09023437499999999
0.5028948783874512,326,0.012890625
0.5040619373321533,327,-0.02578125
0.505173921585083,328,-0.15468749999999998
0.5062930583953857,329,-0.23203125
0.5074160099029541,330,-0.4640625
0.5086250305175781,331,-1.134375
0.5100510120391846,332,-1.65
0.511523962020874,333,-0.12890625
0.5130648612976074,334,-0.0515625
0.5146288871765137,335,-0.20625
0.516165018081665,336,-0.36093749999999997
0.5177040100097656,337,-0.21914062499999998
0.5201399326324463,338,0.0
0.5220069885253906,339,-0.012890625
0.5234918594360352,340,-0.103125
0.5254309177398682,341,-0.605859375
0.5273439884185791,342,-1.4953124999999998
0.5287129878997803,343,0.0
0.5299010276794434,344,-0.0515625
0.5311388969421387,345,-0.15468749999999998
0.5323939323425293,346,-0.36093749999999997
0.5335559844970703,347,-0.399609375
0.5346879959106445,348,-0.21914062499999998
0.535822868347168,349,0.012890625
0.536931037902832,350,-0.02578125
0.5380339622497559,351,-0.0515625
0.5392329692840576,352,-0.21914062499999998
0.5407688617706299,353,-0.167578125
0.542280912399292,354,-0.95390625
0.5438590049743652,355,-1.6242187499999998
0.5454390048980713,356,-0.0515625
0.5468709468841553,357,-0.0515625
0.5483369827270508,358,-0.0515625
0.5508809089660645,359,-0.29648437499999997
0.5528268814086914,360,0.193359375
0.55423903465271,361,-0.012890625
0.5559608936309814,362,-0.167578125
0.5580558776855469,363,-0.103125
0.5594439506530762,364,-1.1214843749999999
0.5607309341430664,365,-0.12890625
0.5618970394134521,366,-0.15468749999999998
0.5630350112915039,367,-0.193359375
0.5642309188842773,368,-0.20625
0.565377950668335,369,-0.07734374999999999
0.5665149688720703,370,-0.30937499999999996
0.5676450729370117,371,-0.20625
0.5687770843505859,372,0.012890625
0.5699498653411865,373,-0.012890625
0.5714249610900879,374,-0.012890625
0.5729489326477051,375,-0.23203125
0.5745968818664551,376,-0.270703125
0.5761749744415283,377,-1.198828125
0.577660083770752,378,0.0
0.5791020393371582,379,-0.18046874999999998
0.5820670127868652,380,-0.23203125
0.5838680267333984,381,-0.270703125
0.5852799415588379,382,0.24492187499999998
0.5871410369873047,383,0.0
0.5891149044036865,384,-0.012890625
0.59055495262146,385,-0.09023437499999999
0.5917689800262451,386,-0.825
0.5929088592529297,387,-1.533984375
0.5940289497375488,388,0.0
0.5951268672943115,389,-0.15468749999999998
0.5963149070739746,390,-0.103125
0.5974330902099609,391,-0.20625
0.5985620021820068,392,-0.0515625
0.5997118949890137,393,-0.37382812499999996
0.6009070873260498,394,-0.30937499999999996
0.6022980213165283,395,0.0
0.6041109561920166,396,-0.012890625
0.6057450771331787,397,-0.103125
0.607295036315918,398,-0.12890625
0.6087019443511963,399,-0.863671875
0.6100919246673584,400,-1.65
0.6125268936157227,401,-0.0515625
0.6145250797271729,402,-0.12890625
0.6160268783569336,403,-0.33515625
0.6180839538574219,404,-0.29648437499999997
0.6197159290313721,405,0.0
0.6209549903869629,406,-0.012890625
0.6221358776092529,407,-0.193359375
0.623276948928833,408,-0.141796875
0.6243970394134521,409,-0.6703125
0.6255080699920654,410,-1.2890625
0.6266160011291504,411,-1.3148437499999999
0.6277470588684082,412,-0.02578125
0.6288599967956543,413,-0.116015625
0.6299669742584229,414,-0.2578125
0.631242036819458,415,-0.103125
0.6326570510864258,416,-0.322265625
0.6341209411621094,417,-0.29648437499999997
0.635688066482544,418,-0.012890625
0.6373379230499268,419,0.0
0.6387898921966553,420,-0.07734374999999999
0.6402449607849121,421,-0.103125
0.6420738697052002,422,-0.6832031249999999
0.6447060108184814,423,-1.5082031249999999
0.6463220119476318,424,-0.20625
0.6478989124298096,425,-0.20625
0.6498980522155762,426,-0.2578125
0.651634931564331,427,-0.012890625
0.6529619693756104,428,0.0
0.6541628837585449,429,-0.02578125
0.6552910804748535,430,-0.21914062499999998
0.6564109325408936,431,-0.20625
0.6575160026550293,432,-0.48984374999999997
0.6586229801177979,433,-1.173046875
0.6597468852996826,434,-1.65
0.6608550548553467,435,-0.0515625
0.6620240211486816,436,-0.12890625
0.6639010906219482,437,-0.116015625
0.6654069423675537,438,-0.12890625
0.6670119762420654,439,-0.348046875
0.6686699390411377,440,-0.064453125
0.6700780391693115,441,-0.012890625
0.6716389656066895,442,-0.038671874999999994
0.6741318702697754,443,-0.21914062499999998
0.6757080554962158,444,-0.734765625
0.6773769855499268,445,-0.9796874999999999
0.6795299053192139,446,-0.0515625
0.6809959411621094,447,-0.20625
0.6822018623352051,448,-0.116015625
0.6833930015563965,449,-0.270703125
0.6845579147338867,450,-0.193359375
0.6857500076293945,451,0.012890625
0.6868588924407959,452,-0.012890625
0.6879560947418213,453,-0.012890625
0.6890599727630615,454,-0.20625
0.6901590824127197,455,-0.167578125
0.691295862197876,456,-0.7863281249999999
0.6925039291381836,457,-1.405078125
0.693976879119873,458,-0.0515625
0.6954910755157471,459,-0.167578125
0.6970839500427246,460,-0.116015625
0.6986439228057861,461,-0.0515625
0.7002699375152588,462,-0.37382812499999996
0.7025060653686523,463,-0.103125
0.7048320770263672,464,-0.012890625
0.7067410945892334,465,-0.103125
0.7081918716430664,466,-0.42539062499999997
0.7100129127502441,467,-1.327734375
0.712022066116333,468,-0.012890625
0.7134509086608887,469,-0.0515625
0.7146508693695068,470,0.0
0.7158620357513428,471,-0.21914062499999998
0.7170190811157227,472,-0.2578125
0.7181918621063232,473,-0.116015625
0.7193078994750977,474,0.0
0.7204010486602783,475,-0.012890625
0.7215719223022461,476,-0.064453125
0.7227599620819092,477,-0.18046874999999998
0.7241928577423096,478,-0.24492187499999998
0.7257330417633057,479,-1.069921875
0.7364890575408936,480,-0.8765624999999999
0.7379889488220215,481,-0.012890625
0.7398920059204102,482,-0.20625
0.741865873336792,483,-0.2578125
0.7434449195861816,484,-1.405078125
0.7447400093078613,485,-0.09023437499999999
0.7459008693695068,486,-0.103125
0.7470130920410156,487,-0.33515625
0.7481210231781006,488,-0.103125
0.7492599487304688,489,-0.4125
0.7503550052642822,490,-0.399609375
0.7515790462493896,491,-0.167578125
0.7528259754180908,492,0.0
0.7542200088500977,493,-0.012890625
0.755640983581543,494,-0.193359375
0.7572798728942871,495,-0.167578125
0.7588150501251221,496,-0.825
0.7602829933166504,497,-1.65
0.7619130611419678,498,-0.0515625
0.7642970085144043,499,-0.0515625
0.7664079666137695,500,-0.09023437499999999
0.767880916595459,501,0.09023437499999999
0.7696890830993652,502,0.0
0.771712064743042,503,-0.02578125
0.773082971572876,504,-0.167578125
0.7743179798126221,505,-0.399609375
0.7754759788513184,506,-1.147265625
0.7766308784484863,507,-1.65
0.777738094329834,508,-0.0515625
0.7788450717926025,509,-0.09023437499999999
0.7799980640411377,510,-0.193359375
0.7811548709869385,511,-0.103125
0.7822830677032471,512,-0.37382812499999996
0.7834770679473877,513,-0.43828124999999996
0.784883975982666,514,-0.2578125
0.7863168716430664,515,0.0
0.7877769470214844,516,-0.038671874999999994
0.789402961730957,517,-0.167578125
0.7910468578338623,518,-0.103125
0.7926008701324463,519,-1.018359375
0.7948899269104004,520,-0.0515625
0.7969570159912109,521,-0.18046874999999998
0.7985200881958008,522,-0.103125
0.8009638786315918,523,-0.4125
0.8025128841400146,524,-0.012890625
0.8038098812103271,525,-0.012890625
0.8049910068511963,526,-0.064453125
0.8061518669128418,527,-0.167578125
0.8072919845581055,528,-0.28359375
0.808413028717041,529,-1.03125
0.8095130920410156,530,-1.611328125
0.8106849193572998,531,0.0
0.8118369579315186,532,-0.012890625
0.8129560947418213,533,-0.116015625
0.8141610622406006,534,-0.193359375
0.8155670166015625,535,-0.09023437499999999
0.8170468807220459,536,-0.23203125
0.8186089992523193,537,-0.012890625
0.8203380107879639,538,0.012890625
0.821984052658081,539,-0.0515625
0.8235669136047363,540,-0.103125
0.8256740570068359,541,-0.580078125
0.8278560638427734,542,-1.5082031249999999
0.8294260501861572,543,-0.18046874999999998
0.8310539722442627,544,-0.29648437499999997
0.8330860137939453,545,-0.09023437499999999
0.8347039222717285,546,0.064453125
0.8360230922698975,547,0.012890625
0.837270975112915,548,-0.012890625
0.8383998870849609,549,-0.103125
0.8395218849182129,550,-0.20625
0.8406829833984375,551,-0.322265625
0.8418009281158447,552,-1.0570312499999999
0.842918872833252,553,-1.65
0.8440868854522705,554,-0.0515625
0.8455610275268555,555,-0.12890625
0.8470840454101562,556,-0.141796875
0.8486549854278564,557,-0.15468749999999998
0.8502240180969238,558,-0.4125
0.8518269062042236,559,-0.064453125
0.8534190654754639,560,-0.012890625
0.8553550243377686,561,0.0
0.8577189445495605,562,-0.167578125
0.8592889308929443,563,-0.9410156249999999
0.8609890937805176,564,-1.6371093749999999
0.8630609512329102,565,-0.15468749999999998
0.8646769523620605,566,-0.29648437499999997
0.8659579753875732,567,-0.322265625
0.8671269416809082,568,-0.28359375
0.868372917175293,569,-0.064453125
0.8695080280303955,570,0.012890625
0.8706800937652588,571,-0.02578125
0.8718209266662598,572,-0.12890625
0.8729429244995117,573,-0.15468749999999998
0.8741328716278076,574,-0.37382812499999996
0.8755888938903809,575,-1.147265625
0.877079963684082,576,-1.65
0.8788759708404541,577,-0.0515625
0.8805758953094482,578,-0.2578125
0.8821520805358887,579,-0.116015625
0.8836760520935059,580,-0.2578125
0.8853650093078613,581,-0.0515625
0.8879270553588867,582,-0.012890625
0.8896780014038086,583,-0.09023437499999999
0.8911740779876709,584,-0.270703125
0.892935037612915,585,-1.198828125
0.8949840068817139,586,-0.18046874999999998
0.8966519832611084,587,-0.0515625
0.8979289531707764,588,-0.103125
0.8990988731384277,589,-0.270703125
0.9003188610076904,590,-0.322265625
0.9015460014343262,591,-0.167578125
0.9027080535888672,592,-0.012890625
0.9038538932800293,593,-0.012890625
0.9050400257110596,594,-0.103125
0.9064300060272217,595,-0.21914062499999998
0.9079899787902832,596,-0.36093749999999997
0.9097239971160889,597,-1.26328125
0.911566972732544,598,-0.038671874999999994
0.9131388664245605,599,0.0
0.9146208763122559,600,-0.2578125
0.9171109199523926,601,-0.33515625
0.9192090034484863,602,-0.012890625
0.9208040237426758,603,-0.012890625
0.9225349426269531,604,-0.116015625
0.9246718883514404,605,-0.141796875
0.9260580539703369,606,-1.0828125
0.9272539615631104,607,-0.20625
0.9283950328826904,608,-0.09023437499999999
0.9295229911804199,609,-0.038671874999999994
0.930717945098877,610,-0.23203125
0.9319119453430176,611,-0.103125
0.9330260753631592,612,-0.36093749999999997
0.9341640472412109,613,-0.29648437499999997
0.9354109764099121,614,0.012890625
0.9368729591369629,615,-0.012890625
0.9382929801940918,616,-0.012890625
0.9398350715637207,617,-0.20625
0.9415390491485596,618,-0.37382812499999996
0.9430339336395264,619,-1.3148437499999999
0.9444789886474609,620,-0.02578125
0.9463920593261719,621,-0.141796875
0.9488139152526855,622,-0.28359375
0.9504148960113525,623,-0.02578125
0.9521679878234863,624,0.21914062499999998
0.9541618824005127,625,-0.012890625
0.955690860748291,626,-0.064453125
0.9569730758666992,627,-0.09023437499999999
0.9581570625305176,628,-0.7734375
0.9592869281768799,629,-1.4308593749999998
0.9604048728942871,630,-0.103125
0.9615828990936279,631,-0.012890625
0.9626989364624023,632,-0.0515625
0.9638469219207764,633,-0.20625
0.9649510383605957,634,-0.09023437499999999
0.9661710262298584,635,-0.4125
0.9675750732421875,636,-0.33515625
0.9690680503845215,637,0.012890625
0.970771074295044,638,-0.012890625
0.9728310108184814,639,-0.09023437499999999
0.9743969440460205,640,-0.103125
0.9758789539337158,641,-1.0570312499999999
0.9773459434509277,642,-0.193359375
0.9788689613342285,643,0.0
0.9812970161437988,644,-0.18046874999999998
0.9834749698638916,645,-0.064453125
0.9849770069122314,646,0.2578125
0.9867448806762695,647,0.012890625
0.9887430667877197,648,0.0
0.9903080463409424,649,-0.12890625
0.9916560649871826,650,-0.734765625
0.9928600788116455,651,-1.5082031249999999
0.9940090179443359,652,0.0
0.9951190948486328,653,-0.103125
0.9963889122009277,654,-0.103125
0.9978780746459961,655,-0.15468749999999998
0.999439001083374,656,-0.33515625
