time,count,voltage
0.005476951599121094,1,-0.0515625
0.007086038589477539,2,-0.21914062499999998
0.008666038513183594,3,-0.580078125
0.010119915008544922,4,-1.147265625
0.011497974395751953,5,-1.173046875
0.012856006622314453,6,-0.167578125
0.014224052429199219,7,-0.4125
0.01558685302734375,8,-0.38671875
0.016957998275756836,9,-0.20625
0.018303871154785156,10,-0.29648437499999997
0.01990795135498047,11,-0.103125
0.021625995635986328,12,0.0
0.02330303192138672,13,-0.2578125
0.025066852569580078,14,-0.580078125
0.02667689323425293,15,-0.992578125
0.02830791473388672,16,-1.65
0.02997303009033203,17,-0.15468749999999998
0.03141188621520996,18,-0.4125
0.032791852951049805,19,-0.48984374999999997
0.0341639518737793,20,-0.4125
0.03572797775268555,21,-0.2578125
0.03742694854736328,22,0.012890625
0.039263010025024414,23,-0.038671874999999994
0.04097485542297363,24,-0.4125
0.04278683662414551,25,-0.6187499999999999
0.04441499710083008,26,-1.5082031249999999
0.04601883888244629,27,-0.09023437499999999
0.04764699935913086,28,-0.270703125
0.04937887191772461,29,-0.43828124999999996
0.05107998847961426,30,-0.20625
0.05378603935241699,31,0.012890625
0.05608701705932617,32,-0.02578125
0.05774497985839844,33,-0.399609375
0.05953383445739746,34,-0.631640625
0.06162095069885254,35,-1.533984375
0.06379294395446777,36,-0.20625
0.0655369758605957,37,-0.2578125
0.06701493263244629,38,-0.36093749999999997
0.06852602958679199,39,-0.322265625
0.07014894485473633,40,-0.12890625
0.07184505462646484,41,-0.02578125
0.07335186004638672,42,-0.21914062499999998
0.07476592063903809,43,-0.5929687499999999
0.07613205909729004,44,-0.928125
0.07748198509216309,45,-1.6371093749999999
0.07886099815368652,46,0.0
0.08023405075073242,47,-0.2578125
0.08158683776855469,48,-0.21914062499999998
0.08294200897216797,49,-0.37382812499999996
0.08429598808288574,50,-0.322265625
0.08565592765808105,51,-0.322265625
0.08700203895568848,52,-0.012890625
0.08839988708496094,53,-0.0515625
0.08977198600769043,54,-0.21914062499999998
0.09123992919921875,55,-0.580078125
0.09272384643554688,56,-0.837890625
0.09438490867614746,57,-1.5726562499999999
0.09606003761291504,58,-0.02578125
0.09786200523376465,59,-0.33515625
0.09970688819885254,60,-0.38671875
0.10141205787658691,61,-0.37382812499999996
0.10312390327453613,62,-0.0515625
0.10491585731506348,63,0.0
0.10776591300964355,64,-0.15468749999999998
0.1097109317779541,65,-0.5285156249999999
0.11132287979125977,66,-1.546875
0.11298489570617676,67,-0.09023437499999999
0.11510992050170898,68,-0.322265625
0.11729693412780762,69,-0.30937499999999996
0.11924004554748535,70,-0.270703125
0.12076902389526367,71,-0.012890625
0.12233901023864746,72,-0.0515625
0.12405991554260254,73,-0.322265625
0.12580299377441406,74,-0.631640625
0.12751984596252441,75,-1.4437499999999999
0.12943696975708008,76,0.0
0.13121485710144043,77,-0.270703125
0.13289499282836914,78,-0.451171875
0.1346440315246582,79,-0.4125
0.1364288330078125,80,-0.20625
0.13933205604553223,81,0.0
0.14142084121704102,82,-0.193359375
0.1431288719177246,83,-0.64453125
0.144683837890625,84,-1.65
0.14660000801086426,85,-0.20625
0.14889883995056152,86,-0.33515625
0.15090489387512207,87,-0.515625
0.15262603759765625,88,-0.167578125
0.15436792373657227,89,-0.012890625
0.15608000755310059,90,-0.07734374999999999
0.15778183937072754,91,-0.37382812499999996
0.1597459316253662,92,-0.6703125
0.16136693954467773,93,-1.6371093749999999
0.16277098655700684,94,-0.167578125
0.1640949249267578,95,-0.33515625
0.16644692420959473,96,-0.36093749999999997
0.16852903366088867,97,-0.0515625
0.1700589656829834,98,0.399609375
0.17211699485778809,99,-0.02578125
0.17377901077270508,100,-0.20625
0.1750340461730957,101,-0.580078125
0.17618989944458008,102,-1.134375
0.17732000350952148,103,-1.65
0.17850184440612793,104,-0.012890625
0.1796419620513916,105,-0.24492187499999998
0.18076801300048828,106,-0.6703125
0.18189096450805664,107,-0.4125
0.18309497833251953,108,-0.30937499999999996
0.1845109462738037,109,-0.36093749999999997
0.1859588623046875,110,-0.322265625
0.1874990463256836,111,-0.012890625
0.18914484977722168,112,-0.0515625
0.19066286087036133,113,-0.4640625
0.1921219825744629,114,-0.760546875
0.19410204887390137,115,-1.3664062499999998
0.19646787643432617,116,0.012890625
0.19796299934387207,117,-0.36093749999999997
0.19971394538879395,118,-0.4640625
0.2016758918762207,119,-0.54140625
0.2030179500579834,120,0.038671874999999994
0.2041938304901123,121,-0.07734374999999999
0.20534300804138184,122,-0.103125
0.20647287368774414,123,-0.37382812499999996
0.20758795738220215,124,-0.7218749999999999
0.20872783660888672,125,-0.837890625
0.20987200736999512,126,-1.456640625
0.21098589897155762,127,-0.23203125
0.21208786964416504,128,-0.103125
0.2132878303527832,129,-0.167578125
0.21468305587768555,130,-0.36093749999999997
0.2161250114440918,131,-0.6832031249999999
0.2176990509033203,132,-0.54140625
0.21936297416687012,133,-0.270703125
0.22081398963928223,134,0.012890625
0.22220897674560547,135,-0.038671874999999994
0.22478485107421875,136,-0.30937499999999996
0.22641587257385254,137,-0.631640625
0.2280268669128418,138,-1.65
0.23023295402526855,139,-0.38671875
0.23161792755126953,140,-0.270703125
0.2328188419342041,141,-0.515625
0.2339470386505127,142,-0.37382812499999996
0.23506903648376465,143,-0.33515625
0.23618292808532715,144,-0.12890625
0.2372889518737793,145,-0.012890625
0.23847603797912598,146,-0.064453125
0.23961091041564941,147,-0.2578125
0.24072885513305664,148,-0.6187499999999999
0.2418508529663086,149,-0.7863281249999999
0.2429959774017334,150,-1.327734375
0.24429893493652344,151,-1.65
0.24577593803405762,152,-0.02578125
0.24723291397094727,153,-0.270703125
0.24889492988586426,154,-0.29648437499999997
0.25045299530029297,155,-0.38671875
0.25188183784484863,156,-0.28359375
0.25339198112487793,157,-0.02578125
0.2561349868774414,158,-0.0515625
0.2578139305114746,159,-0.2578125
0.25937986373901367,160,-0.708984375
0.26158595085144043,161,-1.46953125
0.2630350589752197,162,-0.0515625
0.2642838954925537,163,-0.580078125
0.26543402671813965,164,-0.37382812499999996
0.26656389236450195,165,-0.2578125
0.26767683029174805,166,-0.4125
0.26880693435668945,167,-0.36093749999999997
0.2699599266052246,168,0.0
0.27106285095214844,169,-0.02578125
0.27220702171325684,170,-0.15468749999999998
0.27331995964050293,171,-0.451171875
0.2745189666748047,172,-0.734765625
0.27592992782592773,173,-0.9796874999999999
0.277479887008667,174,-1.65
0.2792229652404785,175,0.0
0.28081798553466797,176,-0.37382812499999996
0.28226184844970703,177,-0.4125
0.2840859889984131,178,-0.23203125
0.2866668701171875,179,-0.28359375
0.2882099151611328,180,0.0
0.2901899814605713,181,-0.20625
0.29202795028686523,182,-0.5929687499999999
0.2933938503265381,183,-1.2503906249999999
0.2945849895477295,184,-0.15468749999999998
0.2957608699798584,185,-0.07734374999999999
0.2969038486480713,186,-0.29648437499999997
0.29802703857421875,187,-0.30937499999999996
0.2991750240325928,188,-0.6703125
0.3002898693084717,189,-0.24492187499999998
0.301408052444458,190,-0.322265625
0.30254292488098145,191,-0.20625
0.30364394187927246,192,-0.012890625
0.3048839569091797,193,-0.103125
0.3063998222351074,194,-0.20625
0.3079090118408203,195,-0.5929687499999999
0.30938291549682617,196,-0.863671875
0.31081390380859375,197,-1.6371093749999999
0.3122570514678955,198,-0.012890625
0.3137190341949463,199,-0.23203125
0.31566882133483887,200,-0.30937499999999996
0.31808900833129883,201,-0.43828124999999996
0.31968188285827637,202,0.116015625
0.321274995803833,203,-0.02578125
0.32329297065734863,204,-0.103125
0.3249199390411377,205,-0.4640625
0.3263859748840332,206,-0.966796875
0.32760000228881836,207,-1.65
0.32878589630126953,208,-0.09023437499999999
0.3299369812011719,209,-0.2578125
0.33105897903442383,210,-0.30937499999999996
0.33217597007751465,211,-0.4640625
0.33327794075012207,212,-0.37382812499999996
0.3344228267669678,213,-0.43828124999999996
0.3356499671936035,214,-0.33515625
0.3370809555053711,215,0.012890625
0.3391299247741699,216,-0.0515625
0.3408389091491699,217,-0.29648437499999997
0.34239697456359863,218,-0.605859375
0.34377193450927734,219,-1.3921875
0.3459310531616211,220,0.0
0.3481009006500244,221,-0.2578125
0.34977102279663086,222,-0.37382812499999996
0.3515188694000244,223,-0.399609375
0.3535120487213135,224,-0.12890625
0.3549318313598633,225,-0.012890625
0.35617804527282715,226,-0.21914062499999998
0.35735487937927246,227,-0.54140625
0.3585469722747803,228,-0.7734375
0.35969090461730957,229,-1.3148437499999999
0.36083197593688965,230,-1.65
0.36193394660949707,231,0.0
0.3630359172821045,232,-0.33515625
0.3641488552093506,233,-0.48984374999999997
0.3652639389038086,234,-0.4640625
0.36650800704956055,235,-0.29648437499999997
0.36794495582580566,236,-0.43828124999999996
0.36953186988830566,237,-0.21914062499999998
0.3711099624633789,238,-0.012890625
0.3726639747619629,239,-0.064453125
0.3740730285644531,240,-0.43828124999999996
0.37548184394836426,241,-0.6703125
0.37746691703796387,242,-1.340625
0.37970590591430664,243,-0.0515625
0.3812699317932129,244,-0.322265625
0.38301801681518555,245,-0.5285156249999999
0.38518500328063965,246,-0.4125
0.38664984703063965,247,0.12890625
0.3878488540649414,248,-0.02578125
0.38908886909484863,249,-0.15468749999999998
0.39026904106140137,250,-0.43828124999999996
0.3913888931274414,251,-0.734765625
0.3925149440765381,252,-1.069921875
0.39362502098083496,253,-1.6371093749999999
0.3947288990020752,254,0.0
0.39582300186157227,255,-0.18046874999999998
0.3970499038696289,256,-0.322265625
0.3986189365386963,257,-0.322265625
0.400130033493042,258,-0.38671875
0.4017338752746582,259,-0.42539062499999997
0.4032268524169922,260,-0.20625
0.404649019241333,261,-0.09023437499999999
0.40613698959350586,262,-0.141796875
0.4079580307006836,263,-0.502734375
0.41050004959106445,264,-0.734765625
0.41198086738586426,265,0.0
0.41373491287231445,266,-0.24492187499999998
0.41579294204711914,267,-0.28359375
0.4174079895019531,268,-0.30937499999999996
0.41876983642578125,269,-0.20625
0.4203770160675049,270,-0.012890625
0.4220290184020996,271,-0.0515625
0.4235849380493164,272,-0.21914062499999998
0.4251718521118164,273,-0.580078125
0.4265739917755127,274,-1.147265625
0.4279139041900635,275,-1.65
0.4294168949127197,276,-0.29648437499999997
0.43095993995666504,277,-0.37382812499999996
0.4338090419769287,278,-0.399609375
0.4355309009552002,279,-0.322265625
0.43803882598876953,280,0.36093749999999997
0.44025397300720215,281,-0.02578125
0.4417400360107422,282,-0.42539062499999997
0.4434349536895752,283,-1.018359375
0.44551682472229004,284,-1.65
0.44697093963623047,285,-0.2578125
0.4482908248901367,286,-0.322265625
0.44955897331237793,287,-0.399609375
0.4507129192352295,288,-0.30937499999999996
0.4518609046936035,289,-0.2578125
0.4530048370361328,290,-0.116015625
0.45415496826171875,291,-0.02578125
0.45526695251464844,292,-0.103125
0.45638084411621094,293,-0.37382812499999996
0.4576129913330078,294,-0.6832031249999999
0.45913004875183105,295,-0.825
0.46059298515319824,296,-1.5726562499999999
0.4621889591217041,297,-0.012890625
0.4637129306793213,298,-0.33515625
0.465087890625,299,-0.4125
0.4664020538330078,300,-0.30937499999999996
0.46857690811157227,301,-0.38671875
0.4708280563354492,302,-0.167578125
0.4723639488220215,303,-0.012890625
0.474031925201416,304,-0.322265625
0.476071834564209,305,-0.64453125
0.47754383087158203,306,-1.456640625
0.4787919521331787,307,-0.064453125
0.4799540042877197,308,-0.09023437499999999
0.4811208248138428,309,-0.30937499999999996
0.4822518825531006,310,-0.554296875
0.4833638668060303,311,-0.0515625
0.48448801040649414,312,-0.30937499999999996
0.485637903213501,313,-0.322265625
0.486767053604126,314,0.0
0.4879589080810547,315,-0.0515625
0.4894528388977051,316,-0.15468749999999998
0.4909019470214844,317,-0.48984374999999997
0.49248600006103516,318,-0.6832031249999999
0.49402785301208496,319,-1.456640625
0.49536705017089844,320,0.0
0.4967620372772217,321,-0.2578125
0.49927496910095215,322,-0.2578125
0.5012638568878174,323,-0.2578125
0.5027420520782471,324,0.103125
0.504706859588623,325,-0.012890625
0.5065698623657227,326,-0.064453125
0.5079159736633301,327,-0.4640625
0.5091710090637207,328,-0.8121093749999999
0.5103578567504883,329,-1.4953124999999998
0.5114889144897461,330,0.0
0.5126268863677979,331,-0.23203125
0.5137510299682617,332,-0.38671875
0.5148658752441406,333,-0.29648437499999997
0.5159790515899658,334,-0.36093749999999997
0.5171399116516113,335,-0.399609375
0.5184459686279297,336,-0.4125
0.5198969841003418,337,-0.193359375
0.5214409828186035,338,-0.02578125
0.5230309963226318,339,-0.23203125
0.5244979858398438,340,-0.54140625
0.5259430408477783,341,-0.837890625
0.5272479057312012,342,-1.585546875
0.5297708511352539,343,-0.012890625
0.5316228866577148,344,-0.270703125
0.5331120491027832,345,-0.33515625
0.5353100299835205,346,-0.20625
0.5372569561004639,347,0.038671874999999994
0.5386159420013428,348,-0.038671874999999994
0.5398168563842773,349,-0.270703125
0.5409538745880127,350,-0.631640625
0.5421409606933594,351,-0.7863281249999999
0.5432708263397217,352,-1.456640625
0.5443868637084961,353,-0.0515625
0.5454950332641602,354,-0.103125
0.5465939044952393,355,-0.193359375
0.5476980209350586,356,-0.30937499999999996
0.5489950180053711,357,-0.5285156249999999
0.5507848262786865,358,-0.167578125
0.5523929595947266,359,-0.167578125
0.5540599822998047,360,0.012890625
0.5555629730224609,361,-0.038671874999999994
0.556973934173584,362,-0.33515625
0.5585370063781738,363,-0.6703125
0.5610098838806152,364,-1.1859374999999999
0.5628218650817871,365,-0.0515625
0.5642728805541992,366,-0.33515625
0.5662949085235596,367,-0.42539062499999997
0.5682518482208252,368,-0.348046875
0.569706916809082,369,0.116015625
0.5708858966827393,370,0.0
0.572023868560791,371,-0.103125
0.5731890201568604,372,-0.322265625
0.574336051940918,373,-0.6703125
0.5754549503326416,374,-0.889453125
0.5765960216522217,375,-1.46953125
0.5777139663696289,376,-0.02578125
0.5789949893951416,377,-0.0515625
0.5804378986358643,378,-0.21914062499999998
0.5820119380950928,379,-0.2578125
0.5835919380187988,380,-0.29648437499999997
0.58518385887146,381,-0.515625
0.5865919589996338,382,-0.0515625
0.5879809856414795,383,-0.02578125
0.5900058746337891,384,-0.23203125
0.592494010925293,385,-0.54140625
0.5940289497375488,386,-1.327734375
0.5955970287322998,387,-0.0515625
0.5978009700775146,388,-0.20625
0.5993490219116211,389,-0.37382812499999996
0.6006448268890381,390,-0.399609375
0.601830005645752,391,-0.322265625
0.6029670238494873,392,-0.09023437499999999
0.6040959358215332,393,-0.064453125
0.605259895324707,394,-0.07734374999999999
0.6063928604125977,395,-0.322265625
0.6075129508972168,396,-0.64453125
0.6086649894714355,397,-0.825
0.6098899841308594,398,-1.4437499999999999
0.6113018989562988,399,-0.631640625
0.6128029823303223,400,-0.07734374999999999
0.6145370006561279,401,-0.399609375
0.6160459518432617,402,-0.399609375
0.6175689697265625,403,-0.322265625
0.6191079616546631,404,-0.24492187499999998
0.6215379238128662,405,0.0
0.6235549449920654,406,-0.0515625
0.6250159740447998,407,-0.476953125
0.6268260478973389,408,-1.03125
0.6287989616394043,409,-1.65
0.6302618980407715,410,-0.23203125
0.6314630508422852,411,-0.30937499999999996
0.632645845413208,412,-0.322265625
0.6340339183807373,413,-0.399609375
0.6351988315582275,414,-0.322265625
0.6363270282745361,415,-0.064453125
0.6374478340148926,416,-0.02578125
0.6386170387268066,417,-0.07734374999999999
0.6398539543151855,418,-0.33515625
0.6413209438323975,419,-0.6703125
0.6427788734436035,420,-0.95390625
0.6443979740142822,421,-1.65
0.6460659503936768,422,-0.0515625
0.6475059986114502,423,-0.29648437499999997
0.6491808891296387,424,-0.4125
0.6515169143676758,425,-0.167578125
0.6535568237304688,426,0.09023437499999999
0.6550459861755371,427,-0.02578125
0.6568629741668701,428,-0.18046874999999998
0.6588099002838135,429,-0.5671875
0.6602389812469482,430,-1.21171875
0.6614398956298828,431,-0.02578125
0.6630558967590332,432,-0.36093749999999997
0.6642999649047852,433,-0.33515625
0.6654489040374756,434,-0.43828124999999996
0.6665868759155273,435,-0.36093749999999997
0.6677119731903076,436,-0.43828124999999996
0.6689150333404541,437,-0.4125
0.6702299118041992,438,-0.0515625
0.6716840267181396,439,-0.0515625
0.6731269359588623,440,-0.20625
0.6747109889984131,441,-0.580078125
0.6762650012969971,442,-0.889453125
0.6778049468994141,443,-1.65
0.6792359352111816,444,-0.116015625
0.6816680431365967,445,-0.28359375
0.6836259365081787,446,-0.322265625
0.6850569248199463,447,-0.37382812499999996
0.6869800090789795,448,-0.0515625
0.6890499591827393,449,-0.02578125
0.6904430389404297,450,-0.270703125
0.6916399002075195,451,-0.6187499999999999
0.69281005859375,452,-1.147265625
0.6939728260040283,453,-1.65
0.6950910091400146,454,0.0
0.6962180137634277,455,-0.2578125
0.6973600387573242,456,-0.4125
0.6985468864440918,457,-0.322265625
0.699692964553833,458,-0.270703125
0.7009139060974121,459,-0.4125
0.7024359703063965,460,-0.33515625
0.7039189338684082,461,0.012890625
0.7055890560150146,462,-0.0515625
0.7071099281311035,463,-0.30937499999999996
0.7086830139160156,464,-0.631640625
0.7102169990539551,465,-1.224609375
0.7123370170593262,466,0.0
0.7144680023193359,467,-0.23203125
0.7159559726715088,468,-0.4640625
0.7177999019622803,469,-0.30937499999999996
0.7198498249053955,470,-0.193359375
0.7213718891143799,471,-0.012890625
0.7225790023803711,472,-0.18046874999999998
0.7237310409545898,473,-0.5285156249999999
0.7248728275299072,474,-0.7476562499999999
0.7260279655456543,475,-1.1859374999999999
0.7271549701690674,476,-1.65
0.7282979488372803,477,-0.0515625
0.7294950485229492,478,-0.20625
0.7306339740753174,479,-0.399609375
0.7318539619445801,480,-0.399609375
0.7333779335021973,481,-0.451171875
0.7348790168762207,482,-0.42539062499999997
0.7365858554840088,483,-0.09023437499999999
0.7381289005279541,484,-0.02578125
0.7396528720855713,485,-0.167578125
0.741204023361206,486,-0.580078125
0.7435789108276367,487,-0.825
0.745844841003418,488,-1.65
0.747283935546875,489,-0.30937499999999996
0.7493460178375244,490,-0.30937499999999996
0.7513420581817627,491,-0.2578125
0.7527279853820801,492,0.193359375
0.7539219856262207,493,0.0
0.7553050518035889,494,-0.0515625
0.7564809322357178,495,-0.322265625
0.7576799392700195,496,-0.6703125
0.7589118480682373,497,-0.8507812499999999
0.7600588798522949,498,-1.533984375
0.7612240314483643,499,-0.02578125
0.7624409198760986,500,-0.167578125
0.7638769149780273,501,-0.30937499999999996
0.7653918266296387,502,-0.29648437499999997
0.7670118808746338,503,-0.29648437499999997
0.7686569690704346,504,-0.33515625
0.7700998783111572,505,0.012890625
0.7714929580688477,506,-0.07734374999999999
0.7733678817749023,507,-0.270703125
0.7758679389953613,508,-0.605859375
0.7774829864501953,509,-1.4308593749999998
0.7790229320526123,510,0.0
0.7810468673706055,511,-0.18046874999999998
0.7827658653259277,512,-0.322265625
0.7840409278869629,513,-0.37382812499999996
0.7852950096130371,514,-0.2578125
0.7864289283752441,515,-0.012890625
0.7875478267669678,516,-0.0515625
0.788707971572876,517,-0.15468749999999998
0.7898590564727783,518,-0.43828124999999996
0.7909829616546631,519,-0.708984375
0.7920880317687988,520,-0.90234375
0.7933919429779053,521,-1.4953124999999998
0.79482102394104,522,0.0
0.7962348461151123,523,-0.167578125
0.797947883605957,524,-0.37382812499999996
0.7995119094848633,525,-0.476953125
0.801023006439209,526,-0.37382812499999996
0.8024759292602539,527,-0.116015625
0.8048839569091797,528,-0.012890625
0.8069858551025391,529,-0.038671874999999994
0.8085110187530518,530,-0.502734375
0.8103599548339844,531,-1.069921875
0.8122429847717285,532,-0.515625
0.8136448860168457,533,-0.20625
0.8148658275604248,534,-0.28359375
0.816011905670166,535,-0.554296875
0.8171629905700684,536,-0.37382812499999996
0.8182919025421143,537,-0.33515625
0.8194940090179443,538,-0.167578125
0.8206720352172852,539,-0.012890625
0.8218090534210205,540,-0.103125
0.8229248523712158,541,-0.29648437499999997
0.8241958618164062,542,-0.64453125
0.8256509304046631,543,-0.7863281249999999
0.8271088600158691,544,-1.5082031249999999
0.8286988735198975,545,0.0
0.8302798271179199,546,-0.270703125
0.8317019939422607,547,-0.2578125
0.8330528736114502,548,-0.451171875
0.8355538845062256,549,-0.24492187499999998
0.8372879028320312,550,0.20625
0.8387758731842041,551,-0.038671874999999994
0.8407838344573975,552,-0.24492187499999998
0.8426179885864258,553,-0.6187499999999999
0.843937873840332,554,-1.4437499999999999
0.8451030254364014,555,0.0
0.8463070392608643,556,-0.24492187499999998
0.8474428653717041,557,-0.43828124999999996
0.8485970497131348,558,-0.37382812499999996
0.8497450351715088,559,-0.348046875
0.8508639335632324,560,-0.476953125
0.8519730567932129,561,-0.476953125
0.8531529903411865,562,0.0
0.8544180393218994,563,-0.012890625
0.8558180332183838,564,-0.116015625
0.8574240207672119,565,-0.4125
0.8590338230133057,566,-0.708984375
0.8605749607086182,567,-1.405078125
0.8620579242706299,568,-0.012890625
0.8634300231933594,569,-0.24492187499999998
0.8659188747406006,570,-0.4640625
0.8677079677581787,571,-0.167578125
0.869704008102417,572,0.038671874999999994
0.8718729019165039,573,-0.012890625
0.8733508586883545,574,-0.20625
0.874539852142334,575,-0.5671875
0.875687837600708,576,-0.863671875
0.8768088817596436,577,-1.5082031249999999
0.8779349327087402,578,0.0
0.8790819644927979,579,-0.07734374999999999
0.8802459239959717,580,-0.2578125
0.8813910484313965,581,-0.36093749999999997
0.8825058937072754,582,-0.348046875
0.8836238384246826,583,-0.29648437499999997
0.8848879337310791,584,-0.348046875
0.886422872543335,585,-0.167578125
0.8878870010375977,586,-0.012890625
0.8895690441131592,587,-0.12890625
0.8910708427429199,588,-0.502734375
0.8924560546875,589,-0.734765625
0.8938798904418945,590,-1.52109375
0.8963730335235596,591,0.0
0.8981139659881592,592,-0.2578125
0.8997838497161865,593,-0.631640625
0.902148962020874,594,-0.28359375
0.9035730361938477,595,0.29648437499999997
0.9048328399658203,596,-0.0515625
0.9059808254241943,597,-0.18046874999999998
0.9071140289306641,598,-0.580078125
0.9082279205322266,599,-0.8121093749999999
0.9094369411468506,600,-1.2374999999999998
0.9106240272521973,601,-1.65
0.9117269515991211,602,0.0
0.9128539562225342,603,-0.23203125
0.9139649868011475,604,-0.33515625
0.9151699542999268,605,-0.37382812499999996
0.9166359901428223,606,-0.38671875
0.9181430339813232,607,-0.399609375
0.9198520183563232,608,-0.20625
0.9214959144592285,609,-0.012890625
0.9229109287261963,610,-0.193359375
0.9242498874664307,611,-0.515625
0.926969051361084,612,-0.7863281249999999
0.9286539554595947,613,-1.65
0.9303138256072998,614,-0.30937499999999996
0.9324610233306885,615,-0.2578125
0.9339258670806885,616,-0.2578125
0.9351139068603516,617,-0.21914062499999998
0.9363038539886475,618,-0.12890625
0.9374370574951172,619,-0.02578125
0.9385769367218018,620,-0.064453125
0.9396939277648926,621,-0.30937499999999996
0.9408528804779053,622,-0.631640625
0.9420390129089355,623,-0.7863281249999999
0.9431829452514648,624,-1.4437499999999999
0.9443359375,625,-0.5929687499999999
0.9455509185791016,626,-0.12890625
0.9469799995422363,627,-0.270703125
0.9485659599304199,628,-0.30937499999999996
0.9502439498901367,629,-0.322265625
0.9516608715057373,630,-0.4125
0.9530138969421387,631,-0.116015625
0.954258918762207,632,-0.012890625
0.9567089080810547,633,-0.12890625
0.9585909843444824,634,-0.451171875
0.9606778621673584,635,-1.044140625
0.9626338481903076,636,0.0
0.964202880859375,637,-0.270703125
0.9654920101165771,638,-0.43828124999999996
0.9666829109191895,639,-0.167578125
0.9678199291229248,640,-0.348046875
0.9690349102020264,641,-0.24492187499999998
0.9701769351959229,642,-0.012890625
0.9712939262390137,643,-0.0515625
0.9723949432373047,644,-0.21914062499999998
0.9735338687896729,645,-0.502734375
0.9746489524841309,646,-0.7734375
0.9758608341217041,647,-1.095703125
0.9773139953613281,648,-1.65
