time,count,voltage
0.005496978759765625,1,-0.012890625
0.007127046585083008,2,-0.09023437499999999
0.008691072463989258,3,-0.270703125
0.010311126708984375,4,-0.95390625
0.01174306869506836,5,-0.141796875
0.013408184051513672,6,-0.0515625
0.014833211898803711,7,-0.167578125
0.0162200927734375,8,-0.193359375
0.0175931453704834,9,-0.23203125
0.027743101119995117,10,-0.12890625
0.029403209686279297,11,0.0
0.03081798553466797,12,-0.064453125
0.032221078872680664,13,-0.29648437499999997
0.033614158630371094,14,-0.18046874999999998
0.05192112922668457,15,-0.23203125
0.05460500717163086,16,0.103125
0.05633902549743652,17,-0.012890625
0.05779910087585449,18,-0.2578125
0.059943199157714844,19,-0.4125
0.06153297424316406,20,-1.4953124999999998
0.06276607513427734,21,-0.02578125
0.06390905380249023,22,-0.167578125
0.06503915786743164,23,-0.30937499999999996
0.06615805625915527,24,-0.141796875
0.06727218627929688,25,-0.28359375
0.0684051513671875,26,-0.30937499999999996
0.06957507133483887,27,-0.103125
0.07069206237792969,28,0.0
0.07178616523742676,29,-0.012890625
0.0728909969329834,30,-0.103125
0.07398700714111328,31,-0.36093749999999997
0.07509803771972656,32,-0.270703125
0.07620620727539062,33,-0.992578125
0.07732009887695312,34,-1.5726562499999999
0.07845807075500488,35,0.0
0.07958006858825684,36,0.0
0.08067512512207031,37,-0.012890625
0.08178114891052246,38,-0.322265625
0.08296799659729004,39,-0.103125
0.08438611030578613,40,-0.37382812499999996
0.08593511581420898,41,-0.23203125
0.08743405342102051,42,0.012890625
0.08910107612609863,43,-0.012890625
0.09055900573730469,44,-0.20625
0.09200811386108398,45,-0.23203125
0.09387707710266113,46,-0.9796874999999999
0.09624719619750977,47,-1.65
0.09763908386230469,48,-0.193359375
0.09934520721435547,49,-0.37382812499999996
0.10133504867553711,50,-0.2578125
0.10292601585388184,51,0.064453125
0.10418105125427246,52,-0.012890625
0.10533714294433594,53,-0.0515625
0.10646414756774902,54,-0.116015625
0.1075890064239502,55,-0.38671875
0.10872411727905273,56,-0.515625
0.10995221138000488,57,-1.198828125
0.11108613014221191,58,-1.65
0.11222600936889648,59,0.0
0.11340999603271484,60,-0.15468749999999998
0.11483120918273926,61,-0.07734374999999999
0.11631298065185547,62,-0.20625
0.11788606643676758,63,-0.21914062499999998
0.11941409111022949,64,-0.064453125
0.12079310417175293,65,0.0
0.12215113639831543,66,-0.0515625
0.12452316284179688,67,-0.116015625
0.12636804580688477,68,-0.24492187499999998
0.12783503532409668,69,-1.41796875
0.12986397743225098,70,0.0
0.13153719902038574,71,-0.116015625
0.13284611701965332,72,-0.15468749999999998
0.13404512405395508,73,-0.23203125
0.1351761817932129,74,-0.23203125
0.1362931728363037,75,-0.012890625
0.1374530792236328,76,-0.012890625
0.1385660171508789,77,-0.012890625
0.13968706130981445,78,-0.09023437499999999
0.14081811904907227,79,-0.30937499999999996
0.1419510841369629,80,-0.4125
0.1430671215057373,81,-1.147265625
0.14426398277282715,82,-1.65
0.14565515518188477,83,0.0
0.14705514907836914,84,-0.09023437499999999
0.148637056350708,85,-0.20625
0.15029501914978027,86,-0.193359375
0.15172600746154785,87,-0.21914062499999998
0.15318512916564941,88,0.038671874999999994
0.1551041603088379,89,0.0
0.15746307373046875,90,-0.02578125
0.15907001495361328,91,-0.103125
0.1606450080871582,92,-1.0570312499999999
0.162628173828125,93,0.0
0.16422414779663086,94,-0.15468749999999998
0.16552019119262695,95,-0.322265625
0.16669321060180664,96,-0.103125
0.16782903671264648,97,-0.2578125
0.16902899742126465,98,-0.167578125
0.17017197608947754,99,0.012890625
0.17129015922546387,100,0.012890625
0.17241215705871582,101,-0.012890625
0.17353105545043945,102,-0.270703125
0.17473316192626953,103,-0.36093749999999997
0.17615509033203125,104,-0.7863281249999999
0.17760109901428223,105,-1.533984375
0.17920804023742676,106,0.0
0.18074297904968262,107,-0.103125
0.18215608596801758,108,-0.38671875
0.18358302116394043,109,-0.09023437499999999
0.1854081153869629,110,-0.23203125
0.18778705596923828,111,0.0
0.18935298919677734,112,-0.012890625
0.19088220596313477,113,-0.28359375
0.19289517402648926,114,-0.2578125
0.1945340633392334,115,-1.327734375
0.1958141326904297,116,0.0
0.19697213172912598,117,-0.064453125
0.19812607765197754,118,-0.23203125
0.19927406311035156,119,-0.20625
0.20039701461791992,120,-0.36093749999999997
0.20151901245117188,121,-0.37382812499999996
0.2026360034942627,122,-0.167578125
0.20374107360839844,123,-0.012890625
0.20493316650390625,124,-0.012890625
0.2063310146331787,125,-0.012890625
0.20777320861816406,126,-0.322265625
0.20930910110473633,127,-0.502734375
0.2108449935913086,128,-1.340625
0.21226215362548828,129,0.0
0.21367597579956055,130,-0.103125
0.21544098854064941,131,-0.193359375
0.2178201675415039,132,-0.09023437499999999
0.21941399574279785,133,0.116015625
0.2208690643310547,134,-0.012890625
0.2227771282196045,135,-0.0515625
0.22456598281860352,136,-0.20625
0.22588014602661133,137,-0.476953125
0.22705507278442383,138,-1.327734375
0.22820115089416504,139,0.0
0.2293381690979004,140,-0.09023437499999999
0.2304670810699463,141,-0.2578125
0.23157501220703125,142,-0.20625
0.23268508911132812,143,-0.12890625
0.23379302024841309,144,-0.270703125
0.23498010635375977,145,-0.30937499999999996
0.2364201545715332,146,-0.12890625
0.23786211013793945,147,0.012890625
0.23942017555236816,148,-0.02578125
0.24093413352966309,149,-0.2578125
0.24229907989501953,150,-0.322265625
0.24369406700134277,151,-1.198828125
0.2454822063446045,152,0.0
0.24785399436950684,153,0.0
0.24945807456970215,154,-0.270703125
0.25090909004211426,155,-0.30937499999999996
0.2529020309448242,156,-0.167578125
0.2546989917755127,157,0.0
0.25600218772888184,158,-0.02578125
0.25717616081237793,159,-0.30937499999999996
0.2583169937133789,160,-0.2578125
0.25954604148864746,161,-0.928125
0.26069116592407227,162,-1.5726562499999999
0.26182103157043457,163,0.0
0.2629270553588867,164,-0.012890625
0.2640202045440674,165,-0.02578125
0.26521801948547363,166,-0.4125
0.2666289806365967,167,0.0
0.26808619499206543,168,-0.33515625
0.26976704597473145,169,-0.064453125
0.2713320255279541,170,0.0
0.2727019786834717,171,-0.02578125
0.274090051651001,172,-0.322265625
0.27569103240966797,173,-0.29648437499999997
0.2782461643218994,174,-1.0828125
0.27983617782592773,175,-0.0515625
0.2811930179595947,176,-0.012890625
0.28305506706237793,177,-0.29648437499999997
0.28495311737060547,178,-0.29648437499999997
0.2863471508026123,179,0.18046874999999998
0.287539005279541,180,0.0
0.28867411613464355,181,-0.0515625
0.2898221015930176,182,-0.116015625
0.29094815254211426,183,-0.399609375
0.29207706451416016,184,-0.5285156249999999
0.2932090759277344,185,-1.21171875
0.2943241596221924,186,-1.65
0.29552412033081055,187,0.0
0.29691410064697266,188,-0.103125
0.2983531951904297,189,-0.116015625
0.29994702339172363,190,-0.167578125
0.3015310764312744,191,-0.322265625
0.30293703079223633,192,0.0
0.30437397956848145,193,0.012890625
0.30606913566589355,194,-0.02578125
0.3085451126098633,195,-0.20625
0.310211181640625,196,-0.6703125
0.3116490840911865,197,-1.26328125
0.3135061264038086,198,-0.0515625
0.31526613235473633,199,-0.09023437499999999
0.3165900707244873,200,-0.064453125
0.3177812099456787,201,-0.33515625
0.3190011978149414,202,-0.20625
0.32016611099243164,203,0.0
0.32128000259399414,204,0.0
0.3223869800567627,205,-0.02578125
0.323498010635376,206,-0.2578125
0.32460618019104004,207,-0.322265625
0.3258240222930908,208,-0.7734375
0.3273031711578369,209,-1.405078125
0.3288140296936035,210,-0.064453125
0.33024120330810547,211,-0.064453125
0.33162713050842285,212,-0.20625
0.3330190181732178,213,-0.12890625
0.33449602127075195,214,-0.24492187499999998
0.33641505241394043,215,-0.0515625
0.3387930393218994,216,0.0
0.3404700756072998,217,-0.09023437499999999
0.34205198287963867,218,-0.20625
0.3440279960632324,219,-0.9410156249999999
0.34570813179016113,220,-0.0515625
0.3469820022583008,221,-0.15468749999999998
0.3481721878051758,222,-0.21914062499999998
0.35015416145324707,223,-0.09023437499999999
0.3513791561126709,224,-0.2578125
0.35253214836120605,225,-0.09023437499999999
0.353687047958374,226,0.0
0.3547999858856201,227,-0.012890625
0.3560330867767334,228,-0.012890625
0.3574981689453125,229,-0.36093749999999997
0.3593142032623291,230,-0.33515625
0.36098408699035645,231,-1.198828125
0.3624711036682129,232,0.012890625
0.36382412910461426,233,-0.064453125
0.3652369976043701,234,-0.29648437499999997
0.3673391342163086,235,-0.15468749999999998
0.36957406997680664,236,-0.30937499999999996
0.3710792064666748,237,0.012890625
0.3727090358734131,238,-0.02578125
0.3747100830078125,239,-0.23203125
0.37622904777526855,240,-0.502734375
0.37747812271118164,241,-1.4953124999999998
0.37866902351379395,242,0.012890625
0.3798191547393799,243,-0.0515625
0.3809499740600586,244,0.0
0.38206911087036133,245,-0.29648437499999997
0.3831920623779297,246,-0.167578125
0.3843090534210205,247,-0.37382812499999996
0.3854231834411621,248,-0.270703125
0.38663315773010254,249,0.0
0.38804006576538086,250,-0.02578125
0.3896040916442871,251,-0.012890625
0.3911612033843994,252,-0.2578125
0.3926570415496826,253,-0.43828124999999996
0.3940470218658447,254,-1.353515625
0.3954801559448242,255,0.012890625
0.39684510231018066,256,-0.064453125
0.3993871212005615,257,-0.18046874999999998
0.40125513076782227,258,-0.167578125
0.402662992477417,259,0.193359375
0.4045090675354004,260,0.0
0.40641307830810547,261,-0.0515625
0.40777015686035156,262,-0.2578125
0.4090251922607422,263,-0.476953125
0.41019415855407715,264,-1.2374999999999998
0.4113330841064453,265,-0.064453125
0.4124720096588135,266,0.0
0.41358113288879395,267,-0.23203125
0.4146912097930908,268,-0.20625
0.4158041477203369,269,-0.103125
0.41701602935791016,270,-0.348046875
0.4184260368347168,271,-0.36093749999999997
0.41990113258361816,272,-0.09023437499999999
0.4214789867401123,273,0.012890625
0.4230170249938965,274,-0.0515625
0.4244520664215088,275,-0.29648437499999997
0.42589807510375977,276,-0.43828124999999996
0.42736005783081055,277,-1.2890625
0.42992520332336426,278,0.0
0.4316120147705078,279,-0.167578125
0.43299412727355957,280,-0.116015625
0.4349701404571533,281,-0.33515625
0.436873197555542,282,-0.103125
0.4382162094116211,283,-0.012890625
0.43952512741088867,284,-0.02578125
0.44068098068237305,285,-0.33515625
0.4417991638183594,286,-0.322265625
0.4429051876068115,287,-1.03125
0.44416308403015137,288,-1.65
0.44539713859558105,289,0.0
0.44652700424194336,290,-0.0515625
0.4477231502532959,291,-0.103125
0.44921398162841797,292,-0.33515625
0.4506711959838867,293,-0.167578125
0.45241212844848633,294,-0.0515625
0.45401811599731445,295,0.012890625
0.4554572105407715,296,-0.012890625
0.45723509788513184,297,-0.12890625
0.4596900939941406,298,-0.270703125
0.4617459774017334,299,-1.16015625
0.4631681442260742,300,-0.012890625
0.4649341106414795,301,-0.103125
0.46681904792785645,302,-0.103125
0.46825599670410156,303,-0.29648437499999997
0.46960902214050293,304,0.038671874999999994
0.4707760810852051,305,0.012890625
0.471912145614624,306,-0.012890625
0.47302699089050293,307,-0.09023437499999999
0.47414207458496094,308,-0.33515625
0.47525620460510254,309,-0.4640625
0.4763801097869873,310,-1.16015625
0.4775099754333496,311,-1.65
0.47872018814086914,312,0.0
0.4802541732788086,313,-0.116015625
0.4817030429840088,314,-0.167578125
0.48332810401916504,315,-0.167578125
0.48487401008605957,316,-0.37382812499999996
0.48633718490600586,317,0.0
0.48773813247680664,318,0.0
0.48946619033813477,319,-0.038671874999999994
0.49204206466674805,320,-0.23203125
0.49370718002319336,321,-0.734765625
0.4952530860900879,322,0.0
0.4971780776977539,323,-0.0515625
0.49880504608154297,324,-0.21914062499999998
0.5002532005310059,325,-0.167578125
0.5015192031860352,326,-0.167578125
0.502683162689209,327,-0.02578125
0.5038139820098877,328,0.012890625
0.5049500465393066,329,-0.012890625
0.5063791275024414,330,-0.0515625
0.5079782009124756,331,-0.33515625
0.5099010467529297,332,-0.54140625
0.5116970539093018,333,-1.5726562499999999
0.5131840705871582,334,-0.02578125
0.5147039890289307,335,-0.12890625
0.5161809921264648,336,-0.21914062499999998
0.5176370143890381,337,-0.24492187499999998
0.5193960666656494,338,-0.07734374999999999
0.5218181610107422,339,0.012890625
0.523388147354126,340,-0.012890625
0.5248830318450928,341,-0.28359375
0.5270111560821533,342,-0.734765625
0.5287220478057861,343,-1.65
0.5300741195678711,344,-0.02578125
0.5312612056732178,345,-0.064453125
0.5324690341949463,346,-0.23203125
0.5336010456085205,347,-0.36093749999999997
0.5347270965576172,348,-0.37382812499999996
0.5358431339263916,349,-0.193359375
0.5369470119476318,350,0.0
0.5380439758300781,351,0.0
0.5392739772796631,352,-0.012890625
0.5407412052154541,353,-0.30937499999999996
0.5422260761260986,354,-0.30937499999999996
0.5438120365142822,355,-1.173046875
0.5452361106872559,356,0.012890625
0.5465149879455566,357,0.0
0.5478560924530029,358,-0.0515625
0.5503880977630615,359,-0.24492187499999998
0.5524551868438721,360,-0.09023437499999999
0.5544061660766602,361,0.012890625
0.5565071105957031,362,-0.012890625
0.5579321384429932,363,-0.2578125
0.5591590404510498,364,-0.631640625
0.5603470802307129,365,-1.3148437499999999
0.561488151550293,366,-0.038671874999999994
0.5626180171966553,367,-0.064453125
0.5637381076812744,368,-0.21914062499999998
0.5648810863494873,369,-0.23203125
0.566021203994751,370,-0.12890625
0.5671331882476807,371,-0.322265625
0.5682601928710938,372,-0.37382812499999996
0.5696101188659668,373,-0.141796875
0.5711081027984619,374,0.0
0.5726380348205566,375,-0.02578125
0.5742089748382568,376,-0.2578125
0.5758171081542969,377,-0.2578125
0.5772030353546143,378,-1.2374999999999998
0.5786480903625488,379,-0.0515625
0.5808742046356201,380,-0.09023437499999999
0.5831851959228516,381,-0.20625
0.584693193435669,382,-0.103125
0.5866780281066895,383,0.0515625
0.5885961055755615,384,0.012890625
0.5899341106414795,385,-0.0515625
0.5911421775817871,386,-0.28359375
0.5923140048980713,387,-0.54140625
0.5934441089630127,388,-1.2890625
0.5945611000061035,389,-0.0515625
0.5956912040710449,390,0.0
0.5968151092529297,391,-0.20625
0.5979650020599365,392,-0.23203125
0.5991029739379883,393,-0.103125
0.6003379821777344,394,-0.37382812499999996
0.6017770767211914,395,-0.36093749999999997
0.6032991409301758,396,-0.0515625
0.6049880981445312,397,-0.012890625
0.606544017791748,398,-0.012890625
0.6079521179199219,399,-0.29648437499999997
0.6093170642852783,400,-0.5671875
0.6118791103363037,401,-1.405078125
0.6136801242828369,402,-0.0515625
0.6153101921081543,403,-0.167578125
0.617394208908081,404,-0.02578125
0.6188662052154541,405,-0.09023437499999999
0.6202571392059326,406,0.012890625
0.6214940547943115,407,0.0
0.6226291656494141,408,-0.02578125
0.6237540245056152,409,-0.348046875
0.6248672008514404,410,-0.33515625
0.6265912055969238,411,-0.928125
0.627744197845459,412,-1.65
0.62894606590271,413,-0.02578125
0.6300830841064453,414,-0.103125
0.631289005279541,415,-0.0515625
0.6327080726623535,416,-0.193359375
0.6341691017150879,417,-0.33515625
0.635857105255127,418,-0.193359375
0.6374380588531494,419,0.0
0.6387810707092285,420,-0.012890625
0.6403100490570068,421,-0.12890625
0.6423251628875732,422,-0.30937499999999996
0.6445460319519043,423,-0.966796875
0.6460740566253662,424,0.0
0.6476211547851562,425,-0.193359375
0.6496109962463379,426,-0.270703125
0.6512761116027832,427,-0.33515625
0.6526370048522949,428,0.0
0.6538660526275635,429,0.012890625
0.655036211013794,430,-0.0515625
0.6561582088470459,431,-0.0515625
0.6572651863098145,432,-0.30937499999999996
0.6583871841430664,433,-0.322265625
0.6596059799194336,434,-1.00546875
0.6607480049133301,435,-1.6371093749999999
0.6620290279388428,436,0.0
0.663444995880127,437,-0.116015625
0.6648790836334229,438,-0.12890625
0.666431188583374,439,-0.02578125
0.6680300235748291,440,-0.167578125
0.669532060623169,441,0.038671874999999994
0.671044111251831,442,0.012890625
0.6728260517120361,443,-0.02578125
