time,count,voltage
0.005528926849365234,1,-0.02578125
0.0071048736572265625,2,-0.02578125
0.008512020111083984,3,-0.24492187499999998
0.009883880615234375,4,-0.708984375
0.011246919631958008,5,-1.456640625
0.012614011764526367,6,0.0
0.013957977294921875,7,-0.12890625
0.015305042266845703,8,-0.2578125
0.016941070556640625,9,-0.12890625
0.018693923950195312,10,-0.29648437499999997
0.020351886749267578,11,0.09023437499999999
0.022114038467407227,12,-0.012890625
0.023671865463256836,13,-0.02578125
0.02533102035522461,14,-0.270703125
0.026925086975097656,15,-0.734765625
0.028382062911987305,16,-1.5597656249999998
0.02980804443359375,17,0.0
0.03116607666015625,18,-0.167578125
0.03273606300354004,19,-0.322265625
0.034422874450683594,20,-0.07734374999999999
0.036212921142578125,21,-0.064453125
0.03793787956237793,22,0.0
0.03971290588378906,23,-0.02578125
0.0412750244140625,24,-0.23203125
0.04279494285583496,25,-0.33515625
0.04443192481994629,26,-1.1859374999999999
0.04614686965942383,27,-0.02578125
0.047844886779785156,28,-0.12890625
0.05039787292480469,29,-0.270703125
0.05282998085021973,30,-0.36093749999999997
0.054502010345458984,31,0.0
0.05624699592590332,32,-0.012890625
0.05838799476623535,33,-0.18046874999999998
0.060545921325683594,34,-0.399609375
0.06222701072692871,35,-1.5726562499999999
0.06369400024414062,36,-0.02578125
0.06506490707397461,37,-0.167578125
0.06642293930053711,38,-0.12890625
0.06781196594238281,39,-0.270703125
0.06916689872741699,40,-0.20625
0.0705108642578125,41,0.012890625
0.07185101509094238,42,0.012890625
0.0731818675994873,43,-0.02578125
0.07451200485229492,44,-0.24492187499999998
0.07586097717285156,45,-0.30937499999999996
0.07721805572509766,46,-1.1214843749999999
0.0785820484161377,47,-1.4953124999999998
0.07993102073669434,48,-0.02578125
0.0812690258026123,49,-0.23203125
0.08260107040405273,50,-0.167578125
0.08394503593444824,51,-0.103125
0.08528590202331543,52,-0.167578125
0.08661794662475586,53,-0.012890625
0.0880429744720459,54,0.012890625
0.08951306343078613,55,-0.02578125
0.0909569263458252,56,-0.24492187499999998
0.09263992309570312,57,-0.20625
0.09433794021606445,58,-1.044140625
0.09601998329162598,59,-0.02578125
0.09790897369384766,60,-0.116015625
0.09961295127868652,61,-0.33515625
0.10129904747009277,62,-0.322265625
0.10308694839477539,63,-0.103125
0.10522294044494629,64,0.0
0.10811901092529297,65,-0.02578125
0.11002993583679199,66,-0.09023437499999999
0.11167097091674805,67,-1.26328125
0.11328697204589844,68,-0.012890625
0.11523985862731934,69,-0.116015625
0.11742901802062988,70,-0.116015625
0.1195669174194336,71,-0.28359375
0.12128400802612305,72,0.0
0.12302589416503906,73,-0.02578125
0.12473702430725098,74,-0.24492187499999998
0.1265699863433838,75,-0.399609375
0.12863492965698242,76,-1.340625
0.13016295433044434,77,-0.09023437499999999
0.13170695304870605,78,-0.09023437499999999
0.13311290740966797,79,-0.116015625
0.13544702529907227,80,-0.2578125
0.13736295700073242,81,0.02578125
0.138808012008667,82,0.0
0.14039206504821777,83,-0.0515625
0.14234685897827148,84,-0.24492187499999998
0.143996000289917,85,-0.8507812499999999
0.14526987075805664,86,-0.09023437499999999
0.14642691612243652,87,-0.038671874999999994
0.14758896827697754,88,-0.24492187499999998
0.1487429141998291,89,-0.2578125
0.14986491203308105,90,-0.0515625
0.15106701850891113,91,-0.4125
0.15245890617370605,92,-0.37382812499999996
0.15392303466796875,93,0.0
0.15542292594909668,94,0.0
0.15712499618530273,95,-0.0515625
0.15861797332763672,96,-0.20625
0.1600790023803711,97,-0.7863281249999999
0.16144394874572754,98,-1.533984375
0.16353201866149902,99,0.0
0.16571497917175293,100,-0.20625
0.16723299026489258,101,-0.09023437499999999
0.16868996620178223,102,-0.20625
0.1705770492553711,103,-0.012890625
0.1723639965057373,104,-0.012890625
0.17368292808532715,105,-0.103125
0.17485785484313965,106,-0.23203125
0.17600297927856445,107,-0.580078125
0.17714595794677734,108,-1.26328125
0.1782820224761963,109,-0.8765624999999999
0.17941594123840332,110,0.0
0.18053197860717773,111,-0.21914062499999998
0.18173789978027344,112,-0.29648437499999997
0.1831529140472412,113,-0.12890625
0.18460607528686523,114,-0.2578125
0.1861569881439209,115,-0.12890625
0.18774986267089844,116,0.0
0.18921494483947754,117,-0.012890625
0.19070005416870117,118,-0.193359375
0.19210386276245117,119,-0.270703125
0.19458389282226562,120,-0.8765624999999999
0.19635605812072754,121,0.0
0.19778203964233398,122,-0.193359375
0.19938993453979492,123,-0.322265625
0.20134997367858887,124,-0.064453125
0.20289206504821777,125,0.038671874999999994
0.20415401458740234,126,0.0
0.20532703399658203,127,-0.012890625
0.20647406578063965,128,-0.0515625
0.2076280117034912,129,-0.33515625
0.20874691009521484,130,-0.29648437499999997
0.20986104011535645,131,-0.95390625
0.21096396446228027,132,-1.5597656249999998
0.21215295791625977,133,0.0
0.21353507041931152,134,-0.064453125
0.21499395370483398,135,-0.064453125
0.21645092964172363,136,-0.167578125
0.2180640697479248,137,-0.33515625
0.2195138931274414,138,-0.116015625
0.22100090980529785,139,0.0
0.22240185737609863,140,-0.02578125
0.22457289695739746,141,-0.103125
0.22669291496276855,142,-0.23203125
0.2282569408416748,143,-1.327734375
0.22974085807800293,144,0.0
0.2317359447479248,145,-0.20625
0.23342204093933105,146,-0.20625
0.23470306396484375,147,-0.167578125
0.23592400550842285,148,-0.103125
0.2371199131011963,149,0.0
0.23825693130493164,150,0.0
0.23937106132507324,151,-0.012890625
0.24048495292663574,152,-0.2578125
0.24159908294677734,153,-0.2578125
0.24279093742370605,154,-0.734765625
0.2442018985748291,155,-1.3664062499999998
0.24567294120788574,156,-0.103125
0.2471320629119873,157,-0.02578125
0.24866795539855957,158,-0.167578125
0.25004005432128906,159,-0.116015625
0.2514810562133789,160,-0.36093749999999997
0.2532169818878174,161,-0.21914062499999998
0.2556800842285156,162,0.012890625
0.25746989250183105,163,-0.02578125
0.2588670253753662,164,-0.15468749999999998
0.2606189250946045,165,-0.8765624999999999
0.262584924697876,166,-1.65
0.2640089988708496,167,-0.012890625
0.26519203186035156,168,-0.2578125
0.2663309574127197,169,-0.012890625
0.2674829959869385,170,-0.29648437499999997
0.26862502098083496,171,-0.30937499999999996
0.26973986625671387,172,-0.12890625
0.2708749771118164,173,0.012890625
0.27199292182922363,174,-0.012890625
0.27317190170288086,175,-0.064453125
0.27457499504089355,176,-0.33515625
0.2760279178619385,177,-0.37382812499999996
0.277634859085083,178,-1.21171875
0.27914905548095703,179,-0.02578125
0.2805440425872803,180,-0.02578125
0.2819089889526367,181,-0.167578125
0.2837560176849365,182,-0.0515625
0.2861499786376953,183,-0.20625
0.28772401809692383,184,0.012890625
0.2892639636993408,185,-0.02578125
0.2912418842315674,186,-0.167578125
0.2929189205169678,187,-0.21914062499999998
0.29421496391296387,188,-1.2374999999999998
0.2953829765319824,189,0.012890625
0.2965109348297119,190,-0.0515625
0.29764699935913086,191,-0.103125
0.2987558841705322,192,-0.270703125
0.2998659610748291,193,-0.141796875
0.30097508430480957,194,-0.4640625
0.3020808696746826,195,-0.399609375
0.30327606201171875,196,-0.038671874999999994
0.30469298362731934,197,-0.012890625
0.3061549663543701,198,-0.02578125
0.3077549934387207,199,-0.21914062499999998
0.3093409538269043,200,-0.23203125
0.31079697608947754,201,-1.0828125
0.3122100830078125,202,0.0
0.31399106979370117,203,0.0
0.3163459300994873,204,-0.02578125
0.31789088249206543,205,-0.322265625
0.3193240165710449,206,-0.103125
0.32117295265197754,207,0.012890625
0.323016881942749,208,-0.012890625
0.3243680000305176,209,-0.20625
0.32555603981018066,210,-0.2578125
0.32670092582702637,211,-0.992578125
0.3278939723968506,212,-1.5984375
0.3290128707885742,213,0.0
0.3301219940185547,214,-0.07734374999999999
0.3312489986419678,215,-0.103125
0.3323688507080078,216,-0.20625
0.33356404304504395,217,-0.0515625
0.33496999740600586,218,-0.33515625
0.3364138603210449,219,-0.193359375
0.3379180431365967,220,-0.012890625
0.3400859832763672,221,-0.02578125
0.34151506423950195,222,-0.2578125
0.34288692474365234,223,-0.43828124999999996
0.34514498710632324,224,-1.2890625
0.34714698791503906,225,-0.09023437499999999
0.34859800338745117,226,-0.23203125
0.35019397735595703,227,0.0
0.3521280288696289,228,-0.2578125
0.35378003120422363,229,0.141796875
0.35508108139038086,230,0.0
0.3562779426574707,231,-0.02578125
0.3574509620666504,232,-0.322265625
0.35858798027038574,233,-0.2578125
0.3597080707550049,234,-0.863671875
0.3608129024505615,235,-1.4953124999999998
0.36191701889038086,236,0.0
0.36301088333129883,237,0.012890625
0.36420488357543945,238,-0.167578125
0.3656129837036133,239,-0.29648437499999997
0.367142915725708,240,-0.15468749999999998
0.36865806579589844,241,-0.322265625
0.37013697624206543,242,-0.012890625
0.37153196334838867,243,-0.012890625
0.3729269504547119,244,-0.02578125
0.3746960163116455,245,-0.29648437499999997
0.3771388530731201,246,-0.29648437499999997
0.3789069652557373,247,-1.5597656249999998
0.3803238868713379,248,-0.02578125
0.38239097595214844,249,-0.103125
0.3842630386352539,250,-0.116015625
0.38564300537109375,251,-0.12890625
0.3868870735168457,252,0.012890625
0.38805699348449707,253,0.0
0.3891918659210205,254,-0.0515625
0.3903169631958008,255,-0.21914062499999998
0.3914370536804199,256,-0.33515625
0.3925440311431885,257,-0.6187499999999999
0.3936469554901123,258,-1.26328125
0.3948378562927246,259,-1.5726562499999999
0.3962428569793701,260,0.012890625
0.397752046585083,261,-0.193359375
0.39922189712524414,262,-0.2578125
0.4007899761199951,263,-0.103125
0.4022219181060791,264,-0.167578125
0.4036068916320801,265,0.09023437499999999
0.40517592430114746,266,0.012890625
0.4077939987182617,267,-0.038671874999999994
0.40945005416870117,268,-0.167578125
0.4108150005340576,269,-1.10859375
0.41260504722595215,270,0.0
0.41451287269592285,271,0.0
0.4159090518951416,272,-0.24492187499999998
0.41714000701904297,273,-0.02578125
0.4183070659637451,274,-0.20625
0.4194600582122803,275,-0.103125
0.42058491706848145,276,0.0
0.4216940402984619,277,-0.012890625
0.4228029251098633,278,-0.0515625
0.42391300201416016,279,-0.322265625
0.42511987686157227,280,-0.28359375
0.42652201652526855,281,-0.837890625
0.42806386947631836,282,-1.52109375
0.42958998680114746,283,0.0
0.43110203742980957,284,-0.167578125
0.4324960708618164,285,-0.30937499999999996
0.43387603759765625,286,-0.103125
0.43566203117370605,287,-0.20625
0.43802404403686523,288,-0.0515625
0.43958187103271484,289,-0.012890625
0.4409918785095215,290,-0.2578125
0.4428708553314209,291,-0.193359375
0.44470691680908203,292,-1.134375
0.4460430145263672,293,0.0
0.44725489616394043,294,-0.167578125
0.448422908782959,295,-0.20625
0.4495530128479004,296,-0.064453125
0.4506669044494629,297,-0.28359375
0.45177602767944336,298,-0.36093749999999997
0.4528930187225342,299,-0.18046874999999998
0.4540290832519531,300,0.0
0.45522189140319824,301,0.012890625
0.45665693283081055,302,-0.02578125
0.4583010673522949,303,-0.33515625
0.45969486236572266,304,-0.5671875
0.46110105514526367,305,-1.3921875
0.46244096755981445,306,0.0
0.4639148712158203,307,-0.103125
0.4653608798980713,308,-0.167578125
0.46755099296569824,309,-0.193359375
0.4698219299316406,310,-0.322265625
0.47133803367614746,311,0.012890625
0.47284507751464844,312,-0.0515625
0.47482991218566895,313,-0.21914062499999998
0.47651100158691406,314,-0.37382812499999996
0.4779040813446045,315,-1.405078125
0.4790840148925781,316,0.0
0.4802210330963135,317,-0.064453125
0.48134899139404297,318,-0.103125
0.4824669361114502,319,-0.09023437499999999
0.4835810661315918,320,-0.103125
0.4846968650817871,321,-0.348046875
0.48587703704833984,322,-0.29648437499999997
0.487293004989624,323,-0.012890625
0.4887568950653076,324,0.012890625
0.49022388458251953,325,-0.0515625
0.4918069839477539,326,-0.2578125
0.4933149814605713,327,-0.6703125
0.4947800636291504,328,-1.46953125
0.49616503715515137,329,0.012890625
0.49826693534851074,330,-0.23203125
0.500525951385498,331,-0.20625
0.502086877822876,332,-0.02578125
0.50357985496521,333,0.21914062499999998
0.5055298805236816,334,0.0
0.5072588920593262,335,-0.0515625
0.508573055267334,336,-0.18046874999999998
0.5097880363464355,337,-0.79921875
0.5109179019927979,338,-1.46953125
0.5120458602905273,339,0.0
0.5131568908691406,340,-0.0515625
0.5142650604248047,341,-0.12890625
0.5153789520263672,342,-0.348046875
0.5165629386901855,343,0.0
0.5180258750915527,344,-0.38671875
0.5194659233093262,345,-0.20625
0.5209219455718994,346,0.0
0.5224840641021729,347,-0.012890625
0.5239410400390625,348,-0.167578125
0.525399923324585,349,-0.2578125
0.5268499851226807,350,-0.8765624999999999
0.5289170742034912,351,-1.6242187499999998
0.5311369895935059,352,-0.0515625
0.5326409339904785,353,-0.322265625
0.5340900421142578,354,-0.103125
0.5360300540924072,355,-0.15468749999999998
0.5378310680389404,356,-0.012890625
0.5391380786895752,357,-0.02578125
0.5403919219970703,358,-0.23203125
0.5415949821472168,359,-0.322265625
0.5427439212799072,360,-0.7218749999999999
0.5438699722290039,361,-1.3664062499999998
0.5449888706207275,362,0.0
0.5460920333862305,363,-0.0515625
0.5473308563232422,364,-0.07734374999999999
0.5487570762634277,365,-0.20625
0.5502350330352783,366,-0.116015625
0.5517358779907227,367,-0.37382812499999996
0.5532500743865967,368,-0.167578125
0.5546748638153076,369,0.0
0.556117057800293,370,-0.02578125
0.558060884475708,371,-0.21914062499999998
0.5603630542755127,372,-0.24492187499999998
0.5619099140167236,373,-1.546875
0.5633108615875244,374,-0.02578125
0.5651390552520752,375,0.0
0.5670740604400635,376,-0.15468749999999998
0.5684530735015869,377,-0.2578125
0.5696539878845215,378,0.012890625
0.5707888603210449,379,0.0
0.5719130039215088,380,-0.012890625
0.5730400085449219,381,-0.0515625
0.5741620063781738,382,-0.29648437499999997
0.5753390789031982,383,-0.29648437499999997
0.5767669677734375,384,-0.928125
0.5783438682556152,385,-1.6242187499999998
0.5797560214996338,386,0.0
0.581230878829956,387,-0.24492187499999998
0.5826740264892578,388,-0.23203125
0.5843169689178467,389,-0.064453125
0.5858659744262695,390,-0.09023437499999999
0.5873599052429199,391,0.012890625
0.5890109539031982,392,-0.012890625
0.5915889739990234,393,-0.103125
0.5932309627532959,394,-0.23203125
0.5947809219360352,395,-1.353515625
0.5968680381774902,396,0.0
0.5984609127044678,397,-0.193359375
0.5996720790863037,398,-0.09023437499999999
0.6008150577545166,399,-0.23203125
0.6019349098205566,400,-0.2578125
0.6030330657958984,401,-0.103125
0.6041660308837891,402,0.0
0.6052830219268799,403,-0.012890625
0.6063830852508545,404,-0.064453125
0.6075220108032227,405,-0.37382812499999996
0.608659029006958,406,-0.23203125
0.6098599433898926,407,-0.928125
0.6112620830535889,408,-1.546875
0.6127018928527832,409,0.0
0.614253044128418,410,-0.15468749999999998
0.6157848834991455,411,-0.2578125
0.6172008514404297,412,-0.116015625
0.6185920238494873,413,-0.23203125
0.6207408905029297,414,0.012890625
0.6228358745574951,415,0.0
0.6242918968200684,416,-0.23203125
0.6263129711151123,417,-0.20625
0.6281170845031738,418,-1.147265625
0.6294040679931641,419,0.0
0.630573034286499,420,-0.116015625
0.6317059993743896,421,-0.23203125
0.6328170299530029,422,-0.15468749999999998
0.633929967880249,423,-0.322265625
0.6350300312042236,424,-0.399609375
0.6361598968505859,425,-0.23203125
0.6373388767242432,426,0.0
0.6384599208831787,427,-0.012890625
0.6395678520202637,428,-0.012890625
0.6407599449157715,429,-0.2578125
0.6421689987182617,430,-0.24492187499999998
0.6436269283294678,431,-0.889453125
0.6451539993286133,432,-1.65
0.6466999053955078,433,0.0
0.6482808589935303,434,-0.012890625
0.6497058868408203,435,-0.103125
0.6519439220428467,436,-0.29648437499999997
0.6539950370788574,437,-0.0515625
0.6554439067840576,438,0.0
0.6573178768157959,439,-0.064453125
0.6592490673065186,440,-0.167578125
0.6605899333953857,441,-1.00546875
0.6617629528045654,442,-0.502734375
0.6628940105438232,443,0.0
0.6640110015869141,444,-0.21914062499999998
0.6655678749084473,445,-0.21914062499999998
0.6667258739471436,446,-0.12890625
0.6679399013519287,447,-0.38671875
0.6690690517425537,448,-0.28359375
0.6701979637145996,449,0.012890625
0.6713988780975342,450,0.0
0.6727988719940186,451,-0.0515625
0.6742348670959473,452,-0.24492187499999998
0.6757750511169434,453,-0.15468749999999998
0.6777698993682861,454,-0.9410156249999999
0.6796488761901855,455,-0.9410156249999999
0.6819770336151123,456,-0.12890625
0.6842200756072998,457,-0.270703125
0.686215877532959,458,-0.270703125
0.6882579326629639,459,0.012890625
0.6899459362030029,460,-0.012890625
0.69215989112854,461,-0.24492187499999998
0.6942219734191895,462,-0.43828124999999996
0.6957318782806396,463,-1.018359375
0.6971340179443359,464,-0.07734374999999999
0.698436975479126,465,-0.12890625
0.6997029781341553,466,-0.064453125
0.7072439193725586,467,-0.28359375
0.7089619636535645,468,-0.270703125
0.7103700637817383,469,-0.9152343749999999
0.712785005569458,470,-1.65
0.7145628929138184,471,-0.064453125
0.7160630226135254,472,-0.23203125
0.7182719707489014,473,-0.038671874999999994
0.7198159694671631,474,0.141796875
0.7210268974304199,475,-0.012890625
0.7221620082855225,476,-0.02578125
0.7232789993286133,477,-0.09023437499999999
0.7243950366973877,478,-0.322265625
0.7255010604858398,479,-0.36093749999999997
0.7266080379486084,480,-1.03125
0.7278809547424316,481,-1.6371093749999999
0.7290120124816895,482,0.0
0.7301120758056641,483,-0.064453125
0.7312119007110596,484,-0.103125
0.7324280738830566,485,-0.167578125
0.7338330745697021,486,-0.0515625
0.7352819442749023,487,-0.2578125
0.7368428707122803,488,0.0
0.7384030818939209,489,0.012890625
0.7398340702056885,490,-0.0515625
0.7412600517272949,491,-0.20625
0.7437410354614258,492,-0.33515625
0.7454960346221924,493,-1.405078125
0.7470688819885254,494,0.0
0.7491450309753418,495,-0.103125
0.750709056854248,496,-0.07734374999999999
0.7519259452819824,497,-0.167578125
0.7530519962310791,498,0.012890625
0.7541649341583252,499,0.012890625
0.7552750110626221,500,-0.0515625
0.7563869953155518,501,-0.0515625
0.7575199604034424,502,-0.2578125
0.7586259841918945,503,-0.167578125
0.7597410678863525,504,-0.889453125
0.7608389854431152,505,-1.46953125
0.7619369029998779,506,0.0
0.7631070613861084,507,-0.02578125
0.7644929885864258,508,-0.038671874999999994
0.7659499645233154,509,-0.270703125
0.7675919532775879,510,0.0
0.7691149711608887,511,-0.103125
0.7706320285797119,512,-0.012890625
0.7721068859100342,513,0.0
0.7748370170593262,514,-0.0515625
0.7763850688934326,515,-0.30937499999999996
0.7779529094696045,516,-1.3019531249999998
0.7799160480499268,517,0.0
0.781635046005249,518,-0.141796875
0.7829210758209229,519,-0.193359375
0.7841179370880127,520,-0.29648437499999997
0.7852649688720703,521,-0.29648437499999997
0.786370038986206,522,-0.09023437499999999
0.7875149250030518,523,0.012890625
0.7886719703674316,524,0.0
0.7897820472717285,525,-0.0515625
0.790881872177124,526,-0.33515625
0.7919878959655762,527,-0.2578125
0.7931780815124512,528,-0.9152343749999999
0.7945859432220459,529,-1.533984375
0.7960948944091797,530,0.012890625
0.7978289127349854,531,-0.103125
0.7993369102478027,532,-0.21914062499999998
0.8007650375366211,533,-0.0515625
0.8021249771118164,534,-0.15468749999999998
0.8047349452972412,535,0.038671874999999994
0.8064839839935303,536,0.012890625
0.807945966720581,537,-0.270703125
0.8098859786987305,538,-0.36093749999999997
0.8116469383239746,539,-1.3019531249999998
0.8129549026489258,540,0.0
0.8141779899597168,541,-0.12890625
0.8153359889984131,542,-0.28359375
0.8164708614349365,543,-0.20625
0.8176100254058838,544,-0.4125
0.8187129497528076,545,-0.38671875
0.8198308944702148,546,-0.012890625
0.8209578990936279,547,-0.012890625
0.8221070766448975,548,-0.038671874999999994
0.8233039379119873,549,-0.07734374999999999
0.8247129917144775,550,-0.28359375
0.8261709213256836,551,-0.476953125
0.8277950286865234,552,-1.2890625
0.8293290138244629,553,-0.02578125
0.8306970596313477,554,-0.24492187499999998
0.8320319652557373,555,-0.2578125
0.8342080116271973,556,-0.09023437499999999
0.8363289833068848,557,-0.2578125
0.8378739356994629,558,0.0
0.8397250175476074,559,-0.02578125
0.8415629863739014,560,-0.21914062499999998
0.842926025390625,561,-0.451171875
0.844196081161499,562,-1.327734375
0.8453500270843506,563,-0.0515625
0.8464970588684082,564,-0.02578125
0.8476829528808594,565,-0.20625
0.8488190174102783,566,-0.28359375
0.8499200344085693,567,-0.103125
0.8510138988494873,568,-0.4125
0.8521380424499512,569,-0.37382812499999996
0.8533909320831299,570,0.012890625
0.8548319339752197,571,0.0
0.8562860488891602,572,-0.038671874999999994
0.8578798770904541,573,-0.20625
0.8594720363616943,574,-0.116015625
0.8609249591827393,575,-1.018359375
0.8623249530792236,576,-0.6832031249999999
0.8647239208221436,577,-0.116015625
0.8665850162506104,578,-0.33515625
0.8684649467468262,579,-0.23203125
0.8710389137268066,580,-0.012890625
0.872412919998169,581,0.012890625
0.8735918998718262,582,-0.21914062499999998
0.8747339248657227,583,-0.33515625
0.8758878707885742,584,-0.5929687499999999
0.877079963684082,585,-1.276171875
0.8782339096069336,586,-0.37382812499999996
0.8793580532073975,587,-0.02578125
0.8804919719696045,588,-0.193359375
0.8816030025482178,589,-0.20625
0.8827040195465088,590,-0.0515625
0.8839120864868164,591,-0.30937499999999996
0.8854310512542725,592,-0.37382812499999996
0.8869829177856445,593,-0.02578125
0.8886768817901611,594,0.0
0.8903529644012451,595,-0.012890625
0.8918318748474121,596,-0.2578125
0.8932840824127197,597,-0.734765625
0.8960239887237549,598,-1.533984375
0.8977248668670654,599,0.0
0.8996520042419434,600,-0.29648437499999997
0.9019429683685303,601,-0.12890625
0.9033410549163818,602,0.322265625
0.9045369625091553,603,-0.012890625
0.9056789875030518,604,-0.0515625
0.9068760871887207,605,-0.167578125
0.9080369472503662,606,-0.322265625
0.9092259407043457,607,-0.5929687499999999
0.9103560447692871,608,-1.2503906249999999
0.9114730358123779,609,-0.42539062499999997
0.9126050472259521,610,-0.02578125
0.9137129783630371,611,-0.167578125
0.9149608612060547,612,-0.0515625
0.9164440631866455,613,-0.167578125
0.9179959297180176,614,-0.24492187499999998
0.9195029735565186,615,-0.09023437499999999
0.9210360050201416,616,0.012890625
0.9223508834838867,617,-0.012890625
0.9236800670623779,618,-0.167578125
0.925710916519165,619,-0.2578125
0.9285678863525391,620,-0.7734375
0.9301679134368896,621,-0.24492187499999998
0.9324600696563721,622,-0.15468749999999998
0.9339780807495117,623,-0.064453125
0.9351730346679688,624,-0.12890625
0.936331033706665,625,-0.012890625
0.937493085861206,626,0.012890625
0.9386188983917236,627,-0.012890625
0.9397869110107422,628,-0.064453125
0.940903902053833,629,-0.322265625
0.942039966583252,630,-0.2578125
0.9431440830230713,631,-0.966796875
0.9442670345306396,632,-1.5597656249999998
0.9454679489135742,633,0.0
0.946937084197998,634,0.0
0.9484848976135254,635,-0.07734374999999999
0.9501938819885254,636,-0.103125
0.9516918659210205,637,-0.23203125
0.9531328678131104,638,0.038671874999999994
0.9545900821685791,639,0.0
0.9575259685516357,640,-0.02578125
0.9592380523681641,641,-0.21914062499999998
0.9610259532928467,642,-1.0570312499999999
0.963083028793335,643,-0.0515625
0.9645030498504639,644,-0.18046874999999998
0.9657559394836426,645,-0.36093749999999997
0.9669919013977051,646,0.0
0.9681529998779297,647,-0.270703125
0.9692749977111816,648,-0.15468749999999998
0.9703850746154785,649,0.0
0.9714858531951904,650,0.0
0.9726090431213379,651,-0.012890625
0.9737348556518555,652,-0.24492187499999998
0.9748489856719971,653,-0.322265625
0.9760448932647705,654,-0.734765625
0.9775660037994385,655,-1.353515625
0.9790139198303223,656,0.0
0.9807069301605225,657,-0.0515625
0.9821889400482178,658,-0.15468749999999998
0.9836130142211914,659,-0.0515625
0.9850630760192871,660,-0.37382812499999996
0.9876499176025391,661,-0.167578125
0.989408016204834,662,0.012890625
0.990839958190918,663,-0.193359375
0.9927690029144287,664,-0.20625
