time,count,voltage
0.004458189010620117,1,-0.33515625
0.005812168121337891,2,-0.09023437499999999
0.007009983062744141,3,-0.012890625
0.00820612907409668,4,-0.12890625
0.009373188018798828,5,-0.38671875
0.010499000549316406,6,-0.631640625
0.011638164520263672,7,-0.825
0.012748003005981445,8,-1.4953124999999998
0.013879060745239258,9,-0.37382812499999996
0.01513814926147461,10,-0.012890625
0.016596078872680664,11,-0.322265625
0.020704984664916992,12,-0.399609375
0.022112131118774414,13,-0.167578125
0.023318052291870117,14,0.0
0.02445507049560547,15,-0.0515625
0.025579214096069336,16,-0.20625
0.02670121192932129,17,-0.5671875
0.027819156646728516,18,-0.54140625
0.02895808219909668,19,-1.173046875
0.030089139938354492,20,-1.65
0.031371116638183594,21,-0.167578125
0.032790184020996094,22,-0.23203125
0.0342411994934082,23,-0.2578125
0.049430131912231445,24,-0.270703125
0.05107522010803223,25,-0.15468749999999998
0.05261802673339844,26,-0.30937499999999996
0.0539090633392334,27,-0.4125
0.055097103118896484,28,-0.20625
0.056240081787109375,29,0.0
0.057360172271728516,30,-0.02578125
0.058492183685302734,31,-0.193359375
0.05962204933166504,32,-0.476953125
0.06073498725891113,33,-0.631640625
0.06185007095336914,34,-1.0570312499999999
0.06298708915710449,35,-1.611328125
0.0641021728515625,36,-0.12890625
0.06520915031433105,37,-0.24492187499999998
0.06641221046447754,38,-0.43828124999999996
0.06780815124511719,39,-0.322265625
0.06927204132080078,40,-0.116015625
0.07934808731079102,41,-0.348046875
0.08085513114929199,42,-1.3019531249999998
0.0826120376586914,43,-0.23203125
0.08462309837341309,44,-0.43828124999999996
0.08614206314086914,45,-0.24492187499999998
0.08735203742980957,46,-0.28359375
0.08851408958435059,47,-0.116015625
0.08963799476623535,48,0.0
0.09077811241149902,49,-0.02578125
0.09189105033874512,50,-0.167578125
0.09300017356872559,51,-0.515625
0.09415411949157715,52,-0.580078125
0.0952610969543457,53,-1.0570312499999999
0.0964961051940918,54,-1.65
0.09791898727416992,55,-0.0515625
0.09946298599243164,56,-0.12890625
0.10100913047790527,57,-0.21914062499999998
0.10278916358947754,58,-0.18046874999999998
0.1043081283569336,59,-0.23203125
0.10609221458435059,60,0.012890625
0.10865116119384766,61,-0.012890625
0.11057806015014648,62,-0.23203125
0.11196613311767578,63,-0.580078125
0.11374306678771973,64,-1.46953125
0.11572718620300293,65,-0.2578125
0.11706113815307617,66,-0.167578125
0.11835408210754395,67,-0.515625
0.11952400207519531,68,-0.02578125
0.12064719200134277,69,-0.193359375
0.12176012992858887,70,-0.167578125
0.1228630542755127,71,0.012890625
0.12402701377868652,72,-0.02578125
0.12515807151794434,73,-0.167578125
0.12628912925720215,74,-0.515625
0.12749505043029785,75,-0.631640625
0.1289691925048828,76,-1.0570312499999999
0.13042306900024414,77,-1.65
0.13205409049987793,78,-0.012890625
0.13367199897766113,79,-0.37382812499999996
0.13518404960632324,80,-0.4640625
0.13659119606018066,81,-0.28359375
0.13913917541503906,82,-0.270703125
0.14104318618774414,83,0.0
0.14251112937927246,84,-0.12890625
0.14426803588867188,85,-0.476953125
0.14621520042419434,86,-0.7734375
0.14766907691955566,87,-1.65
0.14887714385986328,88,-0.24492187499999998
0.15007710456848145,89,-0.322265625
0.15122604370117188,90,-0.42539062499999997
0.15235400199890137,91,-0.167578125
0.1534590721130371,92,-0.399609375
0.1545732021331787,93,-0.33515625
0.15569710731506348,94,-0.02578125
0.15679121017456055,95,-0.012890625
0.15802001953125,96,-0.141796875
0.15952301025390625,97,-0.33515625
0.16098499298095703,98,-0.605859375
0.1625831127166748,99,-1.0828125
0.1642160415649414,100,-1.65
0.16570520401000977,101,-0.23203125
0.16712713241577148,102,-0.4125
0.169633150100708,103,-0.2578125
0.17168211936950684,104,-0.116015625
0.17310810089111328,105,0.0
0.17503714561462402,106,-0.012890625
0.17693209648132324,107,-0.270703125
0.17836904525756836,108,-0.399609375
0.17965006828308105,109,-1.3148437499999999
0.18079209327697754,110,-0.141796875
0.1819310188293457,111,-0.20625
0.18305206298828125,112,-0.322265625
0.1841590404510498,113,-0.42539062499999997
0.1852571964263916,114,-0.21914062499999998
0.18635106086730957,115,-0.33515625
0.18747305870056152,116,-0.322265625
0.18872618675231934,117,-0.20625
0.19024920463562012,118,0.012890625
0.1917271614074707,119,-0.07734374999999999
0.19326305389404297,120,-0.4125
0.1949291229248047,121,-0.5671875
0.19635701179504395,122,-1.2890625
0.1978471279144287,123,0.0
0.19992303848266602,124,-0.20625
0.20198416709899902,125,-0.2578125
0.20340919494628906,126,-0.37382812499999996
0.20543217658996582,127,-0.167578125
0.20733118057250977,128,-0.012890625
0.20894718170166016,129,-0.167578125
0.21015000343322754,130,-0.476953125
0.2113020420074463,131,-0.6187499999999999
0.21242618560791016,132,-1.327734375
0.21356511116027832,133,-1.65
0.21469712257385254,134,0.0
0.21579718589782715,135,-0.2578125
0.2168891429901123,136,-0.30937499999999996
0.21799421310424805,137,-0.33515625
0.2192821502685547,138,-0.167578125
0.2206740379333496,139,-0.33515625
0.22224712371826172,140,-0.116015625
0.22380304336547852,141,0.0
0.22536611557006836,142,-0.12890625
0.22690200805664062,143,-0.399609375
0.22852110862731934,144,-0.4640625
0.23045706748962402,145,-1.3664062499999998
0.23280906677246094,146,-0.103125
0.2343430519104004,147,-0.064453125
0.2359471321105957,148,-0.167578125
0.23807120323181152,149,-0.4125
0.23981714248657227,150,0.038671874999999994
0.2410871982574463,151,-0.0515625
0.24224305152893066,152,-0.193359375
0.24338603019714355,153,-0.515625
0.24451112747192383,154,-0.580078125
0.2456510066986084,155,-1.224609375
0.24677419662475586,156,-1.65
0.247880220413208,157,0.0
0.24898600578308105,158,-0.20625
0.2501811981201172,159,-0.24492187499999998
0.25156521797180176,160,-0.2578125
0.2530040740966797,161,-0.103125
0.25455808639526367,162,-0.2578125
0.25611114501953125,163,0.0
0.25751805305480957,164,-0.02578125
0.259052038192749,165,-0.167578125
0.26088619232177734,166,-0.515625
0.2633631229400635,167,-0.708984375
0.26494312286376953,168,-0.15468749999999998
0.2663731575012207,169,-0.2578125
0.2686030864715576,170,-0.322265625
0.2704470157623291,171,-0.15468749999999998
0.27175402641296387,172,0.24492187499999998
0.27291321754455566,173,0.02578125
0.2740440368652344,174,-0.012890625
0.27520203590393066,175,-0.20625
0.27631115913391113,176,-0.5671875
0.277407169342041,177,-0.631640625
0.2785680294036865,178,-1.069921875
0.2796800136566162,179,-1.65
0.2808670997619629,180,-0.09023437499999999
0.2822589874267578,181,-0.20625
0.2837340831756592,182,-0.29648437499999997
0.2852771282196045,183,-0.580078125
0.2869842052459717,184,-0.33515625
0.2884650230407715,185,-0.02578125
0.2899281978607178,186,-0.02578125
0.291748046875,187,-0.02578125
0.2943120002746582,188,-0.2578125
0.2958981990814209,189,-0.631640625
0.2972860336303711,190,-1.65
0.29921817779541016,191,-0.29648437499999997
0.30104517936706543,192,-0.167578125
0.30239105224609375,193,-0.167578125
0.3035709857940674,194,-0.42539062499999997
0.3047041893005371,195,-0.2578125
0.30581116676330566,196,-0.012890625
0.30707716941833496,197,-0.02578125
0.30829405784606934,198,-0.167578125
0.3094329833984375,199,-0.37382812499999996
0.31061315536499023,200,-0.580078125
0.31184816360473633,201,-0.9410156249999999
0.3132500648498535,202,-1.5984375
0.3147749900817871,203,-0.012890625
0.3162879943847656,204,-0.30937499999999996
0.31799912452697754,205,-0.15468749999999998
0.31961703300476074,206,-0.15468749999999998
0.3211190700531006,207,-0.20625
0.3234550952911377,208,-0.064453125
0.32549309730529785,209,-0.012890625
0.32706308364868164,210,-0.322265625
0.3286881446838379,211,-0.54140625
0.3307950496673584,212,-1.4308593749999998
0.33228111267089844,213,-0.0515625
0.3334791660308838,214,-0.2578125
0.33471202850341797,215,-0.33515625
0.335860013961792,216,-0.15468749999999998
0.3369741439819336,217,-0.29648437499999997
0.3380770683288574,218,-0.193359375
0.3392760753631592,219,-0.038671874999999994
0.34091806411743164,220,-0.02578125
0.3422842025756836,221,-0.20625
0.34368419647216797,222,-0.54140625
0.34516406059265137,223,-0.6574218749999999
0.3467841148376465,224,-1.546875
0.34851598739624023,225,-0.141796875
0.34996700286865234,226,-0.30937499999999996
0.35146617889404297,227,-0.43828124999999996
0.3538041114807129,228,-0.116015625
0.35565805435180664,229,0.0515625
0.35707616806030273,230,-0.038671874999999994
0.35931921005249023,231,-0.141796875
0.3609201908111572,232,-0.5285156249999999
0.36214208602905273,233,-0.992578125
0.3633151054382324,234,-1.65
0.36443114280700684,235,-0.07734374999999999
0.3655681610107422,236,-0.02578125
0.36669015884399414,237,-0.2578125
0.36778903007507324,238,-0.605859375
0.3689122200012207,239,-0.116015625
0.37001514434814453,240,-0.37382812499999996
0.3711690902709961,241,-0.30937499999999996
0.3723571300506592,242,0.0
0.3737931251525879,243,-0.02578125
0.37525510787963867,244,-0.12890625
0.37676405906677246,245,-0.43828124999999996
0.3783152103424072,246,-0.4640625
0.3798840045928955,247,-1.3019531249999998
0.3811981678009033,248,-0.038671874999999994
0.3837141990661621,249,-0.2578125
0.38530421257019043,250,-0.4640625
0.38690805435180664,251,-0.348046875
0.38906002044677734,252,-0.23203125
0.3906421661376953,253,-0.012890625
0.3918910026550293,254,-0.12890625
0.39304399490356445,255,-0.43828124999999996
0.39417004585266113,256,-0.54140625
0.3953092098236084,257,-1.0570312499999999
0.3964271545410156,258,-1.65
0.3975181579589844,259,0.0
0.39876818656921387,260,-0.167578125
0.399874210357666,261,-0.30937499999999996
0.40096306800842285,262,-0.37382812499999996
0.4020521640777588,263,-0.2578125
0.4032750129699707,264,-0.29648437499999997
0.40465307235717773,265,-0.2578125
0.4061141014099121,266,-0.012890625
0.40767621994018555,267,-0.012890625
0.40958714485168457,268,-0.167578125
0.4110100269317627,269,-0.43828124999999996
0.41243910789489746,270,-1.018359375
0.41523313522338867,271,-1.65
0.41702699661254883,272,-0.07734374999999999
0.41852617263793945,273,-0.29648437499999997
0.4204881191253662,274,-0.322265625
0.4225270748138428,275,-0.012890625
0.4238760471343994,276,-0.012890625
0.42505311965942383,277,-0.20625
0.42618608474731445,278,-0.502734375
0.4273262023925781,279,-0.580078125
0.42846107482910156,280,-1.018359375
0.4296090602874756,281,-1.6242187499999998
0.43074512481689453,282,0.0
0.43184518814086914,283,-0.20625
0.4329349994659424,284,-0.322265625
0.4341251850128174,285,-0.502734375
0.43554210662841797,286,-0.23203125
0.43699216842651367,287,-0.20625
0.4386119842529297,288,-0.012890625
0.4401240348815918,289,0.0
0.44156312942504883,290,-0.064453125
0.44302916526794434,291,-0.36093749999999997
0.4447171688079834,292,-0.515625
0.4474151134490967,293,-1.1214843749999999
0.44905519485473633,294,-0.348046875
0.4506051540374756,295,-0.270703125
0.45266199111938477,296,-0.64453125
0.45442819595336914,297,-0.064453125
0.4557230472564697,298,0.30937499999999996
0.45688509941101074,299,-0.012890625
0.4580061435699463,300,-0.103125
0.45925307273864746,301,-0.36093749999999997
0.46039414405822754,302,-0.5929687499999999
0.46150898933410645,303,-0.825
0.4626741409301758,304,-1.456640625
0.4637761116027832,305,-0.20625
0.46496009826660156,306,-0.15468749999999998
0.46631503105163574,307,-0.29648437499999997
0.4678230285644531,308,-0.29648437499999997
0.46938014030456543,309,-0.167578125
0.47108006477355957,310,-0.43828124999999996
0.4725630283355713,311,-0.012890625
0.4740011692047119,312,-0.012890625
0.47554802894592285,313,-0.116015625
0.4783031940460205,314,-0.476953125
0.4801020622253418,315,-0.863671875
0.48148608207702637,316,-0.012890625
0.48321008682250977,317,-0.270703125
0.4851241111755371,318,-0.4125
0.4865550994873047,319,-0.103125
0.48778510093688965,320,-0.012890625
0.48896217346191406,321,0.0515625
0.4900832176208496,322,-0.038671874999999994
0.49123120307922363,323,-0.20625
0.4923431873321533,324,-0.37382812499999996
0.49344921112060547,325,-0.5929687499999999
0.49458909034729004,326,-0.734765625
0.49577999114990234,327,-1.405078125
0.4971790313720703,328,-1.3019531249999998
0.49872303009033203,329,-0.12890625
0.5002679824829102,330,-0.4125
0.5018630027770996,331,-0.33515625
0.5033881664276123,332,-0.33515625
0.5048460960388184,333,-0.103125
0.5063982009887695,334,-0.012890625
0.5089850425720215,335,-0.012890625
0.5106291770935059,336,-0.36093749999999997
0.5121002197265625,337,-0.6703125
0.5140562057495117,338,-1.533984375
0.5160551071166992,339,-0.064453125
0.5173380374908447,340,-0.30937499999999996
0.5185980796813965,341,-0.2578125
0.5197491645812988,342,-0.30937499999999996
0.5208652019500732,343,-0.2578125
0.5219910144805908,344,-0.167578125
0.5231330394744873,345,-0.012890625
0.5242600440979004,346,-0.0515625
0.5253632068634033,347,-0.23203125
0.5266430377960205,348,-0.580078125
0.5280580520629883,349,-0.5285156249999999
0.52960205078125,350,-1.3019531249999998
0.5311520099639893,351,0.0
0.5326640605926514,352,-0.12890625
0.5340681076049805,353,-0.21914062499999998
0.5355219841003418,354,-0.348046875
0.537208080291748,355,-0.18046874999999998
0.5398621559143066,356,-0.167578125
0.541452169418335,357,-0.038671874999999994
0.543086051940918,358,-0.322265625
0.5450820922851562,359,-0.515625
0.5468051433563232,360,-1.2890625
0.5480949878692627,361,-0.02578125
0.5493361949920654,362,-0.36093749999999997
0.5505030155181885,363,-0.20625
0.5516312122344971,364,-0.38671875
0.5527360439300537,365,-0.29648437499999997
0.5538320541381836,366,-0.36093749999999997
0.5549380779266357,367,-0.20625
0.5560331344604492,368,0.0
0.5572290420532227,369,-0.012890625
0.5586631298065186,370,-0.193359375
0.5601310729980469,371,-0.476953125
0.561657190322876,372,-0.5671875
0.563237190246582,373,-1.3792968749999999
0.5646920204162598,374,-0.20625
0.5661389827728271,375,-0.18046874999999998
0.5678801536560059,376,-0.42539062499999997
0.5703730583190918,377,-0.23203125
0.5720582008361816,378,0.193359375
0.5736160278320312,379,0.012890625
0.5756762027740479,380,-0.09023437499999999
0.5773091316223145,381,-0.322265625
0.5786480903625488,382,-0.64453125
0.5798661708831787,383,-1.456640625
0.5809941291809082,384,-0.103125
0.5821421146392822,385,-0.103125
0.5840539932250977,386,-0.322265625
0.5854589939117432,387,-0.270703125
0.5867199897766113,388,-0.348046875
0.587982177734375,389,-0.2578125
0.5894811153411865,390,0.0
0.5910191535949707,391,-0.012890625
0.592595100402832,392,-0.20625
0.5940601825714111,393,-0.4640625
0.5955150127410889,394,-0.8507812499999999
0.5969421863555908,395,-1.65
0.5989739894866943,396,0.0
0.6011800765991211,397,-0.30937499999999996
0.6027750968933105,398,-0.21914062499999998
0.6044600009918213,399,-0.2578125
0.606593132019043,400,-0.012890625
0.6080360412597656,401,-0.012890625
0.6093220710754395,402,-0.29648437499999997
0.6104910373687744,403,-0.48984374999999997
0.6117122173309326,404,-0.863671875
0.6128251552581787,405,-1.5726562499999999
0.6141641139984131,406,-0.20625
0.6153531074523926,407,-0.12890625
0.6165211200714111,408,-0.30937499999999996
0.6176671981811523,409,-0.4640625
0.6189141273498535,410,-0.064453125
0.6203150749206543,411,-0.37382812499999996
0.6218240261077881,412,-0.15468749999999998
0.6234362125396729,413,0.012890625
0.6249752044677734,414,-0.0515625
0.6263861656188965,415,-0.36093749999999997
0.6279220581054688,416,-0.4640625
0.6300511360168457,417,-1.16015625
0.6323070526123047,418,-0.37382812499999996
0.6337761878967285,419,-0.270703125
0.6354641914367676,420,-0.42539062499999997
0.6375100612640381,421,-0.37382812499999996
0.6391081809997559,422,0.103125
0.6403250694274902,423,-0.02578125
0.6414620876312256,424,-0.167578125
0.6426081657409668,425,-0.4125
0.6437561511993408,426,-0.6187499999999999
0.6448700428009033,427,-0.889453125
0.6459870338439941,428,-1.52109375
0.6470940113067627,429,-0.116015625
0.648259162902832,430,-0.064453125
0.649461030960083,431,-0.28359375
0.6509301662445068,432,-0.4125
0.6523861885070801,433,-0.2578125
0.6540501117706299,434,-0.4125
