time,count,voltage
0.005460977554321289,1,0.0
0.006986141204833984,2,-0.15468749999999998
0.008401155471801758,3,-0.322265625
0.00976109504699707,4,-0.12890625
0.011193990707397461,5,-0.12890625
0.012919187545776367,6,0.07734374999999999
0.014651060104370117,7,0.012890625
0.016297101974487305,8,-0.064453125
0.017979145050048828,9,-0.30937499999999996
0.019540071487426758,10,-0.992578125
0.021229028701782227,11,-0.476953125
0.022778987884521484,12,0.0
0.024172067642211914,13,-0.103125
0.025530099868774414,14,-0.20625
0.026871204376220703,15,-0.28359375
0.028455018997192383,16,-0.167578125
0.030160188674926758,17,-0.012890625
0.03189420700073242,18,0.0
0.033567190170288086,19,-0.2578125
0.03535103797912598,20,-0.322265625
0.03702116012573242,21,-1.2890625
0.0386350154876709,22,0.0
0.040203094482421875,23,-0.20625
0.041815996170043945,24,-0.29648437499999997
0.04364418983459473,25,-0.141796875
0.04608798027038574,26,0.0515625
0.04879307746887207,27,0.0
0.050521135330200195,28,-0.193359375
0.052088022232055664,29,-0.476953125
0.054093122482299805,30,-1.3921875
0.056356191635131836,31,0.0
0.05817699432373047,32,-0.12890625
0.059652090072631836,33,-0.21914062499999998
0.061057090759277344,34,-0.2578125
0.062409162521362305,35,0.038671874999999994
0.0638589859008789,36,0.0
0.06519913673400879,37,-0.02578125
0.06653213500976562,38,-0.23203125
0.06786108016967773,39,-0.399609375
0.06919002532958984,40,-1.03125
0.0705111026763916,41,-1.65
0.0718240737915039,42,0.0
0.07321500778198242,43,-0.193359375
0.07457900047302246,44,-0.23203125
0.07592105865478516,45,-0.12890625
0.07726407051086426,46,-0.37382812499999996
0.07860612869262695,47,-0.167578125
0.07993412017822266,48,0.0
0.08124303817749023,49,-0.012890625
0.08255815505981445,50,-0.103125
0.08392500877380371,51,-0.36093749999999997
0.0853581428527832,52,-0.6574218749999999
0.08680415153503418,53,-1.456640625
0.08842706680297852,54,0.0
0.09010004997253418,55,-0.103125
0.09182119369506836,56,-0.322265625
0.09383201599121094,57,-0.0515625
0.09559011459350586,58,0.141796875
0.09729504585266113,59,-0.012890625
0.09922909736633301,60,-0.02578125
0.10215115547180176,61,-0.322265625
0.10426998138427734,62,-1.147265625
0.10590720176696777,63,-0.038671874999999994
0.10792207717895508,64,-0.09023437499999999
0.11023521423339844,65,-0.116015625
0.11211013793945312,66,-0.0515625
0.11359715461730957,67,0.02578125
0.11497020721435547,68,-0.012890625
0.11646008491516113,69,-0.21914062499999998
0.11811709403991699,70,-0.4125
0.11980104446411133,71,-1.10859375
0.12153410911560059,72,0.0
0.12355613708496094,73,-0.02578125
0.12529897689819336,74,-0.28359375
0.1270580291748047,75,-0.2578125
0.12926220893859863,76,-0.064453125
0.1320650577545166,77,-0.012890625
0.13399815559387207,78,-0.167578125
0.13562917709350586,79,-0.5929687499999999
0.1378021240234375,80,-1.4953124999999998
0.13996219635009766,81,-0.167578125
0.14152216911315918,82,-0.2578125
0.1429460048675537,83,-0.18046874999999998
0.14432621002197266,84,-0.2578125
0.14565420150756836,85,0.0
0.14711618423461914,86,0.0
0.14876699447631836,87,-0.02578125
0.15044713020324707,88,-0.2578125
0.15215206146240234,89,-0.515625
0.15433001518249512,90,-1.4308593749999998
0.15592002868652344,91,-0.012890625
0.15733718872070312,92,-0.064453125
0.15946006774902344,93,-0.24492187499999998
0.16167306900024414,94,-0.23203125
0.16318416595458984,95,0.0
0.16516518592834473,96,-0.012890625
0.16690421104431152,97,-0.15468749999999998
0.16813898086547852,98,-0.38671875
0.16928601264953613,99,-1.198828125
0.17039704322814941,100,-1.65
0.17150616645812988,101,0.0
0.17267107963562012,102,-0.12890625
0.17380404472351074,103,-0.167578125
0.17490720748901367,104,-0.2578125
0.17600011825561523,105,-0.07734374999999999
0.17718815803527832,106,-0.28359375
0.17858409881591797,107,-0.18046874999999998
0.18003511428833008,108,0.0
0.18154215812683105,109,-0.0515625
0.18356108665466309,110,-0.15468749999999998
0.18536114692687988,111,-0.37382812499999996
0.1873149871826172,112,-1.224609375
0.19007515907287598,113,0.0
0.19179201126098633,114,-0.28359375
0.1942121982574463,115,-0.15468749999999998
0.1963210105895996,116,0.09023437499999999
0.19773316383361816,117,0.0
0.199005126953125,118,0.0
0.20023798942565918,119,-0.4125
0.20145702362060547,120,-0.476953125
0.20275616645812988,121,-1.2374999999999998
0.20403218269348145,122,-1.0570312499999999
0.2052772045135498,123,0.0
0.21110105514526367,124,-0.103125
0.21345210075378418,125,-0.21914062499999998
0.21540617942810059,126,-0.012890625
0.21791315078735352,127,-0.20625
0.22017407417297363,128,-0.515625
0.22199106216430664,129,-0.012890625
0.22429609298706055,130,-0.103125
0.22593998908996582,131,-0.2578125
0.22730612754821777,132,-0.4125
0.22859501838684082,133,-0.167578125
0.22985005378723145,134,0.012890625
0.2310791015625,135,0.0
0.23229217529296875,136,-0.02578125
0.2335350513458252,137,-0.36093749999999997
0.23475408554077148,138,-0.4640625
0.23597502708435059,139,-1.198828125
0.24171805381774902,140,-1.65
0.24414420127868652,141,0.0
0.2460951805114746,142,0.103125
0.24875998497009277,143,0.0
0.2508831024169922,144,-0.0515625
0.2528049945831299,145,-0.5671875
0.25508904457092285,146,-1.5082031249999999
0.2566390037536621,147,-0.064453125
0.2579481601715088,148,-0.28359375
0.25921106338500977,149,-0.167578125
0.2604520320892334,150,-0.37382812499999996
0.2616841793060303,151,-0.21914062499999998
0.26293301582336426,152,0.0
0.2641410827636719,153,0.0
0.26534509658813477,154,-0.02578125
0.2665541172027588,155,-0.322265625
0.27230405807495117,156,-0.38671875
0.27451515197753906,157,-1.018359375
0.27646899223327637,158,-0.20625
0.2793312072753906,159,-0.322265625
0.28151607513427734,160,0.0
0.28337717056274414,161,-0.116015625
0.28540706634521484,162,-0.37382812499999996
0.286823034286499,163,-1.340625
0.2880110740661621,164,0.0
0.2891221046447754,165,0.0
0.2902212142944336,166,0.0
0.29131603240966797,167,-0.42539062499999997
0.2924220561981201,168,-0.193359375
0.2936081886291504,169,-0.38671875
0.29471421241760254,170,-0.2578125
0.2958040237426758,171,0.0
0.29688501358032227,172,0.0
0.2980070114135742,173,-0.0515625
0.2992231845855713,174,-0.15468749999999998
0.30063414573669434,175,-0.43828124999999996
0.30204105377197266,176,-0.7476562499999999
0.30357813835144043,177,-1.5597656249999998
0.30510401725769043,178,0.0
0.3065211772918701,179,-0.103125
0.3079531192779541,180,-0.2578125
0.31022000312805176,181,-0.193359375
0.3121662139892578,182,-0.167578125
0.3135991096496582,183,0.0
0.3152902126312256,184,-0.02578125
0.3172171115875244,185,-0.20625
0.3186039924621582,186,-0.502734375
0.3197910785675049,187,-1.456640625
0.3209199905395508,188,0.0
0.3220181465148926,189,-0.012890625
0.32320618629455566,190,-0.12890625
0.32431602478027344,191,-0.23203125
0.3254261016845703,192,-0.20625
0.326524019241333,193,-0.2578125
0.3276100158691406,194,-0.29648437499999997
0.3287010192871094,195,-0.103125
0.3298649787902832,196,0.0
0.33124303817749023,197,0.0
0.33274006843566895,198,-0.09023437499999999
0.3342452049255371,199,-0.36093749999999997
0.33574914932250977,200,-0.8765624999999999
0.3371901512145996,201,-1.65
0.33866405487060547,202,-0.012890625
0.34090518951416016,203,-0.15468749999999998
0.3429691791534424,204,-0.2578125
0.3444530963897705,205,-0.270703125
0.34607720375061035,206,0.0515625
0.3481011390686035,207,0.0
0.3495521545410156,208,-0.0515625
0.35074806213378906,209,-0.322265625
0.35187506675720215,210,-0.8765624999999999
0.3530130386352539,211,-1.4953124999999998
0.35412001609802246,212,0.0
0.35521411895751953,213,-0.02578125
0.35631299018859863,214,-0.116015625
0.357410192489624,215,-0.29648437499999997
0.358504056930542,216,-0.103125
0.3595890998840332,217,-0.33515625
0.36075520515441895,218,-0.36093749999999997
0.36217403411865234,219,-0.193359375
0.3636360168457031,220,0.0
0.3651430606842041,221,-0.02578125
0.36667919158935547,222,-0.2578125
0.36809802055358887,223,-0.348046875
0.3695051670074463,224,-1.1859374999999999
0.37295007705688477,225,0.0
0.37452101707458496,226,-0.103125
0.375899076461792,227,-0.167578125
0.3776969909667969,228,-0.38671875
0.37952208518981934,229,-0.012890625
0.38096117973327637,230,-0.012890625
0.3821561336517334,231,-0.012890625
0.3833150863647461,232,-0.38671875
0.38442015647888184,233,-0.4125
0.38552308082580566,234,-1.10859375
0.386613130569458,235,-1.65
0.3876941204071045,236,0.0
0.3887782096862793,237,-0.09023437499999999
0.38987112045288086,238,-0.07734374999999999
0.39104604721069336,239,-0.29648437499999997
0.3924291133880615,240,-0.167578125
0.39394116401672363,241,-0.37382812499999996
0.3955230712890625,242,-0.103125
0.3970911502838135,243,0.0
0.3984670639038086,244,-0.02578125
0.39988112449645996,245,-0.2578125
0.40212011337280273,246,-0.43828124999999996
0.40407299995422363,247,-1.26328125
0.4054741859436035,248,0.0
0.4070451259613037,249,-0.141796875
0.40900516510009766,250,-0.2578125
0.4105219841003418,251,-0.322265625
0.41174817085266113,252,0.012890625
0.4129140377044678,253,0.012890625
0.41403913497924805,254,0.012890625
0.415147066116333,255,-0.012890625
0.41623711585998535,256,-0.270703125
0.4173240661621094,257,-0.4125
0.41840600967407227,258,-0.928125
0.4194931983947754,259,-1.482421875
0.42060399055480957,260,0.0
0.42179012298583984,261,-0.02578125
0.4232521057128906,262,-0.18046874999999998
0.42470502853393555,263,-0.2578125
0.42620420455932617,264,-0.18046874999999998
0.4277160167694092,265,-0.28359375
0.429110050201416,266,0.07734374999999999
0.43053412437438965,267,0.0
0.4327700138092041,268,-0.038671874999999994
0.4347681999206543,269,-0.29648437499999997
0.436251163482666,270,-1.044140625
0.43781208992004395,271,0.0
0.439791202545166,272,-0.02578125
0.4413421154022217,273,-0.2578125
0.4426231384277344,274,-0.12890625
0.4438040256500244,275,-0.348046875
0.44493699073791504,276,-0.15468749999999998
0.4460470676422119,277,0.012890625
0.447141170501709,278,0.012890625
0.4482300281524658,279,-0.02578125
0.44932103157043457,280,-0.23203125
0.45040202140808105,281,-0.42539062499999997
0.4514951705932617,282,-0.69609375
0.45270609855651855,283,-1.353515625
0.45411014556884766,284,0.0
0.45552802085876465,285,0.0
0.45702505111694336,286,-0.167578125
0.4585611820220947,287,-0.36093749999999997
0.4599900245666504,288,-0.322265625
0.46141600608825684,289,-0.193359375
0.4628720283508301,290,0.0
0.4652581214904785,291,0.012890625
0.467069149017334,292,-0.12890625
0.468447208404541,293,-0.476953125
0.4700942039489746,294,-1.353515625
0.4720451831817627,295,0.0
0.47348713874816895,296,-0.18046874999999998
0.47468113899230957,297,-0.29648437499999997
0.4758319854736328,298,-0.12890625
0.4769561290740967,299,-0.37382812499999996
0.4780771732330322,300,-0.270703125
0.4791691303253174,301,0.012890625
0.48026609420776367,302,-0.012890625
0.4813520908355713,303,-0.0515625
0.4824340343475342,304,-0.15468749999999998
0.4836921691894531,305,-0.42539062499999997
0.4850740432739258,306,-0.64453125
0.48650598526000977,307,-1.3921875
0.48801612854003906,308,0.0
0.48946714401245117,309,-0.103125
0.49082398414611816,310,-0.193359375
0.4922330379486084,311,-0.20625
0.49428820610046387,312,-0.20625
0.49639320373535156,313,0.02578125
0.49779510498046875,314,-0.012890625
0.49956512451171875,315,-0.064453125
0.5013980865478516,316,-0.322265625
0.502770185470581,317,-1.0828125
0.503957986831665,318,-0.193359375
0.5050740242004395,319,0.0
0.5061721801757812,320,-0.23203125
0.5072720050811768,321,-0.2578125
0.5083670616149902,322,-0.2578125
0.5094602108001709,323,-0.36093749999999997
0.5105531215667725,324,-0.399609375
0.5116391181945801,325,-0.23203125
0.5127391815185547,326,-0.012890625
0.5139031410217285,327,0.0
0.5152750015258789,328,-0.012890625
0.5167140960693359,329,-0.29648437499999997
0.5181970596313477,330,-0.322265625
0.5197250843048096,331,-1.198828125
0.5210990905761719,332,-0.141796875
0.5224940776824951,333,0.0
0.52400803565979,334,-0.103125
0.5264379978179932,335,-0.116015625
0.5283710956573486,336,-0.012890625
0.5297861099243164,337,0.012890625
0.5315771102905273,338,-0.012890625
0.5335822105407715,339,-0.116015625
0.5349221229553223,340,-0.322265625
0.5360910892486572,341,-1.2374999999999998
0.5372240543365479,342,0.0
0.5383210182189941,343,0.0
0.5394141674041748,344,-0.167578125
0.5405240058898926,345,-0.193359375
0.541621208190918,346,-0.322265625
0.5427601337432861,347,-0.193359375
0.5439519882202148,348,-0.322265625
0.5453591346740723,349,-0.116015625
0.546809196472168,350,0.0
0.5482962131500244,351,-0.012890625
0.5498301982879639,352,-0.20625
0.5512351989746094,353,-0.399609375
0.5527710914611816,354,-1.0828125
0.5541911125183105,355,-1.134375
0.5563921928405762,356,-0.12890625
0.5584449768066406,357,-0.0515625
0.5598881244659424,358,-0.0515625
0.5614891052246094,359,-0.038671874999999994
0.5635321140289307,360,0.012890625
0.5651140213012695,361,-0.02578125
0.5663511753082275,362,-0.2578125
0.5674881935119629,363,-0.4125
0.5685951709747314,364,-0.992578125
0.5696980953216553,365,-1.5726562499999999
0.5707991123199463,366,0.0
0.5718860626220703,367,-0.012890625
0.5730001926422119,368,-0.167578125
0.5741870403289795,369,-0.270703125
0.5755770206451416,370,-0.167578125
0.577019214630127,371,-0.23203125
0.5784740447998047,372,-0.103125
0.5799570083618164,373,0.012890625
0.581395149230957,374,-0.02578125
0.5829460620880127,375,-0.12890625
0.5842940807342529,376,-0.36093749999999997
0.5866022109985352,377,-0.992578125
0.5885250568389893,378,0.0
0.5899510383605957,379,-0.21914062499999998
0.591590166091919,380,-0.193359375
0.5936300754547119,381,-0.167578125
0.5950980186462402,382,0.0515625
0.5963201522827148,383,0.0
0.5974571704864502,384,0.0
0.5985560417175293,385,-0.02578125
0.5996501445770264,386,-0.33515625
0.6007330417633057,387,-0.399609375
0.6018140316009521,388,-0.9796874999999999
0.6029222011566162,389,-1.5597656249999998
0.6040260791778564,390,0.0
0.6051850318908691,391,0.0
0.606558084487915,392,-0.167578125
0.6079959869384766,393,-0.28359375
0.6095051765441895,394,-0.116015625
0.6110191345214844,395,-0.270703125
0.6124680042266846,396,0.064453125
0.6140501499176025,397,0.0
0.6157300472259521,398,-0.012890625
0.6181201934814453,399,-0.322265625
0.6197190284729004,400,-0.95390625
0.6211380958557129,401,-0.02578125
0.6230721473693848,402,0.012890625
0.6249020099639893,403,-0.09023437499999999
0.6262240409851074,404,-0.116015625
0.6273841857910156,405,-0.193359375
0.6285231113433838,406,-0.02578125
0.6296281814575195,407,-0.012890625
0.6307201385498047,408,0.0
0.6318070888519287,409,-0.02578125
0.6329221725463867,410,-0.36093749999999997
0.6340160369873047,411,-0.4640625
0.6351749897003174,412,-0.95390625
0.6365571022033691,413,-1.5597656249999998
0.6379830837249756,414,0.0
0.6395142078399658,415,-0.064453125
0.6410200595855713,416,-0.15468749999999998
0.6424121856689453,417,-0.193359375
0.644071102142334,418,-0.399609375
0.6459200382232666,419,-0.09023437499999999
0.6482629776000977,420,0.0
0.6498100757598877,421,-0.116015625
0.6511900424957275,422,-0.36093749999999997
0.6530370712280273,423,-1.03125
0.654853105545044,424,0.0
0.6561901569366455,425,-0.0515625
0.6573541164398193,426,-0.20625
0.6584751605987549,427,-0.20625
0.6595790386199951,428,-0.37382812499999996
0.6606850624084473,429,-0.4125
0.6617791652679443,430,-0.21914062499999998
0.6628940105438232,431,0.0
0.6640641689300537,432,0.012890625
0.6653041839599609,433,-0.012890625
0.6666882038116455,434,-0.30937499999999996
0.6680941581726074,435,-0.38671875
0.6696300506591797,436,-1.224609375
0.6711740493774414,437,0.0
0.6727120876312256,438,0.0
0.6741631031036377,439,-0.18046874999999998
0.6759681701660156,440,-0.193359375
0.6784100532531738,441,-0.167578125
0.6799759864807129,442,0.012890625
0.6813960075378418,443,-0.02578125
0.6832501888275146,444,-0.141796875
0.6850540637969971,445,-0.322265625
0.6863691806793213,446,-1.2503906249999999
0.68756103515625,447,-0.012890625
0.6886990070343018,448,0.0
0.68979811668396,449,-0.116015625
0.6908931732177734,450,-0.30937499999999996
0.6927011013031006,451,-0.18046874999999998
0.6938920021057129,452,-0.29648437499999997
0.6950490474700928,453,-0.116015625
0.6962389945983887,454,0.012890625
0.697606086730957,455,-0.012890625
0.6990242004394531,456,-0.038671874999999994
0.7005300521850586,457,-0.37382812499999996
0.7022421360015869,458,-0.6187499999999999
0.7037761211395264,459,-1.5082031249999999
0.7051730155944824,460,-0.012890625
0.706510066986084,461,-0.20625
0.7088491916656494,462,-0.348046875
0.7108361721038818,463,-0.20625
0.7122859954833984,464,0.36093749999999997
0.7139580249786377,465,-0.012890625
0.7158870697021484,466,-0.012890625
0.7173750400543213,467,-0.348046875
0.7185890674591064,468,-0.825
0.7197380065917969,469,-1.5082031249999999
0.7208621501922607,470,0.0
0.7219521999359131,471,0.0
0.7231121063232422,472,-0.064453125
0.7242431640625,473,-0.2578125
0.7253491878509521,474,-0.20625
0.7265241146087646,475,-0.2578125
0.7279031276702881,476,-0.270703125
0.729356050491333,477,0.0
0.7308361530303955,478,-0.02578125
0.7323930263519287,479,-0.012890625
0.733924150466919,480,-0.36093749999999997
0.7353661060333252,481,-0.7218749999999999
0.736774206161499,482,-1.4953124999999998
0.7390260696411133,483,-0.012890625
0.7410330772399902,484,-0.23203125
0.742516040802002,485,-0.20625
0.7441890239715576,486,-0.38671875
0.7461621761322021,487,-0.09023437499999999
0.7477622032165527,488,-0.012890625
0.7490360736846924,489,-0.064453125
0.7501940727233887,490,-0.33515625
0.7513010501861572,491,-0.580078125
0.7524120807647705,492,-1.276171875
0.7535951137542725,493,-1.65
0.7547070980072021,494,0.0
0.7558040618896484,495,-0.064453125
0.7569851875305176,496,-0.12890625
0.7583730220794678,497,-0.30937499999999996
0.7598180770874023,498,-0.2578125
0.7613391876220703,499,-0.167578125
0.7628991603851318,500,0.0
0.764350175857544,501,-0.012890625
0.7657701969146729,502,-0.0515625
0.7671999931335449,503,-0.33515625
0.7696120738983154,504,-0.6703125
0.7713990211486816,505,-1.65
0.7728631496429443,506,-0.0515625
0.774590015411377,507,-0.193359375
0.7765171527862549,508,-0.18046874999999998
0.7779660224914551,509,-0.12890625
0.7791581153869629,510,-0.012890625
0.7802870273590088,511,0.0
0.7813961505889893,512,-0.02578125
0.7824950218200684,513,-0.23203125
0.7836740016937256,514,-0.4125
0.7847700119018555,515,-0.6703125
0.7858631610870361,516,-1.353515625
0.7870340347290039,517,0.0
0.7884089946746826,518,0.0
0.7898361682891846,519,-0.167578125
0.791309118270874,520,-0.322265625
0.7929260730743408,521,-0.167578125
0.7944130897521973,522,-0.23203125
0.7959301471710205,523,0.012890625
0.7974271774291992,524,0.0
0.7997770309448242,525,-0.012890625
0.8016982078552246,526,-0.33515625
0.8032481670379639,527,-1.2374999999999998
0.8048582077026367,528,0.012890625
0.8068141937255859,529,-0.0515625
0.8083350658416748,530,-0.2578125
0.8124001026153564,531,-0.18046874999999998
0.8148150444030762,532,-0.20625
0.8160741329193115,533,-0.167578125
0.8172740936279297,534,-0.37382812499999996
0.8184502124786377,535,-0.8765624999999999
0.819720983505249,536,-1.5082031249999999
0.8210020065307617,537,0.0
0.8222939968109131,538,-0.02578125
0.8235931396484375,539,-0.012890625
0.8248751163482666,540,-0.2578125
0.8343009948730469,541,-0.12890625
0.8358621597290039,542,-0.631640625
0.8374311923980713,543,-1.6371093749999999
0.8394761085510254,544,-0.0515625
0.8409721851348877,545,-0.09023437499999999
0.8421721458435059,546,-0.15468749999999998
0.8433401584625244,547,-0.42539062499999997
0.8444960117340088,548,-0.33515625
0.8456411361694336,549,0.012890625
0.846743106842041,550,0.0
0.847959041595459,551,-0.02578125
0.8493490219116211,552,-0.167578125
0.85076904296875,553,-0.36093749999999997
0.8522632122039795,554,-0.90234375
0.8538930416107178,555,-1.6371093749999999
0.8552792072296143,556,0.0
0.8566310405731201,557,-0.15468749999999998
0.8587520122528076,558,-0.33515625
0.8609611988067627,559,-0.07734374999999999
0.8624420166015625,560,0.42539062499999997
0.8642921447753906,561,0.0
0.866178035736084,562,-0.012890625
0.8674881458282471,563,-0.270703125
0.8686490058898926,564,-0.928125
0.8697700500488281,565,-1.546875
0.8708710670471191,566,0.0
0.8719570636749268,567,-0.0515625
0.8731331825256348,568,-0.20625
0.874237060546875,569,-0.37382812499999996
0.8753321170806885,570,-0.12890625
0.8764212131500244,571,-0.33515625
0.8775050640106201,572,-0.29648437499999997
0.878695011138916,573,-0.0515625
0.8800981044769287,574,-0.012890625
0.8815200328826904,575,-0.012890625
0.8830389976501465,576,-0.23203125
0.8844351768493652,577,-0.42539062499999997
0.8857581615447998,578,-1.069921875
0.8870480060577393,579,-1.65
0.8886539936065674,580,0.0
0.8910431861877441,581,-0.193359375
0.8925430774688721,582,-0.012890625
0.8944370746612549,583,-0.322265625
0.896416187286377,584,0.07734374999999999
0.8977789878845215,585,-0.012890625
0.8989450931549072,586,-0.09023437499999999
0.9000811576843262,587,-0.42539062499999997
0.9011921882629395,588,-0.5671875
0.9022891521453857,589,-1.2503906249999999
0.9034152030944824,590,-1.65
0.90450119972229,591,0.0
0.9055900573730469,592,-0.09023437499999999
0.906682014465332,593,-0.012890625
0.9077670574188232,594,-0.30937499999999996
0.9089419841766357,595,-0.167578125
0.9103450775146484,596,-0.43828124999999996
0.911797046661377,597,-0.23203125
0.9134311676025391,598,-0.012890625
0.9149551391601562,599,-0.012890625
0.9163520336151123,600,-0.23203125
0.9176981449127197,601,-0.399609375
0.9199531078338623,602,-1.044140625
0.9219050407409668,603,0.0
0.9234411716461182,604,-0.12890625
0.9254992008209229,605,-0.2578125
0.9271900653839111,606,-0.36093749999999997
0.9284391403198242,607,0.038671874999999994
0.9295840263366699,608,0.012890625
0.9306972026824951,609,0.0
0.9317910671234131,610,-0.02578125
0.9329161643981934,611,-0.322265625
0.934014081954956,612,-0.399609375
0.9351041316986084,613,-0.992578125
0.9361920356750488,614,-1.5726562499999999
0.9372789859771729,615,0.0
0.9383552074432373,616,0.0
0.9395201206207275,617,-0.18046874999999998
0.9409160614013672,618,-0.2578125
0.9423520565032959,619,-0.193359375
0.9439680576324463,620,-0.36093749999999997
0.9454832077026367,621,-0.103125
0.9468212127685547,622,0.0
0.9481852054595947,623,-0.02578125
0.9504110813140869,624,-0.20625
0.9524490833282471,625,-0.322265625
0.953970193862915,626,-1.611328125
0.9555850028991699,627,0.0
0.9575300216674805,628,-0.0515625
0.9589831829071045,629,-0.20625
0.9601922035217285,630,-0.4125
0.9613192081451416,631,-0.23203125
0.9624230861663818,632,0.0
0.9636750221252441,633,0.0
0.964792013168335,634,-0.02578125
0.9658961296081543,635,-0.28359375
0.9669921398162842,636,-0.48984374999999997
0.9680871963500977,637,-0.7734375
0.9691781997680664,638,-1.405078125
0.9703290462493896,639,0.0
0.9716989994049072,640,0.0
0.9731431007385254,641,-0.141796875
0.9746720790863037,642,-0.2578125
0.9761981964111328,643,-0.193359375
0.9775831699371338,644,-0.20625
0.9790010452270508,645,0.07734374999999999
0.981269121170044,646,0.012890625
0.9832429885864258,647,-0.012890625
0.9846401214599609,648,-0.33515625
0.9861950874328613,649,-1.173046875
0.9881641864776611,650,0.0
0.9896891117095947,651,-0.103125
0.9909191131591797,652,-0.2578125
0.9920840263366699,653,-0.24492187499999998
0.9932370185852051,654,-0.399609375
0.9943411350250244,655,-0.30937499999999996
0.9954700469970703,656,0.0
0.9965682029724121,657,0.0
0.9976611137390137,658,-0.02578125
0.9987490177154541,659,-0.0515625
0.9998340606689453,660,-0.37382812499999996
1.0009911060333252,661,-0.476953125
1.002364158630371,662,-1.147265625
1.0038871765136719,663,-1.65
1.005418062210083,664,0.012890625
1.0069401264190674,665,-0.167578125
1.0083341598510742,666,-0.270703125
1.0097332000732422,667,-0.2578125
1.0118930339813232,668,-0.20625
1.01432204246521,669,0.0
1.016313076019287,670,-0.038671874999999994
1.0186281204223633,671,-0.322265625
1.0205051898956299,672,-1.2890625
1.0230660438537598,673,0.0
1.0246009826660156,674,-0.15468749999999998
1.0261461734771729,675,-0.167578125
1.0282340049743652,676,-0.20625
1.0298030376434326,677,0.0
1.0314381122589111,678,-0.012890625
1.0332140922546387,679,-0.167578125
1.0349760055541992,680,-0.36093749999999997
1.036910057067871,681,-1.2503906249999999
1.0388131141662598,682,0.0
1.0406651496887207,683,-0.141796875
1.042720079421997,684,-0.30937499999999996
1.0455870628356934,685,-0.29648437499999997
1.0476861000061035,686,0.0
1.0494670867919922,687,-0.038671874999999994
1.0514540672302246,688,-0.38671875
1.0538032054901123,689,-1.095703125
1.0557541847229004,690,0.0
1.0573840141296387,691,-0.07734374999999999
1.058962106704712,692,-0.2578125
1.0605850219726562,693,-0.21914062499999998
1.0623090267181396,694,0.038671874999999994
1.0642170906066895,695,0.012890625
1.0659830570220947,696,-0.02578125
1.0677270889282227,697,-0.37382812499999996
1.0697071552276611,698,-0.992578125
1.071566104888916,699,0.0
1.0735700130462646,700,-0.15468749999999998
1.0758771896362305,701,-0.29648437499999997
1.0786540508270264,702,-0.322265625
1.0804691314697266,703,0.0
1.0824780464172363,704,-0.02578125
1.0847651958465576,705,-0.29648437499999997
1.0868401527404785,706,-1.0570312499999999
1.0884010791778564,707,0.0
1.0897622108459473,708,-0.193359375
1.0910871028900146,709,-0.21914062499999998
1.0924291610717773,710,-0.15468749999999998
1.094142198562622,711,-0.37382812499999996
1.095851182937622,712,-0.0515625
1.097447156906128,713,-0.012890625
1.0988590717315674,714,-0.012890625
1.1002449989318848,715,-0.322265625
1.101613998413086,716,-0.605859375
1.1029720306396484,717,-1.405078125
1.1043791770935059,718,0.012890625
1.1059160232543945,719,0.0
1.1073570251464844,720,-0.141796875
1.1087920665740967,721,-0.20625
1.1101081371307373,722,-0.193359375
1.112727165222168,723,-0.07734374999999999
1.1144461631774902,724,0.0
1.1159791946411133,725,-0.064453125
1.118021011352539,726,-0.36093749999999997
1.119704008102417,727,-1.0828125
1.121751070022583,728,-0.012890625
1.1236681938171387,729,-0.064453125
1.1254820823669434,730,-0.29648437499999997
1.1271920204162598,731,-0.270703125
1.1289000511169434,732,0.038671874999999994
1.1304941177368164,733,0.0
1.1318960189819336,734,-0.012890625
1.133430004119873,735,-0.33515625
1.1357719898223877,736,-0.451171875
1.1376781463623047,737,-1.482421875
1.139172077178955,738,-0.064453125
1.1412560939788818,739,-0.064453125
1.142897129058838,740,-0.193359375
1.1441640853881836,741,-0.12890625
1.1453139781951904,742,0.07734374999999999
1.146437168121338,743,0.0
1.1475989818572998,744,-0.012890625
1.1487550735473633,745,-0.0515625
1.1498801708221436,746,-0.4125
1.150987148284912,747,-0.48984374999999997
1.1520960330963135,748,-1.147265625
1.1533470153808594,749,-1.65
1.1547350883483887,750,0.0
1.156162977218628,751,-0.116015625
1.1576499938964844,752,-0.20625
1.1591110229492188,753,-0.21914062499999998
1.1603960990905762,754,-0.4125
1.1617109775543213,755,-0.167578125
1.1632750034332275,756,0.0
1.1657969951629639,757,-0.012890625
1.167375087738037,758,-0.270703125
1.168889045715332,759,-0.8765624999999999
1.1709589958190918,760,-1.5984375
1.1724731922149658,761,-0.038671874999999994
1.173781156539917,762,-0.09023437499999999
1.1749351024627686,763,-0.20625
1.1760520935058594,764,-0.37382812499999996
1.177173137664795,765,-0.399609375
1.1782920360565186,766,-0.21914062499999998
1.1793889999389648,767,0.0
1.1804821491241455,768,0.0
1.1815671920776367,769,-0.012890625
1.1827020645141602,770,-0.2578125
1.1838819980621338,771,-0.4125
1.1852459907531738,772,-0.9410156249999999
1.1866750717163086,773,-1.5726562499999999
1.1882030963897705,774,-0.012890625
1.1896920204162598,775,-0.116015625
1.191004991531372,776,-0.270703125
1.1923069953918457,777,-0.12890625
1.1940841674804688,778,-0.36093749999999997
1.19651198387146,779,-0.193359375
1.1980540752410889,780,0.0
1.1995160579681396,781,-0.20625
1.201336145401001,782,-0.37382812499999996
1.2030861377716064,783,-1.10859375
1.204369068145752,784,-0.012890625
1.2055292129516602,785,0.0
1.2066349983215332,786,0.0
1.207733154296875,787,-0.38671875
1.208832025527954,788,-0.103125
1.2099192142486572,789,-0.399609375
1.2110002040863037,790,-0.322265625
1.2120890617370605,791,0.012890625
1.2131891250610352,792,-0.012890625
1.2143540382385254,793,-0.02578125
1.2157390117645264,794,-0.12890625
1.2171502113342285,795,-0.4125
1.2186241149902344,796,-0.760546875
1.2201130390167236,797,-1.533984375
1.2214300632476807,798,0.0
1.2229280471801758,799,-0.0515625
1.2252230644226074,800,-0.20625
1.2273190021514893,801,-0.02578125
1.2288751602172852,802,0.37382812499999996
1.2309420108795166,803,0.012890625
1.2325451374053955,804,-0.02578125
1.2338440418243408,805,-0.36093749999999997
1.2349891662597656,806,-0.825
1.2361080646514893,807,-1.482421875
1.23722505569458,808,0.0
1.2383232116699219,809,-0.09023437499999999
1.2394211292266846,810,-0.0515625
1.2405099868774414,811,-0.23203125
1.2415971755981445,812,-0.30937499999999996
1.2427401542663574,813,-0.37382812499999996
1.2438490390777588,814,-0.4125
1.245048999786377,815,-0.20625
1.246434211730957,816,0.012890625
1.2479150295257568,817,-0.038671874999999994
1.249453067779541,818,-0.116015625
1.2509551048278809,819,-0.399609375
1.252331018447876,820,-1.018359375
1.2539989948272705,821,-1.65
1.2561511993408203,822,0.0
1.2582411766052246,823,-0.07734374999999999
1.2597441673278809,824,-0.0515625
1.2616450786590576,825,-0.064453125
1.2635860443115234,826,0.0
1.264864206314087,827,-0.0515625
1.2660150527954102,828,-0.2578125
1.267134189605713,829,-0.4125
1.268235206604004,830,-0.90234375
1.269327163696289,831,-1.46953125
1.2704181671142578,832,0.0
1.2714970111846924,833,0.0
1.2726130485534668,834,-0.18046874999999998
1.2737231254577637,835,-0.193359375
1.2748141288757324,836,-0.20625
1.2760841846466064,837,-0.20625
1.2775092124938965,838,-0.24492187499999998
1.2789831161499023,839,0.012890625
1.2805280685424805,840,0.0
1.2819690704345703,841,-0.02578125
1.283524990081787,842,-0.33515625
1.2849361896514893,843,-0.4640625
1.287079095840454,844,-1.3664062499999998
1.2891650199890137,845,0.0
1.2905850410461426,846,-0.064453125
1.2925240993499756,847,-0.103125
1.2944540977478027,848,-0.103125
1.2957360744476318,849,0.012890625
1.2968921661376953,850,-0.012890625
1.2980060577392578,851,-0.02578125
1.299103021621704,852,-0.2578125
1.3002071380615234,853,-0.43828124999999996
1.3013100624084473,854,-0.6703125
1.3024051189422607,855,-1.3664062499999998
1.3035740852355957,856,0.0
1.3047001361846924,857,0.0
1.3057940006256104,858,-0.09023437499999999
1.3069610595703125,859,-0.103125
1.3083419799804688,860,-0.30937499999999996
1.309798002243042,861,-0.322265625
1.311333179473877,862,-0.193359375
1.3129479885101318,863,0.012890625
1.3144521713256836,864,-0.02578125
1.315986156463623,865,-0.103125
1.3179969787597656,866,-0.37382812499999996
1.3201642036437988,867,-0.992578125
1.3215970993041992,868,0.0
1.323538064956665,869,-0.167578125
1.3253960609436035,870,-0.270703125
1.326681137084961,871,-0.270703125
1.3278651237487793,872,-0.141796875
1.3289852142333984,873,0.012890625
1.3300790786743164,874,-0.012890625
1.3311710357666016,875,-0.0515625
1.3322670459747314,876,-0.167578125
1.3333871364593506,877,-0.4125
1.3344860076904297,878,-0.6187499999999999
1.335587978363037,879,-1.26328125
1.3366742134094238,880,-1.65
1.3378260135650635,881,0.0
1.3392071723937988,882,-0.02578125
1.340644121170044,883,-0.103125
1.342149019241333,884,-0.23203125
1.343775987625122,885,-0.18046874999999998
1.3451881408691406,886,0.09023437499999999
1.3465800285339355,887,-0.012890625
1.3486840724945068,888,0.0
1.3507931232452393,889,-0.09023437499999999
1.3522491455078125,890,-0.580078125
1.3542170524597168,891,-1.456640625
1.3560221195220947,892,-0.038671874999999994
1.3573482036590576,893,-0.23203125
1.358511209487915,894,-0.167578125
1.3596351146697998,895,-0.2578125
1.3607451915740967,896,-0.270703125
1.3618640899658203,897,-0.064453125
1.3629851341247559,898,0.0
1.3640861511230469,899,-0.012890625
1.365199089050293,900,-0.038671874999999994
