time,count,voltage
0.0053179264068603516,1,-0.4640625
0.0068738460540771484,2,-1.3019531249999998
0.008296966552734375,3,-0.4125
0.009672880172729492,4,-0.2578125
0.011091947555541992,5,-0.28359375
0.012694835662841797,6,-0.09023437499999999
0.014430999755859375,7,-0.21914062499999998
0.016093015670776367,8,-0.012890625
0.01792287826538086,9,-0.012890625
0.019505023956298828,10,-0.167578125
0.021177053451538086,11,-0.02578125
0.02266693115234375,12,-0.8765624999999999
0.024059057235717773,13,-1.5597656249999998
0.02541804313659668,14,-0.167578125
0.02674698829650879,15,-0.15468749999999998
0.028296947479248047,16,-0.02578125
0.029994964599609375,17,-0.348046875
0.03173398971557617,18,-0.193359375
0.03339195251464844,19,-0.012890625
0.035101890563964844,20,-0.0515625
0.03669905662536621,21,-0.20625
0.03832101821899414,22,-0.2578125
0.03999185562133789,23,-1.147265625
0.04162287712097168,24,-0.605859375
0.0432279109954834,25,-0.21914062499999998
0.04590606689453125,26,-0.23203125
0.04840993881225586,27,-0.167578125
0.050125837326049805,28,0.193359375
0.05170392990112305,29,-0.103125
0.05358695983886719,30,-0.193359375
0.05571103096008301,31,-0.30937499999999996
0.057684898376464844,32,-1.353515625
0.05933403968811035,33,-0.29648437499999997
0.06078290939331055,34,-0.2578125
0.0621490478515625,35,-0.167578125
0.06351685523986816,36,-0.43828124999999996
0.06486892700195312,37,-0.322265625
0.06619906425476074,38,-0.012890625
0.06753087043762207,39,-0.0515625
0.06907105445861816,40,-0.15468749999999998
0.07041192054748535,41,-0.103125
0.07154989242553711,42,-0.6832031249999999
0.07265496253967285,43,-1.26328125
0.07375502586364746,44,-1.65
0.07483792304992676,45,-0.270703125
0.0759279727935791,46,-0.38671875
0.07702898979187012,47,-0.20625
0.07814192771911621,48,-0.103125
0.07934904098510742,49,-0.322265625
0.08064603805541992,50,-0.4125
0.08211088180541992,51,-0.270703125
0.08351802825927734,52,-0.012890625
0.08506989479064941,53,-0.103125
0.08649587631225586,54,-0.21914062499999998
0.08789801597595215,55,-0.20625
0.08924484252929688,56,-1.018359375
0.09137701988220215,57,-1.65
0.09343385696411133,58,-0.20625
0.0948338508605957,59,0.0
0.09632992744445801,60,-0.322265625
0.09825301170349121,61,-0.33515625
0.10003304481506348,62,-0.0515625
0.10137486457824707,63,-0.064453125
0.10253691673278809,64,-0.20625
0.10365700721740723,65,-0.064453125
0.10475587844848633,66,-0.6574218749999999
0.1058650016784668,67,-1.2503906249999999
0.10696196556091309,68,-1.65
0.10809087753295898,69,-0.270703125
0.10933184623718262,70,-0.30937499999999996
0.11074686050415039,71,-0.30937499999999996
0.11219501495361328,72,-0.02578125
0.1136629581451416,73,-0.399609375
0.11516189575195312,74,-0.2578125
0.11659383773803711,75,-0.012890625
0.11808896064758301,76,-0.09023437499999999
0.11962485313415527,77,-0.23203125
0.12142705917358398,78,-0.0515625
0.12374591827392578,79,-0.837890625
0.1253218650817871,80,-0.36093749999999997
0.12667202949523926,81,-0.167578125
0.1282029151916504,82,-0.29648437499999997
0.1301100254058838,83,-0.33515625
0.13184285163879395,84,-0.167578125
0.13314485549926758,85,0.0
0.13430094718933105,86,-0.103125
0.13542985916137695,87,-0.18046874999999998
0.13654088973999023,88,-0.23203125
0.13764500617980957,89,-0.37382812499999996
0.13883090019226074,90,-1.03125
0.14002299308776855,91,-1.5726562499999999
0.14144587516784668,92,-0.33515625
0.14289188385009766,93,-0.33515625
0.14431095123291016,94,-0.2578125
0.14582490921020508,95,-0.0515625
0.14725804328918457,96,-0.322265625
0.14871001243591309,97,-0.167578125
0.15012097358703613,98,-0.012890625
0.15191388130187988,99,-0.103125
0.15421199798583984,100,-0.193359375
0.15575194358825684,101,-0.605859375
0.157196044921875,102,-1.482421875
0.15901589393615723,103,-0.270703125
0.1608600616455078,104,-0.21914062499999998
0.16220784187316895,105,-0.0515625
0.16338205337524414,106,-0.348046875
0.16454100608825684,107,-0.33515625
0.165665864944458,108,-0.167578125
0.1667618751525879,109,-0.02578125
0.16794300079345703,110,-0.116015625
0.16907501220703125,111,-0.28359375
0.17467594146728516,112,-0.15468749999999998
0.17606687545776367,113,-0.36093749999999997
0.17734885215759277,114,-0.30937499999999996
0.17860007286071777,115,-0.0515625
0.18902802467346191,116,-0.43828124999999996
0.1904609203338623,117,-1.3664062499999998
0.19179987907409668,118,-0.4125
0.19315195083618164,119,-0.23203125
0.19450783729553223,120,-0.21914062499999998
0.19587993621826172,121,-0.0515625
0.1972649097442627,122,-0.2578125
0.19887185096740723,123,-0.12890625
0.20434188842773438,124,-0.012890625
0.20596885681152344,125,-0.0515625
0.2075028419494629,126,-1.340625
0.20932888984680176,127,-0.28359375
0.21105599403381348,128,-0.21914062499999998
0.2129349708557129,129,-0.0515625
0.21603989601135254,130,-0.2578125
0.21781587600708008,131,-0.02578125
0.2200930118560791,132,-0.103125
0.22195792198181152,133,-0.012890625
0.22336101531982422,134,-1.095703125
0.22463393211364746,135,-0.79921875
0.2258758544921875,136,-0.30937499999999996
0.22714591026306152,137,-0.20625
0.22849392890930176,138,-0.12890625
0.22974586486816406,139,-0.2578125
0.23562884330749512,140,-0.30937499999999996
0.23772192001342773,141,-0.193359375
0.2397749423980713,142,-0.7476562499999999
0.24212384223937988,143,-1.6242187499999998
0.244520902633667,144,-0.43828124999999996
0.24637794494628906,145,-0.09023437499999999
0.24881505966186523,146,-0.20625
0.2504079341888428,147,-0.012890625
0.25179505348205566,148,-0.07734374999999999
0.2532010078430176,149,-0.193359375
0.2544999122619629,150,-0.18046874999999998
0.25574803352355957,151,-0.966796875
0.2569739818572998,152,-1.546875
0.25821900367736816,153,-0.193359375
0.2594459056854248,154,-0.270703125
0.26069092750549316,155,-0.29648437499999997
0.2666659355163574,156,-0.103125
0.268996000289917,157,-0.451171875
0.2708399295806885,158,-0.12890625
0.27347803115844727,159,-0.6187499999999999
0.2756228446960449,160,-1.5597656249999998
0.2780489921569824,161,-0.193359375
0.28035593032836914,162,-0.02578125
0.2819960117340088,163,0.064453125
0.2833399772644043,164,-0.012890625
0.284653902053833,165,-0.103125
0.2858879566192627,166,-0.2578125
0.2871389389038086,167,-0.167578125
0.28847384452819824,168,-0.64453125
0.2897160053253174,169,-1.327734375
0.29100990295410156,170,-1.5082031249999999
0.29697585105895996,171,-0.270703125
0.2993500232696533,172,-0.15468749999999998
0.30130887031555176,173,-0.02578125
0.3039548397064209,174,-0.103125
0.30612897872924805,175,-0.012890625
0.3081960678100586,176,-1.353515625
0.3104979991912842,177,-0.29648437499999997
0.31200385093688965,178,-0.15468749999999998
0.3133080005645752,179,-0.42539062499999997
0.31455206871032715,180,-0.36093749999999997
0.3158259391784668,181,-0.193359375
0.31713104248046875,182,-0.02578125
0.31844305992126465,183,-0.0515625
0.31975293159484863,184,-0.20625
0.32100892066955566,185,-0.116015625
0.33074402809143066,186,-0.8765624999999999
0.3331129550933838,187,-1.46953125
0.33504390716552734,188,-0.0515625
0.33728504180908203,189,-0.20625
0.3397939205169678,190,-0.15468749999999998
0.34160304069519043,191,-1.4953124999999998
0.34389495849609375,192,-0.33515625
0.3455688953399658,193,-0.193359375
0.34690093994140625,194,-0.42539062499999997
0.3483619689941406,195,-0.322265625
0.34967494010925293,196,-0.012890625
0.35091090202331543,197,-0.09023437499999999
0.3521549701690674,198,-0.167578125
0.35787391662597656,199,-0.20625
0.3599729537963867,200,-0.322265625
0.36180591583251953,201,-0.23203125
0.36440300941467285,202,-0.322265625
0.36673688888549805,203,-0.167578125
0.3686199188232422,204,-0.07734374999999999
0.3708648681640625,205,-0.21914062499999998
0.37254786491394043,206,-0.515625
0.373884916305542,207,-1.46953125
0.3751490116119385,208,-0.270703125
0.37647485733032227,209,-0.21914062499999998
0.37783384323120117,210,-0.270703125
0.3791680335998535,211,-0.012890625
0.38043785095214844,212,-0.29648437499999997
0.38170695304870605,213,-0.20625
0.3829350471496582,214,0.0
0.3890218734741211,215,-0.064453125
0.39059901237487793,216,-1.198828125
0.3919699192047119,217,-0.515625
0.3933529853820801,218,-0.12890625
0.3951690196990967,219,-0.167578125
0.39757204055786133,220,-0.30937499999999996
0.3992588520050049,221,0.193359375
0.4006650447845459,222,-0.012890625
0.4024238586425781,223,-0.064453125
0.40424084663391113,224,-0.141796875
0.40561485290527344,225,-0.7734375
0.40679001808166504,226,-1.52109375
0.40794897079467773,227,-0.4125
0.4090719223022461,228,-0.38671875
0.41018199920654297,229,-0.116015625
0.4112989902496338,230,-0.103125
0.4124138355255127,231,-0.33515625
0.41353607177734375,232,-0.502734375
0.41464996337890625,233,-0.4125
0.4158499240875244,234,-0.0515625
0.41724395751953125,235,-0.0515625
0.4186530113220215,236,-0.09023437499999999
0.4200289249420166,237,-0.15468749999999998
0.42159104347229004,238,-0.322265625
0.4231259822845459,239,-1.16015625
0.4244880676269531,240,-1.2503906249999999
0.42580699920654297,241,-0.2578125
0.4280679225921631,242,-0.21914062499999998
0.43012404441833496,243,-0.09023437499999999
0.43165087699890137,244,0.07734374999999999
0.43329691886901855,245,-0.012890625
0.4351980686187744,246,-0.103125
0.4367220401763916,247,-0.20625
0.43799304962158203,248,-0.322265625
0.43916988372802734,249,-1.095703125
0.4402949810028076,250,-1.6371093749999999
0.4414210319519043,251,-0.09023437499999999
0.4425320625305176,252,-0.270703125
0.44363999366760254,253,-0.2578125
0.44475293159484863,254,-0.0515625
0.44594883918762207,255,-0.37382812499999996
0.4473588466644287,256,-0.42539062499999997
0.4488179683685303,257,-0.28359375
0.45024800300598145,258,-0.0515625
0.4517948627471924,259,-0.064453125
0.45323991775512695,260,-0.23203125
0.4546520709991455,261,-0.21914062499999998
0.45605993270874023,262,-1.0570312499999999
0.4579498767852783,263,-1.65
0.460299015045166,264,-0.23203125
0.4618690013885498,265,-0.20625
0.4632589817047119,266,-0.21914062499999998
0.46507906913757324,267,-0.20625
0.4669010639190674,268,0.0
0.46836185455322266,269,-0.0515625
0.4695549011230469,270,-0.23203125
0.4707009792327881,271,-0.09023437499999999
0.47182798385620117,272,-0.7863281249999999
0.47293591499328613,273,-1.3921875
0.4740469455718994,274,-1.3921875
0.47520899772644043,275,-0.2578125
0.47644686698913574,276,-0.064453125
0.4779548645019531,277,-0.21914062499999998
0.47943806648254395,278,-0.02578125
0.4809749126434326,279,-0.193359375
0.4825279712677002,280,-0.038671874999999994
0.48390793800354004,281,-0.0515625
0.4852879047393799,282,-0.0515625
0.48741698265075684,283,-0.20625
0.48955798149108887,284,-0.4125
0.4910140037536621,285,-1.585546875
0.4925839900970459,286,-0.322265625
0.4944949150085449,287,-0.15468749999999998
0.49619007110595703,288,-0.064453125
0.4974639415740967,289,-0.15468749999999998
0.4986560344696045,290,-0.064453125
0.49979305267333984,291,-0.012890625
0.5009548664093018,292,-0.116015625
0.5021018981933594,293,-0.20625
0.503216028213501,294,-0.193359375
0.5043230056762695,295,-0.348046875
0.5054218769073486,296,-1.018359375
0.5066008567810059,297,-1.546875
0.5080440044403076,298,-0.193359375
0.5095078945159912,299,-0.270703125
0.5109710693359375,300,-0.2578125
0.512531042098999,301,-0.12890625
0.5139739513397217,302,-0.28359375
0.515408992767334,303,-0.12890625
0.5168368816375732,304,-0.012890625
0.5192508697509766,305,-0.103125
0.5211279392242432,306,-0.103125
0.5225620269775391,307,-0.8765624999999999
0.5242049694061279,308,-1.5726562499999999
0.5261449813842773,309,-0.29648437499999997
0.5277328491210938,310,-0.20625
0.5290589332580566,311,-0.103125
0.5302140712738037,312,-0.270703125
0.5313360691070557,313,-0.2578125
0.5324649810791016,314,-0.064453125
0.5335788726806641,315,-0.012890625
0.5346798896789551,316,-0.064453125
0.5357749462127686,317,-0.29648437499999997
0.5369529724121094,318,-0.20625
0.5384149551391602,319,-0.631640625
0.5398910045623779,320,-1.340625
0.5413799285888672,321,-0.29648437499999997
0.5429229736328125,322,-0.28359375
0.5443248748779297,323,-0.30937499999999996
0.5457339286804199,324,-0.02578125
0.5470600128173828,325,-0.270703125
0.5493879318237305,326,-0.167578125
0.551393985748291,327,-0.012890625
0.5528199672698975,328,-0.193359375
0.5543949604034424,329,-0.02578125
0.5562989711761475,330,-0.7734375
0.5580549240112305,331,-1.611328125
0.5593419075012207,332,-0.36093749999999997
0.5605230331420898,333,-0.2578125
0.5616369247436523,334,-0.09023437499999999
0.5627398490905762,335,-0.322265625
0.5638430118560791,336,-0.4125
0.5649409294128418,337,-0.322265625
0.5660338401794434,338,-0.012890625
0.5672030448913574,339,-0.0515625
0.5686650276184082,340,-0.0515625
0.5700938701629639,341,-0.20625
0.5715360641479492,342,-0.322265625
0.5730628967285156,343,-1.147265625
0.5745389461517334,344,-1.65
0.5759580135345459,345,-0.33515625
0.5773818492889404,346,-0.24492187499999998
0.5795249938964844,347,-0.12890625
0.5817570686340332,348,-0.322265625
0.5832569599151611,349,0.012890625
0.5847549438476562,350,-0.103125
0.5865788459777832,351,-0.18046874999999998
0.5884079933166504,352,-0.09023437499999999
0.5897669792175293,353,-1.0570312499999999
0.5909459590911865,354,-1.5082031249999999
0.5920810699462891,355,-0.20625
0.5932068824768066,356,-0.167578125
0.5943100452423096,357,-0.21914062499999998
0.5954148769378662,358,-0.09023437499999999
0.5965290069580078,359,-0.33515625
0.5977320671081543,360,-0.36093749999999997
0.5992178916931152,361,-0.20625
0.6006710529327393,362,-0.02578125
0.6021380424499512,363,-0.0515625
0.6036520004272461,364,-0.12890625
0.605104923248291,365,-0.42539062499999997
0.6065540313720703,366,-1.2503906249999999
0.6080210208892822,367,-1.65
0.6101939678192139,368,-0.4125
0.6122989654541016,369,-0.270703125
0.6138319969177246,370,-0.116015625
0.6153419017791748,371,0.09023437499999999
0.6172769069671631,372,-0.012890625
0.6189138889312744,373,-0.02578125
0.6202020645141602,374,-0.0515625
0.6214010715484619,375,-0.4640625
0.6225290298461914,376,-1.147265625
0.6236639022827148,377,-1.65
0.6247730255126953,378,-0.20625
0.6258718967437744,379,-0.28359375
0.6269700527191162,380,-0.2578125
0.6281700134277344,381,-0.15468749999999998
0.6295969486236572,382,-0.322265625
0.6310880184173584,383,-0.322265625
0.6325139999389648,384,-0.12890625
0.6340818405151367,385,-0.012890625
0.6355879306793213,386,-0.0515625
0.6370038986206055,387,-0.15468749999999998
0.638563871383667,388,-0.4640625
0.6407859325408936,389,-1.2890625
0.6428120136260986,390,-0.515625
0.6442010402679443,391,-0.270703125
0.645982027053833,392,-0.15468749999999998
0.6479549407958984,393,-0.322265625
0.6494920253753662,394,0.0515625
0.6507508754730225,395,-0.0515625
0.6519100666046143,396,-0.09023437499999999
0.6530590057373047,397,-0.23203125
0.6541810035705566,398,-0.20625
0.6552879810333252,399,-0.9152343749999999
0.6563990116119385,400,-1.456640625
0.6575019359588623,401,-0.399609375
0.6586830615997314,402,-0.29648437499999997
0.6600759029388428,403,-0.02578125
0.6615400314331055,404,-0.20625
0.6630990505218506,405,-0.37382812499999996
0.6646690368652344,406,-0.36093749999999997
0.666071891784668,407,-0.0515625
0.6674869060516357,408,-0.02578125
0.6699080467224121,409,-0.103125
0.6717829704284668,410,-0.038671874999999994
0.6732978820800781,411,-1.069921875
0.6753458976745605,412,-1.5082031249999999
0.6769218444824219,413,-0.322265625
0.6781790256500244,414,-0.07734374999999999
0.6793398857116699,415,-0.33515625
0.6804568767547607,416,-0.4125
0.6815650463104248,417,-0.33515625
0.6826598644256592,418,0.0
0.683819055557251,419,-0.0515625
0.6849830150604248,420,-0.103125
0.686100959777832,421,-0.28359375
0.6872119903564453,422,-0.09023437499999999
0.6884050369262695,423,-0.7734375
0.6895999908447266,424,-1.353515625
0.6910028457641602,425,-1.5726562499999999
0.6924600601196289,426,-0.2578125
0.6940779685974121,427,-0.193359375
0.6956260204315186,428,-0.103125
0.6970000267028809,429,-0.36093749999999997
0.6984689235687256,430,-0.23203125
0.7009758949279785,431,0.0
0.7027230262756348,432,-0.038671874999999994
