time,count,voltage
0.0054149627685546875,1,-0.29648437499999997
0.006991863250732422,2,-0.02578125
0.008397817611694336,3,-0.012890625
0.009761810302734375,4,-0.0515625
0.011133909225463867,5,-0.23203125
0.01269984245300293,6,-0.167578125
0.014447927474975586,7,-0.9796874999999999
0.016134023666381836,8,-0.20625
0.017894983291625977,9,-0.064453125
0.019476890563964844,10,-0.399609375
0.021153926849365234,11,0.0
0.022719860076904297,12,-0.07734374999999999
0.024158954620361328,13,0.012890625
0.0255279541015625,14,-0.012890625
0.02687692642211914,15,-0.0515625
0.02838897705078125,16,-0.270703125
0.030071020126342773,17,-0.399609375
0.03179788589477539,18,-1.340625
0.033461809158325195,19,-0.038671874999999994
0.03530597686767578,20,-0.12890625
0.03698086738586426,21,-0.193359375
0.038655996322631836,22,-0.193359375
0.040231943130493164,23,0.038671874999999994
0.04191398620605469,24,-0.012890625
0.043684959411621094,25,-0.02578125
0.04591703414916992,26,-0.2578125
0.04884791374206543,27,-0.6574218749999999
0.05101585388183594,28,-0.193359375
0.0526888370513916,29,-0.20625
0.05425381660461426,30,-0.116015625
0.056285858154296875,31,-0.2578125
0.05804586410522461,32,0.0
0.05935788154602051,33,-0.02578125
0.060546875,34,-0.20625
0.06179499626159668,35,-0.322265625
0.06300783157348633,36,-0.631640625
0.06414985656738281,37,-1.327734375
0.06527280807495117,38,-0.167578125
0.06638288497924805,39,-0.07734374999999999
0.06749296188354492,40,-0.23203125
0.06859898567199707,41,-0.2578125
0.0697019100189209,42,-0.193359375
0.07082390785217285,43,-0.322265625
0.07193994522094727,44,-0.399609375
0.0730428695678711,45,-0.23203125
0.07413697242736816,46,0.0
0.07522702217102051,47,0.0
0.07631492614746094,48,-0.02578125
0.07740998268127441,49,-0.2578125
0.07850790023803711,50,-0.29648437499999997
0.07961797714233398,51,-0.760546875
0.08076882362365723,52,-1.327734375
0.0818929672241211,53,-0.42539062499999997
0.08299899101257324,54,-0.02578125
0.08410501480102539,55,-0.2578125
0.08529186248779297,56,-0.20625
0.0865178108215332,57,-0.07734374999999999
0.08794403076171875,58,-0.29648437499999997
0.08940386772155762,59,-0.2578125
0.09095382690429688,60,0.0
0.09247088432312012,61,-0.012890625
0.09386801719665527,62,-0.07734374999999999
0.09536981582641602,63,-0.20625
0.09683990478515625,64,-0.6703125
0.0993039608001709,65,-1.4308593749999998
0.10109186172485352,66,-0.0515625
0.1025228500366211,67,-0.270703125
0.1039588451385498,68,-0.0515625
0.10580682754516602,69,-0.30937499999999996
0.10766100883483887,70,0.02578125
0.10906195640563965,71,-0.012890625
0.11024594306945801,72,-0.116015625
0.11141800880432129,73,-0.28359375
0.11255192756652832,74,-0.399609375
0.11366701126098633,75,-1.1214843749999999
0.11477398872375488,76,-1.65
0.11595487594604492,77,0.0
0.11735796928405762,78,-0.064453125
0.11881899833679199,79,-0.2578125
0.12033891677856445,80,-0.09023437499999999
0.12196588516235352,81,-0.36093749999999997
0.12343597412109375,82,-0.0515625
0.12494897842407227,83,0.0
0.1263129711151123,84,-0.02578125
0.12864184379577637,85,-0.2578125
0.13052582740783691,86,-0.33515625
0.13203191757202148,87,-1.533984375
0.13365697860717773,88,-0.0515625
0.13566184043884277,89,-0.15468749999999998
0.13719582557678223,90,-0.09023437499999999
0.13843488693237305,91,-0.33515625
0.13963603973388672,92,-0.167578125
0.1408379077911377,93,0.0
0.14197993278503418,94,-0.012890625
0.14309191703796387,95,-0.012890625
0.14419198036193848,96,-0.322265625
0.14528989791870117,97,-0.29648437499999997
0.1464848518371582,98,-0.825
0.14789390563964844,99,-1.4437499999999999
0.14936304092407227,100,-0.0515625
0.15088987350463867,101,-0.116015625
0.15244793891906738,102,-0.20625
0.15387201309204102,103,-0.09023437499999999
0.1553330421447754,104,-0.36093749999999997
0.15674781799316406,105,-0.141796875
0.15889787673950195,106,0.012890625
0.16103482246398926,107,-0.0515625
0.16254901885986328,108,-0.12890625
0.16400599479675293,109,-0.90234375
0.16591191291809082,110,-1.65
0.16771984100341797,111,0.0
0.16903996467590332,112,-0.2578125
0.1702098846435547,113,0.0
0.17136788368225098,114,-0.4125
0.17250585556030273,115,-0.36093749999999997
0.17366600036621094,116,0.0
0.17478203773498535,117,-0.012890625
0.17589688301086426,118,-0.0515625
0.1770780086517334,119,-0.21914062499999998
0.17848896980285645,120,-0.270703125
0.1799788475036621,121,-0.580078125
0.18154692649841309,122,-1.3792968749999999
0.18309688568115234,123,0.0
0.1845078468322754,124,-0.193359375
0.18594884872436523,125,-0.29648437499999997
0.18729400634765625,126,0.0
0.1894989013671875,127,-0.2578125
0.19161295890808105,128,0.116015625
0.1930859088897705,129,-0.0515625
0.19463181495666504,130,-0.2578125
0.19658803939819336,131,-0.15468749999999998
0.1982278823852539,132,-1.147265625
0.19949889183044434,133,0.0
0.2007279396057129,134,-0.116015625
0.20188689231872559,135,-0.24492187499999998
0.20301198959350586,136,-0.02578125
0.20413494110107422,137,-0.33515625
0.20525598526000977,138,-0.399609375
0.2063770294189453,139,-0.2578125
0.20758795738220215,140,0.0
0.20899200439453125,141,0.012890625
0.21043896675109863,142,-0.103125
0.21202898025512695,143,-0.270703125
0.2135770320892334,144,-0.631640625
0.2149958610534668,145,-1.4953124999999998
0.21646785736083984,146,0.0
0.21794486045837402,147,-0.167578125
0.22043490409851074,148,-0.29648437499999997
0.22228193283081055,149,-0.270703125
0.22369003295898438,150,0.21914062499999998
0.22543597221374512,151,-0.012890625
0.2273578643798828,152,-0.012890625
0.22876286506652832,153,-0.21914062499999998
0.2299649715423584,154,-0.7734375
0.23119783401489258,155,-1.46953125
0.23233699798583984,156,0.0
0.2334458827972412,157,-0.038671874999999994
0.23456192016601562,158,0.0
0.23567485809326172,159,-0.2578125
0.23679399490356445,160,-0.116015625
0.2379918098449707,161,-0.4640625
0.23939895629882812,162,-0.36093749999999997
0.2409379482269287,163,0.012890625
0.24247503280639648,164,-0.012890625
0.24399685859680176,165,-0.0515625
0.24541687965393066,166,-0.2578125
0.24679088592529297,167,-0.7476562499999999
0.2484879493713379,168,-1.46953125
0.25090789794921875,169,0.0
0.2524559497833252,170,-0.103125
0.25391197204589844,171,-0.0515625
0.25580787658691406,172,-0.322265625
0.25762295722961426,173,0.038671874999999994
0.25897884368896484,174,-0.012890625
0.2601759433746338,175,-0.09023437499999999
0.26134395599365234,176,-0.2578125
0.2624778747558594,177,-0.37382812499999996
0.26359987258911133,178,-1.0828125
0.26469898223876953,179,-1.65
0.2657918930053711,180,0.0
0.26688599586486816,181,0.0
0.26805686950683594,182,-0.064453125
0.26945996284484863,183,-0.2578125
0.27097392082214355,184,-0.0515625
0.2724788188934326,185,-0.116015625
0.2740209102630615,186,0.09023437499999999
0.27548885345458984,187,0.012890625
0.2768819332122803,188,-0.0515625
0.27866697311401367,189,-0.2578125
0.28102993965148926,190,-0.4125
0.28255701065063477,191,-1.018359375
0.2839930057525635,192,-0.038671874999999994
0.2858748435974121,193,-0.21914062499999998
0.28774189949035645,194,-0.12890625
0.2891359329223633,195,-0.116015625
0.2903258800506592,196,0.0
0.2914998531341553,197,-0.012890625
0.29264283180236816,198,-0.02578125
0.2937610149383545,199,-0.24492187499999998
0.2948729991912842,200,-0.322265625
0.2959728240966797,201,-0.502734375
0.29708290100097656,202,-1.1859374999999999
0.29828691482543945,203,-1.65
0.2996838092803955,204,0.0
0.3011620044708252,205,-0.167578125
0.30263185501098633,206,-0.28359375
0.3041679859161377,207,0.0
0.3055288791656494,208,-0.20625
0.3068838119506836,209,0.038671874999999994
0.3083219528198242,210,-0.012890625
0.31085991859436035,211,-0.02578125
0.31253695487976074,212,-0.2578125
0.31391191482543945,213,-0.928125
0.3156728744506836,214,-1.65
0.3176150321960449,215,-0.02578125
0.3190319538116455,216,-0.18046874999999998
0.32024097442626953,217,-0.103125
0.3213999271392822,218,-0.4125
0.32251691818237305,219,-0.348046875
0.32366394996643066,220,0.0
0.32477402687072754,221,0.012890625
0.32645297050476074,222,-0.0515625
0.3276388645172119,223,-0.2578125
0.3288538455963135,224,-0.21914062499999998
0.3302948474884033,225,-0.8507812499999999
0.33179187774658203,226,-1.585546875
0.33334994316101074,227,-0.0515625
0.33489298820495605,228,-0.20625
0.3362998962402344,229,-0.167578125
0.33767104148864746,230,-0.2578125
0.33957886695861816,231,-0.2578125
0.34187984466552734,232,0.0
0.3434019088745117,233,-0.038671874999999994
0.3448348045349121,234,-0.21914062499999998
0.34676194190979004,235,-0.33515625
0.34853601455688477,236,-1.3019531249999998
0.34986186027526855,237,0.0
0.3510630130767822,238,-0.2578125
0.35223984718322754,239,-0.18046874999999998
0.35338687896728516,240,-0.02578125
0.35450100898742676,241,-0.399609375
0.35563087463378906,242,-0.399609375
0.35673093795776367,243,-0.012890625
0.3578610420227051,244,0.0
0.3590559959411621,245,-0.012890625
0.36047792434692383,246,-0.12890625
0.3620579242706299,247,-0.2578125
0.36354684829711914,248,-0.734765625
0.36518287658691406,249,-1.546875
0.3667118549346924,250,0.038671874999999994
0.36819982528686523,251,-0.103125
0.369657039642334,252,-0.270703125
0.37192487716674805,253,-0.23203125
0.3740420341491699,254,0.012890625
0.37554001808166504,255,0.0
0.37702393531799316,256,-0.064453125
0.37897682189941406,257,-0.322265625
0.3807408809661865,258,-0.64453125
0.38204383850097656,259,-1.65
0.3832218647003174,260,0.0
0.38435888290405273,261,-0.167578125
0.385483980178833,262,-0.37382812499999996
0.3865978717803955,263,-0.064453125
0.38770198822021484,264,-0.30937499999999996
0.3888130187988281,265,-0.36093749999999997
0.3899989128112793,266,-0.12890625
0.39144086837768555,267,0.0
0.39290380477905273,268,-0.012890625
0.39435791969299316,269,-0.2578125
0.3959200382232666,270,-0.2578125
0.3973879814147949,271,-0.966796875
0.3988199234008789,272,-1.533984375
0.4002699851989746,273,-0.103125
0.40245580673217773,274,-0.012890625
0.4045259952545166,275,-0.20625
0.406052827835083,276,-0.116015625
0.40759897232055664,277,0.0
0.409574031829834,278,-0.012890625
0.41118788719177246,279,-0.167578125
0.41248202323913574,280,-0.15468749999999998
0.4136788845062256,281,-0.9410156249999999
0.41482090950012207,282,-1.6371093749999999
0.41594481468200684,283,0.0
0.41704797744750977,284,-0.141796875
0.41814684867858887,285,-0.167578125
0.41924381256103516,286,-0.15468749999999998
0.42043399810791016,287,-0.012890625
0.42188286781311035,288,-0.36093749999999997
0.4233720302581787,289,-0.15468749999999998
0.42485880851745605,290,0.0
0.42641496658325195,291,-0.0515625
0.42780590057373047,292,-0.21914062499999998
0.4292290210723877,293,-0.193359375
0.4309089183807373,294,-0.992578125
0.4333319664001465,295,-1.65
0.43492698669433594,296,-0.30937499999999996
0.43631696701049805,297,-0.116015625
0.43810081481933594,298,-0.322265625
0.4400138854980469,299,-0.20625
0.44142889976501465,300,0.0
0.44261884689331055,301,-0.0515625
0.4437589645385742,302,-0.21914062499999998
0.4448869228363037,303,-0.270703125
0.44602394104003906,304,-0.515625
0.44713687896728516,305,-1.198828125
0.44824886322021484,306,-1.65
0.4493448734283447,307,-0.012890625
0.45050501823425293,308,-0.116015625
0.45195698738098145,309,-0.141796875
0.45340800285339355,310,-0.15468749999999998
0.45492100715637207,311,-0.20625
0.45650482177734375,312,-0.09023437499999999
0.45793700218200684,313,-0.012890625
0.4593198299407959,314,-0.02578125
0.46114397048950195,315,-0.20625
0.4634838104248047,316,-0.29648437499999997
0.4649510383605957,317,-1.340625
0.4666619300842285,318,0.0
0.46855902671813965,319,-0.167578125
0.47014498710632324,320,-0.2578125
0.47144103050231934,321,-0.20625
0.47263193130493164,322,-0.12890625
0.47376084327697754,323,0.012890625
0.4748668670654297,324,0.012890625
0.47597789764404297,325,-0.02578125
0.47708702087402344,326,-0.2578125
0.4781968593597412,327,-0.36093749999999997
0.4793050289154053,328,-0.515625
0.48049092292785645,329,-1.198828125
0.48195981979370117,330,-1.65
0.48343801498413086,331,0.0
0.48496103286743164,332,-0.12890625
0.48653388023376465,333,-0.23203125
0.48795580863952637,334,-0.322265625
0.48931384086608887,335,-0.21914062499999998
0.49108099937438965,336,0.0
0.49344801902770996,337,-0.012890625
0.49494194984436035,338,-0.23203125
0.4965219497680664,339,-0.43828124999999996
0.498546838760376,340,-1.2374999999999998
0.5000078678131104,341,0.0
0.5013148784637451,342,-0.15468749999999998
0.502518892288208,343,-0.21914062499999998
0.5036578178405762,344,-0.064453125
0.5047779083251953,345,-0.38671875
0.5058798789978027,346,-0.322265625
0.5070078372955322,347,0.0
0.5081138610839844,348,0.0
0.5092229843139648,349,-0.0515625
0.5103240013122559,350,-0.18046874999999998
0.511512041091919,351,-0.28359375
0.5128748416900635,352,-0.502734375
0.514354944229126,353,-1.224609375
0.5158050060272217,354,-0.0515625
0.5173318386077881,355,0.0
0.5187458992004395,356,-0.18046874999999998
0.5202419757843018,357,-0.02578125
0.5217459201812744,358,-0.322265625
0.5233359336853027,359,-0.15468749999999998
0.525846004486084,360,0.012890625
0.5275290012359619,361,-0.012890625
0.5289039611816406,362,-0.12890625
0.530695915222168,363,-0.8121093749999999
0.5326969623565674,364,-1.5726562499999999
0.53413987159729,365,-0.02578125
0.5353448390960693,366,-0.270703125
0.5364768505096436,367,-0.0515625
0.5375900268554688,368,-0.23203125
0.5386919975280762,369,-0.30937499999999996
0.5398449897766113,370,-0.193359375
0.540992021560669,371,0.0
0.5421679019927979,372,-0.012890625
0.5435199737548828,373,-0.07734374999999999
0.5449769496917725,374,-0.322265625
0.5464529991149902,375,-0.4640625
0.5480289459228516,376,-1.3019531249999998
0.5495128631591797,377,-0.012890625
0.5509998798370361,378,-0.103125
0.5526089668273926,379,-0.30937499999999996
0.555109977722168,380,-0.0515625
0.5566978454589844,381,0.193359375
0.5582540035247803,382,-0.012890625
0.5602328777313232,383,-0.02578125
0.5617070198059082,384,-0.29648437499999997
0.562924861907959,385,-0.502734375
0.5640869140625,386,-1.276171875
0.5652270317077637,387,-0.23203125
0.5663490295410156,388,-0.012890625
0.567451000213623,389,-0.141796875
0.5685489177703857,390,-0.270703125
0.5696408748626709,391,-0.12890625
0.570807933807373,392,-0.322265625
0.5719258785247803,393,-0.4125
0.5731148719787598,394,-0.20625
0.5744609832763672,395,0.0
0.5759408473968506,396,-0.02578125
0.5773530006408691,397,-0.15468749999999998
0.5789380073547363,398,-0.2578125
0.5804300308227539,399,-0.837890625
0.5819509029388428,400,-1.6371093749999999
0.5834109783172607,401,-0.0515625
0.5852298736572266,402,-0.116015625
0.587568998336792,403,-0.23203125
0.5891799926757812,404,-0.20625
0.5905988216400146,405,0.012890625
0.592573881149292,406,-0.012890625
0.5943670272827148,407,-0.07734374999999999
0.5957129001617432,408,-0.193359375
0.5969059467315674,409,-0.9152343749999999
0.598059892654419,410,-1.5726562499999999
0.5991849899291992,411,-0.012890625
0.6002869606018066,412,-0.12890625
0.6014149188995361,413,-0.103125
0.6025278568267822,414,-0.20625
0.6037328243255615,415,-0.103125
0.6051039695739746,416,-0.33515625
0.6065998077392578,417,-0.20625
0.6083509922027588,418,0.0
0.6102569103240967,419,-0.0515625
0.6121289730072021,420,-0.20625
0.6136789321899414,421,-0.631640625
0.615973949432373,422,-1.5082031249999999
0.6179358959197998,423,-0.02578125
0.6194000244140625,424,-0.29648437499999997
0.6213409900665283,425,0.0
0.6232860088348389,426,-0.012890625
0.6247339248657227,427,-0.012890625
0.6259469985961914,428,-0.02578125
0.6270828247070312,429,-0.24492187499999998
0.6282088756561279,430,-0.29648437499999997
0.6293239593505859,431,-0.515625
0.6304318904876709,432,-1.198828125
0.6315689086914062,433,-1.65
0.6326949596405029,434,-0.0515625
0.6338679790496826,435,-0.167578125
0.6352698802947998,436,-0.07734374999999999
0.6367309093475342,437,-0.12890625
0.6382699012756348,438,-0.20625
0.6397459506988525,439,-0.103125
0.6411769390106201,440,0.0
0.642549991607666,441,0.0
0.6445839405059814,442,-0.167578125
0.6470580101013184,443,-0.2578125
0.6485848426818848,444,-1.482421875
0.6505849361419678,445,-0.0515625
0.6522369384765625,446,0.0
0.6534829139709473,447,-0.103125
0.65464186668396,448,-0.4125
0.6557478904724121,449,-0.322265625
0.6568558216094971,450,0.012890625
0.6579508781433105,451,-0.012890625
0.659045934677124,452,-0.012890625
0.6601409912109375,453,-0.12890625
0.6612548828125,454,-0.33515625
0.6623609066009521,455,-0.399609375
0.6634578704833984,456,-1.069921875
0.6646139621734619,457,-1.6371093749999999
0.665977954864502,458,0.012890625
0.6674180030822754,459,-0.0515625
0.6689488887786865,460,-0.103125
0.6704878807067871,461,-0.21914062499999998
0.6719968318939209,462,-0.399609375
0.6733479499816895,463,-0.09023437499999999
0.6754570007324219,464,0.0
0.6775398254394531,465,-0.0515625
0.6789679527282715,466,-0.15468749999999998
0.6810369491577148,467,-0.837890625
0.6827778816223145,468,-1.65
0.6840739250183105,469,-0.270703125
0.6852610111236572,470,-0.193359375
0.6863999366760254,471,-0.064453125
0.6875269412994385,472,-0.270703125
0.6886358261108398,473,-0.36093749999999997
0.6897459030151367,474,-0.20625
0.6908688545227051,475,0.0
0.6919689178466797,476,-0.012890625
0.6930758953094482,477,-0.038671874999999994
0.6941738128662109,478,-0.270703125
0.695335865020752,479,-0.21914062499999998
0.6967170238494873,480,-0.837890625
0.6981849670410156,481,-1.4953124999999998
0.6997108459472656,482,0.012890625
0.7013428211212158,483,-0.20625
0.7028050422668457,484,-0.270703125
0.7042539119720459,485,-0.0515625
0.7063908576965332,486,-0.116015625
0.70853590965271,487,-0.012890625
0.7099969387054443,488,-0.064453125
0.7118649482727051,489,-0.270703125
0.7137939929962158,490,-0.399609375
0.715094804763794,491,-1.5597656249999998
0.7162859439849854,492,-0.02578125
0.7174198627471924,493,-0.15468749999999998
0.7185389995574951,494,-0.322265625
0.7196450233459473,495,-0.167578125
0.7208199501037598,496,-0.322265625
0.7219359874725342,497,-0.399609375
0.7230370044708252,498,-0.20625
0.7241389751434326,499,-0.012890625
0.7252910137176514,500,-0.012890625
0.7266659736633301,501,-0.038671874999999994
0.7280879020690918,502,-0.322265625
0.7296469211578369,503,-0.33515625
0.7312178611755371,504,-1.198828125
0.7326819896697998,505,0.0
0.7340958118438721,506,0.0
0.7364528179168701,507,-0.20625
0.7383320331573486,508,-0.12890625
0.7398598194122314,509,0.193359375
0.7419459819793701,510,0.0
0.7434759140014648,511,-0.012890625
0.7446749210357666,512,-0.2578125
0.7458150386810303,513,-0.36093749999999997
0.7469339370727539,514,-1.069921875
0.7480509281158447,515,-1.65
0.7491748332977295,516,0.012890625
0.7502858638763428,517,-0.07734374999999999
0.7514169216156006,518,-0.09023437499999999
0.7525248527526855,519,-0.2578125
0.7536218166351318,520,-0.0515625
0.7547190189361572,521,-0.38671875
0.7558779716491699,522,-0.322265625
0.7572369575500488,523,0.012890625
0.7587020397186279,524,0.0
0.7601418495178223,525,-0.012890625
0.7617669105529785,526,-0.23203125
0.7632169723510742,527,-0.48984374999999997
0.7647099494934082,528,-1.327734375
0.7667419910430908,529,0.0
0.7689378261566162,530,-0.2578125
0.7703828811645508,531,-0.103125
0.772392988204956,532,-0.322265625
0.774277925491333,533,0.02578125
0.7756209373474121,534,-0.012890625
0.7767739295959473,535,-0.09023437499999999
0.7778968811035156,536,-0.2578125
0.7790038585662842,537,-0.322265625
0.7801239490509033,538,-1.03125
0.7812600135803223,539,-1.5984375
0.7823739051818848,540,0.02578125
0.7834758758544922,541,0.0
0.7845649719238281,542,-0.064453125
0.7856588363647461,543,-0.116015625
0.7868118286132812,544,-0.12890625
0.7881720066070557,545,-0.4125
0.7896199226379395,546,-0.322265625
0.7911679744720459,547,0.012890625
0.792726993560791,548,-0.012890625
0.7940268516540527,549,-0.20625
0.795382022857666,550,-0.20625
0.7976779937744141,551,-0.7863281249999999
0.799644947052002,552,-1.65
0.8043248653411865,553,-0.18046874999999998
0.8058810234069824,554,-0.36093749999999997
0.8071069717407227,555,0.0
0.8082468509674072,556,-0.012890625
0.8093650341033936,557,-0.0515625
0.8104619979858398,558,-0.270703125
0.8116538524627686,559,-0.322265625
0.8127808570861816,560,-0.631640625
0.8138868808746338,561,-1.276171875
0.8149809837341309,562,-0.605859375
0.816072940826416,563,-0.0515625
0.8172309398651123,564,-0.116015625
0.8186030387878418,565,-0.20625
0.8200700283050537,566,-0.167578125
0.8215420246124268,567,-0.20625
0.8231148719787598,568,-0.103125
0.8244969844818115,569,0.0
0.825908899307251,570,-0.012890625
0.8272478580474854,571,-0.141796875
0.8291189670562744,572,-0.30937499999999996
0.8315680027008057,573,-0.734765625
0.83306884765625,574,0.0
0.834561824798584,575,-0.20625
0.836575984954834,576,-0.322265625
0.8381810188293457,577,-0.28359375
0.8394780158996582,578,-0.012890625
0.8407089710235596,579,0.0
0.8418560028076172,580,0.012890625
0.8429720401763916,581,-0.012890625
0.844080924987793,582,-0.24492187499999998
0.8451979160308838,583,-0.28359375
0.8463029861450195,584,-0.79921875
0.8474719524383545,585,-1.3921875
0.8488729000091553,586,-0.20625
0.8503158092498779,587,-0.02578125
0.8519020080566406,588,-0.0515625
0.8535048961639404,589,0.012890625
0.8549158573150635,590,-0.167578125
0.8563058376312256,591,-0.064453125
0.8576099872589111,592,-0.012890625
0.8599498271942139,593,-0.012890625
0.8618879318237305,594,-0.167578125
0.8633739948272705,595,-0.4640625
0.8650150299072266,596,-1.340625
0.8670129776000977,597,0.02578125
0.868480920791626,598,-0.12890625
0.8696839809417725,599,-0.15468749999999998
0.8708608150482178,600,-0.29648437499999997
0.8719940185546875,601,-0.33515625
0.8731019496917725,602,-0.15468749999999998
0.8742058277130127,603,0.0
0.8753008842468262,604,-0.012890625
0.8764078617095947,605,-0.0515625
0.8775508403778076,606,-0.322265625
0.8789248466491699,607,-0.23203125
0.8803658485412598,608,-0.889453125
0.882004976272583,609,-1.65
0.8835890293121338,610,0.0
0.8850250244140625,611,-0.103125
0.8864669799804688,612,-0.20625
0.8881669044494629,613,-0.29648437499999997
0.890596866607666,614,-0.23203125
0.8922770023345947,615,-0.012890625
0.8937249183654785,616,-0.09023437499999999
0.8956868648529053,617,-0.29648437499999997
0.8974039554595947,618,-0.7218749999999999
0.8986968994140625,619,-0.928125
0.8998568058013916,620,-0.02578125
0.9010179042816162,621,-0.116015625
0.902148962020874,622,-0.28359375
0.9032638072967529,623,-0.116015625
0.9043798446655273,624,-0.33515625
0.9054908752441406,625,-0.37382812499999996
0.906620979309082,626,-0.103125
0.9078259468078613,627,0.0
0.9092028141021729,628,-0.038671874999999994
0.9106948375701904,629,-0.12890625
0.9122419357299805,630,-0.322265625
0.9137740135192871,631,-0.837890625
0.915153980255127,632,-1.65
0.916571855545044,633,-0.193359375
0.9179308414459229,634,-0.0515625
0.9203979969024658,635,-0.24492187499999998
0.9223020076751709,636,-0.30937499999999996
0.9237279891967773,637,0.24492187499999998
0.9255988597869873,638,-0.012890625
0.9274208545684814,639,-0.02578125
0.9287710189819336,640,-0.193359375
0.9299538135528564,641,-0.79921875
0.9311778545379639,642,-1.456640625
0.9323208332061768,643,0.0
0.9334349632263184,644,-0.12890625
0.9345519542694092,645,-0.12890625
0.9356458187103271,646,-0.29648437499999997
0.9367458820343018,647,-0.02578125
0.9379079341888428,648,-0.42539062499999997
0.9392819404602051,649,-0.399609375
0.9407949447631836,650,0.0
0.9423258304595947,651,0.0
0.9438238143920898,652,-0.064453125
0.9451220035552979,653,-0.193359375
0.9464809894561768,654,-0.6187499999999999
0.9482619762420654,655,-1.340625
0.9507038593292236,656,0.0
0.952211856842041,657,-0.0515625
0.9537479877471924,658,-0.064453125
0.9557278156280518,659,-0.399609375
0.9573788642883301,660,0.038671874999999994
0.9586529731750488,661,-0.012890625
0.9598128795623779,662,-0.0515625
0.9609489440917969,663,-0.29648437499999997
0.962069034576416,664,-0.15468749999999998
0.9631798267364502,665,-0.825
0.9642829895019531,666,-1.41796875
0.9653890132904053,667,-0.15468749999999998
