time,count,voltage
0.00598907470703125,1,-0.20625
0.007525920867919922,2,-0.116015625
0.008928060531616211,3,-0.270703125
0.010334968566894531,4,-0.103125
0.011694908142089844,5,-0.012890625
0.013083934783935547,6,-0.064453125
0.014867067337036133,7,-0.2578125
0.016462087631225586,8,-0.193359375
0.018212080001831055,9,-1.069921875
0.0198819637298584,10,-1.327734375
0.021637916564941406,11,-0.20625
0.023253917694091797,12,-0.33515625
0.02497696876525879,13,-0.322265625
0.026578903198242188,14,-0.20625
0.027998924255371094,15,-0.012890625
0.029378890991210938,16,-0.064453125
0.030744075775146484,17,-0.15468749999999998
0.03229498863220215,18,-0.193359375
0.034065961837768555,19,-0.6832031249999999
0.03579592704772949,20,-1.5597656249999998
0.037515878677368164,21,-0.2578125
0.03928709030151367,22,-0.20625
0.04090309143066406,23,-0.103125
0.04250192642211914,24,-0.30937499999999996
0.04419398307800293,25,-0.0515625
0.04588603973388672,26,-0.02578125
0.04770302772521973,27,-0.0515625
0.050199031829833984,28,-0.09023437499999999
0.05300402641296387,29,-0.95390625
0.054982900619506836,30,-0.2578125
0.05657505989074707,31,-0.167578125
0.05829906463623047,32,-0.33515625
0.060437917709350586,33,-0.270703125
0.06255292892456055,34,0.0
0.06440496444702148,35,-0.064453125
0.06598591804504395,36,-0.02578125
0.06739401817321777,37,-0.8121093749999999
0.06878399848937988,38,-1.546875
0.07014107704162598,39,-0.21914062499999998
0.07149505615234375,40,-0.20625
0.07282209396362305,41,-0.2578125
0.07417607307434082,42,-0.103125
0.07551193237304688,43,-0.23203125
0.07684707641601562,44,-0.15468749999999998
0.07818293571472168,45,0.012890625
0.07951188087463379,46,-0.064453125
0.08085203170776367,47,-0.20625
0.08218097686767578,48,-0.116015625
0.08351492881774902,49,-0.7218749999999999
0.08496904373168945,50,-1.340625
0.08657693862915039,51,-0.399609375
0.08825898170471191,52,-0.18046874999999998
0.08995604515075684,53,-0.2578125
0.09159994125366211,54,-0.322265625
0.09362602233886719,55,-0.18046874999999998
0.09543895721435547,56,0.0
0.09706807136535645,57,-0.038671874999999994
0.09870696067810059,58,-0.193359375
0.10099196434020996,59,-0.451171875
0.10378909111022949,60,-1.3664062499999998
0.10563397407531738,61,-0.20625
0.10699987411499023,62,-0.116015625
0.10868501663208008,63,-0.4125
0.11058187484741211,64,-0.29648437499999997
0.11208295822143555,65,-0.012890625
0.11339688301086426,66,-0.02578125
0.11460709571838379,67,-0.270703125
0.11587095260620117,68,-0.20625
0.1173090934753418,69,-0.889453125
0.1187739372253418,70,-1.5984375
0.1202840805053711,71,-0.2578125
0.12176108360290527,72,-0.02578125
0.12312197685241699,73,-0.21914062499999998
0.12466597557067871,74,-0.37382812499999996
0.12606406211853027,75,-0.348046875
0.12825989723205566,76,-0.07734374999999999
0.1302790641784668,77,-0.0515625
0.13174200057983398,78,-0.167578125
0.13332200050354004,79,-0.33515625
0.13523602485656738,80,-1.095703125
0.13690710067749023,81,-0.2578125
0.1381700038909912,82,-0.15468749999999998
0.13932490348815918,83,-0.2578125
0.1404709815979004,84,-0.15468749999999998
0.14160394668579102,85,-0.399609375
0.14270901679992676,86,-0.399609375
0.1438450813293457,87,-0.193359375
0.14495587348937988,88,-0.02578125
0.1461648941040039,89,-0.09023437499999999
0.1475660800933838,90,-0.21914062499999998
0.14899706840515137,91,-0.141796875
0.15046310424804688,92,-0.7863281249999999
0.15199494361877441,93,-1.456640625
0.153486967086792,94,-0.167578125
0.1549210548400879,95,-0.322265625
0.15625405311584473,96,-0.24492187499999998
0.158552885055542,97,-0.20625
0.16046595573425293,98,-0.064453125
0.16190695762634277,99,-0.012890625
0.16352295875549316,100,-0.064453125
0.1654219627380371,101,-0.2578125
0.16713809967041016,102,-0.399609375
0.16843104362487793,103,-1.3792968749999999
0.1696009635925293,104,-0.21914062499999998
0.17072606086730957,105,-0.30937499999999996
0.17185091972351074,106,-0.2578125
0.17296910285949707,107,-0.038671874999999994
0.17418193817138672,108,-0.322265625
0.17529988288879395,109,-0.399609375
0.1764838695526123,110,-0.322265625
0.17787790298461914,111,-0.012890625
0.17933392524719238,112,-0.038671874999999994
0.1808300018310547,113,-0.18046874999999998
0.18235301971435547,114,-0.167578125
0.18387794494628906,115,-0.7476562499999999
0.18534302711486816,116,-1.533984375
0.1867070198059082,117,-0.30937499999999996
0.1890559196472168,118,-0.167578125
0.19089698791503906,119,-0.116015625
0.19233393669128418,120,-0.2578125
0.19391107559204102,121,-0.0515625
0.19582891464233398,122,-0.012890625
0.1974489688873291,123,-0.0515625
0.19872307777404785,124,-0.116015625
0.19987106323242188,125,-0.64453125
0.20099496841430664,126,-1.26328125
0.20211291313171387,127,-1.65
0.20328688621520996,128,-0.2578125
0.20443391799926758,129,-0.12890625
0.20554304122924805,130,-0.270703125
0.20673203468322754,131,-0.116015625
0.20812201499938965,132,-0.399609375
0.20956206321716309,133,-0.36093749999999997
0.21110010147094727,134,-0.0515625
0.2125699520111084,135,-0.02578125
0.2140059471130371,136,-0.103125
0.21546387672424316,137,-0.167578125
0.21683287620544434,138,-0.631640625
0.21917295455932617,139,-1.340625
0.22104406356811523,140,-0.502734375
0.22245192527770996,141,-0.23203125
0.22409892082214355,142,-0.116015625
0.22603392601013184,143,-0.37382812499999996
0.22763800621032715,144,-0.012890625
0.22890686988830566,145,-0.0515625
0.23007893562316895,146,-0.07734374999999999
0.2312150001525879,147,-0.20625
0.2323319911956787,148,-0.20625
0.2334599494934082,149,-0.8765624999999999
0.23456907272338867,150,-1.405078125
0.23567509651184082,151,-0.4125
0.2368450164794922,152,-0.18046874999999998
0.23823809623718262,153,-0.012890625
0.23966002464294434,154,-0.20625
0.2411038875579834,155,-0.28359375
0.24269890785217285,156,-0.30937499999999996
0.24423789978027344,157,-0.0515625
0.24573302268981934,158,-0.012890625
0.24721598625183105,159,-0.09023437499999999
0.24892187118530273,160,-0.167578125
0.2513720989227295,161,-0.515625
0.2529780864715576,162,-1.65
0.2544240951538086,163,-0.33515625
0.25612902641296387,164,-0.29648437499999997
0.2580258846282959,165,-0.09023437499999999
0.2594940662384033,166,-0.09023437499999999
0.2607109546661377,167,0.07734374999999999
0.26186108589172363,168,-0.012890625
0.26298093795776367,169,-0.064453125
0.26422905921936035,170,-0.270703125
0.2653501033782959,171,-0.12890625
0.26645398139953613,172,-0.708984375
0.26764893531799316,173,-1.2890625
0.26904797554016113,174,-1.65
0.2705039978027344,175,-0.18046874999999998
0.2719740867614746,176,-0.167578125
0.273529052734375,177,-0.103125
0.2749290466308594,178,-0.23203125
0.2763369083404541,179,-0.167578125
0.27805590629577637,180,-0.012890625
0.2805039882659912,181,-0.0515625
0.281994104385376,182,-0.167578125
0.2837190628051758,183,-0.54140625
0.2857179641723633,184,-1.2890625
0.28713393211364746,185,-0.20625
0.288316011428833,186,-0.141796875
0.28943300247192383,187,-0.167578125
0.29053497314453125,188,-0.02578125
0.2916378974914551,189,-0.37382812499999996
0.2927570343017578,190,-0.36093749999999997
0.2938880920410156,191,-0.09023437499999999
0.29498887062072754,192,-0.012890625
0.29607701301574707,193,-0.07734374999999999
0.2971658706665039,194,-0.193359375
0.2983729839324951,195,-0.2578125
0.2997438907623291,196,-0.4640625
0.3011770248413086,197,-1.173046875
0.3026740550994873,198,-1.16015625
0.3043060302734375,199,-0.2578125
0.3056950569152832,200,-0.2578125
0.30702900886535645,201,-0.116015625
0.3091559410095215,202,-0.399609375
0.31126904487609863,203,-0.21914062499999998
0.31269192695617676,204,-0.0515625
0.31453704833984375,205,-0.193359375
0.31633806228637695,206,-0.103125
0.31762099266052246,207,-0.9796874999999999
0.31877899169921875,208,-1.65
0.31989407539367676,209,-0.20625
0.32099294662475586,210,-0.29648437499999997
0.32209205627441406,211,-0.167578125
0.3232550621032715,212,-0.103125
0.32440805435180664,213,-0.270703125
0.32552003860473633,214,-0.33515625
0.32660889625549316,215,-0.270703125
0.32843494415283203,216,0.0
0.3297739028930664,217,-0.07734374999999999
0.33122706413269043,218,-0.2578125
0.33267998695373535,219,-0.064453125
0.3342580795288086,220,-0.863671875
0.33562302589416504,221,-1.65
0.3370389938354492,222,-0.2578125
0.33986997604370117,223,-0.103125
0.34178805351257324,224,-0.09023437499999999
0.3434460163116455,225,0.103125
0.34555792808532715,226,0.0
0.34716296195983887,227,-0.02578125
0.34841394424438477,228,-0.12890625
0.34957408905029297,229,-0.4640625
0.35068702697753906,230,-1.147265625
0.3517940044403076,231,-1.65
0.3528909683227539,232,-0.12890625
0.3540198802947998,233,-0.29648437499999997
0.35512399673461914,234,-0.23203125
0.3562169075012207,235,-0.116015625
0.35730910301208496,236,-0.29648437499999997
0.3584110736846924,237,-0.43828124999999996
0.3595900535583496,238,-0.37382812499999996
0.3609941005706787,239,-0.012890625
0.36242198944091797,240,-0.0515625
0.3640918731689453,241,-0.09023437499999999
0.3657209873199463,242,-0.18046874999999998
0.36721110343933105,243,-0.760546875
0.3687150478363037,244,-1.533984375
0.3708970546722412,245,-0.23203125
0.373013973236084,246,-0.103125
0.3745300769805908,247,-0.20625
0.3763868808746338,248,-0.141796875
0.378201961517334,249,-0.012890625
0.3794848918914795,250,-0.09023437499999999
0.3806600570678711,251,-0.18046874999999998
0.38179898262023926,252,-0.20625
0.38291001319885254,253,-0.6187499999999999
0.3840479850769043,254,-1.1859374999999999
0.38515496253967285,255,-1.65
0.386246919631958,256,-0.167578125
0.38733887672424316,257,-0.322265625
0.3884289264678955,258,-0.20625
0.389599084854126,259,-0.12890625
0.3909909725189209,260,-0.322265625
0.3924238681793213,261,-0.4125
0.3940410614013672,262,-0.15468749999999998
0.39551496505737305,263,-0.012890625
0.3968379497528076,264,-0.0515625
0.39816999435424805,265,-0.193359375
0.40050506591796875,266,-0.29648437499999997
0.40230607986450195,267,-1.21171875
0.4036979675292969,268,-0.167578125
0.4054830074310303,269,-0.064453125
0.4073209762573242,270,-0.12890625
0.4086740016937256,271,-0.33515625
0.4098379611968994,272,-0.15468749999999998
0.4109668731689453,273,0.0
0.4120769500732422,274,-0.02578125
0.41326403617858887,275,-0.103125
0.4143960475921631,276,-0.30937499999999996
0.4155089855194092,277,-0.09023437499999999
0.4166090488433838,278,-0.7734375
0.4176979064941406,279,-1.3664062499999998
0.4187910556793213,280,-1.4953124999999998
0.4199678897857666,281,-0.167578125
0.4213700294494629,282,-0.23203125
0.422760009765625,283,-0.2578125
0.42428088188171387,284,-0.12890625
0.42575907707214355,285,-0.23203125
0.4271719455718994,286,-0.02578125
0.4286079406738281,287,-0.02578125
0.43035888671875,288,-0.0515625
0.4327669143676758,289,-0.2578125
0.43436694145202637,290,-0.7863281249999999
0.4357719421386719,291,-1.65
0.43770503997802734,292,-0.20625
0.43946409225463867,293,-0.24492187499999998
0.44077110290527344,294,-0.07734374999999999
0.44193387031555176,295,-0.2578125
0.4430580139160156,296,-0.193359375
0.4442579746246338,297,0.0
0.4453740119934082,298,-0.02578125
0.4464719295501709,299,-0.064453125
0.44757604598999023,300,-0.30937499999999996
0.44867706298828125,301,-0.193359375
0.4497709274291992,302,-0.734765625
0.45094990730285645,303,-1.327734375
0.45235109329223633,304,-1.65
0.45389890670776367,305,-0.167578125
0.4554009437561035,306,-0.167578125
0.45684003829956055,307,-0.103125
0.4581260681152344,308,-0.36093749999999997
0.45946288108825684,309,-0.33515625
0.4616689682006836,310,-0.064453125
0.46373605728149414,311,-0.064453125
0.4651448726654053,312,-0.18046874999999998
0.46701693534851074,313,-0.4640625
0.46884608268737793,314,-1.2890625
0.47015810012817383,315,-0.20625
0.471343994140625,316,-0.12890625
0.4724619388580322,317,-0.193359375
0.47359204292297363,318,-0.12890625
0.4747040271759033,319,-0.43828124999999996
0.47582101821899414,320,-0.43828124999999996
0.47696590423583984,321,-0.23203125
0.47807788848876953,322,-0.012890625
0.47918200492858887,323,-0.141796875
0.48027801513671875,324,-0.193359375
0.4814488887786865,325,-0.2578125
0.48284006118774414,326,-0.36093749999999997
0.48430395126342773,327,-1.095703125
0.4858410358428955,328,-1.65
0.48737502098083496,329,-0.20625
0.4887549877166748,330,-0.21914062499999998
0.49018192291259766,331,-0.141796875
0.4924180507659912,332,-0.270703125
0.49445295333862305,333,-0.064453125
0.4958798885345459,334,-0.012890625
0.497391939163208,335,-0.15468749999999998
0.4993300437927246,336,-0.167578125
0.5009551048278809,337,-0.825
0.5022380352020264,338,-1.65
0.5034310817718506,339,-0.21914062499999998
0.5045669078826904,340,-0.103125
0.5056629180908203,341,-0.23203125
0.5067620277404785,342,-0.0515625
0.5078670978546143,343,-0.43828124999999996
0.5089690685272217,344,-0.4640625
0.5100688934326172,345,-0.29648437499999997
0.5111711025238037,346,-0.012890625
0.5123438835144043,347,-0.07734374999999999
0.513740062713623,348,-0.15468749999999998
0.5151839256286621,349,-0.29648437499999997
0.5167129039764404,350,-0.476953125
0.5182220935821533,351,-1.2503906249999999
0.5197019577026367,352,-0.15468749999999998
0.5212268829345703,353,-0.30937499999999996
0.5230669975280762,354,-0.322265625
0.5256218910217285,355,-0.064453125
0.527198076248169,356,0.29648437499999997
0.5286469459533691,357,-0.012890625
0.5305070877075195,358,-0.038671874999999994
0.5322749614715576,359,-0.20625
0.5336079597473145,360,-0.64453125
0.5347819328308105,361,-1.405078125
0.5359039306640625,362,-0.33515625
0.5370090007781982,363,-0.20625
0.5381031036376953,364,-0.12890625
0.5392000675201416,365,-0.141796875
0.5403048992156982,366,-0.116015625
0.5414021015167236,367,-0.4125
0.5425729751586914,368,-0.4125
0.5440630912780762,369,-0.20625
0.5454990863800049,370,-0.012890625
0.5469739437103271,371,-0.0515625
0.5485019683837891,372,-0.23203125
0.5499351024627686,373,-0.42539062499999997
0.5513660907745361,374,-1.21171875
0.5527780055999756,375,-0.515625
0.55507493019104,376,-0.33515625
0.55696702003479,377,-0.20625
0.558398962020874,378,-0.193359375
0.560093879699707,379,-0.12890625
0.5620400905609131,380,0.0
0.5634870529174805,381,-0.012890625
0.5646860599517822,382,-0.15468749999999998
0.5658390522003174,383,-0.21914062499999998
0.5669670104980469,384,-0.95390625
0.5680758953094482,385,-1.4953124999999998
0.5691750049591064,386,-0.15468749999999998
0.5702760219573975,387,-0.2578125
0.5713770389556885,388,-0.23203125
0.5725440979003906,389,-0.23203125
0.5740299224853516,390,-0.0515625
0.5754909515380859,391,-0.29648437499999997
0.5770089626312256,392,-0.12890625
0.5785179138183594,393,-0.012890625
0.5799660682678223,394,-0.07734374999999999
0.5815579891204834,395,-0.23203125
0.5832328796386719,396,-0.2578125
0.5857160091400146,397,-1.095703125
0.5873808860778809,398,-0.54140625
0.588737964630127,399,-0.2578125
0.5904829502105713,400,-0.064453125
0.5923800468444824,401,-0.193359375
0.5938289165496826,402,0.09023437499999999
0.5950169563293457,403,0.0
0.5961570739746094,404,-0.0515625
0.597282886505127,405,-0.270703125
0.5984358787536621,406,-0.20625
0.5995640754699707,407,-0.580078125
0.600675106048584,408,-1.224609375
0.6017708778381348,409,-1.65
0.6029598712921143,410,-0.20625
0.6044280529022217,411,-0.30937499999999996
0.6058530807495117,412,-0.322265625
0.6073870658874512,413,-0.103125
0.6089370250701904,414,-0.33515625
0.6103799343109131,415,-0.064453125
0.6119101047515869,416,-0.012890625
0.613893985748291,417,-0.02578125
0.6162319183349609,418,-0.24492187499999998
0.6177990436553955,419,-0.9152343749999999
0.6192998886108398,420,-1.65
0.621190071105957,421,-0.24492187499999998
0.6228959560394287,422,-0.2578125
0.6245589256286621,423,-0.09023437499999999
0.6261870861053467,424,-0.103125
0.6274619102478027,425,0.0515625
0.6286129951477051,426,-0.012890625
0.6297290325164795,427,-0.0515625
0.6308269500732422,428,-0.28359375
0.631911039352417,429,-0.193359375
0.6330840587615967,430,-0.7218749999999999
0.6346020698547363,431,-1.3019531249999998
0.6360349655151367,432,-0.476953125
0.6382579803466797,433,-0.2578125
0.6397030353546143,434,-0.167578125
0.6411440372467041,435,-0.33515625
0.642819881439209,436,-0.37382812499999996
0.645488977432251,437,-0.103125
0.6473250389099121,438,-0.02578125
0.6491100788116455,439,-0.12890625
0.6509568691253662,440,-0.708984375
0.6522579193115234,441,-1.65
0.6534469127655029,442,-0.20625
0.6546139717102051,443,-0.193359375
0.6557269096374512,444,-0.23203125
0.6568260192871094,445,-0.064453125
0.6579148769378662,446,-0.4125
0.6590709686279297,447,-0.43828124999999996
0.6605169773101807,448,-0.29648437499999997
0.6620309352874756,449,-0.012890625
0.6634900569915771,450,-0.0515625
0.6649038791656494,451,-0.193359375
0.666316032409668,452,-0.322265625
0.6677689552307129,453,-1.1214843749999999
0.6692841053009033,454,-1.65
0.670788049697876,455,-0.270703125
0.6722009181976318,456,-0.20625
0.6736500263214111,457,-0.103125
0.6750810146331787,458,-0.4125
0.6775190830230713,459,-0.270703125
0.6793279647827148,460,-0.012890625
0.6807379722595215,461,-0.12890625
0.6823940277099609,462,-0.07734374999999999
0.6844589710235596,463,-0.7218749999999999
0.6858789920806885,464,-1.65
0.6870479583740234,465,-0.2578125
0.6881639957427979,466,-0.20625
0.689255952835083,467,-0.21914062499999998
0.6903491020202637,468,-0.012890625
0.691443920135498,469,-0.37382812499999996
0.6925380229949951,470,-0.37382812499999996
0.6938560009002686,471,-0.193359375
0.6952469348907471,472,-0.012890625
0.6966750621795654,473,-0.02578125
0.698185920715332,474,-0.2578125
0.6996850967407227,475,-0.23203125
0.701124906539917,476,-1.095703125
0.7025408744812012,477,-1.6371093749999999
0.7044129371643066,478,-0.29648437499999997
0.706712007522583,479,-0.193359375
0.7082870006561279,480,-0.33515625
0.7096929550170898,481,-0.15468749999999998
0.7114810943603516,482,-0.012890625
0.7134249210357666,483,-0.07734374999999999
0.7147819995880127,484,-0.23203125
0.7159550189971924,485,-0.270703125
0.7170898914337158,486,-1.00546875
0.7181999683380127,487,-1.5984375
0.7192940711975098,488,-0.167578125
0.7203829288482666,489,-0.28359375
0.7214648723602295,490,-0.15468749999999998
0.7225489616394043,491,-0.21914062499999998
0.7238559722900391,492,-0.064453125
0.7252659797668457,493,-0.322265625
0.7266750335693359,494,-0.23203125
0.7281348705291748,495,0.0
0.7296140193939209,496,-0.064453125
0.7310259342193604,497,-0.193359375
0.732490062713623,498,-0.103125
0.7341539859771729,499,-0.837890625
0.7366840839385986,500,-1.65
0.7383699417114258,501,-0.37382812499999996
0.7397069931030273,502,-0.167578125
0.7414219379425049,503,-0.33515625
0.7434489727020264,504,-0.322265625
0.7448530197143555,505,-0.012890625
0.7460460662841797,506,-0.103125
0.7471780776977539,507,-0.21914062499999998
0.748305082321167,508,-0.18046874999999998
0.749424934387207,509,-0.5285156249999999
0.7505309581756592,510,-1.147265625
0.7516300678253174,511,-1.65
0.7527198791503906,512,-0.167578125
0.7539029121398926,513,-0.29648437499999997
0.7552869319915771,514,-0.2578125
0.7567179203033447,515,-0.116015625
0.7581839561462402,516,-0.23203125
0.7597150802612305,517,-0.20625
0.7611360549926758,518,-0.02578125
0.7625908851623535,519,-0.0515625
0.7639989852905273,520,-0.167578125
0.7663528919219971,521,-0.141796875
0.768265962600708,522,-0.8765624999999999
0.7696840763092041,523,-0.193359375
0.7713580131530762,524,-0.2578125
0.7733180522918701,525,-0.30937499999999996
0.7747719287872314,526,-0.36093749999999997
0.7759630680084229,527,-0.167578125
0.7772359848022461,528,-0.0515625
0.7784268856048584,529,-0.02578125
0.7795639038085938,530,-0.02578125
0.7807390689849854,531,-0.2578125
0.7819859981536865,532,-0.18046874999999998
0.7876040935516357,533,-0.6703125
0.7894799709320068,534,-1.327734375
0.791316032409668,535,-0.103125
0.7935459613800049,536,-0.103125
0.7964580059051514,537,-0.012890625
0.7982668876647949,538,-0.116015625
0.8005290031433105,539,-0.193359375
0.8024039268493652,540,-1.198828125
0.8039391040802002,541,-0.20625
0.8053019046783447,542,-0.193359375
0.8065710067749023,543,-0.15468749999999998
0.8078329563140869,544,-0.322265625
0.8090689182281494,545,-0.36093749999999997
0.810452938079834,546,-0.167578125
0.8116860389709473,547,-0.0515625
0.8129370212554932,548,-0.0515625
0.8189558982849121,549,-0.193359375
0.8210840225219727,550,-0.12890625
0.8230280876159668,551,-0.12890625
0.8261370658874512,552,-0.09023437499999999
0.828253984451294,553,0.07734374999999999
0.8303079605102539,554,-0.0515625
0.8325870037078857,555,-0.064453125
0.8341009616851807,556,-0.580078125
0.8354799747467041,557,-1.41796875
0.8367900848388672,558,-1.340625
0.8380570411682129,559,-0.42539062499999997
0.8393120765686035,560,-0.07734374999999999
0.84055495262146,561,-0.116015625
0.8417830467224121,562,-0.322265625
0.8430099487304688,563,-0.30937499999999996
0.8498508930206299,564,-0.012890625
0.8521299362182617,565,-0.0515625
0.8543009757995605,566,-0.837890625
0.8570230007171631,567,-0.167578125
0.8591399192810059,568,-0.24492187499999998
0.8616678714752197,569,0.24492187499999998
0.8638889789581299,570,-0.012890625
0.8653819561004639,571,-0.193359375
0.8666958808898926,572,-0.605859375
0.8680219650268555,573,-1.2890625
0.8693430423736572,574,-0.64453125
0.8705980777740479,575,-0.167578125
0.8718318939208984,576,-0.20625
0.8730530738830566,577,-0.116015625
0.8834059238433838,578,-0.322265625
0.8858449459075928,579,-0.36093749999999997
0.8880579471588135,580,-0.631640625
0.8895270824432373,581,-0.2578125
0.8912229537963867,582,-0.23203125
0.8933300971984863,583,-0.2578125
0.8947389125823975,584,0.0
0.8959159851074219,585,-0.116015625
0.8970460891723633,586,-0.18046874999999998
0.8981618881225586,587,-0.23203125
0.8992609977722168,588,-0.4125
0.9003660678863525,589,-1.069921875
0.9014708995819092,590,-1.611328125
0.9025619029998779,591,-0.167578125
0.9037520885467529,592,-0.29648437499999997
0.9049201011657715,593,-0.20625
0.9061548709869385,594,-0.15468749999999998
0.9076189994812012,595,-0.24492187499999998
0.9090800285339355,596,-0.30937499999999996
0.9106490612030029,597,-0.064453125
0.9120819568634033,598,-0.02578125
0.913398027420044,599,-0.0515625
0.9148640632629395,600,-0.20625
0.9169940948486328,601,-0.322265625
0.9191091060638428,602,-1.16015625
0.9205548763275146,603,-0.103125
0.9220790863037109,604,-0.20625
0.9240849018096924,605,-0.103125
0.9256420135498047,606,-0.322265625
0.9268898963928223,607,0.012890625
0.9280340671539307,608,-0.012890625
0.929142951965332,609,-0.116015625
0.9302449226379395,610,-0.21914062499999998
0.9313468933105469,611,-0.2578125
0.9324469566345215,612,-0.33515625
0.9335498809814453,613,-1.018359375
0.9346489906311035,614,-1.5597656249999998
0.935736894607544,615,-0.15468749999999998
0.9369158744812012,616,-0.23203125
0.9382870197296143,617,-0.15468749999999998
0.9396839141845703,618,-0.20625
0.941195011138916,619,-0.30937499999999996
0.9427139759063721,620,-0.29648437499999997
0.9441440105438232,621,-0.0515625
0.9455509185791016,622,-0.012890625
0.9471678733825684,623,-0.103125
0.9496579170227051,624,-0.270703125
0.9512560367584229,625,-0.9410156249999999
0.952646017074585,626,-1.611328125
0.9544310569763184,627,-0.2578125
0.9562489986419678,628,-0.21914062499999998
0.9575960636138916,629,-0.18046874999999998
0.9587700366973877,630,-0.20625
0.9599020481109619,631,-0.103125
0.9609990119934082,632,0.0
0.962087869644165,633,-0.0515625
0.9632411003112793,634,-0.064453125
0.9643819332122803,635,-0.30937499999999996
0.9654970169067383,636,-0.167578125
0.966594934463501,637,-0.8121093749999999
0.9677629470825195,638,-1.3921875
0.9691379070281982,639,-0.605859375
0.9705688953399658,640,-0.21914062499999998
0.9720830917358398,641,-0.23203125
0.9735710620880127,642,-0.167578125
0.9749510288238525,643,-0.4125
0.976341962814331,644,-0.29648437499999997
0.9779219627380371,645,0.0
0.9803729057312012,646,-0.02578125
0.9819939136505127,647,-0.116015625
0.983443021774292,648,-0.5671875
0.9852769374847412,649,-1.26328125
0.9871439933776855,650,-0.4640625
