time,count,voltage
0.004350185394287109,1,0.21914062499999998
0.005990028381347656,2,0.0
0.0074121952056884766,3,-0.064453125
0.00864100456237793,4,-0.54140625
0.009791135787963867,5,-0.734765625
0.010935068130493164,6,-1.482421875
0.012072086334228516,7,0.0
0.013184070587158203,8,-0.103125
0.014311075210571289,9,-0.2578125
0.015432119369506836,10,-0.36093749999999997
0.01654815673828125,11,-0.7218749999999999
0.01781916618347168,12,-0.02578125
0.019332170486450195,13,-0.15468749999999998
0.020914077758789062,14,0.07734374999999999
0.022378206253051758,15,-0.012890625
0.023789167404174805,16,-0.064453125
0.025081157684326172,17,-0.476953125
0.026253223419189453,18,-0.64453125
0.02739119529724121,19,-1.3664062499999998
0.028524160385131836,20,-0.28359375
0.02972722053527832,21,-0.02578125
0.030889034271240234,22,-0.09023437499999999
0.03201603889465332,23,-0.21914062499999998
0.033300161361694336,24,-0.631640625
0.034786224365234375,25,-0.0515625
0.0363011360168457,26,-0.02578125
0.03788900375366211,27,-0.012890625
0.03937101364135742,28,-0.012890625
0.040952205657958984,29,-0.09023437499999999
0.04245400428771973,30,-0.4640625
0.044912099838256836,31,-0.992578125
0.046543121337890625,32,0.0
0.048029184341430664,33,-0.21914062499999998
0.05003619194030762,34,-0.270703125
0.051774024963378906,35,-0.193359375
0.053191184997558594,36,0.09023437499999999
0.05443310737609863,37,-0.012890625
0.055599212646484375,38,-0.012890625
0.056735992431640625,39,-0.07734374999999999
0.05786299705505371,40,-0.43828124999999996
0.05897712707519531,41,-0.69609375
0.06017303466796875,42,-1.1214843749999999
0.06129813194274902,43,-1.65
0.06250309944152832,44,-0.012890625
0.0639040470123291,45,-0.15468749999999998
0.06512618064880371,46,-0.348046875
0.06631112098693848,47,-0.515625
0.06750202178955078,48,-0.24492187499999998
0.06864714622497559,49,-0.30937499999999996
0.06979918479919434,50,-0.12890625
0.07095503807067871,51,0.0
0.07209515571594238,52,-0.012890625
0.0732121467590332,53,-0.15468749999999998
0.07433819770812988,54,-0.43828124999999996
0.07546210289001465,55,-0.6832031249999999
0.07657217979431152,56,-0.992578125
0.07767915725708008,57,-1.611328125
0.07878708839416504,58,-0.012890625
0.07991409301757812,59,0.0
0.08111715316772461,60,-0.2578125
0.0823662281036377,61,-0.502734375
0.08379316329956055,62,-0.7863281249999999
0.08522510528564453,63,-0.21914062499999998
0.08684420585632324,64,-0.09023437499999999
0.08832311630249023,65,-0.012890625
0.08980417251586914,66,-0.0515625
0.0912330150604248,67,-0.36093749999999997
0.09370303153991699,68,-0.6703125
0.09533405303955078,69,-1.585546875
0.09684205055236816,70,0.0
0.09889507293701172,71,-0.20625
0.10047507286071777,72,-0.48984374999999997
0.10172414779663086,73,-0.15468749999999998
0.10299420356750488,74,-0.02578125
0.10415220260620117,75,0.0
0.1052701473236084,76,0.0
0.10637617111206055,77,-0.064453125
0.1074991226196289,78,-0.322265625
0.108612060546875,79,-0.605859375
0.10974001884460449,80,-0.837890625
0.11086821556091309,81,-1.52109375
0.11207008361816406,82,-0.09023437499999999
0.11349201202392578,83,-0.12890625
0.1149601936340332,84,-0.30937499999999996
0.11646413803100586,85,-0.4125
0.11807799339294434,86,-0.141796875
0.11966204643249512,87,-0.064453125
0.12117600440979004,88,0.0
0.12304019927978516,89,-0.012890625
0.125352144241333,90,-0.0515625
0.12680816650390625,91,-0.476953125
0.12850713729858398,92,-1.5082031249999999
0.13056302070617676,93,0.0
0.13196802139282227,94,-0.23203125
0.1331632137298584,95,-0.54140625
0.13434100151062012,96,-0.103125
0.13548517227172852,97,-0.193359375
0.13663506507873535,98,-0.064453125
0.13775205612182617,99,0.012890625
0.1388711929321289,100,-0.02578125
0.14007210731506348,101,-0.07734374999999999
0.14121103286743164,102,-0.43828124999999996
0.14244318008422852,103,-0.631640625
0.14383602142333984,104,-1.147265625
0.1453092098236084,105,-1.65
0.14685702323913574,106,-0.0515625
0.14841008186340332,107,-0.37382812499999996
0.14979815483093262,108,-0.6187499999999999
0.15136003494262695,109,-0.064453125
0.1533041000366211,110,0.0
0.1554710865020752,111,0.012890625
0.15700507164001465,112,-0.09023437499999999
0.15846514701843262,113,-0.4640625
0.1604480743408203,114,-0.502734375
0.16221904754638672,115,-1.5984375
0.16353416442871094,116,-0.02578125
0.16471409797668457,117,-0.20625
0.165863037109375,118,-0.4640625
0.16702008247375488,119,-0.4125
0.1681501865386963,120,-0.193359375
0.1693251132965088,121,-0.2578125
0.17059707641601562,122,-0.012890625
0.1717531681060791,123,-0.02578125
0.1729581356048584,124,-0.0515625
0.17437410354614258,125,-0.322265625
0.17586112022399902,126,-0.605859375
0.17737507820129395,127,-1.095703125
0.17895913124084473,128,-1.65
0.18052911758422852,129,-0.20625
0.18200016021728516,130,-0.167578125
0.18413710594177246,131,-0.6187499999999999
0.1863250732421875,132,-0.322265625
0.1877610683441162,133,0.0
0.18984007835388184,134,-0.02578125
0.19171714782714844,135,-0.141796875
0.19298219680786133,136,-0.4640625
0.19412517547607422,137,-1.3019531249999998
0.19527411460876465,138,-0.15468749999999998
0.196397066116333,139,-0.02578125
0.1975100040435791,140,-0.2578125
0.19863104820251465,141,-0.24492187499999998
0.19976806640625,142,-0.5929687499999999
0.20090413093566895,143,-0.0515625
0.2020101547241211,144,-0.322265625
0.20319318771362305,145,-0.193359375
0.20458507537841797,146,0.0
0.20603418350219727,147,-0.012890625
0.2075810432434082,148,-0.103125
0.20906901359558105,149,-0.48984374999999997
0.2113502025604248,150,-0.95390625
0.21333813667297363,151,-0.012890625
0.21617817878723145,152,-0.21914062499999998
0.217879056930542,153,-0.476953125
0.22060322761535645,154,-0.4125
0.22235107421875,155,-0.012890625
0.2237250804901123,156,-0.09023437499999999
0.2250220775604248,157,-0.43828124999999996
0.22627615928649902,158,-0.5285156249999999
0.22752714157104492,159,-1.3019531249999998
0.2287731170654297,160,-0.167578125
0.2300422191619873,161,-0.02578125
0.23129820823669434,162,-0.20625
0.23737502098083496,163,-0.37382812499999996
0.2394700050354004,164,-0.4125
0.24147319793701172,165,-0.103125
0.24388813972473145,166,-0.515625
0.24623799324035645,167,-1.2890625
0.24816107749938965,168,-0.116015625
0.2504391670227051,169,-0.28359375
0.25217604637145996,170,-0.270703125
0.25348520278930664,171,0.18046874999999998
0.25477099418640137,172,0.012890625
0.25601911544799805,173,-0.012890625
0.2572460174560547,174,-0.18046874999999998
0.2585620880126953,175,-0.54140625
0.25988006591796875,176,-0.708984375
0.2611582279205322,177,-1.4953124999999998
0.26685404777526855,178,0.0
0.2692720890045166,179,-0.21914062499999998
0.27143001556396484,180,0.2578125
0.27381300926208496,181,-0.012890625
0.27620911598205566,182,-0.270703125
0.2780730724334717,183,-0.95390625
0.28047609329223633,184,0.0
0.2821052074432373,185,-0.2578125
0.28345608711242676,186,-0.580078125
0.2847321033477783,187,-0.29648437499999997
0.28615808486938477,188,-0.15468749999999998
0.28748416900634766,189,0.0
0.288729190826416,190,0.0
0.28998708724975586,191,-0.103125
0.2912311553955078,192,-0.399609375
0.29663920402526855,193,-0.631640625
0.2985501289367676,194,-1.147265625
0.30034613609313965,195,-0.48984374999999997
0.3017911911010742,196,-0.348046875
0.3037600517272949,197,-0.09023437499999999
0.3060641288757324,198,0.012890625
0.30750107765197754,199,-0.12890625
0.3108360767364502,200,-0.42539062499999997
0.3125309944152832,201,-1.5984375
0.3138880729675293,202,-0.20625
0.31517815589904785,203,-0.2578125
0.3164482116699219,204,-0.605859375
0.3176910877227783,205,-0.0515625
0.3189420700073242,206,-0.15468749999999998
0.32044506072998047,207,-0.103125
0.3217141628265381,208,0.012890625
0.32775402069091797,209,-0.09023437499999999
0.32989501953125,210,-0.270703125
0.331895112991333,211,-0.2578125
0.33454322814941406,212,-0.4125
0.33677101135253906,213,-0.54140625
0.33867812156677246,214,0.012890625
0.3409910202026367,215,-0.02578125
0.3425581455230713,216,-0.33515625
0.3438711166381836,217,-0.928125
