time,count,voltage
0.0054819583892822266,1,-0.12890625
0.0070149898529052734,2,0.15468749999999998
0.008418083190917969,3,0.0
0.009778022766113281,4,-0.064453125
0.011179924011230469,5,-0.37382812499999996
0.012748956680297852,6,-0.54140625
0.014497041702270508,7,-1.3664062499999998
0.016203880310058594,8,0.0
0.01796102523803711,9,-0.21914062499999998
0.019546031951904297,10,-0.322265625
0.02122211456298828,11,-0.322265625
0.02274489402770996,12,-0.103125
0.024139881134033203,13,0.0
0.025480985641479492,14,-0.012890625
0.026829957962036133,15,-0.23203125
0.028369903564453125,16,-0.37382812499999996
0.03004908561706543,17,-0.8507812499999999
0.031796932220458984,18,-1.65
0.03348803520202637,19,-0.0515625
0.03532290458679199,20,-0.20625
0.03709006309509277,21,-0.20625
0.03873395919799805,22,-0.270703125
0.040374040603637695,23,0.0515625
0.04195904731750488,24,-0.012890625
0.04357790946960449,25,-0.064453125
0.046061038970947266,26,-0.348046875
0.04852104187011719,27,-1.0570312499999999
0.05023002624511719,28,-0.02578125
0.05190706253051758,29,-0.20625
0.0541079044342041,30,-0.167578125
0.056405067443847656,31,-0.18046874999999998
0.05809807777404785,32,0.0
0.05952811241149902,33,-0.02578125
0.06094002723693848,34,-0.322265625
0.0623779296875,35,-0.54140625
0.06378006935119629,36,-1.276171875
0.06515693664550781,37,-0.23203125
0.06650900840759277,38,-0.103125
0.06784701347351074,39,-0.167578125
0.06919693946838379,40,-0.20625
0.07053995132446289,41,-0.37382812499999996
0.07189011573791504,42,-0.36093749999999997
0.07324504852294922,43,-0.09023437499999999
0.0745849609375,44,-0.012890625
0.07590889930725098,45,-0.064453125
0.07724809646606445,46,-0.37382812499999996
0.07860398292541504,47,-0.42539062499999997
0.07995009422302246,48,-1.095703125
0.08129191398620605,49,-1.65
0.08264589309692383,50,-0.0515625
0.08409810066223145,51,-0.193359375
0.08540511131286621,52,-0.4640625
0.08683204650878906,53,-0.167578125
0.08832311630249023,54,-0.322265625
0.0898289680480957,55,-0.064453125
0.09144091606140137,56,-0.012890625
0.09293198585510254,57,-0.0515625
0.09443497657775879,58,-0.43828124999999996
0.0958549976348877,59,-0.6187499999999999
0.09834909439086914,60,-1.405078125
0.09998607635498047,61,-0.012890625
0.10134196281433105,62,-0.15468749999999998
0.10291695594787598,63,-0.33515625
0.10488605499267578,64,-0.30937499999999996
0.10663199424743652,65,0.012890625
0.10795211791992188,66,-0.012890625
0.10912799835205078,67,-0.0515625
0.11027097702026367,68,-0.4125
0.11139392852783203,69,-0.5285156249999999
0.11253595352172852,70,-0.992578125
0.11367392539978027,71,-1.546875
0.11487507820129395,72,-0.24492187499999998
0.1163029670715332,73,-0.103125
0.11777591705322266,74,-0.167578125
0.11922693252563477,75,-0.4125
0.12081408500671387,76,-0.37382812499999996
0.12240290641784668,77,-0.23203125
0.12393689155578613,78,0.0
0.12533307075500488,79,-0.02578125
0.12758898735046387,80,-0.18046874999999998
0.1295468807220459,81,-0.502734375
0.13100790977478027,82,-1.456640625
0.13262200355529785,83,-0.012890625
0.1345839500427246,84,-0.18046874999999998
0.1362590789794922,85,-0.37382812499999996
0.13755202293395996,86,-0.21914062499999998
0.13871502876281738,87,-0.193359375
0.139909029006958,88,-0.012890625
0.14111900329589844,89,-0.012890625
0.14225006103515625,90,-0.07734374999999999
0.14346003532409668,91,-0.322265625
0.14458703994750977,92,-0.515625
0.14577889442443848,93,-0.9410156249999999
0.14721298217773438,94,-1.4953124999999998
0.1486959457397461,95,-0.23203125
0.1502089500427246,96,0.0
0.15175509452819824,97,-0.2578125
0.15323805809020996,98,-0.167578125
0.15462708473205566,99,-0.399609375
0.15650701522827148,100,-0.20625
0.1587200164794922,101,0.012890625
0.16016697883605957,102,-0.193359375
0.16184592247009277,103,-0.4125
0.1638169288635254,104,-0.95390625
0.16529607772827148,105,-0.2578125
0.16652297973632812,106,-0.0515625
0.1676769256591797,107,-0.20625
0.16879796981811523,108,-0.322265625
0.16990995407104492,109,-0.20625
0.1710209846496582,110,-0.322265625
0.17214393615722656,111,-0.270703125
0.17334198951721191,112,0.0
0.17446589469909668,113,0.0
0.1755681037902832,114,-0.07734374999999999
0.17676401138305664,115,-0.37382812499999996
0.17818498611450195,116,-0.5285156249999999
0.179671049118042,117,-0.992578125
0.18118596076965332,118,-1.65
0.18277788162231445,119,0.0
0.18422293663024902,120,-0.2578125
0.1856091022491455,121,-0.580078125
0.18744707107543945,122,-0.103125
0.18972301483154297,123,-0.20625
0.1911790370941162,124,0.012890625
0.19278407096862793,125,-0.0515625
0.19472193717956543,126,-0.4125
0.1963179111480713,127,-0.6832031249999999
0.1976020336151123,128,-1.6242187499999998
0.19876503944396973,129,-0.0515625
0.19988608360290527,130,-0.012890625
0.20099806785583496,131,-0.20625
0.2021040916442871,132,-0.476953125
0.20324397087097168,133,-0.193359375
0.20436906814575195,134,-0.37382812499999996
0.20548605918884277,135,-0.2578125
0.2066938877105713,136,-0.012890625
0.2080690860748291,137,-0.02578125
0.20949792861938477,138,-0.0515625
0.21100807189941406,139,-0.43828124999999996
0.21268510818481445,140,-0.631640625
0.21419405937194824,141,-1.4437499999999999
0.21567296981811523,142,0.0
0.21707510948181152,143,-0.193359375
0.2195429801940918,144,-0.29648437499999997
0.2213730812072754,145,-0.270703125
0.22278809547424316,146,0.116015625
0.22437000274658203,147,0.0
0.22626900672912598,148,-0.064453125
0.2278308868408203,149,-0.33515625
0.22908997535705566,150,-0.6703125
0.23024988174438477,151,-1.3664062499999998
0.2313840389251709,152,-0.141796875
0.23252010345458984,153,-0.09023437499999999
0.23364901542663574,154,-0.193359375
0.2347559928894043,155,-0.29648437499999997
0.2358710765838623,156,-0.2578125
0.23705410957336426,157,-0.29648437499999997
0.23848295211791992,158,-0.36093749999999997
0.23995304107666016,159,-0.09023437499999999
0.24137496948242188,160,-0.012890625
0.24294590950012207,161,-0.064453125
0.24448394775390625,162,-0.399609375
0.24595999717712402,163,-0.631640625
0.24738502502441406,164,-1.4308593749999998
0.2498769760131836,165,0.0
0.25145506858825684,166,-0.20625
0.252824068069458,167,-0.193359375
0.25466108322143555,168,-0.270703125
0.2565629482269287,169,-0.0515625
0.25792908668518066,170,0.0
0.259105920791626,171,-0.07734374999999999
0.260267972946167,172,-0.37382812499999996
0.26140904426574707,173,-0.4125
0.26256799697875977,174,-0.928125
0.2636890411376953,175,-1.533984375
0.26479196548461914,176,-0.02578125
0.26589393615722656,177,-0.038671874999999994
0.2670919895172119,178,-0.20625
0.26850295066833496,179,-0.4125
0.269960880279541,180,-0.116015625
0.27146100997924805,181,-0.33515625
0.27310609817504883,182,-0.103125
0.27448606491088867,183,0.0
0.275831937789917,184,-0.038671874999999994
0.27727293968200684,185,-0.36093749999999997
0.2797260284423828,186,-0.4125
0.28142499923706055,187,-1.405078125
0.28284788131713867,188,-0.103125
0.2846078872680664,189,-0.103125
0.2865779399871826,190,-0.4125
0.2881040573120117,191,-0.12890625
0.28931093215942383,192,0.15468749999999998
0.2904660701751709,193,0.012890625
0.2915990352630615,194,-0.02578125
0.2927238941192627,195,-0.064453125
0.2938530445098877,196,-0.43828124999999996
0.2949810028076172,197,-0.4125
0.2960820198059082,198,-1.03125
0.29726290702819824,199,-1.611328125
0.2986578941345215,200,0.0
0.3001070022583008,201,-0.0515625
0.3016180992126465,202,-0.167578125
0.30327796936035156,203,-0.20625
0.30469799041748047,204,-0.4125
0.30608201026916504,205,-0.15468749999999998
0.3078138828277588,206,0.0
0.31011104583740234,207,-0.0515625
0.3115830421447754,208,-0.270703125
0.31325507164001465,209,-0.8765624999999999
0.3152480125427246,210,-1.6242187499999998
0.31687402725219727,211,-0.12890625
0.31813907623291016,212,-0.21914062499999998
0.31930994987487793,213,-0.15468749999999998
0.32046008110046387,214,-0.30937499999999996
0.3215830326080322,215,-0.33515625
0.32274889945983887,216,-0.167578125
0.3238699436187744,217,0.0
0.3249781131744385,218,-0.02578125
0.3265869617462158,219,-0.116015625
0.3278388977050781,220,-0.322265625
0.32926201820373535,221,-0.7218749999999999
0.3307321071624756,222,-1.456640625
0.33228206634521484,223,0.0
0.33391594886779785,224,-0.20625
0.33540892601013184,225,-0.348046875
0.33687591552734375,226,-0.167578125
0.3382749557495117,227,-0.2578125
0.3397350311279297,228,-0.012890625
0.34125208854675293,229,0.0
0.3431060314178467,230,-0.0515625
0.3454709053039551,231,-0.33515625
0.34737300872802734,232,-0.79921875
0.34878993034362793,233,0.0
0.3503448963165283,234,-0.167578125
0.3522830009460449,235,-0.270703125
0.35408592224121094,236,-0.12890625
0.3555469512939453,237,0.02578125
0.3568410873413086,238,0.012890625
0.3582611083984375,239,-0.012890625
0.35968708992004395,240,-0.0515625
0.3610849380493164,241,-0.399609375
0.3626248836517334,242,-0.580078125
0.3641059398651123,243,-1.41796875
0.3656930923461914,244,0.0
0.367142915725708,245,-0.193359375
0.3685770034790039,246,-0.29648437499999997
0.3701798915863037,247,-0.103125
0.3727569580078125,248,-0.36093749999999997
0.3743560314178467,249,0.0
0.37567710876464844,250,-0.02578125
0.37748003005981445,251,-0.30937499999999996
0.37943410873413086,252,-0.33515625
0.38094401359558105,253,-1.353515625
0.3821849822998047,254,0.0
0.3834550380706787,255,-0.23203125
0.3846108913421631,256,-0.2578125
0.3857290744781494,257,-0.167578125
0.3868429660797119,258,-0.36093749999999997
0.3879690170288086,259,-0.43828124999999996
0.38910603523254395,260,-0.270703125
0.39032793045043945,261,0.0
0.3917109966278076,262,-0.02578125
0.39319801330566406,263,-0.09023437499999999
0.3947129249572754,264,-0.37382812499999996
0.39630794525146484,265,-0.7734375
0.3978109359741211,266,-1.5597656249999998
0.3993558883666992,267,-0.012890625
0.4007248878479004,268,-0.2578125
0.40296101570129395,269,-0.29648437499999997
0.40536999702453613,270,-0.322265625
0.40692710876464844,271,0.348046875
0.40837907791137695,272,-0.012890625
0.4102909564971924,273,-0.09023437499999999
0.41202807426452637,274,-0.322265625
0.4134330749511719,275,-1.0570312499999999
0.4146270751953125,276,-0.4640625
0.4157729148864746,277,-0.07734374999999999
0.41691088676452637,278,-0.15468749999999998
0.4180300235748291,279,-0.33515625
0.4191470146179199,280,-0.167578125
0.42034292221069336,281,-0.30937499999999996
0.42175793647766113,282,-0.33515625
0.42325901985168457,283,-0.0515625
0.42471909523010254,284,0.0
0.426239013671875,285,-0.038671874999999994
0.42770910263061523,286,-0.37382812499999996
0.42925095558166504,287,-0.54140625
0.43064308166503906,288,-1.3921875
0.4328761100769043,289,0.0
0.4349520206451416,290,-0.20625
0.4364299774169922,291,-0.09023437499999999
0.4379570484161377,292,-0.399609375
0.4399089813232422,293,-0.167578125
0.4415700435638428,294,-0.012890625
0.4429349899291992,295,-0.0515625
0.4441380500793457,296,-0.399609375
0.4452788829803467,297,-0.5285156249999999
0.4464139938354492,298,-1.224609375
0.44759202003479004,299,-1.65
0.4487459659576416,300,0.0
0.4498629570007324,301,-0.167578125
0.45105695724487305,302,-0.15468749999999998
0.45251989364624023,303,-0.2578125
0.4539968967437744,304,-0.36093749999999997
0.45558905601501465,305,-0.21914062499999998
0.45710206031799316,306,0.012890625
0.4584469795227051,307,-0.02578125
0.4598269462585449,308,-0.116015625
0.46197509765625,309,-0.4125
0.4641098976135254,310,-0.837890625
0.46556901931762695,311,-0.0515625
0.4671180248260498,312,-0.2578125
0.4690730571746826,313,-0.24492187499999998
0.47078990936279297,314,-0.02578125
0.4721379280090332,315,0.064453125
0.47341203689575195,316,0.012890625
0.47455811500549316,317,0.012890625
0.47568202018737793,318,-0.0515625
0.47681093215942383,319,-0.33515625
0.4779350757598877,320,-0.4125
0.4790499210357666,321,-0.889453125
0.48015904426574707,322,-1.46953125
0.4813530445098877,323,-0.12890625
0.4827539920806885,324,-0.064453125
0.4842069149017334,325,-0.167578125
0.48568010330200195,326,-0.29648437499999997
0.48722100257873535,327,-0.270703125
0.488677978515625,328,-0.193359375
0.49011802673339844,329,-0.012890625
0.4914860725402832,330,0.0
0.4939429759979248,331,-0.02578125
0.4959220886230469,332,-0.2578125
0.49738597869873047,333,-1.26328125
0.4989349842071533,334,0.0
0.5008881092071533,335,-0.064453125
0.5026259422302246,336,-0.30937499999999996
0.503931999206543,337,-0.33515625
0.5050990581512451,338,-0.21914062499999998
0.5062530040740967,339,-0.012890625
0.507378101348877,340,-0.012890625
0.5084989070892334,341,-0.012890625
0.5096170902252197,342,-0.20625
0.5107309818267822,343,-0.4125
0.51192307472229,344,-0.54140625
0.5133368968963623,345,-1.2503906249999999
0.5148320198059082,346,-0.90234375
0.5163559913635254,347,0.0
0.5179119110107422,348,-0.07734374999999999
0.5193159580230713,349,-0.2578125
0.5206730365753174,350,-0.2578125
0.5224440097808838,351,-0.193359375
0.5247800350189209,352,0.0
0.5263180732727051,353,-0.02578125
0.527695894241333,354,-0.33515625
0.5294859409332275,355,-0.554296875
0.5314209461212158,356,-1.4437499999999999
0.5328130722045898,357,0.0
0.5340070724487305,358,-0.0515625
0.5351428985595703,359,-0.43828124999999996
0.5362639427185059,360,-0.103125
0.537369966506958,361,-0.4125
0.5384678840637207,362,-0.322265625
0.5396020412445068,363,-0.012890625
0.5407180786132812,364,-0.012890625
0.5418930053710938,365,-0.038671874999999994
0.5432939529418945,366,-0.193359375
0.5447659492492676,367,-0.43828124999999996
0.5462400913238525,368,-0.90234375
0.5478150844573975,369,-1.65
0.5492639541625977,370,-0.012890625
0.5506820678710938,371,0.0
0.5521910190582275,372,-0.29648437499999997
0.5549030303955078,373,-0.193359375
0.5565319061279297,374,0.36093749999999997
0.5581200122833252,375,-0.012890625
0.560157060623169,376,-0.02578125
0.561614990234375,377,-0.29648437499999997
0.5628979206085205,378,-0.928125
0.5640699863433838,379,-1.6242187499999998
0.5652179718017578,380,0.0
0.5663330554962158,381,-0.167578125
0.567439079284668,382,-0.167578125
0.5685350894927979,383,-0.28359375
0.5696310997009277,384,-0.20625
0.5707199573516846,385,-0.42539062499999997
0.5719408988952637,386,-0.36093749999999997
0.5733449459075928,387,0.0
0.5747759342193604,388,-0.012890625
0.5762341022491455,389,-0.0515625
0.5778369903564453,390,-0.33515625
0.5792829990386963,391,-0.6574218749999999
0.5807490348815918,392,-1.456640625
0.5823929309844971,393,0.012890625
0.5849130153656006,394,-0.103125
0.586616039276123,395,-0.193359375
0.5880839824676514,396,-0.322265625
0.5901188850402832,397,-0.07734374999999999
0.5918610095977783,398,0.0
0.5932159423828125,399,-0.15468749999999998
0.5943660736083984,400,-0.322265625
0.5955219268798828,401,-0.734765625
0.5966360569000244,402,-1.3792968749999999
0.5977449417114258,403,-0.15468749999999998
0.5988419055938721,404,0.0
0.5999219417572021,405,-0.21914062499999998
0.6010138988494873,406,-0.23203125
0.6021840572357178,407,-0.270703125
0.6037359237670898,408,-0.29648437499999997
0.6052858829498291,409,-0.21914062499999998
0.6068730354309082,410,0.0
0.6083920001983643,411,0.0
0.6098620891571045,412,-0.12890625
0.6116170883178711,413,-0.37382812499999996
0.6145899295806885,414,-0.8121093749999999
0.616096019744873,415,-0.02578125
0.6178669929504395,416,-0.07734374999999999
0.6199049949645996,417,-0.322265625
0.6212770938873291,418,-0.270703125
0.6225090026855469,419,0.0
0.6236450672149658,420,0.012890625
0.6247639656066895,421,-0.012890625
0.6258549690246582,422,-0.0515625
0.6269509792327881,423,-0.4125
0.6281089782714844,424,-0.4125
0.6292181015014648,425,-0.992578125
0.630342960357666,426,-1.5984375
0.631443977355957,427,0.0
0.6326320171356201,428,-0.09023437499999999
0.6340510845184326,429,-0.167578125
0.6355319023132324,430,-0.29648437499999997
0.6371970176696777,431,-0.20625
0.6387460231781006,432,-0.15468749999999998
0.6401910781860352,433,0.012890625
0.6414589881896973,434,-0.012890625
0.644340991973877,435,-0.038671874999999994
0.6461019515991211,436,-0.29648437499999997
0.6477210521697998,437,-1.41796875
0.6498079299926758,438,0.0
0.6516740322113037,439,-0.167578125
0.6530458927154541,440,-0.103125
0.6542201042175293,441,-0.37382812499999996
0.6553781032562256,442,-0.2578125
0.6564970016479492,443,0.0
0.6575949192047119,444,-0.012890625
0.658689022064209,445,-0.0515625
0.659782886505127,446,-0.29648437499999997
0.660912036895752,447,-0.38671875
0.6620368957519531,448,-0.708984375
0.6632430553436279,449,-1.353515625
0.6646490097045898,450,-0.15468749999999998
0.6661190986633301,451,-0.02578125
0.6677188873291016,452,0.0
0.6693339347839355,453,-0.2578125
0.6707251071929932,454,-0.270703125
0.6721060276031494,455,-0.103125
0.674483060836792,456,0.012890625
0.6764318943023682,457,-0.02578125
0.6779100894927979,458,-0.28359375
0.6799499988555908,459,-0.708984375
0.6815381050109863,460,-1.65
0.6827878952026367,461,-0.064453125
0.6840300559997559,462,-0.07734374999999999
0.6851780414581299,463,-0.399609375
0.6863179206848145,464,-0.15468749999999998
0.6874918937683105,465,-0.36093749999999997
0.6886138916015625,466,-0.2578125
0.6897139549255371,467,0.0
0.6908071041107178,468,-0.012890625
0.691917896270752,469,-0.0515625
0.693058967590332,470,-0.30937499999999996
0.6942479610443115,471,-0.4640625
0.6956489086151123,472,-0.69609375
0.6971039772033691,473,-1.4308593749999998
0.6986720561981201,474,0.0
0.7002620697021484,475,-0.064453125
0.7017569541931152,476,-0.2578125
0.7032570838928223,477,-0.141796875
0.7049880027770996,478,-0.322265625
0.707556962966919,479,-0.02578125
0.7091760635375977,480,-0.0515625
0.7107400894165039,481,-0.348046875
0.7128241062164307,482,-0.43828124999999996
0.7144520282745361,483,-1.4437499999999999
0.7157690525054932,484,-0.07734374999999999
0.7170140743255615,485,-0.12890625
0.7181589603424072,486,-0.33515625
0.7192730903625488,487,-0.167578125
0.7204139232635498,488,-0.476953125
0.7215170860290527,489,-0.399609375
0.7226660251617432,490,-0.0515625
0.7237770557403564,491,-0.012890625
0.7250289916992188,492,-0.02578125
0.7264490127563477,493,-0.12890625
0.7279069423675537,494,-0.399609375
0.7294490337371826,495,-0.837890625
0.7310469150543213,496,-1.5726562499999999
0.7326960563659668,497,0.0
0.7342679500579834,498,-0.21914062499999998
0.7364699840545654,499,-0.23203125
0.7386860847473145,500,-0.28359375
0.740257978439331,501,0.0
0.7420120239257812,502,-0.012890625
0.7440500259399414,503,-0.15468749999999998
0.7454590797424316,504,-0.30937499999999996
0.7466568946838379,505,-1.2374999999999998
0.7478139400482178,506,-0.116015625
0.7490189075469971,507,-0.15468749999999998
0.7501471042633057,508,-0.193359375
0.7512500286102295,509,-0.37382812499999996
0.7524580955505371,510,-0.167578125
0.7535860538482666,511,-0.28359375
0.7547121047973633,512,-0.30937499999999996
0.7559299468994141,513,-0.15468749999999998
0.7574150562286377,514,0.0
0.758857011795044,515,-0.0515625
0.7604129314422607,516,-0.30937499999999996
0.7619600296020508,517,-0.322265625
0.7634439468383789,518,-1.134375
0.7649710178375244,519,0.0
0.7666199207305908,520,0.012890625
0.7691659927368164,521,-0.18046874999999998
0.7707560062408447,522,-0.270703125
0.7724730968475342,523,0.0
0.7745320796966553,524,0.0
0.7761240005493164,525,-0.038671874999999994
0.7774078845977783,526,-0.36093749999999997
0.7785789966583252,527,-0.502734375
0.7797698974609375,528,-1.2503906249999999
0.7809290885925293,529,-0.863671875
0.7820630073547363,530,-0.0515625
0.7832069396972656,531,-0.193359375
0.7843430042266846,532,-0.21914062499999998
0.7854499816894531,533,-0.2578125
0.7866499423980713,534,-0.322265625
0.7880990505218506,535,-0.4125
0.789665937423706,536,-0.116015625
0.7912030220031738,537,-0.012890625
0.7927510738372803,538,-0.0515625
0.7941889762878418,539,-0.399609375
0.7957088947296143,540,-0.54140625
0.7976889610290527,541,-1.4308593749999998
0.8002409934997559,542,0.0
0.8017659187316895,543,-0.28359375
0.8034439086914062,544,-0.141796875
0.8056859970092773,545,-0.33515625
0.807197093963623,546,0.0
0.8084020614624023,547,-0.0515625
0.8095369338989258,548,-0.193359375
0.810662031173706,549,-0.43828124999999996
0.8117849826812744,550,-0.631640625
0.8130459785461426,551,-1.26328125
0.8141729831695557,552,-0.966796875
0.815284013748169,553,0.0
0.8164000511169434,554,-0.20625
0.8175969123840332,555,-0.167578125
0.8190639019012451,556,-0.23203125
0.8206369876861572,557,-0.399609375
0.8222980499267578,558,-0.20625
0.8239080905914307,559,0.012890625
0.825314998626709,560,-0.0515625
0.8267490863800049,561,-0.2578125
0.8287920951843262,562,-0.399609375
0.8313159942626953,563,-0.992578125
0.8328640460968018,564,-0.064453125
0.8345010280609131,565,-0.038671874999999994
0.8366351127624512,566,-0.21914062499999998
0.8382101058959961,567,-0.24492187499999998
0.8394169807434082,568,0.193359375
0.8405609130859375,569,0.0
0.8416650295257568,570,-0.0515625
0.8427889347076416,571,-0.21914062499999998
0.843940019607544,572,-0.42539062499999997
0.8451149463653564,573,-0.580078125
0.8462340831756592,574,-1.2503906249999999
0.8473451137542725,575,-1.65
0.8485660552978516,576,0.0
0.8499870300292969,577,-0.193359375
0.8514559268951416,578,-0.24492187499999998
0.8534629344940186,579,-0.15468749999999998
0.8550848960876465,580,-0.2578125
0.8565409183502197,581,-0.012890625
0.8579690456390381,582,0.012890625
0.8598380088806152,583,-0.103125
0.8625719547271729,584,-0.4125
0.864116907119751,585,-1.353515625
0.8656930923461914,586,0.0
0.8676900863647461,587,-0.20625
0.8693540096282959,588,-0.399609375
0.8706560134887695,589,-0.30937499999999996
0.8718259334564209,590,-0.167578125
0.872978925704956,591,0.012890625
0.8740930557250977,592,-0.012890625
0.8752140998840332,593,-0.02578125
0.8763360977172852,594,-0.30937499999999996
0.8775138854980469,595,-0.4640625
0.8787329196929932,596,-0.734765625
0.8802049160003662,597,-1.405078125
0.8816800117492676,598,-0.141796875
0.883404016494751,599,-0.064453125
0.8849859237670898,600,-0.20625
0.8864738941192627,601,-0.02578125
0.887902021408081,602,-0.33515625
0.8897130489349365,603,-0.064453125
0.8922700881958008,604,0.0
0.8939049243927002,605,-0.21914062499999998
0.8956160545349121,606,-0.38671875
0.8976280689239502,607,-1.198828125
0.8991889953613281,608,0.0
0.9004530906677246,609,-0.09023437499999999
0.9016549587249756,610,-0.29648437499999997
0.9028880596160889,611,-0.20625
0.9040238857269287,612,-0.4125
0.9051499366760254,613,-0.29648437499999997
0.9062678813934326,614,0.012890625
0.9073729515075684,615,0.0
0.9085030555725098,616,-0.0515625
0.909735918045044,617,-0.2578125
0.9112160205841064,618,-0.399609375
0.9127399921417236,619,-0.8507812499999999
0.9143059253692627,620,-1.6371093749999999
0.9159739017486572,621,0.012890625
0.917496919631958,622,-0.167578125
0.9189610481262207,623,-0.270703125
0.9208559989929199,624,-0.37382812499999996
0.9233970642089844,625,-0.270703125
0.92488694190979,626,-0.012890625
0.9264960289001465,627,-0.103125
0.928541898727417,628,-0.36093749999999997
0.9300720691680908,629,-1.03125
0.9313459396362305,630,-0.116015625
0.9325869083404541,631,-0.0515625
0.933729887008667,632,-0.12890625
0.9348490238189697,633,-0.42539062499999997
0.9359579086303711,634,-0.12890625
0.9370601177215576,635,-0.43828124999999996
0.9381649494171143,636,-0.37382812499999996
0.9393088817596436,637,-0.02578125
0.9405379295349121,638,-0.012890625
0.9419310092926025,639,-0.038671874999999994
0.9434430599212646,640,-0.270703125
0.9450199604034424,641,-0.37382812499999996
0.946540117263794,642,-1.03125
0.9479470252990723,643,-0.399609375
0.9494099617004395,644,0.012890625
0.9512159824371338,645,-0.103125
0.9537320137023926,646,-0.4640625
0.9554340839385986,647,-0.20625
0.9570639133453369,648,0.012890625
0.9591269493103027,649,-0.012890625
0.9607679843902588,650,-0.270703125
0.9620480537414551,651,-0.54140625
0.9632649421691895,652,-1.340625
0.9644460678100586,653,-0.141796875
0.9655900001525879,654,-0.09023437499999999
0.9667060375213623,655,-0.20625
0.9678030014038086,656,-0.270703125
0.9688940048217773,657,-0.21914062499999998
0.9699909687042236,658,-0.36093749999999997
