time,count,voltage
0.005382061004638672,1,-0.30937499999999996
0.0074770450592041016,2,-0.502734375
0.008772850036621094,3,-1.456640625
0.009927988052368164,4,-0.02578125
0.011093854904174805,5,-0.15468749999999998
0.012466907501220703,6,-0.270703125
0.01391291618347168,7,-0.15468749999999998
0.015433073043823242,8,-0.37382812499999996
0.01682305335998535,9,-0.12890625
0.0182340145111084,10,0.012890625
0.019433021545410156,11,-0.012890625
0.020618915557861328,12,-0.167578125
0.021791934967041016,13,-0.399609375
0.022928953170776367,14,-0.554296875
0.024037837982177734,15,-1.26328125
0.02513885498046875,16,-1.6371093749999999
0.02624797821044922,17,0.0
0.027482032775878906,18,-0.09023437499999999
0.028952836990356445,19,-0.103125
0.030375003814697266,20,-0.2578125
0.032054901123046875,21,-0.15468749999999998
0.03354287147521973,22,0.038671874999999994
0.03496503829956055,23,0.0
0.036253929138183594,24,-0.012890625
0.037672996520996094,25,-0.24492187499999998
0.03963804244995117,26,-0.399609375
0.04234004020690918,27,-1.03125
0.04396390914916992,28,-0.0515625
0.045639991760253906,29,-0.103125
0.04768800735473633,30,-0.30937499999999996
0.0490870475769043,31,-0.33515625
0.05029487609863281,32,0.07734374999999999
0.0515439510345459,33,0.012890625
0.05270099639892578,34,-0.012890625
0.05382990837097168,35,-0.12890625
0.05495905876159668,36,-0.4125
0.05605506896972656,37,-0.5285156249999999
0.057157039642333984,38,-1.198828125
0.05824899673461914,39,-1.65
0.05933785438537598,40,0.0
0.060469865798950195,41,-0.012890625
0.06160783767700195,42,-0.0515625
0.06271600723266602,43,-0.322265625
0.06381487846374512,44,-0.12890625
0.06491899490356445,45,-0.43828124999999996
0.06602692604064941,46,-0.37382812499999996
0.06714892387390137,47,0.0
0.06824398040771484,48,-0.012890625
0.06934094429016113,49,-0.012890625
0.07063484191894531,50,-0.116015625
0.07203197479248047,51,-0.37382812499999996
0.07334685325622559,52,-0.64453125
0.07479405403137207,53,-1.3792968749999999
0.07625293731689453,54,0.0
0.07786202430725098,55,-0.012890625
0.0793449878692627,56,-0.12890625
0.08083105087280273,57,-0.116015625
0.08223986625671387,58,-0.37382812499999996
0.08485102653503418,59,-0.064453125
0.08648896217346191,60,0.0
0.08795404434204102,61,-0.270703125
0.08996701240539551,62,-0.322265625
0.09165287017822266,63,-1.198828125
0.09292387962341309,64,0.0
0.09411096572875977,65,-0.0515625
0.09528994560241699,66,-0.12890625
0.09646797180175781,67,-0.07734374999999999
0.09760284423828125,68,-0.20625
0.09871101379394531,69,-0.29648437499999997
0.099822998046875,70,-0.167578125
0.10100698471069336,71,0.012890625
0.10220789909362793,72,0.0
0.1036369800567627,73,-0.038671874999999994
0.10510993003845215,74,-0.37382812499999996
0.1066739559173584,75,-0.451171875
0.1081850528717041,76,-1.340625
0.10962700843811035,77,0.0
0.11116600036621094,78,-0.012890625
0.11336302757263184,79,-0.322265625
0.11544084548950195,80,-0.15468749999999998
0.11688089370727539,81,0.28359375
0.1188359260559082,82,0.0
0.12072992324829102,83,-0.012890625
0.1220698356628418,84,-0.33515625
0.1232290267944336,85,-0.69609375
0.12437605857849121,86,-1.3921875
0.12550902366638184,87,0.0
0.12662291526794434,88,-0.012890625
0.12775492668151855,89,-0.12890625
0.1288750171661377,90,-0.270703125
0.1299738883972168,91,-0.20625
0.13108587265014648,92,-0.33515625
0.1322948932647705,93,-0.37382812499999996
0.13373994827270508,94,-0.12890625
0.1352238655090332,95,-0.012890625
0.13672685623168945,96,-0.02578125
0.13824796676635742,97,-0.30937499999999996
0.13965106010437012,98,-0.37382812499999996
0.1412198543548584,99,-1.1859374999999999
0.14265799522399902,100,0.012890625
0.1447908878326416,101,-0.038671874999999994
0.14691805839538574,102,-0.193359375
0.14840197563171387,103,-0.30937499999999996
0.14998292922973633,104,-0.09023437499999999
0.15195488929748535,105,0.012890625
0.15364384651184082,106,-0.012890625
0.15494298934936523,107,-0.30937499999999996
0.1561260223388672,108,-0.4640625
0.15728402137756348,109,-1.16015625
0.15842485427856445,110,-1.65
0.15956592559814453,111,0.0
0.16070294380187988,112,-0.167578125
0.16182398796081543,113,-0.116015625
0.16301202774047852,114,-0.2578125
0.16440200805664062,115,-0.18046874999999998
0.16590285301208496,116,-0.21914062499999998
0.16745400428771973,117,0.09023437499999999
0.16899704933166504,118,0.012890625
0.17050886154174805,119,-0.012890625
0.172044038772583,120,-0.33515625
0.17345094680786133,121,-0.5929687499999999
0.17580199241638184,122,-1.456640625
0.17772793769836426,123,0.0
0.17916393280029297,124,-0.2578125
0.18085193634033203,125,-0.09023437499999999
0.18291997909545898,126,-0.348046875
0.18448090553283691,127,0.012890625
0.18572497367858887,128,-0.012890625
0.18687200546264648,129,-0.0515625
0.18800806999206543,130,-0.4125
0.18915104866027832,131,-0.33515625
0.19028496742248535,132,-1.03125
0.19147491455078125,133,-1.6371093749999999
0.192612886428833,134,0.0
0.19385385513305664,135,0.0
0.1952500343322754,136,-0.0515625
0.19668889045715332,137,-0.36093749999999997
0.1981489658355713,138,-0.322265625
0.19983506202697754,139,-0.167578125
0.2013850212097168,140,0.0
0.20277190208435059,141,0.012890625
0.20444703102111816,142,-0.20625
0.20690488815307617,143,-0.451171875
0.2085108757019043,144,-1.405078125
0.21010994911193848,145,0.0
0.21220803260803223,146,-0.09023437499999999
0.21377205848693848,147,-0.322265625
0.2150440216064453,148,-0.21914062499999998
0.21625685691833496,149,-0.116015625
0.2173900604248047,150,0.012890625
0.21850085258483887,151,0.0
0.21959400177001953,152,-0.012890625
0.22073006629943848,153,-0.2578125
0.2218630313873291,154,-0.4640625
0.22297000885009766,155,-0.7218749999999999
0.2241809368133545,156,-1.340625
0.2255868911743164,157,0.0
0.22703886032104492,158,-0.116015625
0.22859692573547363,159,0.0
0.2301468849182129,160,-0.270703125
0.23164987564086914,161,-0.322265625
0.23308491706848145,162,-0.15468749999999998
0.2350008487701416,163,0.012890625
0.23723888397216797,164,0.0
0.23869085311889648,165,-0.29648437499999997
0.2403719425201416,166,-0.64453125
0.24300098419189453,167,-1.456640625
0.2448880672454834,168,-0.02578125
0.24637293815612793,169,-0.33515625
0.24774384498596191,170,-0.21914062499999998
0.24911904335021973,171,-0.20625
0.25060200691223145,172,0.0515625
0.2519850730895996,173,0.0
0.2533378601074219,174,-0.012890625
0.2548239231109619,175,-0.29648437499999997
0.25650906562805176,176,-0.322265625
0.2582058906555176,177,-1.2374999999999998
0.25999999046325684,178,0.0
0.2620220184326172,179,-0.15468749999999998
0.2636990547180176,180,-0.193359375
0.26532602310180664,181,-0.167578125
0.26741504669189453,182,0.0
0.2703258991241455,183,0.012890625
0.27228784561157227,184,-0.23203125
0.27412986755371094,185,-0.6574218749999999
0.2764570713043213,186,-1.611328125
0.2784688472747803,187,-0.02578125
0.27996301651000977,188,-0.36093749999999997
0.2813999652862549,189,-0.30937499999999996
0.2828209400177002,190,-0.18046874999999998
0.28420090675354004,191,0.0
0.28569984436035156,192,-0.012890625
0.2874138355255127,193,-0.012890625
0.2891509532928467,194,-0.399609375
0.2909400463104248,195,-0.889453125
0.29278993606567383,196,-1.65
0.294435977935791,197,0.0
0.2960338592529297,198,-0.23203125
0.2980189323425293,199,-0.12890625
0.3009929656982422,200,-0.29648437499999997
0.3028419017791748,201,-0.012890625
0.30463290214538574,202,-0.12890625
0.3070039749145508,203,-0.36093749999999997
0.3090379238128662,204,-1.327734375
0.3106529712677002,205,-0.02578125
0.3120849132537842,206,0.0
0.31343603134155273,207,-0.167578125
0.31478404998779297,208,-0.322265625
0.3162698745727539,209,-0.21914062499999998
0.3180060386657715,210,0.0
0.3196990489959717,211,-0.012890625
0.32151103019714355,212,-0.193359375
0.32330989837646484,213,-0.322265625
0.32502198219299316,214,-1.2503906249999999
0.3267078399658203,215,0.0
0.32869696617126465,216,-0.02578125
0.3315608501434326,217,-0.2578125
0.3334310054779053,218,-0.103125
0.33504796028137207,219,0.012890625
0.33786892890930176,220,-0.012890625
0.3401050567626953,221,-0.2578125
0.3420279026031494,222,-1.198828125
0.34342098236083984,223,-0.02578125
0.34456491470336914,224,-0.21914062499999998
0.34569501876831055,225,-0.4125
0.3469078540802002,226,-0.09023437499999999
0.34835195541381836,227,-0.23203125
0.34981489181518555,228,-0.141796875
0.35143184661865234,229,0.012890625
0.35298585891723633,230,0.0
0.3544020652770996,231,-0.20625
0.35584592819213867,232,-0.33515625
0.3576979637145996,233,-0.9796874999999999
0.360105037689209,234,-1.65
0.3616979122161865,235,-0.167578125
0.36319899559020996,236,-0.37382812499999996
0.36524486541748047,237,-0.0515625
0.3668949604034424,238,0.116015625
0.36815690994262695,239,0.012890625
0.36931896209716797,240,-0.012890625
0.3705258369445801,241,-0.18046874999999998
0.3716700077056885,242,-0.43828124999999996
0.3727989196777344,243,-0.580078125
0.373913049697876,244,-1.2890625
0.3750159740447998,245,-1.65
0.37612295150756836,246,-0.012890625
0.37729907035827637,247,-0.02578125
0.37868785858154297,248,-0.15468749999999998
0.3801250457763672,249,-0.23203125
0.3817720413208008,250,-0.270703125
0.38336801528930664,251,-0.09023437499999999
0.38483285903930664,252,0.012890625
0.386307954788208,253,-0.012890625
0.3880429267883301,254,-0.21914062499999998
0.39054298400878906,255,-0.4125
0.3921389579772949,256,-1.4953124999999998
0.39360904693603516,257,-0.103125
0.3955800533294678,258,0.0
0.3972768783569336,259,-0.167578125
0.3985750675201416,260,-0.36093749999999997
0.3997669219970703,261,-0.12890625
0.4009969234466553,262,0.0
0.4021279811859131,263,-0.012890625
0.40331292152404785,264,-0.012890625
0.40444302558898926,265,-0.322265625
0.4055628776550293,266,-0.399609375
0.4066898822784424,267,-0.966796875
0.40789294242858887,268,-1.546875
0.4092998504638672,269,0.0
0.4107499122619629,270,0.0
0.41229891777038574,271,-0.064453125
0.4138450622558594,272,-0.15468749999999998
0.4152560234069824,273,-0.322265625
0.41672205924987793,274,-0.103125
0.41843605041503906,275,0.012890625
0.4209249019622803,276,-0.012890625
0.4225339889526367,277,-0.270703125
0.4239928722381592,278,-0.928125
0.42595887184143066,279,-1.65
0.42769694328308105,280,-0.0515625
0.42900991439819336,281,-0.21914062499999998
0.43018484115600586,282,-0.09023437499999999
0.4313368797302246,283,-0.2578125
0.43247294425964355,284,-0.2578125
0.4336109161376953,285,-0.012890625
0.4347360134124756,286,0.0
0.43583202362060547,287,-0.012890625
0.43692898750305176,288,-0.116015625
0.43814587593078613,289,-0.4125
0.43956589698791504,290,-0.43828124999999996
0.4411189556121826,291,-1.224609375
0.44264793395996094,292,0.0
0.44419097900390625,293,0.0
0.44561100006103516,294,-0.2578125
0.447023868560791,295,-0.103125
0.44875502586364746,296,-0.23203125
0.4511878490447998,297,-0.103125
0.45276403427124023,298,0.012890625
0.45426297187805176,299,-0.167578125
0.45622992515563965,300,-0.399609375
0.45793700218200684,301,-1.0828125
0.4592108726501465,302,-0.103125
0.46037888526916504,303,0.012890625
0.4616050720214844,304,-0.038671874999999994
0.46274685859680176,305,-0.43828124999999996
0.4638638496398926,306,-0.02578125
0.46497106552124023,307,-0.348046875
0.4660658836364746,308,-0.2578125
0.46717286109924316,309,0.012890625
0.4683558940887451,310,-0.012890625
0.4697718620300293,311,-0.012890625
0.47126102447509766,312,-0.29648437499999997
0.472822904586792,313,-0.399609375
0.4743468761444092,314,-1.0828125
0.47576904296875,315,-0.103125
0.4772379398345947,316,-0.02578125
0.4789450168609619,317,-0.0515625
0.48140907287597656,318,-0.20625
0.483043909072876,319,-0.103125
0.4845240116119385,320,0.0
0.48650503158569336,321,0.0
0.48819398880004883,322,-0.18046874999999998
0.48947596549987793,323,-0.37382812499999996
0.49067187309265137,324,-1.16015625
0.49183106422424316,325,-1.46953125
0.49295902252197266,326,0.0
0.494081974029541,327,-0.20625
0.49519801139831543,328,-0.116015625
0.49630093574523926,329,-0.21914062499999998
0.4974050521850586,330,-0.15468749999999998
0.4985959529876709,331,-0.322265625
0.5000169277191162,332,-0.193359375
0.5015699863433838,333,0.012890625
0.5031218528747559,334,-0.012890625
0.5046679973602295,335,-0.23203125
0.5060329437255859,336,-0.33515625
0.5074338912963867,337,-1.095703125
0.5087590217590332,338,-1.65
0.5111658573150635,339,0.0
0.5130949020385742,340,-0.064453125
0.5144939422607422,341,-0.064453125
0.516312837600708,342,-0.07734374999999999
0.5183069705963135,343,0.0
0.5196640491485596,344,-0.012890625
0.5208749771118164,345,-0.270703125
0.5220139026641846,346,-0.37382812499999996
0.5231399536132812,347,-0.863671875
0.5242588520050049,348,-1.456640625
0.5253829956054688,349,-0.012890625
0.5265219211578369,350,-0.064453125
0.5276229381561279,351,-0.103125
0.5288209915161133,352,-0.29648437499999997
0.5302000045776367,353,-0.167578125
0.5317318439483643,354,-0.23203125
0.5333259105682373,355,-0.0515625
0.5348730087280273,356,-0.012890625
0.5362820625305176,357,-0.012890625
0.537714958190918,358,-0.2578125
0.5393478870391846,359,-0.399609375
0.5419390201568604,360,-0.9796874999999999
0.5435328483581543,361,-0.02578125
0.5449950695037842,362,-0.15468749999999998
0.5468969345092773,363,-0.4125
0.5486588478088379,364,-0.33515625
0.5499780178070068,365,0.09023437499999999
0.551210880279541,366,0.0
0.5523409843444824,367,-0.012890625
0.5534539222717285,368,-0.0515625
0.5545649528503418,369,-0.42539062499999997
0.5556690692901611,370,-0.399609375
0.5567729473114014,371,-1.03125
0.5578749179840088,372,-1.6371093749999999
0.5590770244598389,373,0.0
0.5605349540710449,374,-0.012890625
0.5620088577270508,375,0.0
0.5634980201721191,376,-0.270703125
0.5650708675384521,377,-0.30937499999999996
0.5665218830108643,378,-0.09023437499999999
0.5679800510406494,379,0.0
0.5696959495544434,380,0.0
0.5720980167388916,381,-0.103125
0.5736939907073975,382,-0.515625
0.5751450061798096,383,-1.5597656249999998
0.5771398544311523,384,0.012890625
0.5788848400115967,385,-0.15468749999999998
0.5801839828491211,386,-0.141796875
0.5814599990844727,387,-0.322265625
0.5826220512390137,388,-0.23203125
0.5837428569793701,389,0.0
0.5848689079284668,390,-0.012890625
0.5859699249267578,391,-0.012890625
0.5870659351348877,392,-0.193359375
0.5881588459014893,393,-0.38671875
0.5893628597259521,394,-0.580078125
0.590782880783081,395,-1.2503906249999999
0.5922749042510986,396,-0.42539062499999997
0.5938370227813721,397,-0.0515625
0.5953600406646729,398,-0.012890625
0.5967268943786621,399,-0.15468749999999998
0.5981948375701904,400,-0.29648437499999997
0.6000790596008301,401,-0.20625
0.6025750637054443,402,0.0
0.6041309833526611,403,-0.02578125
0.6056339740753174,404,-0.30937499999999996
0.6076798439025879,405,-0.8507812499999999
0.6093599796295166,406,-1.546875
0.6106560230255127,407,-0.064453125
0.6118319034576416,408,-0.193359375
0.6129748821258545,409,-0.12890625
0.6140909194946289,410,-0.21914062499999998
0.6152088642120361,411,-0.29648437499999997
0.6163389682769775,412,-0.167578125
0.6174368858337402,413,0.0
0.6185228824615479,414,0.012890625
0.6197080612182617,415,-0.012890625
0.6212139129638672,416,-0.322265625
0.6226918697357178,417,-0.348046875
0.6245028972625732,418,-1.095703125
0.6262068748474121,419,0.0
0.62801194190979,420,-0.0515625
0.629478931427002,421,-0.322265625
0.6319699287414551,422,-0.012890625
0.6337988376617432,423,0.09023437499999999
0.6351990699768066,424,-0.012890625
0.6370680332183838,425,-0.012890625
0.6390290260314941,426,-0.322265625
0.6405289173126221,427,-0.760546875
0.6417369842529297,428,-1.65
0.6428749561309814,429,-0.103125
0.6439919471740723,430,-0.07734374999999999
0.645129919052124,431,-0.193359375
0.6462540626525879,432,-0.2578125
0.6473648548126221,433,-0.12890625
0.6484670639038086,434,-0.30937499999999996
0.6496820449829102,435,-0.20625
0.6511759757995605,436,0.012890625
0.6526429653167725,437,0.0
0.65423583984375,438,-0.103125
0.655797004699707,439,-0.37382812499999996
0.6572558879852295,440,-0.95390625
0.6587209701538086,441,-1.65
0.6618449687957764,442,-0.064453125
0.663719892501831,443,-0.322265625
0.665107011795044,444,-0.15468749999999998
0.66690993309021,445,-0.02578125
0.6689479351043701,446,0.0
0.6703579425811768,447,-0.012890625
0.6716139316558838,448,-0.30937499999999996
0.6727869510650635,449,-0.5285156249999999
0.673907995223999,450,-1.2503906249999999
0.67500901222229,451,-1.65
0.6761019229888916,452,0.0
0.6772160530090332,453,-0.0515625
0.6783099174499512,454,-0.20625
0.6793999671936035,455,-0.20625
0.6805930137634277,456,-0.103125
0.6819920539855957,457,-0.28359375
0.6834778785705566,458,-0.116015625
0.6851489543914795,459,0.012890625
0.6867220401763916,460,-0.038671874999999994
0.688101053237915,461,-0.322265625
0.6894850730895996,462,-0.322265625
0.6923139095306396,463,-1.1859374999999999
0.6940100193023682,464,-0.064453125
0.6953649520874023,465,-0.20625
0.6970958709716797,466,-0.167578125
0.6990158557891846,467,-0.18046874999999998
0.7006969451904297,468,0.193359375
0.7019350528717041,469,-0.012890625
0.7031049728393555,470,-0.012890625
0.7042300701141357,471,-0.36093749999999997
0.7053329944610596,472,-0.38671875
0.7064168453216553,473,-0.889453125
0.7074990272521973,474,-1.4953124999999998
0.708611011505127,475,-0.038671874999999994
0.7100179195404053,476,-0.02578125
0.7113139629364014,477,-0.103125
0.7127389907836914,478,-0.43828124999999996
0.7141430377960205,479,-0.103125
0.7156538963317871,480,-0.270703125
0.7172908782958984,481,0.012890625
0.7187058925628662,482,-0.012890625
0.7200980186462402,483,-0.012890625
0.7218430042266846,484,-0.399609375
0.7242279052734375,485,-0.43828124999999996
0.7258539199829102,486,-1.65
0.7273528575897217,487,0.0
0.7292909622192383,488,-0.064453125
0.7309348583221436,489,-0.15468749999999998
0.7322919368743896,490,-0.2578125
0.733489990234375,491,0.0515625
0.7346539497375488,492,0.012890625
0.7357809543609619,493,-0.012890625
0.7368788719177246,494,-0.103125
0.7379729747772217,495,-0.4125
0.7390830516815186,496,-0.476953125
0.7402019500732422,497,-1.1214843749999999
0.7414538860321045,498,-1.65
0.7429080009460449,499,0.0
0.7443499565124512,500,-0.103125
0.745905876159668,501,-0.23203125
0.7474339008331299,502,-0.116015625
0.7489449977874756,503,-0.322265625
0.7504899501800537,504,0.0
0.7525348663330078,505,0.012890625
0.7548160552978516,506,-0.012890625
0.7564330101013184,507,-0.21914062499999998
0.7582318782806396,508,-1.224609375
0.760235071182251,509,0.0
0.7617909908294678,510,-0.103125
0.7629959583282471,511,-0.20625
0.7641370296478271,512,-0.29648437499999997
0.7653100490570068,513,-0.36093749999999997
0.7664709091186523,514,-0.18046874999999998
0.7676010131835938,515,0.0
0.768718957901001,516,0.0
0.7698080539703369,517,-0.012890625
0.7709698677062988,518,-0.36093749999999997
0.7721688747406006,519,-0.37382812499999996
0.7735838890075684,520,-0.95390625
0.7750809192657471,521,-1.6371093749999999
0.776634931564331,522,0.0
0.7781808376312256,523,-0.15468749999999998
0.779587984085083,524,-0.33515625
0.7812738418579102,525,-0.0515625
0.78324294090271,526,-0.02578125
0.7855820655822754,527,0.0
0.7870769500732422,528,-0.0515625
0.7887499332427979,529,-0.37382812499999996
0.7908918857574463,530,-0.605859375
0.7924349308013916,531,-1.65
0.793665885925293,532,0.012890625
0.794813871383667,533,-0.09023437499999999
0.7959749698638916,534,-0.515625
0.797111988067627,535,-0.103125
0.7982490062713623,536,-0.322265625
0.7993478775024414,537,-0.21914062499999998
0.8005259037017822,538,0.0
0.8016388416290283,539,0.0
0.802819013595581,540,-0.02578125
0.8042168617248535,541,-0.28359375
0.8057470321655273,542,-0.42539062499999997
0.8072879314422607,543,-0.992578125
0.8092060089111328,544,-1.65
0.8106799125671387,545,0.0
0.8121738433837891,546,-0.12890625
0.8140988349914551,547,-0.167578125
0.8165030479431152,548,-0.23203125
0.817997932434082,549,0.0
0.8195428848266602,550,-0.012890625
0.8218369483947754,551,-0.167578125
0.823340892791748,552,-0.4640625
0.824678897857666,553,-1.456640625
0.8262040615081787,554,0.0
0.8277339935302734,555,-0.064453125
0.8290019035339355,556,-0.20625
0.8302099704742432,557,-0.20625
0.8314108848571777,558,-0.43828124999999996
0.8325738906860352,559,-0.322265625
0.8337900638580322,560,0.012890625
0.8351738452911377,561,0.0
0.836622953414917,562,-0.0515625
0.8382220268249512,563,-0.30937499999999996
0.8397090435028076,564,-0.4125
0.8411970138549805,565,-1.3019531249999998
0.8426659107208252,566,0.0
0.844480037689209,567,-0.0515625
0.8470559120178223,568,-0.20625
0.8486149311065674,569,-0.15468749999999998
0.85017991065979,570,0.07734374999999999
0.8523168563842773,571,0.012890625
0.8539650440216064,572,-0.038671874999999994
0.8552558422088623,573,-0.270703125
0.8564050197601318,574,-0.760546875
0.8575239181518555,575,-1.4308593749999998
0.8586258888244629,576,0.0
0.8597350120544434,577,-0.0515625
0.8609650135040283,578,-0.07734374999999999
0.8621468544006348,579,-0.322265625
0.8632509708404541,580,-0.09023437499999999
0.8644540309906006,581,-0.2578125
0.8658740520477295,582,-0.2578125
0.8673238754272461,583,0.0
0.8689098358154297,584,0.012890625
0.8706400394439697,585,-0.0515625
0.872093915939331,586,-0.322265625
0.8735289573669434,587,-0.7863281249999999
0.8752899169921875,588,-1.5726562499999999
0.877979040145874,589,0.0
0.879504919052124,590,-0.36093749999999997
0.8811168670654297,591,-0.09023437499999999
0.8831949234008789,592,-0.193359375
0.8848228454589844,593,0.0
0.8861310482025146,594,0.0
0.8872878551483154,595,-0.2578125
0.8884139060974121,596,-0.399609375
0.8895218372344971,597,-0.708984375
0.890639066696167,598,-1.353515625
0.8917748928070068,599,-0.0515625
0.8928978443145752,600,-0.02578125
0.8940129280090332,601,-0.12890625
0.895226001739502,602,-0.20625
0.8966078758239746,603,-0.476953125
0.8980698585510254,604,-0.33515625
0.8996078968048096,605,-0.103125
0.9013659954071045,606,0.0
0.902817964553833,607,-0.02578125
0.9042508602142334,608,-0.20625
0.9062559604644775,609,-0.33515625
0.9088699817657471,610,-0.9152343749999999
0.9107849597930908,611,-0.012890625
0.9123420715332031,612,-0.038671874999999994
0.9140899181365967,613,-0.12890625
0.9161779880523682,614,-0.37382812499999996
0.9177730083465576,615,0.012890625
0.9190149307250977,616,-0.012890625
0.920158863067627,617,-0.103125
0.9213049411773682,618,-0.33515625
0.9224190711975098,619,-0.43828124999999996
0.9235179424285889,620,-1.095703125
0.9246199131011963,621,-1.65
0.925886869430542,622,0.0
0.9273438453674316,623,0.0
0.9288220405578613,624,-0.18046874999999998
0.930325984954834,625,-0.18046874999999998
0.9320878982543945,626,-0.270703125
0.9335689544677734,627,0.012890625
0.9352619647979736,628,0.0
0.9374709129333496,629,-0.038671874999999994
0.9394910335540771,630,-0.28359375
0.9411768913269043,631,-1.0828125
0.943004846572876,632,0.0
0.9450459480285645,633,-0.064453125
0.9464008808135986,634,-0.2578125
0.947566032409668,635,-0.36093749999999997
0.9487860202789307,636,-0.348046875
0.949941873550415,637,-0.12890625
0.9511070251464844,638,0.012890625
0.952211856842041,639,0.0
0.953294038772583,640,-0.064453125
0.9543828964233398,641,-0.399609375
0.9554760456085205,642,-0.348046875
0.9566619396209717,643,-0.992578125
0.9581298828125,644,-1.585546875
0.9595768451690674,645,0.0
0.9612538814544678,646,-0.116015625
0.9627718925476074,647,-0.36093749999999997
0.9641358852386475,648,-0.103125
0.9655890464782715,649,-0.20625
0.9674210548400879,650,0.07734374999999999
0.9698178768157959,651,-0.012890625
0.9713709354400635,652,-0.23203125
0.9729058742523193,653,-0.30937499999999996
0.9751009941101074,654,-1.16015625
0.9767389297485352,655,-0.167578125
0.9780130386352539,656,-0.141796875
0.9791719913482666,657,-0.36093749999999997
0.9803459644317627,658,-0.141796875
0.9815468788146973,659,-0.37382812499999996
0.9827558994293213,660,-0.2578125
0.9838659763336182,661,0.0
0.9849669933319092,662,-0.012890625
0.986055850982666,663,-0.02578125
0.987246036529541,664,-0.23203125
0.9886698722839355,665,-0.4125
0.9901959896087646,666,-0.837890625
