time,count,voltage
0.0044438838958740234,1,-0.20625
0.005842924118041992,2,-0.0515625
0.007066011428833008,3,0.012890625
0.008217096328735352,4,-0.012890625
0.009350061416625977,5,-0.02578125
0.010458946228027344,6,-0.2578125
0.011574983596801758,7,-0.24492187499999998
0.01282191276550293,8,-0.7863281249999999
0.013994932174682617,9,-1.4308593749999998
0.015131950378417969,10,-0.012890625
0.016314983367919922,11,-0.116015625
0.017561912536621094,12,-0.103125
0.01885509490966797,13,-0.23203125
0.024672985076904297,14,-0.167578125
0.025959014892578125,15,-0.0515625
0.02712392807006836,16,-0.193359375
0.02827000617980957,17,-0.23203125
0.02939891815185547,18,-0.7863281249999999
0.030523061752319336,19,-1.3921875
0.05094099044799805,20,-0.21914062499999998
0.05245709419250488,21,-0.103125
0.053665876388549805,22,0.0
0.0548090934753418,23,-0.20625
0.055953025817871094,24,-0.167578125
0.05709409713745117,25,0.0
0.058212995529174805,26,-0.012890625
0.059320926666259766,27,-0.064453125
0.06044888496398926,28,-0.23203125
0.06156301498413086,29,-0.20625
0.06276297569274902,30,-0.760546875
0.06388688087463379,31,-1.405078125
0.06501102447509766,32,-0.18046874999999998
0.06624507904052734,33,0.0
0.06745505332946777,34,-0.20625
0.06867003440856934,35,-0.322265625
0.06989598274230957,36,-0.103125
0.07111406326293945,37,-0.43828124999999996
0.07243108749389648,38,-0.322265625
0.07373690605163574,39,0.0
0.07498407363891602,40,-0.012890625
0.07622289657592773,41,-0.0515625
0.07747006416320801,42,-0.270703125
0.0787050724029541,43,-0.167578125
0.07992792129516602,44,-0.8765624999999999
0.0811469554901123,45,-1.546875
0.08662891387939453,46,-0.012890625
0.08854293823242188,47,-0.02578125
0.09006595611572266,48,0.38671875
0.09143400192260742,49,-0.012890625
0.0951530933380127,50,-0.02578125
0.09725809097290039,51,-0.23203125
0.09921598434448242,52,-1.5726562499999999
0.1015310287475586,53,-0.0515625
0.10310101509094238,54,-0.20625
0.10446906089782715,55,-0.23203125
0.10589003562927246,56,-0.193359375
0.10715103149414062,57,0.0
0.10843586921691895,58,-0.012890625
0.1097249984741211,59,-0.02578125
0.11096405982971191,60,-0.21914062499999998
0.12231302261352539,61,-0.23203125
0.12482810020446777,62,-0.9796874999999999
0.1267859935760498,63,-0.0515625
0.12816190719604492,64,-0.15468749999999998
0.12999391555786133,65,-0.5285156249999999
0.13181805610656738,66,-1.3921875
0.13321590423583984,67,-0.02578125
0.13438701629638672,68,-0.167578125
0.13556504249572754,69,-0.193359375
0.13671493530273438,70,-0.09023437499999999
0.13784098625183105,71,-0.322265625
0.1389460563659668,72,-0.28359375
0.14005303382873535,73,0.0
0.14115309715270996,74,0.0
0.14226603507995605,75,-0.09023437499999999
0.14352107048034668,76,-0.167578125
0.14497995376586914,77,-0.24492187499999998
0.14641404151916504,78,-0.6574218749999999
0.14796805381774902,79,-1.456640625
0.14946293830871582,80,0.0
0.15085291862487793,81,-0.20625
0.1523420810699463,82,-0.24492187499999998
0.15390801429748535,83,-0.0515625
0.15637993812561035,84,-0.23203125
0.1580660343170166,85,0.0
0.15943694114685059,86,-0.0515625
0.16106390953063965,87,-0.24492187499999998
0.16311407089233398,88,-0.116015625
0.16457509994506836,89,-1.2503906249999999
0.16579389572143555,90,-0.012890625
0.1669459342956543,91,-0.18046874999999998
0.16807889938354492,92,-0.167578125
0.16919493675231934,93,-0.23203125
0.17029690742492676,94,-0.20625
0.1714649200439453,95,-0.37382812499999996
0.17270493507385254,96,-0.23203125
0.17394590377807617,97,0.0
0.17535710334777832,98,0.0
0.17680597305297852,99,-0.0515625
0.17832589149475098,100,-0.2578125
0.17976999282836914,101,-0.5929687499999999
0.18117690086364746,102,-1.4308593749999998
0.18253493309020996,103,0.0
0.18414092063903809,104,-0.20625
0.18663787841796875,105,-0.193359375
0.18835997581481934,106,-0.37382812499999996
0.18975305557250977,107,0.038671874999999994
0.19141387939453125,108,-0.012890625
0.19341206550598145,109,-0.0515625
0.1948530673980713,110,-0.193359375
0.19606399536132812,111,-0.580078125
0.19723105430603027,112,-1.276171875
0.1983649730682373,113,-0.23203125
0.19947504997253418,114,-0.02578125
0.2005760669708252,115,-0.2578125
0.2016749382019043,116,-0.116015625
0.20280003547668457,117,-0.167578125
0.20398688316345215,118,-0.30937499999999996
0.2053980827331543,119,-0.36093749999999997
0.20683908462524414,120,-0.103125
0.20830392837524414,121,0.0
0.209791898727417,122,-0.02578125
0.21113300323486328,123,-0.193359375
0.21251702308654785,124,-0.322265625
0.21421194076538086,125,-1.147265625
0.21663308143615723,126,-0.30937499999999996
0.2181839942932129,127,-0.20625
0.21974802017211914,128,-0.15468749999999998
0.2217409610748291,129,-0.33515625
0.22330594062805176,130,0.0
0.22451400756835938,131,-0.012890625
0.22565388679504395,132,-0.09023437499999999
0.22677397727966309,133,-0.18046874999999998
0.22788095474243164,134,-0.2578125
0.2290050983428955,135,-0.4640625
0.2301170825958252,136,-1.1859374999999999
0.23122692108154297,137,-1.65
0.23235487937927246,138,0.0
0.23346400260925293,139,-0.103125
0.23465204238891602,140,-0.18046874999999998
0.23605608940124512,141,-0.20625
0.23750805854797363,142,-0.322265625
0.23895692825317383,143,-0.23203125
0.24045491218566895,144,-0.012890625
0.2418959140777588,145,-0.02578125
0.24337005615234375,146,-0.0515625
0.24477696418762207,147,-0.2578125
0.24654293060302734,148,-0.4640625
0.24876093864440918,149,-1.405078125
0.25066208839416504,150,-0.12890625
0.25217390060424805,151,-0.167578125
0.25379490852355957,152,-0.064453125
0.2557370662689209,153,-0.322265625
0.25727391242980957,154,0.0
0.25851988792419434,155,-0.012890625
0.25968503952026367,156,-0.02578125
0.26082301139831543,157,-0.29648437499999997
0.26195788383483887,158,-0.24492187499999998
0.2631549835205078,159,-0.928125
0.2642800807952881,160,-1.5984375
0.26546502113342285,161,0.012890625
0.2668581008911133,162,-0.103125
0.26828789710998535,163,-0.116015625
0.2697620391845703,164,-0.29648437499999997
0.2712850570678711,165,-0.29648437499999997
0.2727999687194824,166,-0.12890625
0.27423095703125,167,0.0
0.2755410671234131,168,-0.02578125
0.2778439521789551,169,-0.09023437499999999
0.27976202964782715,170,-0.18046874999999998
0.28122591972351074,171,-1.2503906249999999
0.282681941986084,172,0.0
0.2845449447631836,173,-0.20625
0.2863779067993164,174,-0.20625
0.2877039909362793,175,-0.33515625
0.2888669967651367,176,-0.20625
0.2899799346923828,177,-0.012890625
0.29108691215515137,178,-0.012890625
0.2922670841217041,179,-0.0515625
0.2933979034423828,180,-0.12890625
0.29451608657836914,181,-0.23203125
0.2957139015197754,182,-0.4125
0.2971658706665039,183,-1.16015625
0.29860901832580566,184,-0.9410156249999999
0.3001110553741455,185,0.0
0.30166101455688477,186,-0.12890625
0.3031430244445801,187,-0.103125
0.3045480251312256,188,-0.20625
0.3059120178222656,189,-0.15468749999999998
0.3080909252166748,190,0.0
0.3101050853729248,191,-0.0515625
0.3115689754486084,192,-0.167578125
0.31309008598327637,193,-0.54140625
0.31502199172973633,194,-1.353515625
0.3167428970336914,195,0.0
0.31803107261657715,196,0.0
0.3192000389099121,197,-0.167578125
0.3203310966491699,198,-0.18046874999999998
0.321444034576416,199,-0.30937499999999996
0.32262301445007324,200,-0.21914062499999998
0.32373905181884766,201,-0.02578125
0.3248589038848877,202,0.0
0.3260490894317627,203,-0.02578125
0.32744908332824707,204,-0.23203125
0.32889604568481445,205,-0.167578125
0.3303508758544922,206,-0.966796875
0.3318750858306885,207,-1.65
0.3334078788757324,208,-0.103125
0.33486008644104004,209,-0.0515625
0.3362700939178467,210,-0.20625
0.3384270668029785,211,-0.322265625
0.34044408798217773,212,-0.09023437499999999
0.34192395210266113,213,0.0
0.3435089588165283,214,-0.0515625
0.3454170227050781,215,-0.270703125
0.3471240997314453,216,-0.7218749999999999
0.3484690189361572,217,-1.65
0.3496410846710205,218,-0.0515625
0.3507809638977051,219,-0.103125
0.3519010543823242,220,-0.23203125
0.3530309200286865,221,-0.103125
0.35468101501464844,222,-0.322265625
0.3558979034423828,223,-0.103125
0.35714101791381836,224,0.0
0.3585538864135742,225,-0.012890625
0.360015869140625,226,-0.012890625
0.3614919185638428,227,-0.23203125
0.36304807662963867,228,-0.4640625
0.36451292037963867,229,-1.353515625
0.36594605445861816,230,0.0
0.3673419952392578,231,-0.20625
0.36945104598999023,232,-0.15468749999999998
0.3715629577636719,233,-0.103125
0.37302303314208984,234,0.18046874999999998
0.37447404861450195,235,0.0
0.3763608932495117,236,-0.0515625
0.3781299591064453,237,-0.15468749999999998
0.37947702407836914,238,-0.4125
0.38071298599243164,239,-1.2503906249999999
0.3818819522857666,240,0.0
0.3830270767211914,241,0.0
0.38414502143859863,242,-0.193359375
0.38525390625,243,-0.20625
0.3863489627838135,244,-0.103125
0.3875460624694824,245,-0.348046875
0.3889498710632324,246,-0.36093749999999997
0.390394926071167,247,-0.012890625
0.3918430805206299,248,-0.012890625
0.39346909523010254,249,-0.0515625
0.39492106437683105,250,-0.18046874999999998
0.3963460922241211,251,-0.502734375
0.39775705337524414,252,-1.340625
0.39966392517089844,253,-0.02578125
0.40198493003845215,254,-0.193359375
0.40360498428344727,255,-0.141796875
0.4050910472869873,256,-0.322265625
0.4069380760192871,257,-0.15468749999999998
0.4087510108947754,258,0.012890625
0.4100649356842041,259,-0.0515625
0.4112279415130615,260,-0.21914062499999998
0.41242408752441406,261,-0.36093749999999997
0.41356587409973145,262,-1.147265625
0.41468000411987305,263,-1.65
0.4157829284667969,264,-0.0515625
0.4168848991394043,265,-0.15468749999999998
0.4180729389190674,266,-0.116015625
0.41947197914123535,267,-0.18046874999999998
0.42090892791748047,268,-0.33515625
0.42244887351989746,269,-0.24492187499999998
0.4239780902862549,270,0.0
0.42539501190185547,271,0.0
0.4267868995666504,272,-0.0515625
0.4281620979309082,273,-0.2578125
0.43038392066955566,274,-0.502734375
0.4324300289154053,275,-1.46953125
0.43389105796813965,276,-0.116015625
0.43546295166015625,277,-0.167578125
0.43738698959350586,278,-0.141796875
0.4390408992767334,279,-0.21914062499999998
0.44034504890441895,280,0.0
0.4415168762207031,281,-0.012890625
0.44272708892822266,282,-0.012890625
0.4438591003417969,283,-0.20625
0.44498395919799805,284,-0.23203125
0.44609904289245605,285,-0.7863281249999999
0.44721007347106934,286,-1.3664062499999998
0.4484100341796875,287,-0.12890625
0.44980907440185547,288,-0.02578125
0.4512789249420166,289,-0.18046874999999998
0.45284008979797363,290,-0.193359375
0.4543919563293457,291,-0.322265625
0.4558370113372803,292,-0.20625
0.4573040008544922,293,0.0
0.4586460590362549,294,0.0
0.460813045501709,295,-0.0515625
0.46297502517700195,296,-0.167578125
0.46445608139038086,297,-1.16015625
0.46596503257751465,298,-0.0515625
0.46790289878845215,299,-0.103125
0.46956491470336914,300,-0.21914062499999998
0.4708518981933594,301,-0.30937499999999996
0.4720330238342285,302,-0.270703125
0.47327494621276855,303,-0.0515625
0.47440195083618164,304,-0.012890625
0.47551608085632324,305,-0.064453125
0.4766249656677246,306,-0.116015625
0.4779040813446045,307,-0.24492187499999998
0.48344993591308594,308,-0.36093749999999997
0.48516297340393066,309,-0.116015625
0.48661303520202637,310,-0.15468749999999998
0.4880828857421875,311,-0.37382812499999996
0.490109920501709,312,-0.193359375
0.49233293533325195,313,-0.012890625
0.4938030242919922,314,-0.0515625
0.4956800937652588,315,-0.15468749999999998
0.497514009475708,316,-0.8765624999999999
0.4987959861755371,317,-0.02578125
0.49996089935302734,318,0.0
0.5012180805206299,319,-0.0515625
0.5024709701538086,320,-0.2578125
0.5036349296569824,321,-0.064453125
0.5048019886016846,322,-0.28359375
0.5059340000152588,323,-0.20625
0.5070419311523438,324,0.012890625
0.5081629753112793,325,-0.012890625
0.5132119655609131,326,-0.012890625
0.5148799419403076,327,-1.134375
0.516334056854248,328,-0.064453125
0.5177609920501709,329,-0.21914062499999998
0.5195369720458984,330,-0.23203125
0.5220749378204346,331,-0.15468749999999998
0.5236659049987793,332,0.399609375
0.5254549980163574,333,-0.012890625
0.5274100303649902,334,-0.02578125
0.5287339687347412,335,-0.15468749999999998
0.5299110412597656,336,-0.837890625
0.5310280323028564,337,-1.4953124999999998
0.5322060585021973,338,0.0
0.5333919525146484,339,-0.064453125
0.5345189571380615,340,0.012890625
0.5356290340423584,341,-0.21914062499999998
0.5367538928985596,342,-0.09023437499999999
0.5378580093383789,343,-0.36093749999999997
0.5389618873596191,344,-0.322265625
0.5401599407196045,345,0.0
0.5415539741516113,346,-0.012890625
0.5430300235748291,347,-0.0515625
0.5445899963378906,348,-0.20625
0.5461459159851074,349,-0.270703125
0.5475430488586426,350,-1.198828125
0.5489718914031982,351,0.0
0.551084041595459,352,-0.09023437499999999
0.553260087966919,353,-0.15468749999999998
0.5547130107879639,354,-0.20625
0.5565149784088135,355,-0.07734374999999999
0.5583460330963135,356,0.0
0.5596199035644531,357,-0.0515625
0.5607919692993164,358,-0.20625
0.5619189739227295,359,-0.141796875
0.5631198883056641,360,-0.8507812499999999
0.5642590522766113,361,-1.46953125
0.5653948783874512,362,0.0
0.566511869430542,363,0.0
0.567612886428833,364,-0.15468749999999998
0.5687320232391357,365,-0.28359375
0.5698370933532715,366,-0.116015625
0.5710098743438721,367,-0.451171875
0.5724329948425293,368,-0.37382812499999996
0.5738968849182129,369,0.0
0.5754408836364746,370,0.0
0.5769839286804199,371,-0.038671874999999994
0.5783770084381104,372,-0.20625
0.5797441005706787,373,-0.64453125
0.5820660591125488,374,-1.405078125
0.5841410160064697,375,-0.167578125
0.5856380462646484,376,-0.270703125
0.5876479148864746,377,-0.0515625
0.5894038677215576,378,-0.116015625
0.5906579494476318,379,0.0
0.5918090343475342,380,-0.012890625
0.5929570198059082,381,-0.038671874999999994
0.5940840244293213,382,-0.29648437499999997
0.5952010154724121,383,-0.2578125
0.5963099002838135,384,-0.863671875
0.5974149703979492,385,-1.46953125
0.5985140800476074,386,0.0
0.5996029376983643,387,-0.02578125
0.6007020473480225,388,-0.23203125
0.6018900871276855,389,-0.21914062499999998
0.6033749580383301,390,-0.116015625
0.6048219203948975,391,-0.399609375
0.6063508987426758,392,-0.167578125
0.6078639030456543,393,-0.012890625
0.6092269420623779,394,-0.0515625
0.6105968952178955,395,-0.167578125
0.6125009059906006,396,-0.2578125
0.6149029731750488,397,-0.837890625
0.6164100170135498,398,-0.15468749999999998
0.6182069778442383,399,-0.21914062499999998
0.620128870010376,400,-0.20625
0.6214480400085449,401,-0.12890625
0.6227200031280518,402,-0.02578125
0.6238598823547363,403,0.0
0.6249730587005615,404,0.0
0.6260678768157959,405,-0.0515625
0.6271638870239258,406,-0.20625
0.6282620429992676,407,-0.322265625
0.6293690204620361,408,-0.760546875
0.6304709911346436,409,-1.340625
0.6315970420837402,410,-0.167578125
0.6328458786010742,411,0.0
0.6342489719390869,412,-0.28359375
0.6357018947601318,413,-0.270703125
0.6372768878936768,414,-0.12890625
0.6389009952545166,415,-0.2578125
0.6402699947357178,416,0.09023437499999999
0.6416590213775635,417,-0.012890625
0.6439049243927002,418,-0.0515625
0.6459128856658936,419,-0.18046874999999998
0.6473970413208008,420,-1.018359375
0.6494290828704834,421,-0.7734375
0.6511039733886719,422,-0.167578125
0.6523880958557129,423,-0.2578125
0.6535608768463135,424,-0.103125
0.6546859741210938,425,-0.28359375
0.655797004699707,426,-0.24492187499999998
0.6569030284881592,427,0.012890625
0.6579999923706055,428,-0.012890625
0.6590890884399414,429,-0.09023437499999999
0.6601920127868652,430,-0.18046874999999998
0.6613039970397949,431,-0.2578125
0.6624109745025635,432,-0.42539062499999997
0.6636109352111816,433,-1.16015625
0.6650209426879883,434,-1.65
0.6664550304412842,435,-0.012890625
0.668010950088501,436,-0.141796875
0.6695709228515625,437,-0.20625
0.6709780693054199,438,-0.33515625
0.6724159717559814,439,-0.20625
0.674752950668335,440,-0.012890625
0.6767089366912842,441,0.0
0.678199052810669,442,-0.15468749999999998
