time,count,voltage
0.005349159240722656,1,-0.322265625
0.006938934326171875,2,-0.0515625
0.008372068405151367,3,-0.02578125
0.009784936904907227,4,-0.167578125
0.011467933654785156,5,-0.580078125
0.013245105743408203,6,-0.8507812499999999
0.014987945556640625,7,-1.65
0.016788005828857422,8,-0.09023437499999999
0.018438100814819336,9,-0.23203125
0.020041942596435547,10,-0.54140625
0.02152109146118164,11,-0.37382812499999996
0.02293109893798828,12,-0.116015625
0.024316072463989258,13,0.0
0.025710105895996094,14,-0.116015625
0.027291059494018555,15,-0.33515625
0.029018163681030273,16,-0.6703125
0.030766963958740234,17,-1.2890625
0.03248715400695801,18,-0.12890625
0.03427910804748535,19,-0.2578125
0.03602194786071777,20,-0.36093749999999997
0.03781008720397949,21,-0.2578125
0.03956794738769531,22,-0.02578125
0.04128408432006836,23,-0.012890625
0.042983055114746094,24,-0.09023437499999999
0.046031951904296875,25,-0.399609375
0.04823112487792969,26,-0.992578125
0.04983401298522949,27,-0.012890625
0.05174398422241211,28,-0.399609375
0.05400395393371582,29,-0.4125
0.060021162033081055,30,-0.322265625
0.06192302703857422,31,-0.4125
0.06348800659179688,32,-0.9796874999999999
0.06495904922485352,33,-1.65
0.06687307357788086,34,-0.103125
0.06835508346557617,35,-0.29648437499999997
0.06980609893798828,36,-0.7476562499999999
0.07121896743774414,37,-0.2578125
0.0726621150970459,38,-0.29648437499999997
0.07407808303833008,39,0.0
0.07547211647033691,40,-0.012890625
0.07696700096130371,41,-0.21914062499999998
0.07834601402282715,42,-0.6187499999999999
0.07975316047668457,43,-1.044140625
0.08111000061035156,44,-1.65
0.0824580192565918,45,-0.02578125
0.08380794525146484,46,-0.2578125
0.08525705337524414,47,-0.270703125
0.08696508407592773,48,-0.6703125
0.08855009078979492,49,-0.476953125
0.09025216102600098,50,-0.0515625
0.0919950008392334,51,-0.0515625
0.09391403198242188,52,-0.20625
0.09578704833984375,53,-0.605859375
0.09742093086242676,54,-1.26328125
0.09907007217407227,55,0.0
0.10179305076599121,56,-0.399609375
0.1042330265045166,57,-0.4125
0.10622715950012207,58,-0.322265625
0.10801410675048828,59,-0.012890625
0.1101219654083252,60,-0.116015625
0.11181807518005371,61,-0.43828124999999996
0.11311101913452148,62,-1.018359375
0.11427998542785645,63,-1.65
0.11541295051574707,64,-0.07734374999999999
0.11668801307678223,65,-0.24492187499999998
0.11817002296447754,66,-0.322265625
0.11963796615600586,67,-0.6703125
0.12120509147644043,68,-0.399609375
0.12268400192260742,69,-0.20625
0.12408995628356934,70,0.012890625
0.12565898895263672,71,-0.07734374999999999
0.12807202339172363,72,-0.2578125
0.12992215156555176,73,-0.580078125
0.1313941478729248,74,-1.65
0.1334991455078125,75,0.02578125
0.1350851058959961,76,-0.36093749999999997
0.13649797439575195,77,-0.322265625
0.1376631259918213,78,-0.5285156249999999
0.13879895210266113,79,-0.37382812499999996
0.1399381160736084,80,0.012890625
0.14109015464782715,81,-0.02578125
0.14221405982971191,82,-0.116015625
0.1433579921722412,83,-0.4125
0.14446210861206055,84,-0.760546875
0.14559006690979004,85,-0.928125
0.14677000045776367,86,-1.533984375
0.14813804626464844,87,0.0
0.1496291160583496,88,0.0
0.15125703811645508,89,-0.270703125
0.15285015106201172,90,-0.48984374999999997
0.1543419361114502,91,-0.4125
0.15601801872253418,92,-0.193359375
0.15816116333007812,93,-0.012890625
0.16051006317138672,94,-0.07734374999999999
0.16201496124267578,95,-0.54140625
0.16356611251831055,96,-1.16015625
0.16564607620239258,97,-1.533984375
0.16727304458618164,98,-0.20625
0.16858506202697754,99,-0.4125
0.16974902153015137,100,-0.605859375
0.17091703414916992,101,-0.4640625
0.1721329689025879,102,-0.36093749999999997
0.17333102226257324,103,0.02578125
0.17445802688598633,104,-0.012890625
0.175584077835083,105,-0.103125
0.17678403854370117,106,-0.322265625
0.1782071590423584,107,-0.734765625
0.1796560287475586,108,-1.044140625
0.18117213249206543,109,-1.65
0.1827249526977539,110,0.0
0.18421697616577148,111,-0.322265625
0.18569016456604004,112,-0.399609375
0.18714404106140137,113,-0.20625
0.190338134765625,114,-0.270703125
0.1920149326324463,115,-0.012890625
0.1935560703277588,116,-0.15468749999999998
0.19567203521728516,117,-0.580078125
0.19735193252563477,118,-1.1859374999999999
0.19863200187683105,119,-0.0515625
0.1998729705810547,120,-0.2578125
0.20101714134216309,121,-0.29648437499999997
0.20215106010437012,122,-0.43828124999999996
0.20330405235290527,123,-0.23203125
0.20442509651184082,124,-0.43828124999999996
0.2055981159210205,125,-0.322265625
0.20681405067443848,126,0.012890625
0.2082350254058838,127,-0.0515625
0.20971298217773438,128,-0.193359375
0.2112751007080078,129,-0.54140625
0.21300601959228516,130,-0.7863281249999999
0.21448612213134766,131,-1.65
0.21615004539489746,132,-0.103125
0.2179851531982422,133,-0.28359375
0.22063612937927246,134,-0.37382812499999996
0.22233915328979492,135,0.0515625
0.22400712966918945,136,0.012890625
0.2261049747467041,137,-0.02578125
0.22766399383544922,138,-0.30937499999999996
0.228956937789917,139,-0.580078125
0.23014211654663086,140,-1.340625
0.23132610321044922,141,-0.0515625
0.2324531078338623,142,0.0
0.23356294631958008,143,-0.29648437499999997
0.23467612266540527,144,-0.30937499999999996
0.2358410358428955,145,-0.6703125
0.2370610237121582,146,-0.23203125
0.23847198486328125,147,-0.37382812499999996
0.24004316329956055,148,-0.116015625
0.24163103103637695,149,-0.012890625
0.2432560920715332,150,-0.167578125
0.24477195739746094,151,-0.54140625
0.24630498886108398,152,-0.8765624999999999
0.24770498275756836,153,-1.65
0.2500889301300049,154,-0.103125
0.25197410583496094,155,-0.270703125
0.25345611572265625,156,-0.43828124999999996
0.2554619312286377,157,-0.4640625
0.257357120513916,158,-0.12890625
0.25873398780822754,159,-0.0515625
0.25992894172668457,160,-0.20625
0.26113104820251465,161,-0.6574218749999999
0.26228904724121094,162,-0.8765624999999999
0.26343607902526855,163,-1.4953124999999998
0.2645559310913086,164,0.0
0.2657461166381836,165,-0.038671874999999994
0.2668900489807129,166,-0.30937499999999996
0.26811909675598145,167,-0.28359375
0.26960301399230957,168,-0.5671875
0.27108001708984375,169,-0.37382812499999996
0.27275514602661133,170,-0.167578125
0.27432703971862793,171,0.0
0.2757871150970459,172,-0.0515625
0.2772810459136963,173,-0.322265625
0.27983999252319336,174,-0.64453125
0.28155994415283203,175,-1.46953125
0.28305697441101074,176,-0.18046874999999998
0.28533101081848145,177,-0.30937499999999996
0.2868931293487549,178,-0.4640625
0.28815793991088867,179,-0.4125
0.2893221378326416,180,-0.167578125
0.2904541492462158,181,-0.02578125
0.2917499542236328,182,-0.103125
0.29293394088745117,183,-0.20625
0.2940690517425537,184,-0.580078125
0.29535508155822754,185,-0.7863281249999999
0.2965199947357178,186,-1.340625
0.29764699935913086,187,-0.8121093749999999
0.2988259792327881,188,0.0
0.30030107498168945,189,-0.2578125
0.30181002616882324,190,-0.29648437499999997
0.3034670352935791,191,-0.21914062499999998
0.3051011562347412,192,-0.33515625
0.3066871166229248,193,-0.15468749999999998
0.30814695358276367,194,-0.02578125
0.3102879524230957,195,-0.20625
0.31261610984802246,196,-0.5929687499999999
0.3141191005706787,197,-1.405078125
0.3157839775085449,198,0.0
0.31789207458496094,199,-0.2578125
0.31949901580810547,200,-0.451171875
0.3207581043243408,201,-0.5285156249999999
0.3219289779663086,202,-0.322265625
0.3230769634246826,203,0.012890625
0.3242340087890625,204,0.0
0.32540392875671387,205,-0.09023437499999999
0.3265500068664551,206,-0.322265625
0.3276989459991455,207,-0.6703125
0.3288991451263428,208,-0.8507812499999999
0.33031702041625977,209,-1.46953125
0.3318440914154053,210,-0.09023437499999999
0.3334801197052002,211,-0.20625
0.33501100540161133,212,-0.2578125
0.3366060256958008,213,-0.7476562499999999
0.33808302879333496,214,-0.5671875
0.34001612663269043,215,-0.21914062499999998
0.34246397018432617,216,-0.012890625
0.3440561294555664,217,-0.20625
0.3458240032196045,218,-0.5671875
0.34853196144104004,219,-1.2374999999999998
0.34998297691345215,220,-0.18046874999999998
0.3512110710144043,221,-0.23203125
0.35239315032958984,222,-0.5929687499999999
0.353532075881958,223,-0.103125
0.35464906692504883,224,-0.28359375
0.3558650016784668,225,-0.2578125
0.3570060729980469,226,-0.012890625
0.3581371307373047,227,-0.02578125
0.35939693450927734,228,-0.23203125
0.360821008682251,229,-0.580078125
0.36228299140930176,230,-0.8121093749999999
0.3639090061187744,231,-1.46953125
0.36554694175720215,232,0.0
0.3670339584350586,233,-0.29648437499999997
0.3686201572418213,234,-0.270703125
0.3706519603729248,235,-0.29648437499999997
0.3730430603027344,236,-0.38671875
0.37454915046691895,237,-0.02578125
0.3763279914855957,238,-0.141796875
0.3783531188964844,239,-0.451171875
0.3802621364593506,240,-0.90234375
0.38153505325317383,241,-0.02578125
0.3826940059661865,242,-0.20625
0.3838651180267334,243,-0.43828124999999996
0.3850071430206299,244,-0.322265625
0.38625311851501465,245,-0.399609375
0.3873910903930664,246,-0.2578125
0.3885080814361572,247,-0.270703125
0.38973212242126465,248,-0.0515625
0.39115214347839355,249,-0.012890625
0.3928091526031494,250,-0.116015625
0.39447712898254395,251,-0.48984374999999997
0.39621996879577637,252,-0.7476562499999999
0.39771294593811035,253,-1.6371093749999999
0.3991861343383789,254,-0.0515625
0.4011721611022949,255,-0.28359375
0.4035670757293701,256,-0.4125
0.4052600860595703,257,-0.2578125
0.40680408477783203,258,0.15468749999999998
0.4088261127471924,259,-0.02578125
0.41053104400634766,260,-0.20625
0.4118969440460205,261,-0.5671875
0.4131159782409668,262,-1.198828125
0.41427016258239746,263,-1.65
0.415424108505249,264,-0.167578125
0.4165630340576172,265,-0.2578125
0.4176950454711914,266,-0.29648437499999997
0.4188230037689209,267,-0.6703125
0.42000699043273926,268,-0.322265625
0.4215240478515625,269,-0.4640625
0.4229929447174072,270,-0.15468749999999998
0.42466115951538086,271,-0.012890625
0.4262199401855469,272,-0.064453125
0.4277329444885254,273,-0.515625
0.42923712730407715,274,-0.760546875
0.4310290813446045,275,-1.5082031249999999
0.4335501194000244,276,0.0
0.43512415885925293,277,-0.23203125
0.43677711486816406,278,-0.515625
0.43886303901672363,279,-0.734765625
0.4406459331512451,280,-0.02578125
0.44194507598876953,281,-0.0515625
0.44312500953674316,282,-0.20625
0.4443540573120117,283,-0.6187499999999999
0.44553112983703613,284,-0.837890625
0.4466731548309326,285,-1.456640625
0.44783997535705566,286,-0.012890625
0.4489591121673584,287,-0.09023437499999999
0.45018911361694336,288,-0.29648437499999997
0.4515869617462158,289,-0.270703125
0.4531519412994385,290,-0.554296875
0.4546201229095459,291,-0.20625
0.456341028213501,292,-0.038671874999999994
0.4578399658203125,293,-0.012890625
0.45937013626098633,294,-0.141796875
0.4612100124359131,295,-0.4125
0.4638230800628662,296,-0.6832031249999999
0.46547698974609375,297,-1.2374999999999998
0.46689510345458984,298,-0.23203125
0.4688889980316162,299,-0.28359375
0.47077107429504395,300,-0.322265625
0.4721660614013672,301,-0.09023437499999999
0.4733760356903076,302,0.0
0.4745190143585205,303,-0.064453125
0.4757840633392334,304,-0.167578125
0.4769761562347412,305,-0.4640625
0.4783611297607422,306,-0.7476562499999999
0.47953009605407715,307,-1.2503906249999999
0.4808011054992676,308,-1.65
0.4822089672088623,309,0.0
0.4836411476135254,310,-0.36093749999999997
0.4853229522705078,311,-0.30937499999999996
0.486936092376709,312,-0.36093749999999997
0.4884531497955322,313,-0.33515625
0.48993802070617676,314,0.012890625
0.4919779300689697,315,-0.02578125
0.4944460391998291,316,-0.12890625
0.49618101119995117,317,-0.48984374999999997
0.49781107902526855,318,-1.533984375
0.4997689723968506,319,-0.038671874999999994
0.5014441013336182,320,-0.2578125
0.5027279853820801,321,-0.734765625
0.5039300918579102,322,-0.37382812499999996
0.5050790309906006,323,-0.322265625
0.5063419342041016,324,-0.0515625
0.5074989795684814,325,-0.02578125
0.5086791515350342,326,-0.09023437499999999
0.5098350048065186,327,-0.28359375
0.5110650062561035,328,-0.6574218749999999
0.512566089630127,329,-0.8765624999999999
0.5140120983123779,330,-1.611328125
0.5155529975891113,331,0.0
0.517225980758667,332,-0.20625
0.5187139511108398,333,-0.2578125
0.5202350616455078,334,-0.29648437499999997
0.5224530696868896,335,-0.4640625
0.5246961116790771,336,0.0
0.5262069702148438,337,-0.09023437499999999
0.527846097946167,338,-0.43828124999999996
0.5298850536346436,339,-0.6703125
0.531425952911377,340,-1.65
0.5327019691467285,341,-0.116015625
0.5339159965515137,342,-0.36093749999999997
0.5350661277770996,343,-0.38671875
0.5363321304321289,344,-0.515625
0.537477970123291,345,-0.631640625
0.5386099815368652,346,-0.515625
0.539776086807251,347,0.0
0.5410020351409912,348,-0.012890625
0.5424280166625977,349,-0.12890625
0.5439579486846924,350,-0.322265625
0.545586109161377,351,-0.5285156249999999
0.5472030639648438,352,-1.16015625
0.5486690998077393,353,-0.09023437499999999
0.5502090454101562,354,-0.29648437499999997
0.5523991584777832,355,-0.37382812499999996
0.5545840263366699,356,-0.322265625
0.5561630725860596,357,0.141796875
0.5580780506134033,358,0.0
0.5598981380462646,359,-0.103125
0.5619070529937744,360,-0.476953125
0.5634710788726807,361,-1.018359375
0.5648150444030762,362,0.0
0.5660231113433838,363,-0.116015625
0.5671710968017578,364,-0.29648437499999997
0.5683460235595703,365,-0.37382812499999996
0.5694639682769775,366,-0.33515625
0.570573091506958,367,-0.322265625
0.571843147277832,368,-0.4125
0.5733010768890381,369,-0.09023437499999999
0.5747580528259277,370,-0.012890625
0.5764751434326172,371,-0.167578125
0.5780229568481445,372,-0.54140625
0.5794510841369629,373,-0.90234375
0.5810511112213135,374,-1.65
0.5836319923400879,375,-0.09023437499999999
0.5852999687194824,376,-0.2578125
0.5868830680847168,377,-0.2578125
0.5891940593719482,378,-0.37382812499999996
0.5907590389251709,379,0.0
0.5920391082763672,380,-0.02578125
0.5931980609893799,381,-0.33515625
0.5943231582641602,382,-0.708984375
0.595782995223999,383,-0.889453125
0.5969810485839844,384,-1.46953125
0.5982489585876465,385,0.0
0.5994329452514648,386,-0.33515625
0.6005661487579346,387,-0.2578125
0.6017861366271973,388,-0.399609375
0.6032099723815918,389,-0.64453125
0.6047611236572266,390,-0.4640625
0.6063690185546875,391,-0.103125
0.6080560684204102,392,-0.012890625
0.6095020771026611,393,-0.12890625
0.6109509468078613,394,-0.4640625
0.6130621433258057,395,-0.6832031249999999
0.6154980659484863,396,-1.456640625
0.617042064666748,397,-0.270703125
0.6186201572418213,398,-0.28359375
0.6207849979400635,399,-0.322265625
0.6224300861358643,400,-0.21914062499999998
0.6237001419067383,401,0.0
0.624859094619751,402,-0.0515625
0.6260149478912354,403,-0.20625
0.6271419525146484,404,-0.5285156249999999
0.628291130065918,405,-0.734765625
0.6294400691986084,406,-1.2374999999999998
0.6305539608001709,407,-1.65
0.6317729949951172,408,0.012890625
0.6331961154937744,409,-0.20625
0.6346471309661865,410,-0.322265625
0.6364340782165527,411,-0.451171875
0.6384170055389404,412,-0.2578125
0.6403040885925293,413,0.038671874999999994
0.6417341232299805,414,-0.0515625
0.6439440250396729,415,-0.20625
0.6462061405181885,416,-0.631640625
0.6476740837097168,417,-1.6371093749999999
0.6492950916290283,418,-0.0515625
0.6513681411743164,419,-0.28359375
0.6529369354248047,420,-0.4640625
0.6541590690612793,421,-0.20625
0.6554510593414307,422,-0.15468749999999998
0.656620979309082,423,0.012890625
0.6577510833740234,424,0.0
0.658858060836792,425,-0.12890625
0.6599681377410889,426,-0.42539062499999997
0.6611051559448242,427,-0.7734375
0.6623210906982422,428,-0.9796874999999999
0.663748025894165,429,-1.585546875
0.665168046951294,430,0.0
0.6667859554290771,431,-0.20625
0.6684780120849609,432,-0.21914062499999998
0.6700060367584229,433,-0.605859375
0.671518087387085,434,-0.515625
0.6736540794372559,435,-0.18046874999999998
0.6757960319519043,436,-0.012890625
0.6773231029510498,437,-0.29648437499999997
0.6796460151672363,438,-0.5929687499999999
0.6815919876098633,439,-1.533984375
0.6829550266265869,440,-0.193359375
0.6841959953308105,441,-0.30937499999999996
0.6855030059814453,442,-0.4640625
0.6869220733642578,443,-0.30937499999999996
0.6881179809570312,444,-0.36093749999999997
0.689255952835083,445,-0.0515625
0.6903679370880127,446,-0.02578125
0.691472053527832,447,-0.09023437499999999
0.6927170753479004,448,-0.23203125
0.6941671371459961,449,-0.6187499999999999
0.6956501007080078,450,-0.7734375
0.6972191333770752,451,-1.4953124999999998
0.6987471580505371,452,-0.012890625
0.7002720832824707,453,-0.24492187499999998
0.7021369934082031,454,-0.270703125
0.7045669555664062,455,-0.30937499999999996
0.7065150737762451,456,-0.02578125
0.7079470157623291,457,-0.012890625
0.7095839977264404,458,-0.15468749999999998
0.7116689682006836,459,-0.476953125
0.7131619453430176,460,-0.9152343749999999
0.7144041061401367,461,-1.6371093749999999
0.7155749797821045,462,-0.064453125
0.7168049812316895,463,-0.322265625
0.7179710865020752,464,-0.37382812499999996
0.7190921306610107,465,-0.631640625
0.7202229499816895,466,-0.37382812499999996
0.7213270664215088,467,-0.4125
0.7224290370941162,468,-0.24492187499999998
0.7236289978027344,469,0.0
0.7250940799713135,470,-0.0515625
0.7266991138458252,471,-0.20625
0.7282929420471191,472,-0.580078125
0.7297930717468262,473,-1.095703125
0.73117995262146,474,-1.65
0.7325990200042725,475,-0.0515625
0.7351391315460205,476,-0.33515625
0.7371180057525635,477,-0.36093749999999997
0.7385380268096924,478,-0.20625
0.740462064743042,479,0.0
0.7424240112304688,480,-0.103125
0.7438139915466309,481,-0.322265625
0.7450101375579834,482,-0.580078125
0.7462561130523682,483,-1.16015625
0.7474391460418701,484,-1.65
0.7485980987548828,485,-0.0515625
0.7497320175170898,486,-0.2578125
0.7508420944213867,487,-0.270703125
0.7519731521606445,488,-0.64453125
0.7530889511108398,489,-0.322265625
0.7542870044708252,490,-0.451171875
0.7557120323181152,491,-0.29648437499999997
0.7571821212768555,492,0.012890625
0.7587461471557617,493,-0.0515625
0.7603139877319336,494,-0.23203125
0.761681079864502,495,-0.6187499999999999
0.7630829811096191,496,-1.147265625
0.7654991149902344,497,-1.65
0.7675600051879883,498,-0.193359375
0.7690320014953613,499,-0.4125
0.7707581520080566,500,-0.012890625
0.7729251384735107,501,-0.103125
0.7743289470672607,502,-0.012890625
0.7755651473999023,503,-0.193359375
0.776731014251709,504,-0.43828124999999996
0.7778749465942383,505,-0.7863281249999999
0.7789890766143799,506,-1.147265625
0.7801370620727539,507,-1.65
0.7812740802764893,508,0.0
0.7823710441589355,509,-0.193359375
0.7834980487823486,510,-0.322265625
0.7847440242767334,511,-0.270703125
0.7865829467773438,512,-0.6703125
0.7880420684814453,513,-0.580078125
0.7897429466247559,514,-0.20625
0.791283130645752,515,-0.012890625
0.7928030490875244,516,-0.167578125
0.7944841384887695,517,-0.476953125
0.7971179485321045,518,-0.734765625
0.7987210750579834,519,-0.30937499999999996
0.8001620769500732,520,-0.2578125
0.8020069599151611,521,-0.30937499999999996
0.8041341304779053,522,-0.29648437499999997
0.8057570457458496,523,0.0
0.8070061206817627,524,-0.0515625
0.8081691265106201,525,-0.0515625
0.8092961311340332,526,-0.21914062499999998
0.8104441165924072,527,-0.580078125
0.811561107635498,528,-0.734765625
0.8127470016479492,529,-1.2374999999999998
0.8138940334320068,530,-1.65
0.8150789737701416,531,-0.012890625
0.8166470527648926,532,-0.33515625
0.8180899620056152,533,-0.30937499999999996
0.8196511268615723,534,-0.515625
0.8213181495666504,535,-0.2578125
0.8227529525756836,536,-0.0515625
0.8242330551147461,537,0.0
0.8258121013641357,538,-0.09023437499999999
0.8284411430358887,539,-0.4125
0.8301329612731934,540,-0.928125
0.8316230773925781,541,-0.0515625
0.833543062210083,542,-0.141796875
0.835407018661499,543,-0.2578125
0.8367691040039062,544,-0.29648437499999997
0.8379991054534912,545,-0.322265625
0.8391399383544922,546,-0.09023437499999999
0.8402869701385498,547,-0.012890625
0.8413970470428467,548,-0.0515625
0.8424921035766602,549,-0.270703125
0.8435969352722168,550,-0.5929687499999999
0.8447811603546143,551,-0.837890625
0.846189022064209,552,-1.2374999999999998
0.8476691246032715,553,-1.65
0.8490879535675049,554,-0.012890625
0.8506350517272949,555,-0.29648437499999997
0.8521549701690674,556,-0.33515625
0.8536770343780518,557,-0.2578125
0.8551349639892578,558,-0.20625
0.8573040962219238,559,0.0515625
0.8595759868621826,560,-0.064453125
0.8611409664154053,561,-0.33515625
0.8626999855041504,562,-0.7734375
0.8646960258483887,563,-1.5082031249999999
0.8662760257720947,564,-0.07734374999999999
0.8675711154937744,565,-0.24492187499999998
0.8688390254974365,566,-0.476953125
0.8700110912322998,567,-0.21914062499999998
0.8711380958557129,568,-0.29648437499999997
0.8722829818725586,569,-0.20625
0.8733971118927002,570,-0.012890625
0.8745031356811523,571,-0.0515625
0.8756129741668701,572,-0.18046874999999998
0.8769111633300781,573,-0.476953125
0.8783259391784668,574,-0.7476562499999999
0.8797731399536133,575,-1.2503906249999999
0.8813600540161133,576,-0.8765624999999999
0.8828909397125244,577,-0.103125
0.8843939304351807,578,-0.322265625
0.886368989944458,579,-0.5671875
0.8888421058654785,580,-0.2578125
0.890761137008667,581,0.0515625
0.8923001289367676,582,-0.09023437499999999
0.8941099643707275,583,-0.37382812499999996
0.8965530395507812,584,-0.6574218749999999
0.8979439735412598,585,-1.65
0.8991169929504395,586,-0.15468749999999998
0.9003269672393799,587,-0.36093749999999997
0.9015021324157715,588,-0.37382812499999996
0.9026429653167725,589,-0.348046875
0.9037880897521973,590,-0.29648437499999997
0.9049170017242432,591,-0.29648437499999997
0.9061391353607178,592,-0.167578125
0.9074499607086182,593,-0.02578125
0.9090149402618408,594,-0.07734374999999999
0.9104499816894531,595,-0.399609375
0.912135124206543,596,-0.64453125
0.9136860370635986,597,-1.340625
0.9150741100311279,598,0.0
0.9167599678039551,599,-0.20625
0.9191019535064697,600,-0.2578125
0.9211549758911133,601,-0.270703125
0.9226040840148926,602,0.09023437499999999
0.9244580268859863,603,0.012890625
0.9267251491546631,604,-0.09023437499999999
0.9281530380249023,605,-0.502734375
0.9293510913848877,606,-1.03125
0.9304990768432617,607,-1.65
0.9316079616546631,608,0.0
0.9327409267425537,609,-0.21914062499999998
0.9339029788970947,610,-0.30937499999999996
0.9350321292877197,611,-0.4125
0.9362659454345703,612,-0.580078125
0.9375391006469727,613,-0.554296875
0.9389970302581787,614,-0.399609375
0.9405591487884521,615,-0.012890625
0.942188024520874,616,-0.0515625
0.9437670707702637,617,-0.270703125
0.9452731609344482,618,-0.605859375
0.9467411041259766,619,-1.2374999999999998
0.9489419460296631,620,0.0
0.9510791301727295,621,-0.20625
0.9526450634002686,622,-0.348046875
0.954272985458374,623,-0.36093749999999997
0.9565129280090332,624,-0.24492187499999998
0.9580481052398682,625,-0.012890625
0.9592499732971191,626,-0.167578125
0.9604649543762207,627,-0.515625
0.9615850448608398,628,-0.7476562499999999
0.9626951217651367,629,-1.2890625
0.9637939929962158,630,-1.65
0.9649381637573242,631,0.012890625
0.9661531448364258,632,-0.28359375
0.9675109386444092,633,-0.554296875
0.9689681529998779,634,-0.43828124999999996
0.9704101085662842,635,-0.28359375
0.9720809459686279,636,-0.29648437499999997
0.97371506690979,637,-0.012890625
0.9752471446990967,638,-0.0515625
0.9768869876861572,639,-0.21914062499999998
0.9792251586914062,640,-0.580078125
0.9812431335449219,641,-1.327734375
0.9826769828796387,642,-0.09023437499999999
0.9844739437103271,643,-0.23203125
0.9864840507507324,644,-0.4125
0.9880111217498779,645,-0.20625
0.9892449378967285,646,0.103125
0.9903991222381592,647,-0.012890625
0.9915399551391602,648,-0.02578125
0.9926731586456299,649,-0.23203125
0.9939999580383301,650,-0.6703125
0.9952621459960938,651,-0.8121093749999999
0.9964470863342285,652,-1.4308593749999998
0.9977390766143799,653,-0.012890625
0.9991631507873535,654,-0.09023437499999999
