time,count,voltage
0.005026817321777344,1,0.42539062499999997
0.0065460205078125,2,0.012890625
0.007730007171630859,3,-0.02578125
0.008867025375366211,4,-0.37382812499999996
0.009992837905883789,5,-0.580078125
0.011329889297485352,6,-1.018359375
0.012790918350219727,7,-1.65
0.014392852783203125,8,0.0
0.015787839889526367,9,-0.064453125
0.01717996597290039,10,-0.30937499999999996
0.018431901931762695,11,-0.28359375
0.019589900970458984,12,-0.43828124999999996
0.0207369327545166,13,-0.23203125
0.021867036819458008,14,0.0
0.022972822189331055,15,0.012890625
0.02411198616027832,16,-0.012890625
0.025236845016479492,17,-0.270703125
0.026512861251831055,18,-0.5929687499999999
0.02797698974609375,19,-0.889453125
0.029451847076416016,20,-1.65
0.031001806259155273,21,0.0
0.03251194953918457,22,-0.0515625
0.03391098976135254,23,-0.36093749999999997
0.03533291816711426,24,-0.30937499999999996
0.0367279052734375,25,-0.38671875
0.038156986236572266,26,-0.12890625
0.04062795639038086,27,0.012890625
0.04233193397521973,28,-0.0515625
0.04376101493835449,29,-0.451171875
0.045610904693603516,30,-1.0570312499999999
0.04746389389038086,31,0.0
0.04883694648742676,32,-0.064453125
0.05002188682556152,33,-0.20625
0.051162004470825195,34,-0.322265625
0.05228781700134277,35,-0.4125
0.05341696739196777,36,-0.4125
0.05461382865905762,37,-0.193359375
0.055757999420166016,38,-0.012890625
0.05686688423156738,39,0.0
0.05795788764953613,40,-0.0515625
0.05904793739318848,41,-0.4125
0.0601499080657959,42,-0.6187499999999999
0.06125783920288086,43,-1.134375
0.062355995178222656,44,-1.65
0.0634758472442627,45,0.0
0.0645899772644043,46,-0.012890625
0.06569981575012207,47,-0.23203125
0.06679892539978027,48,-0.36093749999999997
0.06790781021118164,49,-0.2578125
0.06901383399963379,50,-0.322265625
0.07012295722961426,51,-0.322265625
0.07124495506286621,52,-0.103125
0.07236289978027344,53,0.0
0.07344293594360352,54,0.012890625
0.07457685470581055,55,-0.02578125
0.07574987411499023,56,-0.451171875
0.07698988914489746,57,-0.605859375
0.0784308910369873,58,-1.16015625
0.07988381385803223,59,-1.6371093749999999
0.08144783973693848,60,0.0
0.08289599418640137,61,-0.103125
0.08434391021728516,62,-0.4640625
0.0857689380645752,63,-0.18046874999999998
0.08800101280212402,64,-0.09023437499999999
0.09000492095947266,65,0.012890625
0.0914759635925293,66,-0.02578125
0.09299993515014648,67,-0.4125
0.09494900703430176,68,-0.5929687499999999
0.09668183326721191,69,-1.6242187499999998
0.09798097610473633,70,0.0
0.09913897514343262,71,-0.193359375
0.10027384757995605,72,-0.399609375
0.10142397880554199,73,-0.37382812499999996
0.1026148796081543,74,-0.23203125
0.1040799617767334,75,-0.21914062499999998
0.1053168773651123,76,-0.012890625
0.10658597946166992,77,0.0
0.10799598693847656,78,-0.012890625
0.10945796966552734,79,-0.399609375
0.11099100112915039,80,-0.580078125
0.11258387565612793,81,-1.405078125
0.1140279769897461,82,0.0
0.11541891098022461,83,0.0
0.11731100082397461,84,-0.20625
0.11952781677246094,85,-0.399609375
0.12097597122192383,86,-0.012890625
0.12270092964172363,87,0.0
0.12459897994995117,88,0.012890625
0.12615299224853516,89,-0.29648437499999997
0.12741994857788086,90,-0.631640625
0.12858200073242188,91,-1.3792968749999999
0.12972593307495117,92,0.0
0.130842924118042,93,0.0
0.13194894790649414,94,-0.167578125
0.1330559253692627,95,-0.20625
0.1341848373413086,96,-0.43828124999999996
0.13530302047729492,97,-0.103125
0.13649201393127441,98,-0.30937499999999996
0.13789582252502441,99,-0.15468749999999998
0.1393890380859375,100,0.0
0.14092302322387695,101,-0.012890625
0.14246892929077148,102,-0.20625
0.1439049243927002,103,-0.5285156249999999
0.14541387557983398,104,-1.21171875
0.14676380157470703,105,0.012890625
0.14919495582580566,106,-0.0515625
0.1513228416442871,107,-0.21914062499999998
0.15311598777770996,108,-0.23203125
0.15494298934936523,109,0.116015625
0.15691399574279785,110,0.012890625
0.1585679054260254,111,-0.012890625
0.15987086296081543,112,-0.4125
0.16104602813720703,113,-0.8507812499999999
0.16218781471252441,114,-1.546875
0.16330194473266602,115,0.0
0.16449403762817383,116,-0.02578125
0.16562795639038086,117,-0.116015625
0.16683101654052734,118,-0.33515625
0.16824793815612793,119,-0.2578125
0.16970396041870117,120,-0.20625
0.17124581336975098,121,0.012890625
0.17275691032409668,122,0.0
0.17423486709594727,123,-0.012890625
0.1757049560546875,124,-0.2578125
0.17720699310302734,125,-0.54140625
0.179703950881958,126,-1.198828125
0.18142199516296387,127,0.0
0.18279385566711426,128,-0.12890625
0.18448185920715332,129,-0.451171875
0.18654680252075195,130,-0.167578125
0.1880629062652588,131,0.193359375
0.18933582305908203,132,0.0
0.19049596786499023,133,-0.012890625
0.19163203239440918,134,-0.167578125
0.19274401664733887,135,-0.54140625
0.19387197494506836,136,-0.708984375
0.19499993324279785,137,-1.340625
0.19613885879516602,138,-0.21914062499999998
0.1973869800567627,139,0.0
0.1987438201904297,140,-0.012890625
0.2001948356628418,141,-0.20625
0.20163702964782715,142,-0.4125
0.20317888259887695,143,-0.23203125
0.2046678066253662,144,0.012890625
0.20622897148132324,145,0.0
0.20765399932861328,146,-0.02578125
0.20978999137878418,147,-0.28359375
0.21194100379943848,148,-0.580078125
0.21343088150024414,149,-0.9152343749999999
0.2150108814239502,150,0.0
0.2169179916381836,151,-0.167578125
0.21861481666564941,152,-0.348046875
0.21991491317749023,153,-0.37382812499999996
0.22112298011779785,154,-0.09023437499999999
0.22231698036193848,155,0.0
0.22354698181152344,156,-0.012890625
0.22472691535949707,157,-0.0515625
0.22585797309875488,158,-0.43828124999999996
0.22697901725769043,159,-0.6187499999999999
0.22818684577941895,160,-1.198828125
0.22959685325622559,161,-1.65
0.23107099533081055,162,0.0
0.23256301879882812,163,-0.193359375
0.23406386375427246,164,-0.28359375
0.23551082611083984,165,-0.21914062499999998
0.2369849681854248,166,-0.21914062499999998
0.23837995529174805,167,0.07734374999999999
0.24072790145874023,168,-0.012890625
0.24269390106201172,169,-0.02578125
0.24425482749938965,170,-0.4125
0.24587297439575195,171,-1.340625
0.24782681465148926,172,0.0
0.2494049072265625,173,-0.103125
0.25066590309143066,174,-0.43828124999999996
0.2518348693847656,175,-0.21914062499999998
0.2529869079589844,176,-0.322265625
0.2541499137878418,177,-0.167578125
0.2552769184112549,178,0.0
0.25638580322265625,179,0.0
0.25748300552368164,180,-0.0515625
0.25866103172302246,181,-0.322265625
0.2600588798522949,182,-0.605859375
0.261516809463501,183,-1.00546875
0.26302003860473633,184,-1.65
0.2645859718322754,185,0.012890625
0.2660369873046875,186,-0.09023437499999999
0.26743483543395996,187,-0.43828124999999996
0.26880884170532227,188,-0.20625
0.27115797996520996,189,-0.20625
0.273162841796875,190,0.0
0.2746999263763428,191,-0.02578125
0.27633094787597656,192,-0.42539062499999997
0.2783010005950928,193,-0.6187499999999999
0.2799060344696045,194,-1.65
0.2811729907989502,195,-0.0515625
0.28232502937316895,196,-0.141796875
0.2834439277648926,197,-0.30937499999999996
0.2846658229827881,198,-0.38671875
0.28585386276245117,199,-0.322265625
0.28699493408203125,200,-0.2578125
0.2881159782409668,201,0.012890625
0.28934597969055176,202,0.012890625
0.29076695442199707,203,-0.012890625
0.29224181175231934,204,-0.193359375
0.2939939498901367,205,-0.54140625
0.29557180404663086,206,-1.134375
0.2969248294830322,207,0.0
0.2982048988342285,208,-0.12890625
0.30013298988342285,209,-0.141796875
0.30231285095214844,210,-0.37382812499999996
0.30385589599609375,211,-0.29648437499999997
0.3054690361022949,212,-0.012890625
0.3074619770050049,213,-0.012890625
0.3091318607330322,214,-0.12890625
0.3104269504547119,215,-0.476953125
0.31160593032836914,216,-1.1859374999999999
0.3127439022064209,217,-1.65
0.3138759136199951,218,0.0
0.31498098373413086,219,-0.02578125
0.31607985496520996,220,-0.12890625
0.3171830177307129,221,-0.36093749999999997
0.3183000087738037,222,-0.20625
0.31949496269226074,223,-0.4125
0.320889949798584,224,-0.2578125
0.32290196418762207,225,0.012890625
0.324509859085083,226,-0.02578125
0.32604002952575684,227,-0.33515625
0.32745885848999023,228,-0.515625
0.32878994941711426,229,-1.3664062499999998
0.33099794387817383,230,0.0
0.3330039978027344,231,0.0
0.3344738483428955,232,-0.4125
0.33588480949401855,233,-0.36093749999999997
0.33780384063720703,234,-0.21914062499999998
0.33964085578918457,235,0.0
0.34098100662231445,236,-0.012890625
0.3421609401702881,237,-0.33515625
0.3433108329772949,238,-0.5285156249999999
0.3445289134979248,239,-1.044140625
0.34564685821533203,240,-1.65
0.3467550277709961,241,0.0
0.3478548526763916,242,0.0
0.34895896911621094,243,-0.12890625
0.350139856338501,244,-0.37382812499999996
0.3515498638153076,245,-0.476953125
0.3530008792877197,246,-0.193359375
0.3545358180999756,247,0.012890625
0.3560500144958496,248,-0.012890625
0.3574678897857666,249,0.0
0.35889291763305664,250,-0.2578125
0.3606560230255127,251,-0.580078125
0.36305880546569824,252,-1.10859375
0.3645899295806885,253,0.012890625
0.365980863571167,254,-0.15468749999999998
0.36782193183898926,255,-0.4125
0.3697078227996826,256,-0.064453125
0.3710768222808838,257,0.24492187499999998
0.3722968101501465,258,-0.012890625
0.3735170364379883,259,-0.012890625
0.3746798038482666,260,-0.02578125
0.37581396102905273,261,-0.476953125
0.37693285942077637,262,-0.631640625
0.37806081771850586,263,-1.198828125
0.379194974899292,264,-1.65
0.3803830146789551,265,0.0
0.3817899227142334,266,-0.012890625
0.38321900367736816,267,-0.09023437499999999
0.38481593132019043,268,-0.399609375
0.3863539695739746,269,-0.322265625
0.3877439498901367,270,-0.02578125
0.38918089866638184,271,0.0
0.39071202278137207,272,-0.012890625
0.3932819366455078,273,-0.167578125
0.395427942276001,274,-0.580078125
0.3973109722137451,275,0.0
0.3990750312805176,276,-0.012890625
0.4012789726257324,277,-0.23203125
0.40329599380493164,278,-0.15468749999999998
0.40500593185424805,279,0.30937499999999996
0.4065098762512207,280,0.0
0.4078788757324219,281,-0.02578125
0.4092288017272949,282,-0.38671875
0.41063594818115234,283,-0.515625
0.4122898578643799,284,-1.3019531249999998
0.41408586502075195,285,0.0
0.41574883460998535,286,0.0
0.417604923248291,287,-0.322265625
0.41931700706481934,288,-0.23203125
0.4212009906768799,289,0.012890625
0.4229238033294678,290,0.012890625
0.4254159927368164,291,-0.02578125
0.42792296409606934,292,-0.37382812499999996
0.4296839237213135,293,-1.3792968749999999
0.43137693405151367,294,0.0
0.43360090255737305,295,-0.064453125
0.4357938766479492,296,-0.6187499999999999
0.4374878406524658,297,-0.29648437499999997
0.4389328956604004,298,0.012890625
0.4403049945831299,299,0.0
0.44177699089050293,300,-0.064453125
0.44343090057373047,301,-0.476953125
0.4452660083770752,302,-0.928125
0.4469919204711914,303,0.0
0.4488508701324463,304,0.0
0.4505178928375244,305,-0.23203125
0.4521968364715576,306,-0.30937499999999996
0.45394301414489746,307,-0.29648437499999997
0.4561738967895508,308,0.0
0.45903682708740234,309,0.012890625
0.46097803115844727,310,-0.4125
0.4626038074493408,311,-1.340625
0.4647979736328125,312,0.0
0.46695899963378906,313,-0.167578125
0.46861791610717773,314,-0.322265625
0.4700629711151123,315,-0.36093749999999997
0.47155189514160156,316,-0.012890625
0.4732248783111572,317,0.012890625
0.47504401206970215,318,-0.02578125
0.4767329692840576,319,-0.4125
0.47864484786987305,320,-0.90234375
0.4803190231323242,321,-0.515625
0.4820129871368408,322,-0.02578125
0.48369288444519043,323,-0.12890625
0.4864339828491211,324,-0.21914062499999998
0.4888179302215576,325,0.0
0.4904448986053467,326,0.0
0.4922609329223633,327,-0.103125
0.49478697776794434,328,-0.4640625
0.49656200408935547,329,-1.482421875
0.49779295921325684,330,-0.0515625
0.4989328384399414,331,-0.20625
0.5000519752502441,332,-0.399609375
0.5011680126190186,333,-0.2578125
0.5024118423461914,334,-0.322265625
0.5038559436798096,335,-0.2578125
0.5053188800811768,336,0.0
0.5069019794464111,337,0.012890625
0.5084869861602783,338,-0.0515625
0.5099678039550781,339,-0.4640625
0.511375904083252,340,-0.90234375
0.514056921005249,341,-1.65
0.515690803527832,342,-0.02578125
0.5172109603881836,343,-0.37382812499999996
0.5192749500274658,344,-0.2578125
0.5207970142364502,345,-0.103125
0.52199387550354,346,0.0
0.5231168270111084,347,-0.012890625
0.5242698192596436,348,-0.02578125
0.5253899097442627,349,-0.399609375
0.5265038013458252,350,-0.6187499999999999
0.5276098251342773,351,-1.03125
0.5287158489227295,352,-1.611328125
0.5298798084259033,353,0.0
0.5310080051422119,354,0.0
0.5321078300476074,355,-0.09023437499999999
0.5332880020141602,356,-0.29648437499999997
0.5347650051116943,357,-0.6703125
0.5362138748168945,358,-0.20625
0.537747859954834,359,-0.012890625
0.5392639636993408,360,0.012890625
0.5406718254089355,361,-0.012890625
0.542003870010376,362,-0.20625
0.5446329116821289,363,-0.554296875
0.5463309288024902,364,-1.405078125
0.5477859973907471,365,-0.012890625
0.5497679710388184,366,-0.15468749999999998
0.5513448715209961,367,-0.33515625
0.5525619983673096,368,-0.30937499999999996
0.5537369251251221,369,-0.20625
0.5548570156097412,370,0.012890625
0.5559618473052979,371,0.0
0.5570628643035889,372,-0.012890625
0.5581660270690918,373,-0.12890625
0.5592739582061768,374,-0.48984374999999997
0.560377836227417,375,-0.6832031249999999
0.5614769458770752,376,-1.327734375
0.562567949295044,377,-1.65
0.5637428760528564,378,0.0
0.5651299953460693,379,-0.012890625
0.5665628910064697,380,-0.12890625
0.5680699348449707,381,-0.348046875
0.5695760250091553,382,-0.322265625
0.5709788799285889,383,-0.0515625
0.5724020004272461,384,0.012890625
0.5737378597259521,385,-0.02578125
0.5761640071868896,386,-0.12890625
0.5780038833618164,387,-0.476953125
0.5793979167938232,388,-1.5597656249999998
0.5811548233032227,389,0.0
0.5830810070037842,390,-0.116015625
0.5844709873199463,391,-0.30937499999999996
0.5856549739837646,392,-0.37382812499999996
0.5867879390716553,393,-0.270703125
0.5879218578338623,394,-0.012890625
0.5890519618988037,395,-0.012890625
0.5901570320129395,396,-0.02578125
0.5912528038024902,397,-0.09023437499999999
0.5923528671264648,398,-0.476953125
0.5935230255126953,399,-0.5929687499999999
0.5947580337524414,400,-1.1859374999999999
0.5962088108062744,401,-1.65
0.597653865814209,402,0.0
0.599153995513916,403,-0.103125
0.6006598472595215,404,-0.33515625
0.602064847946167,405,-0.193359375
0.6035478115081787,406,-0.23203125
0.6053798198699951,407,0.07734374999999999
0.6077640056610107,408,0.0
0.6093258857727051,409,-0.270703125
0.6107559204101562,410,-0.5285156249999999
0.6126680374145508,411,-1.3664062499999998
0.6144888401031494,412,0.0
0.6157739162445068,413,-0.12890625
0.6169238090515137,414,-0.4125
0.6180508136749268,415,-0.36093749999999997
0.61916184425354,416,-0.4640625
0.6202569007873535,417,-0.36093749999999997
0.6213939189910889,418,0.0
0.6224918365478516,419,0.012890625
0.623647928237915,420,-0.012890625
0.6248779296875,421,-0.103125
0.6262719631195068,422,-0.515625
0.6277170181274414,423,-0.8121093749999999
0.6293179988861084,424,-1.5726562499999999
0.6308448314666748,425,0.0
0.6322629451751709,426,-0.07734374999999999
0.6337928771972656,427,-0.270703125
0.6356320381164551,428,-0.30937499999999996
0.6381289958953857,429,-0.37382812499999996
0.6396658420562744,430,-0.012890625
0.6412680149078369,431,-0.02578125
0.6432449817657471,432,-0.33515625
0.6449558734893799,433,-0.7476562499999999
0.6462438106536865,434,-1.65
0.6474049091339111,435,0.0
0.6485238075256348,436,-0.15468749999999998
0.6496360301971436,437,-0.064453125
0.6507329940795898,438,-0.4125
0.6518208980560303,439,-0.23203125
0.652918815612793,440,-0.29648437499999997
0.6541049480438232,441,-0.167578125
0.6553130149841309,442,0.0
0.6567189693450928,443,0.0
0.6581690311431885,444,-0.0515625
0.6597089767456055,445,-0.42539062499999997
0.6612329483032227,446,-0.7476562499999999
0.6626698970794678,447,-1.6371093749999999
0.6642158031463623,448,0.0
0.6656279563903809,449,-0.09023437499999999
