time,count,voltage
0.005469083786010742,1,-1.4953124999999998
0.0070841312408447266,2,-0.28359375
0.008578062057495117,3,-0.167578125
0.01011204719543457,4,-0.2578125
0.011503219604492188,5,-0.515625
0.012870073318481445,6,-0.37382812499999996
0.014241218566894531,7,-0.012890625
0.015591144561767578,8,-0.103125
0.016938209533691406,9,-0.21914062499999998
0.02669811248779297,10,-0.515625
0.028266191482543945,11,-0.4125
0.029703140258789062,12,-0.15468749999999998
0.031103134155273438,13,-0.012890625
0.03249406814575195,14,-0.12890625
0.050295114517211914,15,-0.348046875
0.052355051040649414,16,-0.270703125
0.060160160064697266,17,-0.8765624999999999
0.061860084533691406,18,-0.7863281249999999
0.06629514694213867,19,-0.2578125
0.06807518005371094,20,-0.02578125
0.07005119323730469,21,-0.37382812499999996
0.07212710380554199,22,-1.405078125
0.0760030746459961,23,-0.270703125
0.07811713218688965,24,-0.09023437499999999
0.07995009422302246,25,-0.02578125
0.08157014846801758,26,0.0
0.08310413360595703,27,-0.116015625
0.08468914031982422,28,-0.4125
0.08623814582824707,29,-0.5285156249999999
0.08777904510498047,30,-1.353515625
0.08938717842102051,31,-0.21914062499999998
0.09094405174255371,32,-0.270703125
0.09227108955383301,33,-0.33515625
0.09352517127990723,34,-0.116015625
0.09475207328796387,35,-0.37382812499999996
0.09616518020629883,36,-0.270703125
0.09742999076843262,37,-0.0515625
0.09865903854370117,38,-0.064453125
0.10962319374084473,39,-0.193359375
0.11199617385864258,40,-0.4640625
0.11423420906066895,41,0.15468749999999998
0.1157371997833252,42,-0.116015625
0.11763405799865723,43,-0.37382812499999996
0.11963605880737305,44,-0.502734375
0.12109804153442383,45,-1.405078125
0.1224050521850586,46,-0.18046874999999998
0.12366819381713867,47,-0.2578125
0.12490320205688477,48,-0.23203125
0.126129150390625,49,-0.23203125
0.12735319137573242,50,-0.36093749999999997
0.12858319282531738,51,-0.37382812499999996
0.13882207870483398,52,-0.18046874999999998
0.1415081024169922,53,-0.012890625
0.14327621459960938,54,-0.36093749999999997
0.1447761058807373,55,-0.15468749999999998
0.14685320854187012,56,-0.07734374999999999
0.1484520435333252,57,-0.012890625
0.14976906776428223,58,-0.167578125
0.15093612670898438,59,-0.54140625
0.15205717086791992,60,-0.554296875
0.15317106246948242,61,-1.198828125
0.15427303314208984,62,-1.65
0.15537500381469727,63,-0.103125
0.15647602081298828,64,-0.15468749999999998
0.15759015083312988,65,-0.23203125
0.15872716903686523,66,-0.43828124999999996
0.15985703468322754,67,-0.12890625
0.16110801696777344,68,-0.43828124999999996
0.16254401206970215,69,-0.4640625
0.16399002075195312,70,-0.012890625
0.16555404663085938,71,-0.0515625
0.16702508926391602,72,-0.18046874999999998
0.16840410232543945,73,-0.476953125
0.16991305351257324,74,-0.9410156249999999
0.17232704162597656,75,-1.6371093749999999
0.17415714263916016,76,-0.193359375
0.1755671501159668,77,-0.36093749999999997
0.17758822441101074,78,-0.2578125
0.1794891357421875,79,-0.18046874999999998
0.1807870864868164,80,0.0
0.18195414543151855,81,-0.064453125
0.18308305740356445,82,-0.20625
0.18419313430786133,83,-0.580078125
0.18529915809631348,84,-0.631640625
0.18639707565307617,85,-1.21171875
0.18749499320983887,86,-1.65
0.18865704536437988,87,-0.103125
0.1898801326751709,88,-0.2578125
0.19110321998596191,89,-0.4125
0.1924760341644287,90,-0.348046875
0.19391107559204102,91,-0.116015625
0.19545602798461914,92,-0.20625
0.19691109657287598,93,0.012890625
0.19820809364318848,94,-0.02578125
0.19975900650024414,95,-0.167578125
0.2020130157470703,96,-0.515625
0.20411300659179688,97,-0.7476562499999999
0.2055830955505371,98,-0.322265625
0.20758914947509766,99,-0.2578125
0.209367036819458,100,-0.30937499999999996
0.21062111854553223,101,-0.399609375
0.21177911758422852,102,-0.33515625
0.21291518211364746,103,-0.270703125
0.2140331268310547,104,-0.012890625
0.21513104438781738,105,-0.0515625
0.21630406379699707,106,-0.2578125
0.21746420860290527,107,-0.54140625
0.21857714653015137,108,-0.515625
0.21974706649780273,109,-1.147265625
0.22086405754089355,110,-1.65
0.22204113006591797,111,-0.116015625
0.22340106964111328,112,-0.2578125
0.22483015060424805,113,-0.21914062499999998
0.22635316848754883,114,-0.193359375
0.2278461456298828,115,-0.4640625
0.22940921783447266,116,-0.21914062499999998
0.23096108436584473,117,-0.012890625
0.23336005210876465,118,-0.141796875
0.23519110679626465,119,-0.37382812499999996
0.2366931438446045,120,-0.8765624999999999
0.23884201049804688,121,-1.6242187499999998
0.24045610427856445,122,-0.28359375
0.24167513847351074,123,-0.28359375
0.24280309677124023,124,-0.23203125
0.24391698837280273,125,-0.29648437499999997
0.24503707885742188,126,-0.4640625
0.2461411952972412,127,-0.33515625
0.24724411964416504,128,0.0
0.24833416938781738,129,-0.0515625
0.2494521141052246,130,-0.20625
0.2505490779876709,131,-0.5285156249999999
0.2516481876373291,132,-0.5929687499999999
0.25281810760498047,133,-1.0570312499999999
0.25422000885009766,134,-1.611328125
0.2556571960449219,135,0.0
0.2571980953216553,136,-0.28359375
0.25864315032958984,137,-0.29648437499999997
0.26018500328063965,138,-0.24492187499999998
0.2616240978240967,139,-0.399609375
0.2639601230621338,140,-0.18046874999999998
0.26585912704467773,141,-0.038671874999999994
0.26736021041870117,142,-0.23203125
0.2694361209869385,143,-0.399609375
0.27108120918273926,144,-1.2374999999999998
0.2723250389099121,145,-0.167578125
0.27347421646118164,146,-0.322265625
0.27458906173706055,147,-0.20625
0.27568721771240234,148,-0.4125
0.27680015563964844,149,-0.167578125
0.277907133102417,150,-0.43828124999999996
0.2790391445159912,151,-0.348046875
0.28014421463012695,152,-0.012890625
0.2812380790710449,153,-0.103125
0.2823309898376465,154,-0.21914062499999998
0.28350305557250977,155,-0.502734375
0.2848701477050781,156,-0.64453125
0.28632521629333496,157,-0.966796875
0.28792309761047363,158,-1.611328125
0.2896111011505127,159,-0.12890625
0.29108214378356934,160,-0.348046875
0.2925281524658203,161,-0.2578125
0.29500699043273926,162,-0.116015625
0.2967350482940674,163,-0.012890625
0.2982141971588135,164,-0.038671874999999994
0.30028414726257324,165,-0.29648437499999997
0.3019390106201172,166,-0.502734375
0.3031730651855469,167,-1.044140625
0.30431199073791504,168,-1.65
0.30542802810668945,169,-0.12890625
0.3065321445465088,170,-0.2578125
0.30762815475463867,171,-0.36093749999999997
0.30880308151245117,172,-0.4125
0.30992603302001953,173,-0.116015625
0.3110330104827881,174,-0.37382812499999996
0.31213808059692383,175,-0.42539062499999997
0.3132340908050537,176,-0.0515625
0.3143889904022217,177,-0.0515625
0.3157491683959961,178,-0.15468749999999998
0.3172421455383301,179,-0.42539062499999997
0.3188471794128418,180,-0.5671875
0.3204610347747803,181,-1.147265625
0.3218531608581543,182,-0.103125
0.32321715354919434,183,-0.20625
0.3256680965423584,184,-0.29648437499999997
0.327437162399292,185,-0.28359375
0.32909607887268066,186,-0.103125
0.3311641216278076,187,0.012890625
0.33266115188598633,188,-0.064453125
0.3338661193847656,189,-0.33515625
0.33500218391418457,190,-0.43828124999999996
0.3361201286315918,191,-0.95390625
0.33722805976867676,192,-1.52109375
0.33832311630249023,193,-0.116015625
0.33944010734558105,194,-0.2578125
0.34055113792419434,195,-0.30937499999999996
0.34165501594543457,196,-0.29648437499999997
0.34275102615356445,197,-0.30937499999999996
0.34384799003601074,198,-0.36093749999999997
0.34502315521240234,199,-0.43828124999999996
0.34641313552856445,200,-0.21914062499999998
0.3478391170501709,201,-0.02578125
0.34935903549194336,202,-0.116015625
0.35092616081237793,203,-0.33515625
0.3522920608520508,204,-0.476953125
0.353701114654541,205,-1.224609375
0.35582900047302246,206,-0.399609375
0.3579111099243164,207,-0.2578125
0.3594050407409668,208,-0.348046875
0.3610529899597168,209,-0.4125
0.3630862236022949,210,-0.322265625
0.3645482063293457,211,0.0
0.3657710552215576,212,-0.141796875
0.36692214012145996,213,-0.348046875
0.36855316162109375,214,-0.515625
0.36980199813842773,215,-1.10859375
0.37094902992248535,216,-1.65
0.37206602096557617,217,-0.09023437499999999
0.3731880187988281,218,-0.2578125
0.3742990493774414,219,-0.270703125
0.37549519538879395,220,-0.29648437499999997
0.37685298919677734,221,-0.15468749999999998
0.37843799591064453,222,-0.33515625
0.3800032138824463,223,-0.09023437499999999
0.38146305084228516,224,-0.02578125
0.3828461170196533,225,-0.193359375
0.3842930793762207,226,-0.4640625
0.38579607009887695,227,-0.4640625
0.38805413246154785,228,-1.3019531249999998
0.3901660442352295,229,-0.322265625
0.39162206649780273,230,-0.30937499999999996
0.3931591510772705,231,-0.21914062499999998
0.3951411247253418,232,-0.2578125
0.3967561721801758,233,-0.064453125
0.3980259895324707,234,-0.012890625
0.3992650508880615,235,-0.167578125
0.40044116973876953,236,-0.451171875
0.4015672206878662,237,-0.54140625
0.40267515182495117,238,-1.044140625
0.40383005142211914,239,-1.5726562499999999
0.4049839973449707,240,-0.322265625
0.40619421005249023,241,-0.2578125
0.40757203102111816,242,-0.348046875
0.40902113914489746,243,-0.5671875
0.4105980396270752,244,-0.103125
0.4121830463409424,245,-0.193359375
0.41366004943847656,246,0.02578125
0.41510510444641113,247,-0.103125
0.4168980121612549,248,-0.20625
0.4192771911621094,249,-0.515625
0.4208681583404541,250,-1.198828125
0.4222400188446045,251,-0.270703125
0.42404699325561523,252,-0.29648437499999997
0.4258840084075928,253,-0.28359375
0.4272301197052002,254,-0.15468749999999998
0.4284181594848633,255,-0.141796875
0.4295680522918701,256,-0.0515625
0.43068599700927734,257,-0.012890625
0.4317920207977295,258,-0.0515625
0.43289613723754883,259,-0.20625
0.4339931011199951,260,-0.515625
0.4350931644439697,261,-0.515625
0.43628501892089844,262,-1.0828125
0.43769121170043945,263,-1.6371093749999999
0.4391500949859619,264,-0.116015625
0.44066905975341797,265,-0.30937499999999996
0.4421961307525635,266,-0.270703125
0.443634033203125,267,-0.20625
0.44513702392578125,268,-0.322265625
0.4466731548309326,269,-0.103125
0.4493081569671631,270,-0.02578125
0.4510040283203125,271,-0.167578125
0.45236802101135254,272,-0.348046875
0.4541451930999756,273,-1.198828125
0.4561030864715576,274,-0.116015625
0.45748305320739746,275,-0.30937499999999996
0.4586610794067383,276,-0.322265625
0.45986413955688477,277,-0.167578125
0.46099400520324707,278,-0.4125
0.4621100425720215,279,-0.37382812499999996
0.4632420539855957,280,-0.0515625
0.46434903144836426,281,-0.02578125
0.46544718742370605,282,-0.12890625
0.4666311740875244,283,-0.37382812499999996
0.46804213523864746,284,-0.580078125
0.4695620536804199,285,-0.7734375
0.471088171005249,286,-1.546875
0.4726090431213379,287,-0.0515625
0.47407007217407227,288,-0.30937499999999996
0.4754960536956787,289,-0.36093749999999997
0.47717809677124023,290,-0.0515625
0.47974610328674316,291,-0.29648437499999997
0.4814121723175049,292,-0.012890625
0.48275208473205566,293,-0.18046874999999998
0.48453617095947266,294,-0.4640625
0.4864490032196045,295,-0.515625
0.48782801628112793,296,-1.5082031249999999
0.4890420436859131,297,-0.15468749999999998
0.490185022354126,298,-0.30937499999999996
0.491286039352417,299,-0.21914062499999998
0.49237513542175293,300,-0.348046875
0.4934670925140381,301,-0.15468749999999998
0.494556188583374,302,-0.348046875
0.49578118324279785,303,-0.270703125
0.49706411361694336,304,0.0
0.498441219329834,305,-0.064453125
0.5000061988830566,306,-0.167578125
0.5016911029815674,307,-0.48984374999999997
0.5032241344451904,308,-0.8121093749999999
0.5046720504760742,309,-1.6371093749999999
0.5065131187438965,310,-0.167578125
0.5084640979766846,311,-0.29648437499999997
0.5108871459960938,312,-0.4640625
0.5124850273132324,313,-0.322265625
0.5140600204467773,314,-0.012890625
0.5160830020904541,315,-0.0515625
0.5177211761474609,316,-0.2578125
0.5190050601959229,317,-0.502734375
0.5201711654663086,318,-1.276171875
0.5213131904602051,319,-1.3664062499999998
0.5224289894104004,320,-0.116015625
0.5235412120819092,321,-0.348046875
0.5246391296386719,322,-0.23203125
0.5257689952850342,323,-0.28359375
0.5269629955291748,324,-0.270703125
0.5284121036529541,325,-0.502734375
0.5299332141876221,326,-0.20625
0.5314760208129883,327,-0.012890625
0.5330731868743896,328,-0.193359375
0.5345511436462402,329,-0.476953125
0.5360870361328125,330,-0.6574218749999999
0.5378391742706299,331,-1.3921875
0.5402710437774658,332,-0.064453125
0.5418720245361328,333,-0.20625
0.5432240962982178,334,-0.167578125
0.5450930595397949,335,-0.4125
0.5469272136688232,336,-0.167578125
0.5483481884002686,337,-0.02578125
0.5495541095733643,338,-0.193359375
0.5507030487060547,339,-0.5285156249999999
0.5518710613250732,340,-0.4640625
0.5529861450195312,341,-1.1214843749999999
0.5540862083435059,342,-1.65
0.5551741123199463,343,-0.20625
0.5562701225280762,344,-0.2578125
0.5574710369110107,345,-0.37382812499999996
0.5589280128479004,346,-0.399609375
0.5604331493377686,347,-0.15468749999999998
0.5619850158691406,348,-0.20625
0.5635020732879639,349,-0.012890625
0.5650660991668701,350,-0.012890625
0.5665450096130371,351,-0.193359375
0.5685200691223145,352,-0.48984374999999997
0.5709421634674072,353,-0.64453125
0.5724520683288574,354,-0.116015625
0.5739710330963135,355,-0.28359375
0.5759680271148682,356,-0.30937499999999996
0.5776770114898682,357,-0.15468749999999998
0.5790400505065918,358,-0.064453125
0.5802910327911377,359,-0.012890625
0.5814480781555176,360,-0.0515625
0.582564115524292,361,-0.167578125
0.5836632251739502,362,-0.476953125
0.584813117980957,363,-0.631640625
0.5859081745147705,364,-1.03125
0.5869960784912109,365,-1.5597656249999998
0.5881731510162354,366,-0.103125
0.5901751518249512,367,-0.23203125
0.5915751457214355,368,-0.09023437499999999
0.5934410095214844,369,-0.24492187499999998
0.5950160026550293,370,-0.23203125
0.5964641571044922,371,0.0
0.5979490280151367,372,-0.02578125
0.6026902198791504,373,-0.167578125
0.6041719913482666,374,-0.992578125
0.6060330867767334,375,-0.37382812499999996
0.6081821918487549,376,-0.322265625
0.6095941066741943,377,-0.322265625
0.6107761859893799,378,-0.2578125
0.6119551658630371,379,-0.270703125
0.6131350994110107,380,-0.15468749999999998
0.6142711639404297,381,-0.012890625
0.6153740882873535,382,-0.15468749999999998
0.6165001392364502,383,-0.29648437499999997
0.6176021099090576,384,-0.54140625
0.6188650131225586,385,-0.6703125
0.6202850341796875,386,-1.327734375
0.6217570304870605,387,-0.20625
0.6232931613922119,388,-0.28359375
0.6248061656951904,389,-0.33515625
0.626230001449585,390,-0.20625
0.6276741027832031,391,-0.270703125
0.6296091079711914,392,-0.193359375
0.6320450305938721,393,-0.012890625
0.633601188659668,394,-0.15468749999999998
0.635066032409668,395,-0.399609375
0.6370730400085449,396,-0.889453125
0.6389200687408447,397,-1.65
0.6402261257171631,398,-0.2578125
0.6413969993591309,399,-0.2578125
0.6425230503082275,400,-0.270703125
0.6438531875610352,401,-0.348046875
0.6450111865997314,402,-0.4125
0.6461491584777832,403,-0.20625
0.6472470760345459,404,-0.02578125
0.6483790874481201,405,-0.0515625
0.6495721340179443,406,-0.24492187499999998
0.6509580612182617,407,-0.5671875
0.6523711681365967,408,-0.605859375
0.6539311408996582,409,-1.3664062499999998
0.6554081439971924,410,-0.12890625
0.6568031311035156,411,-0.2578125
0.6582062244415283,412,-0.193359375
0.6599011421203613,413,-0.37382812499999996
0.6626391410827637,414,-0.20625
0.6642119884490967,415,-0.012890625
0.665565013885498,416,-0.09023437499999999
0.6673681735992432,417,-0.30937499999999996
0.669309139251709,418,-0.502734375
0.6706960201263428,419,-1.276171875
0.6719281673431396,420,-0.09023437499999999
0.6730701923370361,421,-0.20625
0.6741740703582764,422,-0.29648437499999997
0.6752731800079346,423,-0.37382812499999996
0.6763851642608643,424,-0.20625
0.6775040626525879,425,-0.4640625
0.6786010265350342,426,-0.4125
0.6800611019134521,427,-0.064453125
0.6814680099487305,428,-0.0515625
0.6828742027282715,429,-0.12890625
