time,count,voltage
0.005213022232055664,1,-0.23203125
0.0067598819732666016,2,-0.116015625
0.008236885070800781,3,-0.116015625
0.00981593132019043,4,0.064453125
0.011403799057006836,5,-0.103125
0.01310586929321289,6,-0.167578125
0.014786958694458008,7,-0.5285156249999999
0.016536951065063477,8,-1.1214843749999999
0.01810002326965332,9,-0.064453125
0.019865989685058594,10,-0.37382812499999996
0.02136397361755371,11,-0.37382812499999996
0.022773027420043945,12,-0.2578125
0.024144887924194336,13,-0.4640625
0.025513887405395508,14,-0.21914062499999998
0.0270688533782959,15,0.0
0.028729915618896484,16,-0.09023437499999999
0.030462980270385742,17,-0.29648437499999997
0.03217792510986328,18,-0.4640625
0.03399181365966797,19,-1.3148437499999999
0.03562498092651367,20,-0.12890625
0.037297964096069336,21,-0.43828124999999996
0.03904080390930176,22,-0.5285156249999999
0.04073786735534668,23,-0.36093749999999997
0.0425410270690918,24,-0.12890625
0.045372962951660156,25,-0.012890625
0.04750180244445801,26,-0.15468749999999998
0.04926586151123047,27,-0.54140625
0.050946950912475586,28,-1.5082031249999999
0.05302691459655762,29,-0.12890625
0.055214881896972656,30,-0.30937499999999996
0.05716896057128906,31,-0.193359375
0.058821916580200195,32,0.0
0.06036496162414551,33,-0.012890625
0.06179380416870117,34,-0.07734374999999999
0.0631859302520752,35,-0.30937499999999996
0.06456279754638672,36,-0.605859375
0.06591987609863281,37,-1.0828125
0.06727099418640137,38,-1.65
0.06864094734191895,39,0.0
0.06998682022094727,40,-0.322265625
0.07134580612182617,41,-0.33515625
0.07269787788391113,42,-0.37382812499999996
0.0740499496459961,43,-0.4640625
0.0753788948059082,44,-0.2578125
0.07670283317565918,45,0.0
0.07802486419677734,46,-0.0515625
0.07947087287902832,47,-0.21914062499999998
0.08095192909240723,48,-0.631640625
0.08246183395385742,49,-0.8765624999999999
0.08417892456054688,50,-1.6371093749999999
0.08587193489074707,51,-0.038671874999999994
0.0876009464263916,52,-0.29648437499999997
0.08947491645812988,53,-0.5671875
0.09116482734680176,54,-0.15468749999999998
0.09279394149780273,55,0.09023437499999999
0.09444880485534668,56,-0.012890625
0.09626603126525879,57,-0.15468749999999998
0.09914994239807129,58,-0.502734375
0.101287841796875,59,-1.26328125
0.10295581817626953,60,-0.20625
0.10454988479614258,61,-0.20625
0.10639691352844238,62,-0.37382812499999996
0.10875201225280762,63,-0.515625
0.11078095436096191,64,-0.012890625
0.11222100257873535,65,-0.116015625
0.11372995376586914,66,-0.37382812499999996
0.1152489185333252,67,-0.515625
0.11698579788208008,68,-1.276171875
0.11853194236755371,69,-0.2578125
0.11998200416564941,70,-0.37382812499999996
0.12171792984008789,71,-0.28359375
0.12420082092285156,72,-0.23203125
0.12578296661376953,73,0.15468749999999998
0.12760281562805176,74,0.0
0.12949299812316895,75,-0.15468749999999998
0.13083481788635254,76,-0.43828124999999996
0.13201189041137695,77,-0.760546875
0.1331639289855957,78,-1.456640625
0.13431692123413086,79,-0.18046874999999998
0.13544082641601562,80,-0.20625
0.1365528106689453,81,-0.4125
0.13766694068908691,82,-0.28359375
0.1388559341430664,83,-0.2578125
0.13997101783752441,84,-0.322265625
0.14107799530029297,85,-0.37382812499999996
0.14229202270507812,86,-0.20625
0.14368486404418945,87,-0.012890625
0.14511585235595703,88,-0.09023437499999999
0.14667081832885742,89,-0.322265625
0.14812397956848145,90,-0.580078125
0.14972400665283203,91,-1.1859374999999999
0.15121102333068848,92,-0.515625
0.15308594703674316,93,-0.20625
0.15552496910095215,94,-0.37382812499999996
0.15707898139953613,95,-0.20625
0.1588737964630127,96,-0.012890625
0.1608579158782959,97,0.012890625
0.16223597526550293,98,-0.116015625
0.16344785690307617,99,-0.451171875
0.16460895538330078,100,-0.515625
0.1657419204711914,101,-1.095703125
0.16686391830444336,102,-1.65
0.16797494888305664,103,0.0
0.1691129207611084,104,-0.23203125
0.17022085189819336,105,-0.37382812499999996
0.17133188247680664,106,-0.4640625
0.17253398895263672,107,-0.37382812499999996
0.17393994331359863,108,-0.43828124999999996
0.1753828525543213,109,-0.2578125
0.17690086364746094,110,-0.012890625
0.17839384078979492,111,-0.0515625
0.17985796928405762,112,-0.2578125
0.18129801750183105,113,-0.580078125
0.1835329532623291,114,-1.0828125
0.1855299472808838,115,-0.12890625
0.18698692321777344,116,-0.270703125
0.18900680541992188,117,-0.38671875
0.19078683853149414,118,-0.37382812499999996
0.19205284118652344,119,0.012890625
0.19321203231811523,120,0.0
0.19433283805847168,121,-0.0515625
0.19543886184692383,122,-0.20625
0.1965479850769043,123,-0.502734375
0.19766902923583984,124,-0.69609375
0.19886302947998047,125,-1.1214843749999999
0.19998693466186523,126,-1.65
0.20113492012023926,127,-0.0515625
0.20224595069885254,128,-0.193359375
0.20343399047851562,129,-0.43828124999999996
0.20483779907226562,130,-0.36093749999999997
0.20629596710205078,131,-0.29648437499999997
0.20786499977111816,132,-0.38671875
0.21001291275024414,133,-0.116015625
0.21184992790222168,134,-0.0515625
0.2143409252166748,135,-0.193359375
0.21671199798583984,136,-0.5285156249999999
0.21860885620117188,137,-0.95390625
0.2209489345550537,138,-0.167578125
0.2225658893585205,139,-0.33515625
0.22388696670532227,140,-0.21914062499999998
0.22527098655700684,141,-0.23203125
0.2269599437713623,142,0.0
0.22867393493652344,143,-0.116015625
0.23007488250732422,144,-0.322265625
0.23135995864868164,145,-0.580078125
0.24874186515808105,146,-1.147265625
0.25041699409484863,147,-1.65
0.2519199848175049,148,-0.4125
0.2531929016113281,149,-0.2578125
0.25433993339538574,150,-0.270703125
0.2554478645324707,151,-0.322265625
0.25653982162475586,152,-0.30937499999999996
0.2576467990875244,153,-0.399609375
0.258836030960083,154,-0.20625
0.2599759101867676,155,0.0
0.26108598709106445,156,-0.07734374999999999
0.2621948719024658,157,-0.193359375
0.263293981552124,158,-0.5671875
0.2645699977874756,159,-0.6703125
0.266035795211792,160,-1.147265625
0.26746702194213867,161,-1.65
0.26920390129089355,162,-0.103125
0.2707040309906006,163,-0.2578125
0.27213001251220703,164,-0.4640625
0.27391982078552246,165,-0.37382812499999996
0.2763988971710205,166,-0.29648437499999997
0.2779250144958496,167,-0.0515625
0.27970290184020996,168,-0.103125
0.28168201446533203,169,-0.502734375
0.2830219268798828,170,-1.1859374999999999
0.28420090675354004,171,-0.167578125
0.28534889221191406,172,-0.20625
0.28648900985717773,173,-0.4125
0.2876110076904297,174,-0.23203125
0.2887578010559082,175,-0.30937499999999996
0.28993797302246094,176,-0.399609375
0.29105687141418457,177,-0.37382812499999996
0.2921779155731201,178,-0.193359375
0.29329681396484375,179,0.0
0.2944798469543457,180,-0.103125
0.29584598541259766,181,-0.24492187499999998
0.29727888107299805,182,-0.631640625
0.298839807510376,183,-0.7863281249999999
0.3003389835357666,184,-1.533984375
0.30167388916015625,185,-0.012890625
0.3030388355255127,186,-0.270703125
0.3049018383026123,187,-0.2578125
0.307142972946167,188,-0.20625
0.3087179660797119,189,0.0
0.3102858066558838,190,-0.0515625
0.312208890914917,191,-0.0515625
0.31386280059814453,192,-0.37382812499999996
0.31515002250671387,193,-0.6187499999999999
0.3163268566131592,194,-1.3664062499999998
0.31746697425842285,195,-0.116015625
0.3186149597167969,196,-0.116015625
0.31975603103637695,197,-0.36093749999999997
0.3208940029144287,198,-0.399609375
0.3220648765563965,199,-0.322265625
0.3231809139251709,200,-0.37382812499999996
0.32430100440979004,201,-0.4125
0.3255198001861572,202,-0.24492187499999998
0.32692980766296387,203,0.0
0.32842183113098145,204,-0.07734374999999999
0.3299708366394043,205,-0.322265625
0.33148789405822754,206,-0.5671875
0.33284783363342285,207,-1.1859374999999999
0.3342268466949463,208,-1.173046875
0.3358128070831299,209,-0.193359375
0.3382689952850342,210,-0.322265625
0.3399388790130615,211,-0.15468749999999998
0.34137797355651855,212,-0.193359375
0.34320902824401855,213,0.0515625
0.345045804977417,214,-0.0515625
0.34640002250671387,215,-0.21914062499999998
0.348099946975708,216,-0.515625
0.3494110107421875,217,-1.147265625
0.3505828380584717,218,-1.65
0.35171079635620117,219,-0.103125
0.3528409004211426,220,-0.322265625
0.35395288467407227,221,-0.18046874999999998
0.35506296157836914,222,-0.631640625
0.3562638759613037,223,-0.2578125
0.35770201683044434,224,-0.322265625
0.35920286178588867,225,-0.09023437499999999
0.3606698513031006,226,-0.012890625
0.3621540069580078,227,-0.20625
0.36348485946655273,228,-0.451171875
0.3648209571838379,229,-0.5671875
0.3665130138397217,230,-1.198828125
0.36898303031921387,231,-1.198828125
0.37067389488220215,232,-0.29648437499999997
0.37206292152404785,233,-0.42539062499999997
0.3738119602203369,234,-0.399609375
0.3757669925689697,235,-0.24492187499999998
0.3771979808807373,236,0.0
0.37842798233032227,237,-0.167578125
0.3795959949493408,238,-0.36093749999999997
0.38072800636291504,239,-0.64453125
0.381868839263916,240,-0.9796874999999999
0.3829948902130127,241,-1.52109375
0.3841109275817871,242,0.0
0.3852198123931885,243,-0.103125
0.38641881942749023,244,-0.4125
0.3878200054168701,245,-0.322265625
0.38930702209472656,246,-0.2578125
0.3908078670501709,247,-0.399609375
0.39234185218811035,248,-0.270703125
0.3937499523162842,249,0.0
0.3950529098510742,250,-0.167578125
0.39684486389160156,251,-0.4125
0.3992578983306885,252,-0.64453125
0.4007430076599121,253,-1.65
0.40245795249938965,254,-0.116015625
0.4044508934020996,255,-0.270703125
0.4058229923248291,256,-0.30937499999999996
0.4070010185241699,257,-0.43828124999999996
0.40813779830932617,258,-0.322265625
0.4093918800354004,259,-0.012890625
0.41054701805114746,260,-0.02578125
0.4116628170013428,261,-0.15468749999999998
0.41278600692749023,262,-0.48984374999999997
0.4139130115509033,263,-0.708984375
0.4150209426879883,264,-0.8765624999999999
0.41613197326660156,265,-1.4953124999999998
0.41732192039489746,266,-0.02578125
0.4186999797821045,267,-0.02578125
0.4201359748840332,268,-0.36093749999999997
0.4217658042907715,269,-0.4125
0.423259973526001,270,-0.167578125
0.4247109889984131,271,-0.18046874999999998
0.4261298179626465,272,0.0515625
0.42850589752197266,273,-0.0515625
0.43036699295043945,274,-0.12890625
0.4318089485168457,275,-0.4125
0.43380093574523926,276,-1.2890625
0.43553996086120605,277,-0.322265625
0.43682289123535156,278,-0.29648437499999997
0.43799495697021484,279,-0.399609375
0.43915700912475586,280,-0.2578125
0.4402799606323242,281,-0.476953125
0.4413919448852539,282,-0.4640625
0.44249486923217773,283,0.0
0.44358301162719727,284,-0.012890625
0.44467687606811523,285,-0.193359375
0.4457728862762451,286,-0.37382812499999996
0.4468839168548584,287,-0.6703125
0.44808101654052734,288,-0.7476562499999999
0.4495999813079834,289,-1.340625
0.4510378837585449,290,-0.012890625
0.4525768756866455,291,-0.23203125
0.4540228843688965,292,-0.09023437499999999
0.4553229808807373,293,-0.43828124999999996
0.4567530155181885,294,-0.37382812499999996
0.45904994010925293,295,-0.4125
0.4610409736633301,296,0.0
0.4624979496002197,297,-0.167578125
0.4645500183105469,298,-0.476953125
0.466235876083374,299,-0.863671875
0.46747899055480957,300,-1.147265625
0.46868395805358887,301,-0.167578125
0.4698808193206787,302,-0.4640625
0.47103381156921387,303,-0.270703125
0.4721548557281494,304,-0.23203125
0.47328996658325195,305,-0.270703125
0.4743988513946533,306,-0.33515625
0.4755258560180664,307,-0.167578125
0.47663092613220215,308,0.0
0.4777348041534424,309,-0.07734374999999999
0.47899580001831055,310,-0.2578125
0.4804089069366455,311,-0.580078125
0.4818718433380127,312,-0.7218749999999999
0.48342180252075195,313,-1.482421875
0.48491692543029785,314,0.0
0.48632001876831055,315,-0.29648437499999997
0.48775196075439453,316,-0.322265625
0.4900050163269043,317,-0.2578125
0.49207496643066406,318,-0.07734374999999999
0.49352598190307617,319,0.0
0.49543094635009766,320,-0.07734374999999999
0.4971299171447754,321,-0.37382812499999996
0.4984598159790039,322,-0.605859375
0.49963879585266113,323,-1.3664062499999998
0.5008108615875244,324,-0.0515625
0.5019619464874268,325,-0.103125
0.5030858516693115,326,-0.502734375
0.5042037963867188,327,-0.399609375
0.5053858757019043,328,-0.43828124999999996
0.506523847579956,329,-0.36093749999999997
0.5076448917388916,330,-0.36093749999999997
0.5088138580322266,331,-0.18046874999999998
0.5100488662719727,332,-0.012890625
0.5114288330078125,333,-0.0515625
0.5128629207611084,334,-0.33515625
0.5143778324127197,335,-0.631640625
0.5159139633178711,336,-1.0570312499999999
0.5173459053039551,337,-1.65
0.5188348293304443,338,-0.07734374999999999
0.520270824432373,339,-0.33515625
0.5224390029907227,340,-0.4125
0.5246188640594482,341,-0.270703125
0.5261569023132324,342,0.348046875
0.5275130271911621,343,-0.0515625
0.529390811920166,344,-0.193359375
0.531235933303833,345,-0.515625
0.532606840133667,346,-1.018359375
0.5338099002838135,347,-1.65
0.5349438190460205,348,-0.012890625
0.5360579490661621,349,-0.2578125
0.5371768474578857,350,-0.23203125
0.5383429527282715,351,-0.43828124999999996
0.5395078659057617,352,-0.116015625
0.5407288074493408,353,-0.30937499999999996
0.5421597957611084,354,-0.193359375
0.543597936630249,355,0.012890625
0.5451219081878662,356,-0.09023437499999999
0.5466628074645996,357,-0.38671875
0.5481069087982178,358,-0.5929687499999999
0.5497210025787354,359,-1.21171875
0.5512368679046631,360,0.0
0.5537388324737549,361,-0.2578125
0.5554509162902832,362,-0.30937499999999996
0.556816816329956,363,-0.399609375
0.5586888790130615,364,-0.270703125
0.5606048107147217,365,-0.012890625
0.5619528293609619,366,-0.116015625
0.5631330013275146,367,-0.4125
0.5642898082733154,368,-0.5671875
0.5654289722442627,369,-1.069921875
0.5665500164031982,370,-1.6242187499999998
0.5676639080047607,371,0.0
0.5688529014587402,372,-0.24492187499999998
0.5699868202209473,373,-0.30937499999999996
0.5712149143218994,374,-0.4125
0.5726408958435059,375,-0.18046874999999998
0.57411789894104,376,-0.38671875
0.5756709575653076,377,-0.23203125
0.5772128105163574,378,-0.012890625
0.5786290168762207,379,-0.12890625
0.5800528526306152,380,-0.43828124999999996
0.5817990303039551,381,-0.580078125
0.5842149257659912,382,-1.2503906249999999
0.5858278274536133,383,-0.0515625
0.5872018337249756,384,-0.270703125
0.5890347957611084,385,-0.6832031249999999
0.5909218788146973,386,-0.322265625
0.5922689437866211,387,-0.012890625
0.5934469699859619,388,-0.02578125
0.5945749282836914,389,-0.09023437499999999
0.5957019329071045,390,-0.2578125
0.5968289375305176,391,-0.6187499999999999
0.5979528427124023,392,-0.6703125
0.5990839004516602,393,-1.2890625
0.6001968383789062,394,-1.65
0.6014018058776855,395,-0.28359375
0.6027820110321045,396,-0.2578125
0.6041958332061768,397,-0.23203125
0.605719804763794,398,-0.476953125
0.6072499752044678,399,-0.23203125
0.6086978912353516,400,-0.02578125
0.6101839542388916,401,-0.012890625
0.6118888854980469,402,-0.064453125
0.6143429279327393,403,-0.2578125
0.6159260272979736,404,-0.734765625
0.6173148155212402,405,-1.65
0.61922287940979,406,-0.038671874999999994
0.6210799217224121,407,-0.270703125
0.6224479675292969,408,-0.2578125
0.623633861541748,409,-0.4640625
0.6247718334197998,410,-0.348046875
0.6258828639984131,411,-0.012890625
0.6269938945770264,412,-0.103125
0.6280918121337891,413,-0.20625
0.6292068958282471,414,-0.37382812499999996
0.6303408145904541,415,-0.6574218749999999
0.6315469741821289,416,-0.825
0.632943868637085,417,-1.4437499999999999
0.6343779563903809,418,0.0
0.6359097957611084,419,-0.20625
0.6374568939208984,420,-0.36093749999999997
0.6389849185943604,421,-0.33515625
0.6404898166656494,422,-0.2578125
0.6424000263214111,423,-0.116015625
0.6447148323059082,424,-0.012890625
0.6462428569793701,425,-0.167578125
0.6476798057556152,426,-0.502734375
0.649587869644165,427,-0.966796875
0.6513829231262207,428,-1.65
0.652702808380127,429,-0.21914062499999998
0.6538898944854736,430,-0.2578125
0.6550328731536865,431,-0.322265625
0.6561508178710938,432,-0.09023437499999999
0.6572749614715576,433,-0.48984374999999997
0.6589179039001465,434,-0.322265625
0.6601109504699707,435,-0.0515625
0.6612548828125,436,-0.15468749999999998
0.6624670028686523,437,-0.322265625
0.6638829708099365,438,-0.6574218749999999
0.6653759479522705,439,-0.8121093749999999
0.6669008731842041,440,-1.5984375
0.6684348583221436,441,0.0
0.6698958873748779,442,-0.270703125
0.6712868213653564,443,-0.33515625
0.6735928058624268,444,-0.141796875
0.6754739284515381,445,-0.167578125
0.6768410205841064,446,-0.012890625
0.6785178184509277,447,-0.064453125
0.680513858795166,448,-0.322265625
0.68206787109375,449,-0.605859375
0.6833178997039795,450,-1.533984375
0.6844758987426758,451,0.0
0.6856098175048828,452,-0.2578125
0.6867368221282959,453,-0.4640625
0.6878528594970703,454,-0.43828124999999996
0.6890039443969727,455,-0.21914062499999998
0.690126895904541,456,-0.43828124999999996
0.6912298202514648,457,-0.399609375
0.692451000213623,458,-0.0515625
0.693882942199707,459,-0.012890625
0.6953179836273193,460,-0.15468749999999998
0.6969039440155029,461,-0.42539062499999997
0.6984648704528809,462,-0.5285156249999999
0.6999349594116211,463,-1.340625
0.7013909816741943,464,-0.103125
0.7031497955322266,465,-0.43828124999999996
0.7055749893188477,466,-0.193359375
0.7071599960327148,467,-0.399609375
0.7085809707641602,468,-0.18046874999999998
0.7104308605194092,469,-0.012890625
0.7122700214385986,470,-0.103125
0.7136228084564209,471,-0.36093749999999997
0.71480393409729,472,-0.5929687499999999
0.7159438133239746,473,-1.26328125
0.7170557975769043,474,-1.65
0.7181718349456787,475,-0.0515625
0.7193789482116699,476,-0.36093749999999997
0.7205150127410889,477,-0.322265625
0.7216389179229736,478,-0.43828124999999996
0.722836971282959,479,-0.21914062499999998
0.7242488861083984,480,-0.30937499999999996
0.7257468700408936,481,-0.116015625
0.7272889614105225,482,-0.012890625
0.7288320064544678,483,-0.21914062499999998
0.7302498817443848,484,-0.4640625
0.7316319942474365,485,-0.5929687499999999
0.7331888675689697,486,-1.327734375
0.7356939315795898,487,-0.21914062499999998
0.7373809814453125,488,-0.4640625
0.738745927810669,489,-0.36093749999999997
0.7405400276184082,490,-0.348046875
0.7424728870391846,491,-0.103125
0.7438600063323975,492,0.012890625
0.7450449466705322,493,-0.12890625
0.7461788654327393,494,-0.30937499999999996
0.7473049163818359,495,-0.42539062499999997
0.7485029697418213,496,-0.8121093749999999
0.7496519088745117,497,-1.405078125
0.7507708072662354,498,-0.21914062499999998
0.7518830299377441,499,-0.12890625
0.7530980110168457,500,-0.4125
0.754504919052124,501,-0.36093749999999997
0.7559490203857422,502,-0.193359375
0.7574999332427979,503,-0.4125
0.7592678070068359,504,-0.15468749999999998
0.760746955871582,505,-0.02578125
0.7621598243713379,506,-0.15468749999999998
0.7636628150939941,507,-0.476953125
0.765981912612915,508,-0.5929687499999999
0.7679448127746582,509,-1.546875
0.7694058418273926,510,-0.2578125
0.7708489894866943,511,-0.20625
0.7726860046386719,512,-0.6703125
0.7746868133544922,513,-0.15468749999999998
0.7761738300323486,514,0.28359375
0.7774519920349121,515,-0.0515625
0.7786169052124023,516,-0.167578125
0.779757022857666,517,-0.476953125
0.7808668613433838,518,-0.6187499999999999
0.7819879055023193,519,-1.0828125
0.7831988334655762,520,-1.65
0.7845959663391113,521,-0.0515625
0.7860288619995117,522,-0.270703125
0.7875900268554688,523,-0.23203125
0.7892529964447021,524,-0.322265625
0.7907259464263916,525,-0.2578125
0.7922039031982422,526,-0.0515625
0.7937350273132324,527,0.0
0.7961349487304688,528,-0.12890625
0.7978308200836182,529,-0.399609375
0.7992188930511475,530,-0.992578125
0.8009829521179199,531,-1.65
0.802905797958374,532,-0.15468749999999998
0.8042888641357422,533,-0.4125
0.8054800033569336,534,-0.20625
0.8066239356994629,535,-0.270703125
0.8077499866485596,536,-0.30937499999999996
0.8089618682861328,537,-0.12890625
0.8100860118865967,538,-0.012890625
0.8111917972564697,539,-0.193359375
0.8122909069061279,540,-0.322265625
0.813513994216919,541,-0.631640625
0.8149127960205078,542,-0.7476562499999999
0.8163588047027588,543,-1.4308593749999998
0.8178958892822266,544,-0.2578125
0.819476842880249,545,-0.2578125
0.8209559917449951,546,-0.270703125
0.8224267959594727,547,-0.28359375
0.8242149353027344,548,-0.270703125
0.8265788555145264,549,-0.167578125
0.8281300067901611,550,-0.064453125
0.8296589851379395,551,-0.2578125
0.8315818309783936,552,-0.580078125
0.83335280418396,553,-1.198828125
0.834662914276123,554,-0.21914062499999998
0.8358340263366699,555,-0.28359375
0.8369789123535156,556,-0.29648437499999997
0.8381040096282959,557,-0.6187499999999999
0.8393130302429199,558,-0.167578125
0.8404388427734375,559,-0.33515625
0.8415539264678955,560,-0.20625
0.8426640033721924,561,-0.012890625
0.8438618183135986,562,-0.038671874999999994
0.8452379703521729,563,-0.167578125
0.8466730117797852,564,-0.4640625
0.8482129573822021,565,-0.580078125
0.8498468399047852,566,-1.276171875
0.851287841796875,567,-0.167578125
0.8527548313140869,568,-0.24492187499999998
0.8545658588409424,569,-0.20625
0.8569087982177734,570,-0.502734375
0.8585929870605469,571,-0.15468749999999998
0.860076904296875,572,-0.012890625
0.8620619773864746,573,-0.064453125
0.8637599945068359,574,-0.322265625
0.8650648593902588,575,-0.6703125
0.8662288188934326,576,-1.405078125
0.867358922958374,577,-0.2578125
0.8686950206756592,578,-0.2578125
0.8702309131622314,579,-0.43828124999999996
0.8717968463897705,580,-0.38671875
0.8733828067779541,581,-0.12890625
0.8750948905944824,582,-0.09023437499999999
0.8768258094787598,583,0.0
0.8783438205718994,584,-0.09023437499999999
0.8800029754638672,585,-0.30937499999999996
0.8814568519592285,586,-0.5285156249999999
0.8828628063201904,587,-1.2503906249999999
0.8847270011901855,588,-0.0515625
0.8870089054107666,589,-0.20625
0.8885278701782227,590,-0.37382812499999996
0.8902139663696289,591,-0.2578125
0.8922560214996338,592,-0.167578125
0.8937878608703613,593,0.0
0.8950009346008301,594,-0.167578125
0.8961420059204102,595,-0.42539062499999997
0.8972859382629395,596,-0.631640625
0.8984558582305908,597,-1.03125
0.8995969295501709,598,-1.5597656249999998
0.9007248878479004,599,0.0
0.9018378257751465,600,-0.20625
0.902946949005127,601,-0.38671875
0.9040520191192627,602,-0.29648437499999997
0.9052538871765137,603,-0.28359375
0.906653881072998,604,-0.33515625
0.9080889225006104,605,-0.270703125
0.9097559452056885,606,0.012890625
0.9112818241119385,607,-0.0515625
0.9126579761505127,608,-0.21914062499999998
0.9141099452972412,609,-0.5285156249999999
0.9160950183868408,610,-0.9152343749999999
0.9184060096740723,611,-1.65
0.9199278354644775,612,-0.23203125
0.9217498302459717,613,-0.5285156249999999
0.9237229824066162,614,-0.09023437499999999
0.9250438213348389,615,0.116015625
0.9262208938598633,616,-0.038671874999999994
0.9273638725280762,617,-0.0515625
0.9285049438476562,618,-0.18046874999999998
0.929649829864502,619,-0.515625
0.9307589530944824,620,-0.6703125
0.9318640232086182,621,-1.095703125
0.9329788684844971,622,-1.611328125
0.934086799621582,623,-0.012890625
0.9352920055389404,624,-0.20625
0.936694860458374,625,-0.30937499999999996
0.9381458759307861,626,-0.348046875
0.9397850036621094,627,-0.193359375
0.941281795501709,628,-0.20625
0.9425709247589111,629,0.0
0.9438478946685791,630,-0.0515625
0.9459989070892334,631,-0.103125
0.9479520320892334,632,-0.4125
0.9494099617004395,633,-1.0570312499999999
0.9511489868164062,634,-1.456640625
0.9531350135803223,635,-0.24492187499999998
0.9545528888702393,636,-0.23203125
0.9557349681854248,637,-0.30937499999999996
0.9568769931793213,638,-0.4640625
0.958000898361206,639,-0.348046875
0.9591419696807861,640,0.0
0.9602417945861816,641,-0.02578125
0.961338996887207,642,-0.116015625
0.9624319076538086,643,-0.2578125
0.9635348320007324,644,-0.54140625
0.9646379947662354,645,-0.7218749999999999
0.9658429622650146,646,-1.3019531249999998
0.967257022857666,647,-1.65
0.968695878982544,648,-0.064453125
0.9702370166778564,649,-0.322265625
0.971747875213623,650,-0.43828124999999996
