time,count,voltage
0.005357980728149414,1,-0.6703125
0.006901979446411133,2,-1.65
0.008374929428100586,3,-0.28359375
0.009755849838256836,4,-0.29648437499999997
0.011126041412353516,5,-0.5929687499999999
0.01285696029663086,6,-0.322265625
0.014827966690063477,7,-0.167578125
0.016680002212524414,8,-0.012890625
0.01830291748046875,9,-0.12890625
0.019994020462036133,10,-0.515625
0.021578073501586914,11,-0.79921875
0.02298903465270996,12,-1.65
0.024496078491210938,13,-0.064453125
0.025901079177856445,14,-0.28359375
0.0272829532623291,15,-0.399609375
0.02898406982421875,16,-0.20625
0.03074789047241211,17,-0.348046875
0.032547950744628906,18,0.012890625
0.0343780517578125,19,-0.0515625
0.0361330509185791,20,-0.2578125
0.03785204887390137,21,-0.502734375
0.03944897651672363,22,-1.405078125
0.04109787940979004,23,-0.0515625
0.0429079532623291,24,-0.399609375
0.045387983322143555,25,-0.43828124999999996
0.04855489730834961,26,-0.270703125
0.05043601989746094,27,0.0
0.0520319938659668,28,-0.15468749999999998
0.05476498603820801,29,-0.43828124999999996
0.05676889419555664,30,-1.340625
0.05813002586364746,31,-0.2578125
0.059320926666259766,32,-0.4125
0.060510873794555664,33,-0.37382812499999996
0.0617060661315918,34,-0.20625
0.06282806396484375,35,-0.4640625
0.0639810562133789,36,-0.36093749999999997
0.06510400772094727,37,0.0
0.06621098518371582,38,-0.012890625
0.06731295585632324,39,-0.193359375
0.06847691535949707,40,-0.399609375
0.06967401504516602,41,-0.6187499999999999
0.07080388069152832,42,-0.889453125
0.0719139575958252,43,-1.4953124999999998
0.07302093505859375,44,0.012890625
0.07420206069946289,45,-0.064453125
0.07543206214904785,46,-0.322265625
0.07680702209472656,47,-0.270703125
0.07830595970153809,48,-0.21914062499999998
0.07981300354003906,49,-0.399609375
0.08138394355773926,50,-0.15468749999999998
0.08283686637878418,51,-0.0515625
0.08431792259216309,52,-0.12890625
0.08595800399780273,53,-0.4125
0.08860898017883301,54,-0.4640625
0.09011387825012207,55,-1.65
0.09188294410705566,56,-0.23203125
0.09438586235046387,57,-0.2578125
0.09579586982727051,58,-0.348046875
0.09698796272277832,59,-0.23203125
0.09812188148498535,60,-0.012890625
0.09924101829528809,61,-0.012890625
0.10034584999084473,62,-0.15468749999999998
0.10149407386779785,63,-0.21914062499999998
0.1026148796081543,64,-0.580078125
0.10383796691894531,65,-0.69609375
0.10497307777404785,66,-1.353515625
0.10614800453186035,67,-0.631640625
0.10752987861633301,68,-0.064453125
0.10912799835205078,69,-0.33515625
0.11063885688781738,70,-0.33515625
0.11225485801696777,71,-0.167578125
0.11375904083251953,72,-0.20625
0.11530804634094238,73,0.07734374999999999
0.11703896522521973,74,-0.0515625
0.11855792999267578,75,-0.167578125
0.1200869083404541,76,-0.502734375
0.12226295471191406,77,-0.9410156249999999
0.1243739128112793,78,-1.65
0.12592196464538574,79,-0.48984374999999997
0.12764501571655273,80,-0.4125
0.12973690032958984,81,-0.103125
0.13133692741394043,82,0.09023437499999999
0.13266992568969727,83,-0.012890625
0.13389897346496582,84,-0.167578125
0.13505792617797852,85,-0.37382812499999996
0.13632893562316895,86,-0.605859375
0.13776493072509766,87,-0.9152343749999999
0.1392209529876709,88,-1.5597656249999998
0.14087295532226562,89,-0.07734374999999999
0.14244794845581055,90,-0.30937499999999996
0.14398407936096191,91,-0.28359375
0.14545893669128418,92,-0.15468749999999998
0.14727997779846191,93,-0.20625
0.14978790283203125,94,-0.12890625
0.15131592750549316,95,-0.15468749999999998
0.15335893630981445,96,-0.43828124999999996
0.15543198585510254,97,-0.734765625
0.15691900253295898,98,-1.65
0.1581740379333496,99,-0.28359375
0.15933895111083984,100,-0.270703125
0.16048502922058105,101,-0.4640625
0.1616039276123047,102,-0.02578125
0.1627190113067627,103,-0.37382812499999996
0.1638810634613037,104,-0.30937499999999996
0.1650679111480713,105,-0.012890625
0.16629505157470703,106,-0.0515625
0.1677689552307129,107,-0.167578125
0.16922807693481445,108,-0.4640625
0.17111706733703613,109,-0.54140625
0.17271089553833008,110,-1.4437499999999999
0.17418694496154785,111,-0.103125
0.1756579875946045,112,-0.42539062499999997
0.17798399925231934,113,-0.322265625
0.1800379753112793,114,-0.103125
0.18152499198913574,115,0.18046874999999998
0.1833810806274414,116,-0.012890625
0.18542885780334473,117,-0.193359375
0.18680906295776367,118,-0.554296875
0.18804192543029785,119,-1.0828125
0.189255952835083,120,-1.65
0.1903979778289795,121,-0.116015625
0.19152307510375977,122,-0.2578125
0.19267988204956055,123,-0.33515625
0.19381999969482422,124,-0.48984374999999997
0.19494199752807617,125,-0.103125
0.19604802131652832,126,-0.399609375
0.19730401039123535,127,-0.33515625
0.19870591163635254,128,-0.012890625
0.20021390914916992,129,-0.0515625
0.20180606842041016,130,-0.15468749999999998
0.20340704917907715,131,-0.515625
0.20496702194213867,132,-0.95390625
0.20634984970092773,133,-1.65
0.20859885215759277,134,-0.15468749999999998
0.21051692962646484,135,-0.36093749999999997
0.21198606491088867,136,-0.270703125
0.2141399383544922,137,-0.36093749999999997
0.21591901779174805,138,-0.012890625
0.21721696853637695,139,-0.103125
0.2183830738067627,140,-0.33515625
0.21951985359191895,141,-0.580078125
0.22072196006774902,142,-0.7863281249999999
0.22185993194580078,143,-1.405078125
0.22296595573425293,144,-0.141796875
0.2241208553314209,145,-0.116015625
0.22524189949035645,146,-0.37382812499999996
0.2263648509979248,147,-0.270703125
0.22753691673278809,148,-0.24492187499999998
0.22897791862487793,149,-0.36093749999999997
0.23047494888305664,150,-0.33515625
0.23205995559692383,151,-0.012890625
0.23360300064086914,152,-0.103125
0.235076904296875,153,-0.23203125
0.23650193214416504,154,-0.54140625
0.23837685585021973,155,-0.8765624999999999
0.24086689949035645,156,-1.6242187499999998
0.2424468994140625,157,-0.2578125
0.24410390853881836,158,-0.4125
0.24624300003051758,159,-0.141796875
0.24786996841430664,160,0.038671874999999994
0.2491440773010254,161,-0.012890625
0.25029706954956055,162,-0.103125
0.25142598152160645,163,-0.322265625
0.25263190269470215,164,-0.631640625
0.25387096405029297,165,-0.708984375
0.2550039291381836,166,-1.3921875
0.2561349868774414,167,-0.64453125
0.25723695755004883,168,-0.0515625
0.25840091705322266,169,-0.29648437499999997
0.25978708267211914,170,-0.21914062499999998
0.26133108139038086,171,-0.476953125
0.2632889747619629,172,-0.24492187499999998
0.2649800777435303,173,-0.116015625
0.26636505126953125,174,-0.012890625
0.2678220272064209,175,-0.167578125
0.2702810764312744,176,-0.451171875
0.27234888076782227,177,-0.79921875
0.274029016494751,178,-0.20625
0.27588987350463867,179,-0.33515625
0.2779250144958496,180,-0.322265625
0.27928996086120605,181,-0.37382812499999996
0.2804880142211914,182,-0.193359375
0.28164196014404297,183,0.0
0.28275585174560547,184,-0.02578125
0.2839090824127197,185,-0.193359375
0.2850930690765381,186,-0.4125
0.28621888160705566,187,-0.6703125
0.2873220443725586,188,-0.928125
0.28851985931396484,189,-1.456640625
0.28989195823669434,190,-0.167578125
0.2913320064544678,191,-0.23203125
0.29298996925354004,192,-0.42539062499999997
0.2945859432220459,193,-0.42539062499999997
0.2960090637207031,194,-0.30937499999999996
0.2973520755767822,195,-0.21914062499999998
0.29992198944091797,196,0.0
0.30158400535583496,197,-0.12890625
0.3029608726501465,198,-0.43828124999999996
0.304980993270874,199,-0.734765625
0.30681896209716797,200,-1.611328125
0.30818986892700195,201,-0.29648437499999997
0.30948591232299805,202,-0.322265625
0.3106529712677002,203,-0.322265625
0.31180286407470703,204,-0.064453125
0.3129270076751709,205,-0.28359375
0.31406688690185547,206,-0.21914062499999998
0.3151860237121582,207,-0.012890625
0.3163139820098877,208,-0.038671874999999994
0.31745290756225586,209,-0.24492187499999998
0.31864094734191895,210,-0.515625
0.32004404067993164,211,-0.6703125
0.3214850425720215,212,-1.134375
0.3230018615722656,213,-1.65
0.32463502883911133,214,-0.038671874999999994
0.3260619640350342,215,-0.33515625
0.3281989097595215,216,-0.580078125
0.3305399417877197,217,-0.30937499999999996
0.33261990547180176,218,0.07734374999999999
0.33411693572998047,219,-0.09023437499999999
0.33601808547973633,220,-0.4640625
0.3379628658294678,221,-0.5285156249999999
0.33933496475219727,222,-1.4953124999999998
0.34051990509033203,223,-0.193359375
0.34176206588745117,224,-0.30937499999999996
0.34290289878845215,225,-0.21914062499999998
0.3440868854522705,226,-0.515625
0.3452129364013672,227,-0.270703125
0.3463249206542969,228,-0.37382812499999996
0.3474390506744385,229,-0.33515625
0.34869885444641113,230,-0.012890625
0.35009193420410156,231,-0.09023437499999999
0.3515479564666748,232,-0.193359375
0.35325193405151367,233,-0.554296875
0.35480403900146484,234,-0.837890625
0.35624194145202637,235,-1.65
0.35773301124572754,236,-0.116015625
0.35969090461730957,237,-0.322265625
0.362307071685791,238,-0.4125
0.3639969825744629,239,-0.07734374999999999
0.36596202850341797,240,0.0
0.36792993545532227,241,-0.103125
0.3693220615386963,242,-0.36093749999999997
0.370513916015625,243,-0.580078125
0.37164306640625,244,-1.26328125
0.3727869987487793,245,-1.65
0.37394285202026367,246,-0.0515625
0.37520885467529297,247,-0.4125
0.3763759136199951,248,-0.23203125
0.3775010108947754,249,-0.29648437499999997
0.3787040710449219,250,-0.4640625
0.38013195991516113,251,-0.476953125
0.3816399574279785,252,-0.28359375
0.38329195976257324,253,-0.0515625
0.38492608070373535,254,-0.193359375
0.3863260746002197,255,-0.502734375
0.38773107528686523,256,-0.7863281249999999
0.3893558979034424,257,-1.4953124999999998
0.3918790817260742,258,-0.02578125
0.3934919834136963,259,-0.348046875
0.3949110507965088,260,-0.21914062499999998
0.39713096618652344,261,-0.54140625
0.3988828659057617,262,-0.064453125
0.4002699851989746,263,-0.09023437499999999
0.40145301818847656,264,-0.2578125
0.40259289741516113,265,-0.580078125
0.40378594398498535,266,-0.734765625
0.40492892265319824,267,-1.353515625
0.40608787536621094,268,-1.6371093749999999
0.40720486640930176,269,-0.20625
0.4083290100097656,270,-0.29648437499999997
0.40950798988342285,271,-0.2578125
0.4108920097351074,272,-0.30937499999999996
0.41239500045776367,273,-0.322265625
0.41414403915405273,274,-0.20625
0.415787935256958,275,0.012890625
0.41719985008239746,276,-0.0515625
0.418626070022583,277,-0.322265625
0.42048192024230957,278,-0.580078125
0.42293691635131836,279,-1.044140625
0.4245290756225586,280,-0.09023437499999999
0.4261150360107422,281,-0.38671875
0.4282560348510742,282,-0.4640625
0.42992186546325684,283,-0.322265625
0.43117189407348633,284,0.09023437499999999
0.4323580265045166,285,-0.012890625
0.433521032333374,286,-0.07734374999999999
0.43465495109558105,287,-0.24492187499999998
0.4357788562774658,288,-0.5929687499999999
0.43691492080688477,289,-0.6703125
0.43806004524230957,290,-1.26328125
0.4391670227050781,291,-1.65
0.44034695625305176,292,-0.116015625
0.44175195693969727,293,-0.29648437499999997
0.4432859420776367,294,-0.24492187499999998
0.44495701789855957,295,-0.36093749999999997
0.4465470314025879,296,-0.20625
0.44799304008483887,297,-0.012890625
0.4494040012359619,298,0.0
0.45089292526245117,299,-0.12890625
0.4535698890686035,300,-0.4125
0.45525503158569336,301,-0.825
0.4566688537597656,302,-0.734765625
0.45857691764831543,303,-0.28359375
0.46074700355529785,304,-0.2578125
0.46210789680480957,305,-0.2578125
0.46337103843688965,306,-0.18046874999999998
0.46454501152038574,307,-0.0515625
0.4656860828399658,308,-0.012890625
0.4667990207672119,309,-0.141796875
0.46790003776550293,310,-0.29648437499999997
0.4690389633178711,311,-0.5929687499999999
0.47018003463745117,312,-0.64453125
0.4713599681854248,313,-1.2503906249999999
0.4727509021759033,314,-1.65
0.4741990566253662,315,-0.116015625
0.4758338928222656,316,-0.42539062499999997
0.4778280258178711,317,-0.30937499999999996
0.4792659282684326,318,-0.21914062499999998
0.48070597648620605,319,-0.0515625
0.4828450679779053,320,0.0
0.48511195182800293,321,-0.103125
0.486616849899292,322,-0.4125
0.48828697204589844,323,-0.95390625
0.4902689456939697,324,-1.65
0.49175000190734863,325,-0.2578125
0.4930119514465332,326,-0.270703125
0.4942820072174072,327,-0.33515625
0.49541807174682617,328,-0.348046875
0.4965689182281494,329,-0.36093749999999997
0.49768996238708496,330,-0.20625
0.49880003929138184,331,0.0
0.4999048709869385,332,-0.064453125
0.5010690689086914,333,-0.2578125
0.5023238658905029,334,-0.631640625
0.5038039684295654,335,-0.64453125
0.5052800178527832,336,-1.3019531249999998
0.5067999362945557,337,-0.12890625
0.508342981338501,338,-0.24492187499999998
0.5097770690917969,339,-0.23203125
0.5111589431762695,340,-0.37382812499999996
0.5134749412536621,341,-0.30937499999999996
0.5154478549957275,342,-0.0515625
0.5169270038604736,343,-0.02578125
0.5187389850616455,344,-0.18046874999999998
0.5207879543304443,345,-0.5929687499999999
0.5221750736236572,346,-1.353515625
0.5233829021453857,347,-0.23203125
0.52457594871521,348,-0.322265625
0.5257608890533447,349,-0.322265625
0.5268869400024414,350,-0.4640625
0.5279970169067383,351,-0.322265625
0.5291099548339844,352,-0.605859375
0.5302159786224365,353,-0.48984374999999997
0.5313289165496826,354,-0.038671874999999994
0.5325138568878174,355,-0.012890625
0.5340468883514404,356,-0.193359375
0.5355079174041748,357,-0.36093749999999997
0.5371880531311035,358,-0.5929687499999999
0.5387029647827148,359,-1.224609375
0.5401160717010498,360,-0.07734374999999999
0.5415730476379395,361,-0.322265625
0.543475866317749,362,-0.20625
0.5459299087524414,363,-0.33515625
0.5475249290466309,364,-0.0515625
0.549267053604126,365,0.0
0.5512900352478027,366,-0.09023437499999999
0.5528810024261475,367,-0.37382812499999996
0.554157018661499,368,-0.734765625
0.5553250312805176,369,-1.4308593749999998
0.5564820766448975,370,0.0
0.5576438903808594,371,-0.270703125
0.5587620735168457,372,-0.54140625
0.5598940849304199,373,-0.4125
0.5610129833221436,374,-0.28359375
0.5621209144592285,375,-0.270703125
0.5634000301361084,376,-0.36093749999999997
0.5649318695068359,377,-0.15468749999999998
0.5664739608764648,378,-0.0515625
0.5681040287017822,379,-0.20625
0.5695719718933105,380,-0.515625
0.5710899829864502,381,-0.7863281249999999
0.5724790096282959,382,-1.5597656249999998
0.5747768878936768,383,-0.0515625
0.576866865158081,384,-0.37382812499999996
0.5783228874206543,385,-0.270703125
0.580394983291626,386,-0.38671875
0.5824260711669922,387,-0.15468749999999998
0.5839178562164307,388,-0.0515625
0.585129976272583,389,-0.4125
0.5862860679626465,390,-0.6187499999999999
0.5874168872833252,391,-0.9796874999999999
0.5886290073394775,392,-1.52109375
0.5897650718688965,393,-0.012890625
0.5908849239349365,394,-0.193359375
0.5919899940490723,395,-0.348046875
0.5931010246276855,396,-0.38671875
0.5943539142608643,397,-0.37382812499999996
0.5957720279693604,398,-0.29648437499999997
0.597337007522583,399,-0.23203125
0.5989348888397217,400,0.0
0.6005358695983887,401,-0.064453125
0.6018810272216797,402,-0.28359375
0.6033098697662354,403,-0.580078125
0.6058988571166992,404,-1.03125
0.6075809001922607,405,-0.064453125
0.609205961227417,406,-0.36093749999999997
0.6112558841705322,407,-0.37382812499999996
0.6128330230712891,408,-0.38671875
0.6141149997711182,409,-0.0515625
0.6152849197387695,410,-0.012890625
0.6164309978485107,411,-0.0515625
0.6175549030303955,412,-0.21914062499999998
0.6186740398406982,413,-0.5671875
0.6197998523712158,414,-0.734765625
0.6209139823913574,415,-1.147265625
0.6220729351043701,416,-1.65
0.6232349872589111,417,0.0
0.6244468688964844,418,-0.33515625
0.6258580684661865,419,-0.4640625
0.6273069381713867,420,-0.4125
0.6289379596710205,421,-0.12890625
0.6306450366973877,422,-0.18046874999999998
0.6320679187774658,423,0.0
0.6337540149688721,424,-0.103125
0.6358668804168701,425,-0.21914062499999998
0.6382219791412354,426,-0.554296875
0.6397709846496582,427,-1.6242187499999998
0.6414730548858643,428,-0.24492187499999998
0.643563985824585,429,-0.502734375
0.6450340747833252,430,-0.30937499999999996
0.646683931350708,431,-0.37382812499999996
0.647907018661499,432,0.02578125
0.6490600109100342,433,-0.02578125
0.6501870155334473,434,-0.193359375
0.651298999786377,435,-0.37382812499999996
0.6524209976196289,436,-0.64453125
0.6538059711456299,437,-0.7734375
0.6551198959350586,438,-1.340625
0.656580924987793,439,-0.02578125
0.6580119132995605,440,-0.24492187499999998
0.6595799922943115,441,-0.4640625
0.6611170768737793,442,-0.30937499999999996
0.6625399589538574,443,-0.270703125
0.6641330718994141,444,-0.15468749999999998
0.6659948825836182,445,0.0
0.6685888767242432,446,-0.064453125
0.6702060699462891,447,-0.43828124999999996
0.6720080375671387,448,-1.044140625
0.67405104637146,449,-1.65
0.6754648685455322,450,-0.29648437499999997
0.6767199039459229,451,-0.37382812499999996
0.6779038906097412,452,-0.193359375
0.679034948348999,453,-0.4640625
0.6801700592041016,454,-0.37382812499999996
0.6812858581542969,455,-0.0515625
0.6824278831481934,456,-0.02578125
0.6836099624633789,457,-0.12890625
0.684859037399292,458,-0.322265625
0.6863138675689697,459,-0.6574218749999999
0.6878368854522705,460,-0.889453125
0.6893939971923828,461,-1.65
0.6908838748931885,462,-0.15468749999999998
0.6922979354858398,463,-0.37382812499999996
0.6937990188598633,464,-0.37382812499999996
0.6955819129943848,465,-0.18046874999999998
0.6981890201568604,466,-0.2578125
0.6998028755187988,467,-0.012890625
0.701556921005249,468,-0.15468749999999998
0.7036888599395752,469,-0.502734375
0.7052650451660156,470,-1.044140625
0.7064878940582275,471,0.012890625
0.7076380252838135,472,-0.28359375
0.708812952041626,473,-0.4640625
0.7099668979644775,474,-0.348046875
0.7110779285430908,475,-0.2578125
0.7122318744659424,476,-0.36093749999999997
0.7133760452270508,477,-0.36093749999999997
0.7145140171051025,478,-0.167578125
0.7157649993896484,479,-0.02578125
0.7172799110412598,480,-0.12890625
0.7187540531158447,481,-0.33515625
0.7203130722045898,482,-0.580078125
0.7218458652496338,483,-1.16015625
0.7232480049133301,484,-0.116015625
0.7247869968414307,485,-0.20625
0.7264580726623535,486,-0.4125
0.7290220260620117,487,-0.36093749999999997
0.7306709289550781,488,-0.193359375
0.7322030067443848,489,-0.02578125
0.7343790531158447,490,-0.103125
0.7360649108886719,491,-0.348046875
0.7373800277709961,492,-0.64453125
0.7385480403900146,493,-1.4308593749999998
0.7396860122680664,494,-0.103125
0.7408359050750732,495,-0.20625
0.7420029640197754,496,-0.4125
0.7431168556213379,497,-0.29648437499999997
0.7443408966064453,498,-0.20625
0.7454609870910645,499,-0.270703125
0.7466690540313721,500,-0.48984374999999997
0.7481310367584229,501,-0.23203125
0.7496309280395508,502,-0.012890625
0.7511940002441406,503,-0.29648437499999997
0.7527730464935303,504,-0.605859375
0.7545440196990967,505,-0.837890625
0.7559750080108643,506,-1.65
0.7577998638153076,507,-0.02578125
0.7602100372314453,508,-0.29648437499999997
0.7617619037628174,509,-0.21914062499999998
0.7633159160614014,510,-0.322265625
0.7654650211334229,511,-0.09023437499999999
0.7673699855804443,512,-0.0515625
0.7686870098114014,513,-0.322265625
0.7698559761047363,514,-0.502734375
0.7709860801696777,515,-1.018359375
0.7720909118652344,516,-1.5984375
0.773313045501709,517,0.0
0.7744550704956055,518,-0.399609375
0.7755720615386963,519,-0.33515625
0.7768540382385254,520,-0.4125
0.7782580852508545,521,-0.167578125
0.779742956161499,522,-0.399609375
0.7814669609069824,523,-0.12890625
0.7829580307006836,524,-0.02578125
0.7848849296569824,525,-0.15468749999999998
0.7863590717315674,526,-0.502734375
0.7887718677520752,527,-0.889453125
0.7906849384307861,528,-1.65
0.7920920848846436,529,-0.502734375
0.7938978672027588,530,-0.29648437499999997
0.7959048748016357,531,-0.167578125
0.7974588871002197,532,-0.038671874999999994
0.7986729145050049,533,0.0
0.799854040145874,534,-0.103125
0.8009960651397705,535,-0.270703125
0.8021159172058105,536,-0.580078125
0.8033058643341064,537,-0.6703125
0.8044588565826416,538,-1.198828125
0.805635929107666,539,-1.65
0.806833028793335,540,-0.07734374999999999
0.8082878589630127,541,-0.29648437499999997
0.8097670078277588,542,-0.322265625
0.8113448619842529,543,-0.322265625
0.8136820793151855,544,-0.20625
0.8154609203338623,545,0.0
0.816910982131958,546,-0.116015625
0.8192808628082275,547,-0.29648437499999997
0.8211789131164551,548,-0.605859375
0.8226208686828613,549,-1.546875
0.8243880271911621,550,-0.02578125
0.8263280391693115,551,-0.399609375
0.8278019428253174,552,-0.322265625
0.8290660381317139,553,-0.23203125
0.8302340507507324,554,-0.167578125
0.8313889503479004,555,-0.02578125
0.8325049877166748,556,-0.038671874999999994
0.8337149620056152,557,-0.167578125
0.8348569869995117,558,-0.42539062499999997
0.8359780311584473,559,-0.6703125
0.8372528553009033,560,-0.863671875
0.8387079238891602,561,-1.46953125
0.8401398658752441,562,-0.141796875
0.8417179584503174,563,-0.24492187499999998
0.8433189392089844,564,-0.270703125
0.8448479175567627,565,-0.270703125
0.8463220596313477,566,-0.42539062499999997
0.8483099937438965,567,-0.15468749999999998
0.850592851638794,568,-0.012890625
0.8520989418029785,569,-0.29648437499999997
0.8537290096282959,570,-0.502734375
0.8558249473571777,571,-1.134375
0.8573908805847168,572,-0.2578125
0.8586678504943848,573,-0.322265625
0.859868049621582,574,-0.30937499999999996
0.861069917678833,575,-0.348046875
0.8622100353240967,576,-0.42539062499999997
0.8633589744567871,577,-0.399609375
0.8644819259643555,578,-0.15468749999999998
0.8656010627746582,579,-0.02578125
0.8667068481445312,580,-0.20625
0.8679020404815674,581,-0.37382812499999996
0.8693928718566895,582,-0.6703125
0.8708479404449463,583,-0.8507812499999999
0.8725018501281738,584,-1.5984375
0.8741199970245361,585,-0.07734374999999999
0.875593900680542,586,-0.4125
0.8774089813232422,587,-0.515625
0.8799638748168945,588,-0.09023437499999999
0.8817799091339111,589,0.167578125
0.8832440376281738,590,-0.0515625
0.8852310180664062,591,-0.20625
0.8873839378356934,592,-0.515625
0.8887929916381836,593,-1.2503906249999999
0.8899760246276855,594,-0.116015625
0.8911070823669434,595,-0.30937499999999996
0.8922789096832275,596,-0.6187499999999999
0.8934528827667236,597,-0.43828124999999996
0.8945870399475098,598,-0.21914062499999998
0.8957278728485107,599,-0.4640625
0.8968548774719238,600,-0.476953125
0.8980519771575928,601,-0.07734374999999999
0.8994579315185547,602,-0.0515625
0.9009668827056885,603,-0.20625
0.9026150703430176,604,-0.48984374999999997
0.904170036315918,605,-0.6703125
0.905566930770874,606,-1.46953125
0.9069199562072754,607,-0.15468749999999998
0.9089450836181641,608,-0.38671875
0.9113118648529053,609,-0.6832031249999999
0.9128730297088623,610,-0.322265625
0.9144718647003174,611,0.0
0.9164609909057617,612,0.0
0.9181430339813232,613,-0.167578125
0.9194140434265137,614,-0.476953125
0.920590877532959,615,-0.7734375
0.9217250347137451,616,-1.405078125
0.9228420257568359,617,0.0
0.9239790439605713,618,-0.103125
0.925590991973877,619,-0.42539062499999997
0.9270548820495605,620,-0.348046875
0.9285340309143066,621,-0.21914062499999998
0.9300060272216797,622,-0.24492187499999998
0.931441068649292,623,-0.012890625
0.9330148696899414,624,-0.038671874999999994
0.9347810745239258,625,-0.15468749999999998
0.9362070560455322,626,-0.580078125
0.9376120567321777,627,-0.7863281249999999
0.9395339488983154,628,-1.52109375
0.9422459602355957,629,-0.064453125
0.9439408779144287,630,-0.33515625
0.9455499649047852,631,-0.0515625
0.9476230144500732,632,-0.12890625
0.9493570327758789,633,0.0
0.9506189823150635,634,-0.15468749999999998
0.951848030090332,635,-0.4640625
0.9529919624328613,636,-0.64453125
0.9542138576507568,637,-1.0570312499999999
0.9553499221801758,638,-1.611328125
0.9564590454101562,639,-0.02578125
0.9575989246368408,640,-0.30937499999999996
0.9588220119476318,641,-0.36093749999999997
0.9602539539337158,642,-0.399609375
0.9617278575897217,643,-0.20625
0.9633369445800781,644,-0.399609375
0.9649989604949951,645,-0.12890625
0.9664719104766846,646,-0.02578125
