time,count,voltage
0.005692005157470703,1,-1.327734375
0.0073451995849609375,2,-0.21914062499999998
0.008922100067138672,3,-0.193359375
0.010384082794189453,4,-0.012890625
0.011794090270996094,5,-0.20625
0.013559103012084961,6,-0.103125
0.015024185180664062,7,0.0
0.01642012596130371,8,-0.0515625
0.017809152603149414,9,-0.21914062499999998
0.02766704559326172,10,-0.2578125
0.02933502197265625,11,-0.18046874999999998
0.030790090560913086,12,0.18046874999999998
0.03219103813171387,13,-0.012890625
0.033701181411743164,14,-0.012890625
0.03515911102294922,15,-0.30937499999999996
0.036707162857055664,16,-0.42539062499999997
0.05435299873352051,17,-1.327734375
0.05636310577392578,18,-1.65
0.05839800834655762,19,-0.12890625
0.06363415718078613,20,-0.2578125
0.06557607650756836,21,-0.322265625
0.06705808639526367,22,-0.012890625
0.06856417655944824,23,-0.2578125
0.07026815414428711,24,-0.42539062499999997
0.07204508781433105,25,-1.3019531249999998
0.07600021362304688,26,0.0
0.07742714881896973,27,-0.064453125
0.07874822616577148,28,-0.36093749999999997
0.08017110824584961,29,-0.20625
0.08156609535217285,30,0.0
0.0829010009765625,31,-0.012890625
0.08419203758239746,32,-0.12890625
0.0854651927947998,33,-0.270703125
0.08671116828918457,34,-0.6703125
0.08796119689941406,35,-1.3664062499999998
0.08922004699707031,36,-0.09023437499999999
0.09046101570129395,37,-0.07734374999999999
0.09172415733337402,38,-0.0515625
0.09315609931945801,39,-0.270703125
0.09456419944763184,40,-0.0515625
0.09598922729492188,41,-0.103125
0.09745216369628906,42,0.0
0.09891009330749512,43,0.0
0.10059118270874023,44,-0.02578125
0.10220122337341309,45,-0.28359375
0.10375308990478516,46,-0.580078125
0.1053321361541748,47,-1.456640625
0.10775899887084961,48,0.0
0.10979318618774414,49,0.0
0.11121201515197754,50,-0.02578125
0.11325311660766602,51,-0.116015625
0.11499619483947754,52,0.0
0.11637115478515625,53,-0.012890625
0.1176300048828125,54,-0.24492187499999998
0.1187891960144043,55,-0.33515625
0.11994314193725586,56,-0.7863281249999999
0.12107110023498535,57,-1.456640625
0.12219119071960449,58,-0.116015625
0.12340402603149414,59,-0.0515625
0.12459802627563477,60,-0.18046874999999998
0.12582802772521973,61,-0.270703125
0.12724900245666504,62,-0.20625
0.12870407104492188,63,-0.399609375
0.130295991897583,64,-0.15468749999999998
0.13197922706604004,65,-0.012890625
0.13363909721374512,66,-0.02578125
0.13521099090576172,67,-0.28359375
0.1373121738433838,68,-0.4640625
0.13962006568908691,69,-1.3921875
0.14118599891662598,70,-0.02578125
0.14278602600097656,71,-0.18046874999999998
0.14483213424682617,72,-0.193359375
0.14649510383605957,73,-0.15468749999999998
0.14784502983093262,74,0.012890625
0.1490480899810791,75,-0.02578125
0.15021610260009766,76,-0.038671874999999994
0.15157413482666016,77,-0.29648437499999997
0.1527872085571289,78,-0.30937499999999996
0.15403008460998535,79,-1.095703125
0.15518617630004883,80,-1.65
0.15644621849060059,81,0.0
0.15795516967773438,82,-0.2578125
0.15947914123535156,83,-0.167578125
0.16098403930664062,84,-0.02578125
0.162520170211792,85,-0.23203125
0.16412806510925293,86,0.0515625
0.1657261848449707,87,0.0
0.16767120361328125,88,-0.012890625
0.17008304595947266,89,-0.2578125
0.17165207862854004,90,-1.173046875
0.17322421073913574,91,0.012890625
0.1752181053161621,92,-0.15468749999999998
0.17693018913269043,93,-0.270703125
0.17821502685546875,94,-0.2578125
0.17942214012145996,95,-0.15468749999999998
0.18064403533935547,96,0.0
0.18178200721740723,97,0.0
0.1829850673675537,98,-0.0515625
0.184157133102417,99,-0.20625
0.18527817726135254,100,-0.322265625
0.18650102615356445,101,-0.6703125
0.18799901008605957,102,-1.340625
0.18950510025024414,103,0.0
0.19108104705810547,104,-0.103125
0.19256806373596191,105,-0.103125
0.19409418106079102,106,-0.0515625
0.1956791877746582,107,-0.348046875
0.19806504249572754,108,-0.0515625
0.20025205612182617,109,-0.012890625
0.2017221450805664,110,-0.2578125
0.20345401763916016,111,-0.37382812499999996
0.20559120178222656,112,-1.2374999999999998
0.20702719688415527,113,0.0
0.20823216438293457,114,-0.12890625
0.209381103515625,115,-0.28359375
0.21051502227783203,116,-0.116015625
0.21167421340942383,117,-0.4125
0.21287202835083008,118,-0.29648437499999997
0.21405601501464844,119,0.0
0.21521520614624023,120,-0.02578125
0.21641111373901367,121,-0.0515625
0.2178502082824707,122,-0.21914062499999998
0.2193770408630371,123,-0.33515625
0.22096920013427734,124,-0.9796874999999999
0.2225661277770996,125,-1.65
0.2241051197052002,126,-0.103125
0.22562217712402344,127,-0.15468749999999998
0.2275710105895996,128,-0.18046874999999998
0.2301180362701416,129,-0.2578125
0.23166108131408691,130,0.0
0.23402118682861328,131,-0.0515625
0.2360529899597168,132,-0.167578125
0.23776006698608398,133,-0.837890625
0.23897600173950195,134,-0.038671874999999994
0.24013519287109375,135,0.0
0.24126315116882324,136,-0.20625
0.24238204956054688,137,-0.29648437499999997
0.24353313446044922,138,-0.167578125
0.24468207359313965,139,-0.37382812499999996
0.24581599235534668,140,-0.36093749999999997
0.2470691204071045,141,-0.103125
0.24854707717895508,142,0.0
0.2501490116119385,143,-0.064453125
0.2517271041870117,144,-0.2578125
0.2533891201019287,145,-0.37382812499999996
0.25494813919067383,146,-1.276171875
0.2563321590423584,147,0.0
0.2584090232849121,148,-0.167578125
0.26059412956237793,149,-0.20625
0.26213717460632324,150,-0.193359375
0.2639200687408447,151,0.038671874999999994
0.2659339904785156,152,0.0
0.2674391269683838,153,-0.02578125
0.26871299743652344,154,-0.23203125
0.26988816261291504,155,-0.631640625
0.2710421085357666,156,-1.327734375
0.272172212600708,157,-0.193359375
0.2733941078186035,158,0.0
0.2745320796966553,159,-0.167578125
0.27567601203918457,160,-0.36093749999999997
0.27680206298828125,161,-0.103125
0.2780179977416992,162,-0.270703125
0.279447078704834,163,-0.270703125
0.28093504905700684,164,0.0
0.2824561595916748,165,0.0
0.28417205810546875,166,-0.012890625
0.2857332229614258,167,-0.29648437499999997
0.28720617294311523,168,-0.7863281249999999
0.28975510597229004,169,-1.5984375
0.29145312309265137,170,-0.064453125
0.29307103157043457,171,-0.2578125
0.2952110767364502,172,-0.02578125
0.29683613777160645,173,0.038671874999999994
0.2981100082397461,174,0.0
0.29932618141174316,175,-0.0515625
0.30049800872802734,176,-0.09023437499999999
0.3016681671142578,177,-0.36093749999999997
0.3028562068939209,178,-0.502734375
0.3040041923522949,179,-1.198828125
0.3051290512084961,180,-1.65
0.3062450885772705,181,-0.038671874999999994
0.3073740005493164,182,-0.0515625
0.3086080551147461,183,-0.15468749999999998
0.31009602546691895,184,-0.23203125
0.311643123626709,185,-0.322265625
0.313190221786499,186,-0.193359375
0.31468701362609863,187,0.0
0.3161780834197998,188,-0.012890625
0.3177611827850342,189,-0.07734374999999999
0.31978511810302734,190,-0.2578125
0.32207322120666504,191,-0.928125
0.32367801666259766,192,-0.07734374999999999
0.32534003257751465,193,-0.15468749999999998
0.32743406295776367,194,-0.2578125
0.32910799980163574,195,-0.12890625
0.33036208152770996,196,0.21914062499999998
0.3315420150756836,197,0.0
0.33272814750671387,198,-0.0515625
0.3339550495147705,199,-0.12890625
0.3351020812988281,200,-0.30937499999999996
0.3362441062927246,201,-0.5285156249999999
0.33736610412597656,202,-1.224609375
0.3385770320892334,203,-1.65
0.3400461673736572,204,-0.012890625
0.34162402153015137,205,-0.20625
0.34392499923706055,206,-0.23203125
0.3454720973968506,207,-0.103125
0.34691905975341797,208,0.038671874999999994
0.34899020195007324,209,0.0
0.3514711856842041,210,-0.02578125
0.353391170501709,211,-0.193359375
0.3548130989074707,212,-1.173046875
0.35654520988464355,213,-0.0515625
0.358565092086792,214,0.0
0.3600029945373535,215,-0.270703125
0.36120104789733887,216,-0.37382812499999996
0.3623921871185303,217,-0.322265625
0.36360812187194824,218,-0.103125
0.3648221492767334,219,0.0
0.36597704887390137,220,-0.038671874999999994
0.36711907386779785,221,-0.116015625
0.3688161373138428,222,-0.37382812499999996
0.37020421028137207,223,-0.734765625
0.37169718742370605,224,-1.46953125
0.37319302558898926,225,0.0
0.37482404708862305,226,-0.15468749999999998
0.37636518478393555,227,-0.29648437499999997
0.37777113914489746,228,0.0
0.37947511672973633,229,-0.167578125
0.38209009170532227,230,0.09023437499999999
0.38378119468688965,231,-0.0515625
0.3851480484008789,232,-0.29648437499999997
0.38693809509277344,233,-0.476953125
0.3889961242675781,234,-1.3921875
0.3903951644897461,235,-0.15468749999999998
0.39161205291748047,236,-0.012890625
0.39276814460754395,237,-0.21914062499999998
0.39399099349975586,238,-0.103125
0.3951590061187744,239,-0.348046875
0.39631104469299316,240,-0.2578125
0.3974602222442627,241,0.012890625
0.39860105514526367,242,-0.02578125
0.3997950553894043,243,-0.0515625
0.401198148727417,244,-0.23203125
0.40264105796813965,245,-0.322265625
0.4043459892272949,246,-0.992578125
0.4059882164001465,247,-1.6371093749999999
0.4074690341949463,248,-0.0515625
0.40903615951538086,249,-0.103125
0.41098713874816895,250,-0.20625
0.4135630130767822,251,-0.30937499999999996
0.41506099700927734,252,0.0
0.4166860580444336,253,-0.02578125
0.4186680316925049,254,-0.20625
0.4202291965484619,255,-0.4125
0.4214742183685303,256,-1.405078125
0.422666072845459,257,0.0
0.4239010810852051,258,-0.0515625
0.4250471591949463,259,-0.0515625
0.42616701126098633,260,-0.116015625
0.4273200035095215,261,-0.167578125
0.4284360408782959,262,-0.30937499999999996
0.4296150207519531,263,-0.2578125
0.4308311939239502,264,0.012890625
0.43225717544555664,265,0.0
0.43372106552124023,266,-0.012890625
0.43534421920776367,267,-0.29648437499999997
0.43700504302978516,268,-0.43828124999999996
0.438582181930542,269,-1.456640625
0.44008922576904297,270,0.0
0.44176220893859863,271,-0.270703125
0.4444131851196289,272,-0.322265625
0.44615817070007324,273,0.0
0.4476621150970459,274,-0.012890625
0.44960522651672363,275,-0.012890625
0.45139217376708984,276,-0.09023437499999999
0.45275020599365234,277,-0.193359375
0.454052209854126,278,-0.992578125
0.45523905754089355,279,-1.65
0.45640015602111816,280,-0.02578125
0.4575622081756592,281,-0.24492187499999998
0.45891404151916504,282,-0.167578125
0.460111141204834,283,-0.23203125
0.4613800048828125,284,-0.270703125
0.46291112899780273,285,-0.29648437499999997
0.4644021987915039,286,0.012890625
0.46593308448791504,287,0.0
0.46758008003234863,288,-0.02578125
0.469088077545166,289,-0.29648437499999997
0.4706611633300781,290,-0.837890625
0.47231507301330566,291,-1.65
0.4748721122741699,292,-0.103125
0.47658300399780273,293,-0.270703125
0.47800707817077637,294,-0.30937499999999996
0.47994208335876465,295,-0.2578125
0.48172616958618164,296,0.0
0.4830641746520996,297,-0.038671874999999994
0.48434901237487793,298,-0.21914062499999998
0.4856140613555908,299,-0.322265625
0.48679208755493164,300,-0.8765624999999999
0.4879472255706787,301,-1.4953124999999998
0.4890880584716797,302,0.0
0.49020814895629883,303,-0.064453125
0.49144816398620605,304,-0.09023437499999999
0.49298810958862305,305,-0.270703125
0.49447011947631836,306,-0.20625
0.49605703353881836,307,-0.20625
0.4976041316986084,308,0.07734374999999999
0.4990370273590088,309,0.0
0.5006990432739258,310,-0.02578125
0.5030112266540527,311,-0.2578125
0.505242109298706,312,-0.8121093749999999
0.5067059993743896,313,0.0
0.5083911418914795,314,-0.270703125
0.5105190277099609,315,-0.20625
0.5120010375976562,316,-0.193359375
0.5132532119750977,317,0.02578125
0.5144431591033936,318,0.0
0.5155961513519287,319,-0.012890625
0.5167732238769531,320,-0.02578125
0.5179049968719482,321,-0.322265625
0.5190331935882568,322,-0.2578125
0.5204510688781738,323,-0.928125
0.5219621658325195,324,-1.5984375
0.5235772132873535,325,0.0
0.5252251625061035,326,-0.21914062499999998
0.526724100112915,327,-0.23203125
0.5280840396881104,328,-0.322265625
0.5295541286468506,329,-0.2578125
0.5309901237487793,330,0.0
0.5326411724090576,331,0.0
0.5343220233917236,332,-0.064453125
0.5358400344848633,333,-0.270703125
0.5372321605682373,334,-0.863671875
0.5393271446228027,335,-1.6371093749999999
0.541546106338501,336,-0.064453125
0.5430750846862793,337,-0.20625
0.544867992401123,338,-0.116015625
0.5468971729278564,339,-0.0515625
0.5483911037445068,340,-0.012890625
0.5496671199798584,341,-0.012890625
0.5508241653442383,342,-0.23203125
0.5519611835479736,343,-0.36093749999999997
0.5531179904937744,344,-0.7218749999999999
0.5542781352996826,345,-1.3664062499999998
0.5554351806640625,346,-0.012890625
0.5565800666809082,347,-0.012890625
0.5578830242156982,348,-0.116015625
0.5593421459197998,349,-0.2578125
0.5607790946960449,350,-0.167578125
0.5623221397399902,351,-0.36093749999999997
0.5640971660614014,352,-0.103125
0.565770149230957,353,-0.012890625
0.5673379898071289,354,-0.02578125
0.56998610496521,355,-0.270703125
0.5716111660003662,356,-1.0828125
0.57334303855896,357,0.0
0.5754590034484863,358,-0.12890625
0.5768661499023438,359,-0.12890625
0.5780432224273682,360,-0.23203125
0.579226016998291,361,-0.2578125
0.5804262161254883,362,-0.012890625
0.5816020965576172,363,0.0
0.582733154296875,364,-0.09023437499999999
0.5839650630950928,365,-0.15468749999999998
0.5851161479949951,366,-0.30937499999999996
0.5862531661987305,367,-0.554296875
0.5873820781707764,368,-1.2503906249999999
0.5886189937591553,369,-1.65
0.5900561809539795,370,-0.02578125
0.5915350914001465,371,-0.322265625
0.5931940078735352,372,-0.193359375
0.594757080078125,373,-0.02578125
0.596358060836792,374,-0.012890625
0.5982670783996582,375,0.012890625
0.6008081436157227,376,0.0
0.6023170948028564,377,-0.20625
0.6043100357055664,378,-0.7734375
0.6063101291656494,379,-1.65
0.6076080799102783,380,-0.193359375
0.6087920665740967,381,-0.20625
0.6099281311035156,382,-0.09023437499999999
0.6110560894012451,383,-0.322265625
0.6122701168060303,384,-0.36093749999999997
0.613548994064331,385,-0.167578125
0.6147091388702393,386,-0.012890625
0.6158351898193359,387,-0.02578125
0.6169660091400146,388,-0.09023437499999999
0.6180870532989502,389,-0.348046875
0.6193511486053467,390,-0.33515625
0.620866060256958,391,-1.0570312499999999
0.6224009990692139,392,-1.327734375
0.6240191459655762,393,-0.012890625
0.6255640983581543,394,-0.0515625
0.6270310878753662,395,-0.167578125
0.6287732124328613,396,-0.20625
0.6315991878509521,397,0.012890625
0.6332712173461914,398,0.0
0.6348249912261963,399,-0.24492187499999998
0.6370952129364014,400,-0.270703125
0.6385891437530518,401,-1.353515625
0.6397860050201416,402,-0.0515625
0.6409621238708496,403,-0.167578125
0.642099142074585,404,-0.167578125
0.6432631015777588,405,-0.2578125
0.6444230079650879,406,-0.33515625
0.645592212677002,407,-0.38671875
0.6467351913452148,408,-0.167578125
0.6478531360626221,409,0.0
0.648963212966919,410,-0.012890625
0.6501731872558594,411,-0.012890625
0.651602029800415,412,-0.29648437499999997
0.6530961990356445,413,-0.37382812499999996
0.6547291278839111,414,-1.198828125
0.6563951969146729,415,0.0
0.6577930450439453,416,-0.18046874999999998
0.6590900421142578,417,-0.167578125
0.6618211269378662,418,-0.12890625
0.6636371612548828,419,-0.103125
0.6650631427764893,420,0.0
0.6669211387634277,421,-0.038671874999999994
0.6689209938049316,422,-0.21914062499999998
0.6702930927276611,423,-0.5929687499999999
0.6715002059936523,424,-1.4308593749999998
0.672645092010498,425,0.0
0.6738531589508057,426,-0.012890625
0.6750011444091797,427,-0.116015625
0.6761810779571533,428,-0.23203125
0.6773161888122559,429,-0.0515625
0.6784322261810303,430,-0.322265625
0.6795639991760254,431,-0.2578125
0.6807820796966553,432,0.0
0.6822011470794678,433,-0.012890625
0.6836891174316406,434,-0.038671874999999994
0.6853539943695068,435,-0.2578125
0.6868882179260254,436,-0.4640625
0.6882212162017822,437,-1.41796875
0.6895301342010498,438,0.012890625
0.6919660568237305,439,-0.09023437499999999
0.693932056427002,440,-0.28359375
0.695350170135498,441,-0.167578125
0.697249174118042,442,-0.0515625
0.6991250514984131,443,-0.012890625
0.7009961605072021,444,-0.0515625
0.702254056930542,445,-0.193359375
0.7035071849822998,446,-0.8121093749999999
0.7046761512756348,447,-1.482421875
0.7058041095733643,448,0.0
0.706928014755249,449,-0.012890625
0.7080450057983398,450,0.0
0.7092061042785645,451,-0.399609375
0.7103400230407715,452,-0.038671874999999994
0.7116131782531738,453,-0.4125
0.7131130695343018,454,-0.322265625
0.7145721912384033,455,0.0
0.7162690162658691,456,-0.012890625
0.7178390026092529,457,-0.103125
0.7192192077636719,458,-0.270703125
0.7207691669464111,459,-0.9152343749999999
0.7233572006225586,460,-1.6371093749999999
0.7249860763549805,461,-0.193359375
0.726492166519165,462,-0.20625
0.7285251617431641,463,-0.0515625
0.7301990985870361,464,0.07734374999999999
0.7315170764923096,465,0.0
0.7327442169189453,466,-0.038671874999999994
0.7339792251586914,467,-0.12890625
0.7351300716400146,468,-0.33515625
0.7362501621246338,469,-0.5671875
0.7373850345611572,470,-1.2374999999999998
0.7385060787200928,471,-1.3921875
0.7396180629730225,472,0.0
0.7407522201538086,473,-0.20625
0.7419471740722656,474,-0.064453125
0.7434000968933105,475,-0.20625
0.7448689937591553,476,-0.37382812499999996
0.7464501857757568,477,-0.23203125
0.7480261325836182,478,0.012890625
0.7494821548461914,479,-0.012890625
0.7509300708770752,480,-0.116015625
0.7534401416778564,481,-0.2578125
0.755094051361084,482,-1.16015625
0.756566047668457,483,0.012890625
0.7585182189941406,484,-0.2578125
0.7604250907897949,485,-0.193359375
0.7617480754852295,486,-0.167578125
0.7634332180023193,487,-0.064453125
0.764660120010376,488,0.012890625
0.7660031318664551,489,-0.02578125
0.7671780586242676,490,-0.064453125
0.7683191299438477,491,-0.270703125
0.7694361209869385,492,-0.42539062499999997
0.7705771923065186,493,-1.173046875
0.7720692157745361,494,-1.65
0.7758171558380127,495,-0.02578125
0.7774081230163574,496,-0.103125
0.7789402008056641,497,-0.37382812499999996
0.7804210186004639,498,-0.0515625
0.7818892002105713,499,0.0
0.7840931415557861,500,-0.0515625
0.7862842082977295,501,-0.23203125
0.7878251075744629,502,-1.018359375
0.7895920276641846,503,-0.167578125
0.7917091846466064,504,-0.07734374999999999
0.7931511402130127,505,-0.322265625
0.7943530082702637,506,-0.29648437499999997
0.795518159866333,507,-0.33515625
0.7967331409454346,508,-0.15468749999999998
0.7978792190551758,509,0.0
0.7989950180053711,510,-0.012890625
0.8001110553741455,511,-0.038671874999999994
0.8012330532073975,512,-0.43828124999999996
0.8023421764373779,513,-0.29648437499999997
0.803577184677124,514,-0.928125
0.8050520420074463,515,-1.5597656249999998
0.8065590858459473,516,0.0
0.8081471920013428,517,-0.167578125
0.8095951080322266,518,-0.270703125
0.8108601570129395,519,-0.012890625
0.8122220039367676,520,-0.2578125
0.8149662017822266,521,-0.09023437499999999
0.8167431354522705,522,-0.012890625
0.8183071613311768,523,-0.24492187499999998
0.8206110000610352,524,-0.29648437499999997
0.8220469951629639,525,-1.4308593749999998
0.8232991695404053,526,-0.0515625
0.8244650363922119,527,-0.322265625
0.825606107711792,528,-0.2578125
0.8267271518707275,529,-0.103125
0.8278570175170898,530,-0.270703125
0.8289752006530762,531,-0.322265625
0.8301301002502441,532,-0.15468749999999998
0.8312711715698242,533,0.0
0.8323781490325928,534,-0.02578125
0.8335950374603271,535,-0.0515625
0.8350322246551514,536,-0.30937499999999996
0.836618185043335,537,-0.42539062499999997
0.8383321762084961,538,-1.3019531249999998
0.8399150371551514,539,-0.0515625
0.8413701057434082,540,-0.2578125
0.8427271842956543,541,-0.2578125
0.8456411361694336,542,-0.07734374999999999
0.8472781181335449,543,0.24492187499999998
0.8490021228790283,544,0.0
0.8509740829467773,545,-0.012890625
0.8524250984191895,546,-0.193359375
0.8537161350250244,547,-0.8507812499999999
0.8548882007598877,548,-1.546875
0.8560490608215332,549,0.0
0.8571701049804688,550,-0.15468749999999998
0.8583030700683594,551,-0.0515625
0.8594341278076172,552,-0.21914062499999998
0.8605730533599854,553,-0.103125
0.8617260456085205,554,-0.36093749999999997
0.862908124923706,555,-0.2578125
0.8643901348114014,556,0.0
0.8659160137176514,557,0.012890625
0.8674571514129639,558,-0.064453125
0.8691010475158691,559,-0.322265625
0.8705921173095703,560,-0.8121093749999999
0.8720571994781494,561,-1.65
0.8738620281219482,562,-0.038671874999999994
0.876514196395874,563,-0.18046874999999998
0.8780961036682129,564,-0.15468749999999998
0.8800821304321289,565,0.012890625
0.8819081783294678,566,-0.012890625
0.8832681179046631,567,-0.02578125
0.8844890594482422,568,-0.29648437499999997
0.8857190608978271,569,-0.30937499999999996
0.8868660926818848,570,-0.928125
0.8879930973052979,571,-1.546875
0.8891201019287109,572,0.0
0.8902301788330078,573,-0.0515625
0.8913800716400146,574,-0.15468749999999998
0.8925061225891113,575,-0.270703125
0.8936941623687744,576,-0.167578125
0.8949151039123535,577,-0.42539062499999997
0.8963761329650879,578,-0.33515625
0.8978471755981445,579,0.012890625
0.8995180130004883,580,-0.012890625
0.9011011123657227,581,-0.0515625
0.9024941921234131,582,-0.270703125
0.9039790630340576,583,-0.90234375
0.906447172164917,584,-1.65
0.9083251953125,585,-0.103125
0.9100461006164551,586,-0.24492187499999998
0.9121191501617432,587,-0.29648437499999997
0.913607120513916,588,0.09023437499999999
0.9148120880126953,589,0.0
0.9159941673278809,590,-0.0515625
0.9172120094299316,591,-0.103125
0.9183530807495117,592,-0.30937499999999996
0.9195051193237305,593,-0.48984374999999997
0.9206521511077881,594,-1.198828125
0.9217720031738281,595,-1.65
0.9229559898376465,596,-0.012890625
0.9241011142730713,597,-0.24492187499999998
0.9253931045532227,598,-0.116015625
0.9268732070922852,599,-0.167578125
0.9283361434936523,600,-0.28359375
0.9299662113189697,601,-0.167578125
0.9315910339355469,602,0.0
0.9332711696624756,603,-0.02578125
0.9354710578918457,604,-0.193359375
0.9379110336303711,605,-0.2578125
0.9394822120666504,606,-0.399609375
0.9416201114654541,607,0.0
0.9434781074523926,608,-0.24492187499999998
0.9447531700134277,609,-0.30937499999999996
0.9459211826324463,610,-0.20625
0.9470860958099365,611,-0.012890625
0.94828200340271,612,0.0
0.949411153793335,613,-0.02578125
0.9505531787872314,614,-0.167578125
0.9517121315002441,615,-0.30937499999999996
0.9529762268066406,616,-0.4125
0.9541580677032471,617,-1.147265625
0.9555120468139648,618,-1.65
0.9570560455322266,619,-0.012890625
0.958564043045044,620,-0.20625
0.9601421356201172,621,-0.64453125
0.9615771770477295,622,-0.36093749999999997
0.9636712074279785,623,-0.15468749999999998
0.9660952091217041,624,-0.02578125
0.9683680534362793,625,-0.012890625
0.9698891639709473,626,-0.2578125
0.9719371795654297,627,-1.198828125
0.9739282131195068,628,0.0
0.9754621982574463,629,-0.18046874999999998
0.9768681526184082,630,-0.116015625
0.9780800342559814,631,-0.193359375
0.9792540073394775,632,-0.193359375
0.9804282188415527,633,0.0
0.9815981388092041,634,-0.012890625
0.9827141761779785,635,-0.0515625
0.9839191436767578,636,-0.12890625
0.985044002532959,637,-0.322265625
0.9862790107727051,638,-0.502734375
0.9877002239227295,639,-1.21171875
0.9892311096191406,640,-0.012890625
0.9908151626586914,641,-0.064453125
0.9923171997070312,642,-0.12890625
0.9938960075378418,643,-0.167578125
0.9953920841217041,644,-0.322265625
0.9981122016906738,645,-0.12890625
0.9998152256011963,646,0.0
1.001387119293213,647,-0.193359375
1.003561019897461,648,-0.2578125
1.0050551891326904,649,-1.1859374999999999
1.0062901973724365,650,0.012890625
1.0074481964111328,651,-0.12890625
1.0085821151733398,652,-0.038671874999999994
1.0097060203552246,653,-0.21914062499999998
1.0108141899108887,654,-0.270703125
1.0119390487670898,655,-0.38671875
1.0131051540374756,656,-0.270703125
1.0142760276794434,657,0.0
1.015639066696167,658,0.0
1.0173251628875732,659,-0.012890625
1.0191471576690674,660,-0.2578125
1.0210649967193604,661,-0.7734375
1.0233089923858643,662,-1.611328125
1.0253641605377197,663,-0.20625
1.0279300212860107,664,-0.193359375
