time,count,voltage
0.005555152893066406,1,-1.134375
0.007096052169799805,2,0.012890625
0.008538007736206055,3,-0.09023437499999999
0.009922027587890625,4,-0.36093749999999997
0.01129603385925293,5,-0.12890625
0.012685060501098633,6,-0.15468749999999998
0.014039993286132812,7,0.07734374999999999
0.01538705825805664,8,0.0
0.01692509651184082,9,-0.012890625
0.01864314079284668,10,-0.270703125
0.02033710479736328,11,-0.399609375
0.022111177444458008,12,-1.3792968749999999
0.023684024810791016,13,0.0
0.025333166122436523,14,-0.20625
0.02680206298828125,15,-0.28359375
0.028336048126220703,16,-0.28359375
0.02982306480407715,17,-0.167578125
0.031226158142089844,18,0.0
0.032742977142333984,19,0.0
0.034397125244140625,20,-0.0515625
0.03610110282897949,21,-0.30937499999999996
0.03781414031982422,22,-0.928125
0.039788007736206055,23,-1.0570312499999999
0.04146695137023926,24,0.012890625
0.04309201240539551,25,-0.2578125
0.04472517967224121,26,-0.116015625
0.04648303985595703,27,-0.103125
0.04836416244506836,28,0.012890625
0.05062699317932129,29,-0.012890625
0.05332517623901367,30,-0.270703125
0.05570507049560547,31,-0.79921875
0.05750703811645508,32,0.0
0.0594480037689209,33,0.0
0.061617136001586914,34,-0.167578125
0.06371808052062988,35,-0.116015625
0.0654599666595459,36,0.012890625
0.06709694862365723,37,-0.012890625
0.0685880184173584,38,-0.33515625
0.06998705863952637,39,-0.43828124999999996
0.07136416435241699,40,-1.2890625
0.07271218299865723,41,-0.09023437499999999
0.07406306266784668,42,-0.0515625
0.07539796829223633,43,-0.0515625
0.07675695419311523,44,-0.270703125
0.07809114456176758,45,-0.322265625
0.07978606224060059,46,-0.270703125
0.08130216598510742,47,0.0
0.08274698257446289,48,0.0
0.08417201042175293,49,-0.038671874999999994
0.08580517768859863,50,-0.348046875
0.0873420238494873,51,-0.6832031249999999
0.08885717391967773,52,-1.585546875
0.09021711349487305,53,-0.012890625
0.0918731689453125,54,-0.0515625
0.09428596496582031,55,-0.270703125
0.09590506553649902,56,-0.15468749999999998
0.09749007225036621,57,0.20625
0.0992581844329834,58,0.012890625
0.10107207298278809,59,-0.012890625
0.10243511199951172,60,-0.270703125
0.10363101959228516,61,-0.837890625
0.10477113723754883,62,-1.4953124999999998
0.1058950424194336,63,0.0
0.10699200630187988,64,0.0
0.10809707641601562,65,-0.20625
0.10928702354431152,66,-0.37382812499999996
0.11050105094909668,67,-0.103125
0.11189603805541992,68,-0.2578125
0.11336112022399902,69,-0.167578125
0.1147911548614502,70,0.012890625
0.1163029670715332,71,0.0
0.11769914627075195,72,-0.103125
0.11922597885131836,73,-0.30937499999999996
0.12074899673461914,74,-0.825
0.12330102920532227,75,-1.65
0.12502717971801758,76,-0.012890625
0.1264641284942627,77,-0.37382812499999996
0.12857508659362793,78,-0.141796875
0.13025903701782227,79,0.012890625
0.13154315948486328,80,0.0
0.13268709182739258,81,-0.012890625
0.13381099700927734,82,-0.103125
0.13491511344909668,83,-0.4125
0.13601303100585938,84,-0.30937499999999996
0.13711309432983398,85,-1.03125
0.13826918601989746,86,-1.65
0.13940906524658203,87,0.0
0.14059996604919434,88,0.0
0.14198899269104004,89,0.0
0.14340710639953613,90,-0.4125
0.14491701126098633,91,-0.21914062499999998
0.1464061737060547,92,-0.12890625
0.14776206016540527,93,0.012890625
0.14915204048156738,94,0.0
0.15152812004089355,95,-0.012890625
0.15328097343444824,96,-0.33515625
0.1548480987548828,97,-1.173046875
0.15694117546081543,98,-0.012890625
0.15853095054626465,99,-0.09023437499999999
0.15976309776306152,100,-0.322265625
0.16090917587280273,101,-0.09023437499999999
0.16202902793884277,102,-0.30937499999999996
0.16315913200378418,103,-0.20625
0.16427397727966309,104,0.0
0.1653749942779541,105,0.012890625
0.16647005081176758,106,-0.02578125
0.16758298873901367,107,-0.21914062499999998
0.16876697540283203,108,-0.4125
0.1698780059814453,109,-0.6703125
0.17105507850646973,110,-1.340625
0.17244815826416016,111,0.0
0.17390203475952148,112,0.0
0.17542505264282227,113,-0.09023437499999999
0.1769871711730957,114,-0.29648437499999997
0.17841601371765137,115,-0.38671875
0.17997407913208008,116,-0.21914062499999998
0.1821131706237793,117,0.012890625
0.18419694900512695,118,-0.012890625
0.18565917015075684,119,-0.2578125
0.1876850128173828,120,-0.64453125
0.18950295448303223,121,-1.65
0.19078397750854492,122,-0.02578125
0.19193696975708008,123,-0.064453125
0.19306206703186035,124,-0.2578125
0.19416213035583496,125,-0.116015625
0.19527816772460938,126,-0.322265625
0.196397066116333,127,-0.23203125
0.19752907752990723,128,0.012890625
0.19870615005493164,129,0.0
0.19982194900512695,130,-0.02578125
0.20099711418151855,131,-0.24492187499999998
0.2024071216583252,132,-0.33515625
0.20388317108154297,133,-0.7734375
0.20538711547851562,134,-1.5984375
0.2069091796875,135,0.0
0.20835494995117188,136,-0.012890625
0.20987510681152344,137,-0.36093749999999997
0.21190500259399414,138,-0.103125
0.21418213844299316,139,-0.064453125
0.21566104888916016,140,-0.012890625
0.21740508079528809,141,-0.012890625
0.2193591594696045,142,-0.33515625
0.22074413299560547,143,-0.734765625
0.22192907333374023,144,-1.65
0.223052978515625,145,0.0
0.22416400909423828,146,-0.02578125
0.22525811195373535,147,-0.12890625
0.2263491153717041,148,-0.5285156249999999
0.22745013236999512,149,-0.0515625
0.2285611629486084,150,-0.348046875
0.2296609878540039,151,-0.23203125
0.23075199127197266,152,0.012890625
0.23190808296203613,153,0.012890625
0.23326802253723145,154,-0.012890625
0.23469901084899902,155,-0.23203125
0.23623895645141602,156,-0.38671875
0.23771095275878906,157,-1.00546875
0.2391681671142578,158,-0.15468749999999998
0.24058914184570312,159,0.0
0.2429060935974121,160,-0.02578125
0.24479103088378906,161,-0.2578125
0.24637317657470703,162,-0.15468749999999998
0.24847912788391113,163,0.0
0.24997210502624512,164,0.012890625
0.251190185546875,165,-0.23203125
0.25241804122924805,166,-0.37382812499999996
0.25363802909851074,167,-0.8507812499999999
0.2547721862792969,168,-1.5597656249999998
0.25586795806884766,169,0.0
0.25696396827697754,170,-0.012890625
0.25806212425231934,171,-0.20625
0.2592489719390869,172,-0.2578125
0.26038312911987305,173,0.0
0.26152706146240234,174,-0.24492187499999998
0.2627120018005371,175,-0.2578125
0.2641329765319824,176,0.0
0.26553797721862793,177,0.0
0.2671489715576172,178,-0.02578125
0.2688419818878174,179,-0.28359375
0.27036309242248535,180,-0.502734375
0.27178001403808594,181,-1.4437499999999999
0.2742421627044678,182,0.012890625
0.276108980178833,183,-0.07734374999999999
0.27771806716918945,184,-0.038671874999999994
0.28002309799194336,185,-0.348046875
0.28146910667419434,186,-0.012890625
0.2826361656188965,187,0.0
0.28379106521606445,188,-0.0515625
0.28495001792907715,189,-0.33515625
0.2860870361328125,190,-0.2578125
0.2871890068054199,191,-1.03125
0.2883131504058838,192,-1.6371093749999999
0.28942203521728516,193,0.0
0.2905089855194092,194,-0.012890625
0.2916440963745117,195,-0.103125
0.2929260730743408,196,-0.399609375
0.29438304901123047,197,-0.038671874999999994
0.2958970069885254,198,-0.270703125
0.2974691390991211,199,0.0515625
0.2991499900817871,200,0.0
0.3007650375366211,201,-0.02578125
0.30260610580444336,202,-0.33515625
0.30512118339538574,203,-0.515625
0.3066680431365967,204,-0.012890625
0.3086991310119629,205,-0.038671874999999994
0.3106510639190674,206,-0.322265625
0.3119781017303467,207,-0.20625
0.3131439685821533,208,-0.038671874999999994
0.3143010139465332,209,0.0
0.31540513038635254,210,0.0
0.316547155380249,211,-0.012890625
0.31765198707580566,212,-0.2578125
0.3187861442565918,213,-0.399609375
0.3198881149291992,214,-0.64453125
0.32099413871765137,215,-1.353515625
0.3220860958099365,216,0.0
0.3232879638671875,217,0.0
0.32472801208496094,218,0.0
0.32625603675842285,219,-0.2578125
0.32787609100341797,220,-0.103125
0.32959604263305664,221,-0.28359375
0.33118200302124023,222,0.0
0.33307909965515137,223,-0.012890625
0.3355860710144043,224,0.0
0.3379790782928467,225,-0.4125
0.3413231372833252,226,-1.65
0.3431990146636963,227,-0.0515625
0.34444117546081543,228,-0.103125
0.3455779552459717,229,-0.2578125
0.3467271327972412,230,-0.103125
0.347836971282959,231,0.012890625
0.34901905059814453,232,-0.012890625
0.3501241207122803,233,0.0
0.35122013092041016,234,-0.29648437499999997
0.3523240089416504,235,-0.37382812499999996
0.35354018211364746,236,-0.837890625
0.35495615005493164,237,-1.46953125
0.3565080165863037,238,0.0
0.3581840991973877,239,-0.064453125
0.35984015464782715,240,-0.18046874999999998
0.36127400398254395,241,-0.07734374999999999
0.36333608627319336,242,-0.20625
0.3659210205078125,243,0.07734374999999999
0.36742496490478516,244,-0.012890625
0.3693840503692627,245,-0.270703125
0.37134313583374023,246,-0.64453125
0.3728001117706299,247,0.0
0.37404799461364746,248,-0.012890625
0.3751950263977051,249,-0.167578125
0.376331090927124,250,-0.37382812499999996
0.37744617462158203,251,-0.0515625
0.3785700798034668,252,-0.36093749999999997
0.37972116470336914,253,-0.2578125
0.38085007667541504,254,0.0
0.381972074508667,255,0.0
0.3830540180206299,256,-0.012890625
0.38424110412597656,257,-0.193359375
0.38565516471862793,258,-0.4125
0.38717103004455566,259,-0.6187499999999999
0.38888001441955566,260,-1.5082031249999999
0.39041900634765625,261,0.0
0.39184117317199707,262,-0.064453125
0.39313817024230957,263,-0.4125
0.39566707611083984,264,-0.09023437499999999
0.3974130153656006,265,0.07734374999999999
0.398967981338501,266,0.0
0.400954008102417,267,-0.012890625
0.40263915061950684,268,-0.33515625
0.40393710136413574,269,-0.7863281249999999
0.40520310401916504,270,-1.5984375
0.40635204315185547,271,0.0
0.40747594833374023,272,-0.012890625
0.4086720943450928,273,0.0
0.40980100631713867,274,-0.4125
0.4109079837799072,275,-0.167578125
0.4120509624481201,276,-0.36093749999999997
0.4131810665130615,277,-0.21914062499999998
0.41440796852111816,278,0.012890625
0.4157991409301758,279,-0.012890625
0.4172401428222656,280,0.0
0.4187769889831543,281,-0.36093749999999997
0.420443058013916,282,-0.43828124999999996
0.42191195487976074,283,-1.4308593749999998
0.4233541488647461,284,0.012890625
0.42517805099487305,285,-0.116015625
0.42760610580444336,286,-0.2578125
0.42928314208984375,287,-0.193359375
0.43090200424194336,288,0.193359375
0.43285202980041504,289,0.0
0.4390230178833008,290,-0.0515625
0.44043898582458496,291,0.0
0.4415891170501709,292,-0.20625
0.44284605979919434,293,-0.30937499999999996
0.44827914237976074,294,-0.02578125
0.44996118545532227,295,-0.42539062499999997
0.4513390064239502,296,-0.20625
0.45274806022644043,297,-0.28359375
0.4541449546813965,298,-0.928125
0.45665812492370605,299,-1.65
0.4583151340484619,300,0.0
0.46149110794067383,301,-0.29648437499999997
0.46367406845092773,302,-0.103125
0.46506810188293457,303,0.0
0.4663350582122803,304,-0.012890625
0.46759915351867676,305,-0.103125
0.46896910667419434,306,-0.399609375
0.4702579975128174,307,-0.554296875
0.47150206565856934,308,-1.3792968749999999
0.47274017333984375,309,0.0
0.4783029556274414,310,-0.02578125
0.4802100658416748,311,-0.038671874999999994
0.48220109939575195,312,0.012890625
0.48380303382873535,313,-0.02578125
0.48641014099121094,314,-0.33515625
0.4886469841003418,315,-0.5285156249999999
0.4905869960784912,316,-0.012890625
0.4926471710205078,317,-0.0515625
0.4940791130065918,318,-0.2578125
0.4952731132507324,319,-0.37382812499999996
0.496412992477417,320,-0.21914062499999998
0.497528076171875,321,0.012890625
0.4987499713897705,322,0.0
0.4998791217803955,323,-0.012890625
0.501021146774292,324,-0.21914062499999998
0.5021700859069824,325,-0.42539062499999997
0.5032870769500732,326,-0.6703125
0.5043981075286865,327,-1.340625
0.5056040287017822,328,0.0
0.5070099830627441,329,0.0
0.5084881782531738,330,-0.064453125
0.5099999904632568,331,-0.33515625
0.5115461349487305,332,-0.103125
0.512937068939209,333,-0.103125
0.5142691135406494,334,0.0
0.5154480934143066,335,-0.012890625
0.5177910327911377,336,-0.012890625
0.5196940898895264,337,-0.2578125
0.5211069583892822,338,-0.966796875
0.522719144821167,339,-1.2374999999999998
0.5246591567993164,340,0.0
0.5262260437011719,341,-0.09023437499999999
0.5274851322174072,342,-0.141796875
0.5287289619445801,343,-0.37382812499999996
0.529865026473999,344,-0.20625
0.5309929847717285,345,0.0
0.5320990085601807,346,0.0
0.5332059860229492,347,-0.012890625
0.534304141998291,348,-0.24492187499999998
0.5354139804840088,349,-0.37382812499999996
0.5366010665893555,350,-0.6187499999999999
0.537999153137207,351,-1.340625
0.5395259857177734,352,0.0
0.5410201549530029,353,-0.02578125
0.5426311492919922,354,-0.038671874999999994
0.54404616355896,355,-0.193359375
0.5453891754150391,356,-0.20625
0.5470850467681885,357,-0.103125
0.5494320392608643,358,0.012890625
0.5510110855102539,359,-0.012890625
0.5523970127105713,360,-0.270703125
0.55417799949646,361,-0.64453125
0.5560710430145264,362,-1.533984375
0.5574710369110107,363,-0.0515625
0.5587520599365234,364,-0.07734374999999999
0.5600910186767578,365,-0.348046875
0.561251163482666,366,-0.2578125
0.5623669624328613,367,-0.2578125
0.5636081695556641,368,-0.103125
0.5648491382598877,369,0.012890625
0.5685091018676758,370,0.0
0.5700361728668213,371,-0.02578125
0.5715351104736328,372,-1.0570312499999999
0.5730810165405273,373,0.012890625
0.5745160579681396,374,-0.0515625
0.5758700370788574,375,-0.103125
0.5776081085205078,376,-0.18046874999999998
0.5802161693572998,377,-0.2578125
0.5817360877990723,378,0.0
0.583122968673706,379,-0.02578125
0.584968090057373,380,-0.12890625
0.5867841243743896,381,-0.33515625
0.5882489681243896,382,-1.198828125
0.5894851684570312,383,-0.02578125
0.5906350612640381,384,-0.0515625
0.5917460918426514,385,0.0
0.5928311347961426,386,-0.37382812499999996
0.5939300060272217,387,-0.12890625
0.5950131416320801,388,-0.399609375
0.5961050987243652,389,-0.36093749999999997
0.5973341464996338,390,0.012890625
0.5988140106201172,391,-0.012890625
0.6002581119537354,392,-0.012890625
0.601762056350708,393,-0.24492187499999998
0.6032559871673584,394,-0.30937499999999996
0.6046500205993652,395,-1.1214843749999999
0.6059970855712891,396,0.0
0.6073310375213623,397,0.0
0.6097900867462158,398,-0.0515625
0.6116039752960205,399,-0.103125
0.6130671501159668,400,-0.103125
0.6146941184997559,401,0.012890625
0.6166110038757324,402,0.012890625
0.6181960105895996,403,-0.09023437499999999
0.619469165802002,404,-0.24492187499999998
0.6206581592559814,405,-0.9152343749999999
0.6217989921569824,406,-1.5984375
0.6229150295257568,407,0.012890625
0.6240179538726807,408,-0.012890625
0.6251089572906494,409,-0.02578125
0.6262021064758301,410,-0.2578125
0.6273880004882812,411,-0.103125
0.628864049911499,412,-0.348046875
0.6303341388702393,413,-0.15468749999999998
0.6318020820617676,414,0.0
0.6333150863647461,415,0.0
0.6346900463104248,416,-0.193359375
0.636070966720581,417,-0.28359375
0.6376590728759766,418,-0.889453125
0.640233039855957,419,-1.65
0.6418530941009521,420,-0.02578125
0.6432180404663086,421,-0.33515625
0.6449911594390869,422,-0.09023437499999999
0.646975040435791,423,-0.141796875
0.648374080657959,424,0.0
0.6495561599731445,425,0.0
0.6506810188293457,426,-0.103125
0.6518030166625977,427,-0.38671875
0.6529250144958496,428,-0.33515625
0.6540391445159912,429,-1.069921875
0.655148983001709,430,-1.65
0.656243085861206,431,0.0
0.6574161052703857,432,0.0
0.6588690280914307,433,-0.0515625
0.6603729724884033,434,-0.348046875
0.6619100570678711,435,-0.30937499999999996
0.6635019779205322,436,-0.167578125
0.6649379730224609,437,0.012890625
0.6662721633911133,438,-0.012890625
0.6679940223693848,439,-0.064453125
0.670443058013916,440,-0.37382812499999996
0.6721010208129883,441,-1.2374999999999998
0.6734609603881836,442,0.0
0.6751980781555176,443,-0.038671874999999994
0.6771321296691895,444,-0.2578125
0.6786229610443115,445,-0.270703125
0.6799509525299072,446,-0.02578125
0.6811180114746094,447,0.0
0.682232141494751,448,0.012890625
0.6833610534667969,449,-0.012890625
0.6844711303710938,450,-0.23203125
0.6855831146240234,451,-0.399609375
