time,count,voltage
0.004477977752685547,1,-0.038671874999999994
0.005905866622924805,2,-0.064453125
0.007167816162109375,3,-0.2578125
0.008332967758178711,4,-0.4640625
0.009479045867919922,5,-1.147265625
0.010609865188598633,6,-1.65
0.011725902557373047,7,-0.21914062499999998
0.012923002243041992,8,-0.33515625
0.014122962951660156,9,-0.2578125
0.015271902084350586,10,-0.15468749999999998
0.02250194549560547,11,-0.322265625
0.02390599250793457,12,-0.103125
0.02510690689086914,13,-0.4125
0.02624988555908203,14,-1.1214843749999999
0.027379989624023438,15,-1.65
0.02849888801574707,16,-0.20625
0.029635906219482422,17,-0.37382812499999996
0.030763864517211914,18,-0.21914062499999998
0.05111384391784668,19,-0.12890625
0.052587032318115234,20,-0.24492187499999998
0.0539088249206543,21,-0.012890625
0.05510282516479492,22,-0.12890625
0.056246042251586914,23,-0.29648437499999997
0.05738997459411621,24,-0.20625
0.05851101875305176,25,-0.7476562499999999
0.05964398384094238,26,-1.3019531249999998
0.060777902603149414,27,-1.65
0.061905860900878906,28,-0.20625
0.06302905082702637,29,-0.322265625
0.06416487693786621,30,-0.30937499999999996
0.06529092788696289,31,-0.103125
0.06640195846557617,32,-0.30937499999999996
0.06763386726379395,33,-0.4125
0.06885695457458496,34,-0.36093749999999997
0.07010698318481445,35,-0.012890625
0.07134485244750977,36,-0.103125
0.07258296012878418,37,-0.193359375
0.07387495040893555,38,-0.29648437499999997
0.07514595985412598,39,-0.4640625
0.07639002799987793,40,-1.147265625
0.07764101028442383,41,-1.65
0.07887887954711914,42,-0.23203125
0.08010601997375488,43,-0.30937499999999996
0.08133888244628906,44,-0.30937499999999996
0.09414792060852051,45,-0.0515625
0.10223102569580078,46,-0.4125
0.10357999801635742,47,0.012890625
0.10486698150634766,48,-0.103125
0.10602402687072754,49,-0.193359375
0.10715389251708984,50,-0.2578125
0.10827183723449707,51,-0.605859375
0.10939502716064453,52,-1.173046875
0.11052584648132324,53,-1.65
0.11163997650146484,54,-0.167578125
0.11275482177734375,55,-0.322265625
0.11403203010559082,56,-0.20625
0.11550498008728027,57,-0.20625
0.11694884300231934,58,-0.23203125
0.11850404739379883,59,-0.2578125
0.11992692947387695,60,-0.0515625
0.12136197090148926,61,-0.07734374999999999
0.12274503707885742,62,-0.141796875
0.12543201446533203,63,-0.20625
0.12712788581848145,64,-0.992578125
0.12858104705810547,65,-0.515625
0.13057994842529297,66,-0.4125
0.13222503662109375,67,-0.193359375
0.13348889350891113,68,-0.20625
0.13468599319458008,69,-0.270703125
0.1358318328857422,70,-0.20625
0.1369638442993164,71,-0.02578125
0.13808202743530273,72,-0.167578125
0.13927197456359863,73,-0.2578125
0.14039397239685059,74,-0.28359375
0.1415250301361084,75,-0.5671875
0.14264702796936035,76,-1.16015625
0.143812894821167,77,-1.65
0.14500904083251953,78,-0.20625
0.14639902114868164,79,-0.36093749999999997
0.14786291122436523,80,-0.270703125
0.14935803413391113,81,-0.167578125
0.15087294578552246,82,-0.37382812499999996
0.15227699279785156,83,-0.23203125
0.15378689765930176,84,-0.012890625
0.15521788597106934,85,-0.12890625
0.15762996673583984,86,-0.2578125
0.15956783294677734,87,-0.4125
0.16100692749023438,88,-1.533984375
0.16266798973083496,89,-0.193359375
0.16478800773620605,90,-0.116015625
0.16631197929382324,91,-0.0515625
0.16754889488220215,92,-0.193359375
0.16871094703674316,93,-0.15468749999999998
0.16985082626342773,94,-0.012890625
0.1709749698638916,95,-0.0515625
0.17209100723266602,96,-0.103125
0.17321395874023438,97,-0.33515625
0.1743910312652588,98,-0.2578125
0.17560100555419922,99,-0.90234375
0.17702293395996094,100,-1.456640625
0.178480863571167,101,-0.42539062499999997
0.18003392219543457,102,-0.322265625
0.1816239356994629,103,-0.270703125
0.18307900428771973,104,-0.116015625
0.18468904495239258,105,-0.167578125
0.18645501136779785,106,-0.012890625
0.18889403343200684,107,-0.012890625
0.1905229091644287,108,-0.167578125
0.19190597534179688,109,-0.37382812499999996
0.19378995895385742,110,-1.134375
0.19574999809265137,111,-1.26328125
0.19718289375305176,112,-0.167578125
0.19841384887695312,113,-0.116015625
0.19957184791564941,114,-0.36093749999999997
0.20071887969970703,115,-0.4640625
0.20185089111328125,116,-0.37382812499999996
0.20296788215637207,117,-0.02578125
0.20409297943115234,118,-0.0515625
0.20522189140319824,119,-0.103125
0.20642590522766113,120,-0.270703125
0.20785188674926758,121,-0.21914062499999998
0.20933294296264648,122,-0.889453125
0.21088695526123047,123,-1.5597656249999998
0.21244382858276367,124,-0.20625
0.2139730453491211,125,-0.167578125
0.21547889709472656,126,-0.20625
0.21713900566101074,127,-0.21914062499999998
0.21959781646728516,128,-0.20625
0.2212529182434082,129,-0.02578125
0.22265005111694336,130,-0.09023437499999999
0.22443890571594238,131,-0.15468749999999998
0.22638297080993652,132,-0.6703125
0.22778582572937012,133,-1.585546875
0.22900986671447754,134,-0.270703125
0.23018884658813477,135,-0.167578125
0.23132991790771484,136,-0.064453125
0.23245787620544434,137,-0.15468749999999998
0.23357582092285156,138,-0.399609375
0.23477602005004883,139,-0.4125
0.23589491844177246,140,-0.23203125
0.2371208667755127,141,-0.0515625
0.2385568618774414,142,-0.12890625
0.2400188446044922,143,-0.28359375
0.24157404899597168,144,-0.167578125
0.24310994148254395,145,-0.9796874999999999
0.24462485313415527,146,-1.65
0.24608588218688965,147,-0.23203125
0.2482318878173828,148,-0.167578125
0.25037384033203125,149,0.0
0.25182390213012695,150,0.038671874999999994
0.2536628246307373,151,0.0
0.255659818649292,152,-0.09023437499999999
0.2570199966430664,153,-0.23203125
0.2581968307495117,154,-0.36093749999999997
0.2593510150909424,155,-1.069921875
0.26048994064331055,156,-1.6371093749999999
0.26163482666015625,157,-0.322265625
0.262768030166626,158,-0.270703125
0.2639138698577881,159,-0.2578125
0.26505088806152344,160,-0.20625
0.26616883277893066,161,-0.37382812499999996
0.2673759460449219,162,-0.476953125
0.268779993057251,163,-0.36093749999999997
0.2702939510345459,164,-0.012890625
0.27182483673095703,165,-0.103125
0.2733469009399414,166,-0.20625
0.2747509479522705,167,-0.167578125
0.27619194984436035,168,-0.95390625
0.2780308723449707,169,-1.611328125
0.2804439067840576,170,-0.2578125
0.2819349765777588,171,-0.20625
0.28356003761291504,172,-0.322265625
0.2856268882751465,173,-0.322265625
0.28715991973876953,174,0.0
0.28839683532714844,175,-0.116015625
0.2895510196685791,176,-0.23203125
0.29067492485046387,177,-0.21914062499999998
0.29209303855895996,178,-0.7476562499999999
0.2933509349822998,179,-1.3664062499999998
0.294558048248291,180,-0.515625
0.2957420349121094,181,-0.24492187499999998
0.2968888282775879,182,-0.064453125
0.2981150150299072,183,-0.20625
0.2995450496673584,184,-0.07734374999999999
0.30103588104248047,185,-0.2578125
0.3025689125061035,186,-0.116015625
0.30414295196533203,187,-0.02578125
0.30554699897766113,188,-0.103125
0.3069310188293457,189,-0.21914062499999998
0.309006929397583,190,-0.322265625
0.3111889362335205,191,-1.198828125
0.31262898445129395,192,-0.20625
0.3142528533935547,193,-0.103125
0.3162510395050049,194,-0.12890625
0.3177950382232666,195,-0.322265625
0.3190310001373291,196,-0.038671874999999994
0.320192813873291,197,-0.012890625
0.3213329315185547,198,-0.167578125
0.32245397567749023,199,-0.2578125
0.3235659599304199,200,-0.322265625
0.32475996017456055,201,-0.43828124999999996
0.32591700553894043,202,-1.134375
0.32705092430114746,203,-1.65
0.32825589179992676,204,-0.20625
0.3296658992767334,205,-0.270703125
0.3311150074005127,206,-0.30937499999999996
0.33266496658325195,207,-0.193359375
0.33424901962280273,208,-0.37382812499999996
0.3356938362121582,209,-0.167578125
0.33719682693481445,210,-0.02578125
0.3388209342956543,211,-0.103125
0.34137701988220215,212,-0.2578125
0.3430979251861572,213,-0.5671875
0.34455299377441406,214,-1.5984375
0.34629201889038086,215,-0.28359375
0.3482658863067627,216,-0.21914062499999998
0.34970784187316895,217,-0.167578125
0.35092592239379883,218,-0.167578125
0.3527498245239258,219,-0.116015625
0.3539769649505615,220,-0.02578125
0.35512495040893555,221,-0.0515625
0.35625481605529785,222,-0.30937499999999996
0.35739588737487793,223,-0.2578125
0.35861992835998535,224,-0.7863281249999999
0.3600640296936035,225,-1.3664062499999998
0.361522912979126,226,-0.5671875
0.3634510040283203,227,-0.30937499999999996
0.36510801315307617,228,-0.193359375
0.3665640354156494,229,-0.322265625
0.36803483963012695,230,-0.322265625
0.3699338436126709,231,-0.103125
0.3722720146179199,232,-0.0515625
0.3739039897918701,233,-0.15468749999999998
0.37542295455932617,234,-0.399609375
0.37729787826538086,235,-1.1859374999999999
0.3791320323944092,236,-0.476953125
0.3805069923400879,237,-0.21914062499999998
0.3817169666290283,238,-0.167578125
0.38286590576171875,239,-0.33515625
0.38402891159057617,240,-0.4640625
0.3851499557495117,241,-0.37382812499999996
0.38627004623413086,242,-0.012890625
0.3873779773712158,243,-0.0515625
0.3885829448699951,244,-0.141796875
0.39002203941345215,245,-0.322265625
0.39150190353393555,246,-0.28359375
0.3930389881134033,247,-1.069921875
0.3946950435638428,248,-1.65
0.3961219787597656,249,-0.18046874999999998
0.3975818157196045,250,-0.21914062499999998
0.39896202087402344,251,-0.15468749999999998
0.40135884284973145,252,-0.4125
0.40312790870666504,253,-0.103125
0.4046289920806885,254,-0.0515625
0.40625691413879395,255,-0.167578125
0.40824103355407715,256,-0.167578125
0.40987682342529297,257,-0.9152343749999999
0.41115903854370117,258,-1.65
0.41233301162719727,259,-0.20625
0.41350293159484863,260,-0.116015625
0.41466188430786133,261,-0.24492187499999998
0.41580796241760254,262,-0.15468749999999998
0.41693782806396484,263,-0.37382812499999996
0.41805481910705566,264,-0.36093749999999997
0.4192619323730469,265,-0.23203125
0.42075204849243164,266,-0.02578125
0.42230987548828125,267,-0.064453125
0.4237029552459717,268,-0.29648437499999997
0.42525386810302734,269,-0.38671875
0.42936086654663086,270,-1.1859374999999999
0.4317138195037842,271,-0.4125
0.4340488910675049,272,-0.12890625
0.43556785583496094,273,0.116015625
0.43712496757507324,274,-0.038671874999999994
0.4390869140625,275,-0.15468749999999998
0.4407529830932617,276,-0.23203125
0.4420328140258789,277,-0.580078125
0.4432039260864258,278,-1.2890625
0.4444849491119385,279,-1.65
0.44563794136047363,280,-0.2578125
0.4469490051269531,281,-0.141796875
0.4482238292694092,282,-0.2578125
0.45391201972961426,283,-0.270703125
0.4553380012512207,284,-0.07734374999999999
0.4566628932952881,285,-0.20625
0.457913875579834,286,-0.21914062499999998
0.4591808319091797,287,-0.928125
0.4604959487915039,288,-1.533984375
0.46198201179504395,289,-0.322265625
0.463425874710083,290,-0.43828124999999996
0.46488499641418457,291,-0.2578125
0.46634984016418457,292,-0.02578125
0.4676990509033203,293,-0.23203125
0.46915292739868164,294,-0.12890625
0.4708240032196045,295,-0.012890625
0.472822904586792,296,-0.116015625
0.4752779006958008,297,-0.167578125
0.4849820137023926,298,-0.95390625
0.4867279529571533,299,0.193359375
0.48869895935058594,300,-0.0515625
0.4904329776763916,301,-0.21914062499999998
0.49218297004699707,302,-0.28359375
0.49533700942993164,303,-1.16015625
0.4970719814300537,304,-0.4640625
0.49927401542663574,305,-0.270703125
0.5014588832855225,306,-0.270703125
0.5029070377349854,307,0.116015625
0.5046238899230957,308,-0.02578125
0.5059428215026855,309,-0.12890625
0.5072128772735596,310,-0.24492187499999998
0.5085179805755615,311,-0.5285156249999999
0.5141589641571045,312,-1.21171875
0.5157499313354492,313,-1.65
0.5171358585357666,314,-0.95390625
0.5185048580169678,315,-0.631640625
0.5200779438018799,316,-0.012890625
0.5224859714508057,317,-0.0515625
0.5240728855133057,318,-0.193359375
0.5254909992218018,319,-0.580078125
0.5272560119628906,320,-1.327734375
0.5291118621826172,321,-0.4125
0.5304570198059082,322,-0.167578125
0.5316309928894043,323,-0.167578125
0.5327749252319336,324,-0.36093749999999997
0.5339720249176025,325,-0.502734375
0.5351049900054932,326,-0.38671875
0.5362248420715332,327,-0.012890625
0.5373430252075195,328,-0.02578125
0.5384469032287598,329,-0.103125
0.5395488739013672,330,-0.29648437499999997
0.5407438278198242,331,-0.270703125
0.542137861251831,332,-0.837890625
0.5435779094696045,333,-1.405078125
0.5451829433441162,334,-0.36093749999999997
0.54669189453125,335,-0.36093749999999997
0.5480449199676514,336,-0.2578125
0.5494740009307861,337,-0.193359375
0.5514469146728516,338,-0.30937499999999996
0.5535068511962891,339,-0.103125
0.5550570487976074,340,-0.103125
0.5565919876098633,341,-0.20625
0.5584769248962402,342,-0.12890625
0.5601608753204346,343,-1.00546875
0.5614490509033203,344,-0.631640625
0.5626108646392822,345,-0.28359375
0.5638139247894287,346,-0.23203125
0.5649759769439697,347,-0.15468749999999998
0.5661208629608154,348,-0.38671875
0.5672369003295898,349,-0.4640625
0.5683510303497314,350,-0.4125
0.5694539546966553,351,-0.0515625
0.5705578327178955,352,-0.02578125
0.5717248916625977,353,-0.12890625
0.573110818862915,354,-0.37382812499999996
0.5745840072631836,355,-0.193359375
0.5760610103607178,356,-0.9410156249999999
0.5776188373565674,357,-1.5726562499999999
0.5789768695831299,358,-0.21914062499999998
0.5803329944610596,359,-0.167578125
0.5820438861846924,360,-0.20625
0.5843508243560791,361,-0.33515625
0.5858190059661865,362,0.12890625
0.587162971496582,363,-0.02578125
0.5888998508453369,364,-0.103125
0.5907888412475586,365,-0.28359375
0.59220290184021,366,-0.4640625
0.5933940410614014,367,-1.327734375
0.5945689678192139,368,-0.928125
0.5956978797912598,369,-0.270703125
0.5968258380889893,370,-0.103125
0.5979468822479248,371,-0.28359375
0.5990898609161377,372,-0.02578125
0.6002299785614014,373,-0.36093749999999997
0.601356029510498,374,-0.36093749999999997
0.6025328636169434,375,-0.23203125
0.6039998531341553,376,-0.02578125
0.6054680347442627,377,-0.064453125
0.6069040298461914,378,-0.2578125
0.6084229946136475,379,-0.36093749999999997
0.609825849533081,380,-1.16015625
0.611177921295166,381,-1.65
0.6127338409423828,382,-0.15468749999999998
0.6152298450469971,383,-0.193359375
0.6169438362121582,384,-0.103125
0.6183369159698486,385,0.012890625
0.6200170516967773,386,0.038671874999999994
0.6219568252563477,387,-0.0515625
0.6234099864959717,388,-0.18046874999999998
0.624647855758667,389,-0.2578125
0.625795841217041,390,-0.9796874999999999
0.6269159317016602,391,-1.546875
0.6280288696289062,392,-0.33515625
0.6291599273681641,393,-0.322265625
0.6302769184112549,394,-0.103125
0.6314220428466797,395,-0.193359375
0.6326439380645752,396,-0.20625
0.6340680122375488,397,-0.348046875
0.6355149745941162,398,-0.29648437499999997
0.6369929313659668,399,-0.012890625
0.6385259628295898,400,-0.116015625
0.6398830413818359,401,-0.18046874999999998
0.6411960124969482,402,-0.103125
0.6425778865814209,403,-0.837890625
0.6451699733734131,404,-1.4437499999999999
0.6468958854675293,405,-0.24492187499999998
0.6482939720153809,406,-0.23203125
0.6498868465423584,407,-0.33515625
0.6517870426177979,408,-0.322265625
0.6533069610595703,409,0.0
0.6545720100402832,410,-0.02578125
0.6557378768920898,411,-0.09023437499999999
0.6568648815155029,412,-0.012890625
0.6579718589782715,413,-0.30937499999999996
0.6590850353240967,414,-0.966796875
0.6604089736938477,415,-1.46953125
0.6619889736175537,416,-1.3148437499999999
0.6636478900909424,417,-0.322265625
0.6655139923095703,418,-0.2578125
0.6670558452606201,419,-0.23203125
0.6686289310455322,420,-0.15468749999999998
0.6701078414916992,421,0.0
0.6715760231018066,422,-0.09023437499999999
0.6730759143829346,423,-0.20625
0.6749670505523682,424,-0.02578125
0.6773309707641602,425,-0.79921875
0.6789109706878662,426,-0.7218749999999999
0.6803028583526611,427,-0.20625
0.6818978786468506,428,-0.167578125
0.6838879585266113,429,-0.33515625
0.6857209205627441,430,-0.15468749999999998
0.6870038509368896,431,-0.02578125
0.6881530284881592,432,-0.103125
0.689276933670044,433,-0.270703125
0.6903848648071289,434,-0.2578125
