time,count,voltage
0.0053558349609375,1,-1.16015625
0.00689387321472168,2,-0.95390625
0.008291959762573242,3,-0.103125
0.009749889373779297,4,-0.2578125
0.011516809463500977,5,-0.37382812499999996
0.013246774673461914,6,-0.23203125
0.014914989471435547,7,-0.012890625
0.016604900360107422,8,-0.07734374999999999
0.018191814422607422,9,-0.167578125
0.019957780838012695,10,-0.20625
0.02146291732788086,11,-1.0828125
0.022838830947875977,12,-1.6242187499999998
0.024188995361328125,13,-0.37382812499999996
0.025539875030517578,14,-0.2578125
0.02686786651611328,15,-0.09023437499999999
0.028497934341430664,16,-0.4640625
0.030211925506591797,17,-0.37382812499999996
0.03189682960510254,18,-0.012890625
0.03364396095275879,19,-0.0515625
0.03538990020751953,20,-0.103125
0.036995887756347656,21,-0.476953125
0.03874683380126953,22,-1.276171875
0.04034590721130371,23,-0.37382812499999996
0.042015790939331055,24,-0.193359375
0.044635772705078125,25,-0.064453125
0.04727888107299805,26,-0.15468749999999998
0.04912877082824707,27,0.0
0.05102086067199707,28,-0.064453125
0.0533139705657959,29,-0.02578125
0.055098772048950195,30,-0.9410156249999999
0.05657076835632324,31,-0.4125
0.057951927185058594,32,-0.29648437499999997
0.05934286117553711,33,-0.20625
0.0606989860534668,34,-0.064453125
0.06204986572265625,35,-0.322265625
0.06340289115905762,36,-0.21914062499999998
0.06475186347961426,37,-0.02578125
0.06607890129089355,38,-0.07734374999999999
0.06740880012512207,39,-0.193359375
0.06874489784240723,40,-0.0515625
0.07008481025695801,41,-0.64453125
0.07142281532287598,42,-1.3148437499999999
0.07276296615600586,43,-1.6242187499999998
0.07409977912902832,44,-0.2578125
0.07562899589538574,45,-0.2578125
0.07701778411865234,46,-0.064453125
0.07859992980957031,47,-0.42539062499999997
0.0801389217376709,48,-0.28359375
0.08181190490722656,49,0.0
0.08346676826477051,50,-0.0515625
0.0851278305053711,51,-0.193359375
0.08693385124206543,52,-0.28359375
0.08866477012634277,53,-1.2374999999999998
0.0903158187866211,54,-0.6574218749999999
0.0918269157409668,55,-0.12890625
0.09420299530029297,56,-0.193359375
0.09675288200378418,57,-0.193359375
0.09860396385192871,58,0.0
0.10065984725952148,59,-0.064453125
0.10276389122009277,60,-0.116015625
0.10441279411315918,61,-0.8121093749999999
0.10576891899108887,62,-1.65
0.1072239875793457,63,-0.29648437499999997
0.10869979858398438,64,-0.20625
0.11030292510986328,65,-0.103125
0.11186981201171875,66,-0.2578125
0.11326789855957031,67,-0.167578125
0.1146388053894043,68,0.0
0.11665582656860352,69,-0.07734374999999999
0.11884188652038574,70,-0.116015625
0.12029480934143066,71,-0.515625
0.1221628189086914,72,-1.2890625
0.12399578094482422,73,-0.476953125
0.1252899169921875,74,-0.21914062499999998
0.1264629364013672,75,-0.12890625
0.12758088111877441,76,-0.28359375
0.12875890731811523,77,-0.43828124999999996
0.12988686561584473,78,-0.33515625
0.13098692893981934,79,0.0
0.1320939064025879,80,-0.064453125
0.133192777633667,81,-0.09023437499999999
0.13428688049316406,82,-0.23203125
0.13538098335266113,83,-0.064453125
0.13656282424926758,84,-0.6832031249999999
0.13797783851623535,85,-1.26328125
0.13943791389465332,86,-1.65
0.1409618854522705,87,-0.322265625
0.14255380630493164,88,-0.2578125
0.14394688606262207,89,-0.141796875
0.14530396461486816,90,-0.33515625
0.14752793312072754,91,-0.24492187499999998
0.14959096908569336,92,0.0
0.15101385116577148,93,-0.167578125
0.15295696258544922,94,-0.012890625
0.15472698211669922,95,-0.863671875
0.1560227870941162,96,-1.65
0.15718984603881836,97,-0.29648437499999997
0.1583998203277588,98,-0.193359375
0.15955591201782227,99,-0.167578125
0.16067290306091309,100,-0.33515625
0.1617748737335205,101,-0.476953125
0.1628708839416504,102,-0.399609375
0.16396689414978027,103,-0.167578125
0.16506385803222656,104,-0.02578125
0.16615796089172363,105,-0.0515625
0.16731977462768555,106,-0.2578125
0.16873979568481445,107,-0.15468749999999998
0.1701967716217041,108,-0.580078125
0.17177987098693848,109,-1.327734375
0.17335796356201172,110,-0.4125
0.17478394508361816,111,-0.193359375
0.17616486549377441,112,-0.15468749999999998
0.17866277694702148,113,0.0
0.18045377731323242,114,-0.02578125
0.1819617748260498,115,-0.012890625
0.1839609146118164,116,-0.038671874999999994
0.1855177879333496,117,-0.103125
0.18671798706054688,118,-0.6703125
0.18787479400634766,119,-1.340625
0.18904399871826172,120,-1.65
0.19019579887390137,121,-0.30937499999999996
0.19132590293884277,122,-0.15468749999999998
0.19243288040161133,123,-0.167578125
0.19352483749389648,124,-0.103125
0.19461989402770996,125,-0.476953125
0.1957237720489502,126,-0.48984374999999997
0.19683098793029785,127,-0.322265625
0.19800591468811035,128,-0.012890625
0.19939279556274414,129,-0.09023437499999999
0.20083189010620117,130,-0.12890625
0.2024087905883789,131,-0.064453125
0.20400190353393555,132,-0.6832031249999999
0.20540881156921387,133,-1.5082031249999999
0.2068028450012207,134,-0.29648437499999997
0.20909976959228516,135,-0.116015625
0.2110278606414795,136,-0.103125
0.21255278587341309,137,-0.21914062499999998
0.21460390090942383,138,-0.064453125
0.2162017822265625,139,-0.064453125
0.21741890907287598,140,-0.193359375
0.2185838222503662,141,-0.064453125
0.2197098731994629,142,-0.5671875
0.22083187103271484,143,-1.198828125
0.22194790840148926,144,-1.65
0.22304677963256836,145,-0.18046874999999998
0.2241518497467041,146,-0.2578125
0.22524380683898926,147,-0.20625
0.22633886337280273,148,-0.064453125
0.22743678092956543,149,-0.33515625
0.2286219596862793,150,-0.4640625
0.23001980781555176,151,-0.38671875
0.231461763381958,152,-0.012890625
0.23297595977783203,153,-0.064453125
0.23455286026000977,154,-0.20625
0.23598980903625488,155,-0.012890625
0.23741984367370605,156,-0.8507812499999999
0.2398979663848877,157,-1.533984375
0.24173378944396973,158,-0.2578125
0.24326276779174805,159,-0.18046874999999998
0.24537181854248047,160,-0.29648437499999997
0.2469179630279541,161,-0.09023437499999999
0.24812698364257812,162,-0.012890625
0.24935579299926758,163,-0.07734374999999999
0.2504909038543701,164,-0.193359375
0.251600980758667,165,-0.193359375
0.25279784202575684,166,-0.36093749999999997
0.25395798683166504,167,-1.069921875
0.25508689880371094,168,-1.6242187499999998
0.2561929225921631,169,-0.322265625
0.2572917938232422,170,-0.2578125
0.2584378719329834,171,-0.23203125
0.25961780548095703,172,-0.167578125
0.2610177993774414,173,-0.33515625
0.2624778747558594,174,-0.399609375
0.2640109062194824,175,-0.167578125
0.2655458450317383,176,-0.02578125
0.26688694953918457,177,-0.038671874999999994
0.26827478408813477,178,-0.167578125
0.2707369327545166,179,-0.2578125
0.27265381813049316,180,-1.26328125
0.2742009162902832,181,-0.270703125
0.2762727737426758,182,-0.23203125
0.2778499126434326,183,-0.15468749999999998
0.2790989875793457,184,-0.141796875
0.28025293350219727,185,-0.064453125
0.28137993812561035,186,-0.02578125
0.28247499465942383,187,-0.09023437499999999
0.28357696533203125,188,-0.141796875
0.28467893600463867,189,-0.193359375
0.2857818603515625,190,-0.21914062499999998
0.28688883781433105,191,-0.889453125
0.2879829406738281,192,-1.4308593749999998
0.2890968322753906,193,-0.5285156249999999
0.29027485847473145,194,-0.21914062499999998
0.2917189598083496,195,-0.167578125
0.29315185546875,196,-0.20625
0.2946908473968506,197,-0.36093749999999997
0.2962508201599121,198,-0.37382812499999996
0.29762983322143555,199,-0.07734374999999999
0.2991039752960205,200,-0.064453125
0.30139899253845215,201,-0.09023437499999999
0.3033418655395508,202,-0.012890625
0.30484890937805176,203,-1.018359375
0.30685997009277344,204,-1.65
0.3085489273071289,205,-0.30937499999999996
0.3098268508911133,206,-0.0515625
0.31098389625549316,207,-0.33515625
0.3121318817138672,208,-0.399609375
0.31323981285095215,209,-0.322265625
0.314349889755249,210,0.012890625
0.3154468536376953,211,-0.02578125
0.3165397644042969,212,-0.103125
0.3176538944244385,213,-0.270703125
0.31876683235168457,214,-0.0515625
0.3206319808959961,215,-0.6832031249999999
0.3220038414001465,216,-1.546875
0.32346677780151367,217,-0.2578125
0.32491493225097656,218,-0.193359375
0.32652997970581055,219,-0.2578125
0.32797980308532715,220,-0.348046875
0.32943177223205566,221,-0.29648437499999997
0.33241796493530273,222,-0.15468749999999998
0.3342258930206299,223,-0.02578125
0.33572983741760254,224,-0.02578125
0.3377718925476074,225,-0.6703125
0.3393878936767578,226,-1.5726562499999999
0.3406238555908203,227,-0.270703125
0.34177398681640625,228,-0.12890625
0.3429069519042969,229,-0.167578125
0.34401893615722656,230,-0.322265625
0.3451199531555176,231,-0.4640625
0.3462228775024414,232,-0.399609375
0.3473198413848877,233,-0.15468749999999998
0.34850597381591797,234,-0.038671874999999994
0.34962892532348633,235,-0.0515625
0.3507869243621826,236,-0.2578125
0.35199499130249023,237,-0.12890625
0.3534109592437744,238,-0.6187499999999999
0.3548707962036133,239,-1.2890625
0.35644984245300293,240,-0.4125
0.35807085037231445,241,-0.322265625
0.3596048355102539,242,-0.20625
0.3610188961029053,243,-0.103125
0.36357879638671875,244,-0.23203125
0.3652608394622803,245,-0.02578125
0.36678099632263184,246,-0.07734374999999999
0.368851900100708,247,-0.167578125
0.37034082412719727,248,-0.4125
0.37154388427734375,249,-1.2890625
0.37270498275756836,250,-0.515625
0.3738429546356201,251,-0.30937499999999996
0.3749668598175049,252,-0.20625
0.3760709762573242,253,-0.15468749999999998
0.37717580795288086,254,-0.0515625
0.37827277183532715,255,-0.37382812499999996
0.3794569969177246,256,-0.37382812499999996
0.38057398796081543,257,-0.20625
0.38168787956237793,258,-0.0515625
0.382861852645874,259,-0.116015625
0.38423991203308105,260,-0.20625
0.3856828212738037,261,-0.07734374999999999
0.3872969150543213,262,-0.7218749999999999
0.3888847827911377,263,-1.456640625
0.3903319835662842,264,-0.23203125
0.3916909694671631,265,-0.167578125
0.39415979385375977,266,-0.167578125
0.39594388008117676,267,-0.12890625
0.3975718021392822,268,0.193359375
0.3995978832244873,269,-0.02578125
0.4010307788848877,270,-0.141796875
0.4022228717803955,271,-0.012890625
0.40335893630981445,272,-0.69609375
0.40450096130371094,273,-1.2890625
0.40563178062438965,274,-1.65
0.40674495697021484,275,-0.20625
0.4078528881072998,276,-0.07734374999999999
0.408984899520874,277,-0.23203125
0.41008687019348145,278,-0.038671874999999994
0.4111819267272949,279,-0.43828124999999996
0.4122898578643799,280,-0.4640625
0.41346192359924316,281,-0.33515625
0.41485595703125,282,-0.012890625
0.41629886627197266,283,-0.0515625
0.4178338050842285,284,-0.18046874999999998
0.41950297355651855,285,-0.012890625
0.42098379135131836,286,-0.863671875
0.4223628044128418,287,-1.611328125
0.42455387115478516,288,-0.2578125
0.4266629219055176,289,-0.20625
0.42810487747192383,290,-0.33515625
0.4301488399505615,291,-0.2578125
0.4318878650665283,292,0.012890625
0.4331247806549072,293,-0.012890625
0.43427491188049316,294,-0.21914062499999998
0.4354109764099121,295,-0.0515625
0.43653392791748047,296,-0.631640625
0.43764591217041016,297,-1.2503906249999999
0.4387807846069336,298,-1.65
0.4399077892303467,299,-0.21914062499999998
0.4410219192504883,300,-0.0515625
0.44211578369140625,301,-0.24492187499999998
0.443220853805542,302,-0.0515625
0.4443857669830322,303,-0.322265625
0.4458119869232178,304,-0.4125
0.4472517967224121,305,-0.20625
0.4488029479980469,306,-0.012890625
0.4503138065338135,307,-0.0515625
0.4516887664794922,308,-0.12890625
0.45308995246887207,309,-0.29648437499999997
0.45542097091674805,310,-1.0828125
0.4573647975921631,311,-0.322265625
0.45882177352905273,312,-0.103125
0.4608628749847412,313,-0.12890625
0.46261096000671387,314,-0.322265625
0.46386289596557617,315,0.038671874999999994
0.46502089500427246,316,-0.02578125
0.4661288261413574,317,-0.064453125
0.46723484992980957,318,-0.167578125
0.4684319496154785,319,-0.103125
0.4695749282836914,320,-0.4125
0.4706878662109375,321,-1.0828125
0.47179484367370605,322,-1.611328125
0.472902774810791,323,-0.167578125
0.47399187088012695,324,-0.30937499999999996
0.47517991065979004,325,-0.20625
0.47658586502075195,326,-0.116015625
0.47803497314453125,327,-0.322265625
0.47954797744750977,328,-0.29648437499999997
0.48114490509033203,329,-0.116015625
0.48253297805786133,330,-0.02578125
0.48391079902648926,331,-0.103125
0.48601698875427246,332,-0.064453125
0.48818182945251465,333,-0.5671875
0.48972177505493164,334,-1.65
0.49163079261779785,335,-0.33515625
0.4934117794036865,336,-0.193359375
0.49468493461608887,337,-0.2578125
0.4958329200744629,338,-0.2578125
0.49695396423339844,339,-0.20625
0.4980587959289551,340,-0.012890625
0.4991729259490967,341,-0.0515625
0.5002899169921875,342,-0.141796875
0.5014259815216064,343,-0.18046874999999998
0.5025539398193359,344,-0.20625
0.5036649703979492,345,-0.928125
0.5047659873962402,346,-1.482421875
0.5059428215026855,347,-0.322265625
0.5073459148406982,348,-0.21914062499999998
0.5088198184967041,349,-0.15468749999999998
0.5103778839111328,350,-0.064453125
0.5119919776916504,351,-0.37382812499999996
0.5133998394012451,352,-0.15468749999999998
0.5147688388824463,353,0.0
0.5170238018035889,354,-0.0515625
0.51908278465271,355,-0.15468749999999998
0.5206007957458496,356,-0.6703125
0.5226209163665771,357,-1.456640625
0.5242218971252441,358,-0.2578125
0.5254487991333008,359,-0.21914062499999998
0.5266098976135254,360,-0.103125
0.5277378559112549,361,-0.322265625
0.5289437770843506,362,-0.4125
0.5300619602203369,363,-0.24492187499999998
0.531174898147583,364,-0.012890625
0.5322778224945068,365,-0.064453125
0.5333759784698486,366,-0.0515625
0.5344729423522949,367,-0.20625
0.5355689525604248,368,-0.07734374999999999
0.536747932434082,369,-0.734765625
0.5381309986114502,370,-1.327734375
0.539639949798584,371,-0.502734375
0.5412089824676514,372,-0.28359375
0.5427639484405518,373,-0.20625
0.5441508293151855,374,-0.12890625
0.5455319881439209,375,-0.30937499999999996
0.547886848449707,376,-0.18046874999999998
0.5498089790344238,377,-0.0515625
0.5513138771057129,378,-0.12890625
0.55336594581604,379,-0.02578125
0.5549278259277344,380,-0.966796875
0.5561559200286865,381,-0.4640625
0.5573248863220215,382,-0.30937499999999996
0.558506965637207,383,-0.20625
0.5596909523010254,384,-0.103125
0.5608389377593994,385,-0.30937499999999996
0.561957836151123,386,-0.42539062499999997
0.5630578994750977,387,-0.36093749999999997
0.564166784286499,388,0.0
0.5652718544006348,389,-0.0515625
0.5663638114929199,390,-0.0515625
0.5675489902496338,391,-0.21914062499999998
0.569044828414917,392,-0.0515625
0.5704867839813232,393,-0.734765625
0.5720579624176025,394,-1.4308593749999998
0.5736329555511475,395,-0.4125
0.5749919414520264,396,-0.09023437499999999
0.5763559341430664,397,-0.193359375
0.578732967376709,398,-0.2578125
0.5806849002838135,399,-0.12890625
0.5821609497070312,400,-0.012890625
0.5841248035430908,401,-0.064453125
0.5857698917388916,402,-0.09023437499999999
0.5870099067687988,403,-0.734765625
0.5881597995758057,404,-1.4437499999999999
0.589392900466919,405,-0.7218749999999999
0.5905277729034424,406,-0.24492187499999998
0.5916459560394287,407,-0.15468749999999998
0.5927457809448242,408,-0.167578125
0.5938429832458496,409,-0.0515625
0.5949409008026123,410,-0.37382812499999996
0.596045970916748,411,-0.37382812499999996
0.5971589088439941,412,-0.21914062499999998
0.598383903503418,413,-0.0515625
0.5997657775878906,414,-0.0515625
0.6011888980865479,415,-0.20625
0.6027348041534424,416,-0.012890625
0.6042909622192383,417,-0.7863281249999999
0.6056637763977051,418,-1.611328125
0.6070129871368408,419,-0.2578125
0.6093018054962158,420,-0.15468749999999998
0.6112978458404541,421,-0.064453125
0.6128499507904053,422,-0.116015625
0.6148638725280762,423,0.0
0.6164679527282715,424,-0.0515625
0.6176869869232178,425,-0.15468749999999998
0.6189308166503906,426,-0.02578125
0.6200649738311768,427,-0.6832031249999999
0.6211898326873779,428,-1.3019531249999998
0.6223018169403076,429,-1.65
0.6234078407287598,430,-0.33515625
