time,count,voltage
0.00665593147277832,1,-0.29648437499999997
0.008409976959228516,2,-0.8121093749999999
0.009840011596679688,3,-0.992578125
0.011221885681152344,4,-0.20625
0.012670040130615234,5,-0.167578125
0.014049053192138672,6,-0.23203125
0.0156400203704834,7,-0.29648437499999997
0.01739788055419922,8,-0.141796875
0.019088029861450195,9,0.012890625
0.020776987075805664,10,-0.116015625
0.022350072860717773,11,-0.37382812499999996
0.024055004119873047,12,-0.515625
0.025475025177001953,13,-1.4953124999999998
0.026855945587158203,14,0.0
0.028189897537231445,15,-0.20625
0.029527902603149414,16,-0.270703125
0.031075000762939453,17,-0.167578125
0.032800912857055664,18,-0.30937499999999996
0.03450894355773926,19,-0.064453125
0.03623795509338379,20,-0.012890625
0.03804588317871094,21,-0.167578125
0.03975701332092285,22,-0.4125
0.04134798049926758,23,-0.992578125
0.042890071868896484,24,-1.65
0.044528961181640625,25,-0.20625
0.046566009521484375,26,-0.33515625
0.04946088790893555,27,-0.103125
0.05154895782470703,28,0.167578125
0.05343008041381836,29,-0.012890625
0.055496931076049805,30,-0.23203125
0.05777406692504883,31,-0.270703125
0.0594480037689209,32,-1.4308593749999998
0.0608830451965332,33,-0.20625
0.06266307830810547,34,-0.270703125
0.0643320083618164,35,-0.476953125
0.06561088562011719,36,-0.167578125
0.06679105758666992,37,-0.0515625
0.06796002388000488,38,-0.012890625
0.06906700134277344,39,-0.012890625
0.07016491889953613,40,-0.141796875
0.07126998901367188,41,-0.476953125
0.07252287864685059,42,-0.64453125
0.07406306266784668,43,-0.825
0.07567787170410156,44,-1.6242187499999998
0.0772409439086914,45,-0.02578125
0.07866096496582031,46,-0.322265625
0.07984495162963867,47,-0.399609375
0.08096790313720703,48,-0.12890625
0.08207893371582031,49,-0.4125
0.08329987525939941,50,-0.322265625
0.08459591865539551,51,-0.012890625
0.08611106872558594,52,-0.038671874999999994
0.08754801750183105,53,-0.18046874999999998
0.0891270637512207,54,-0.48984374999999997
0.09058094024658203,55,-0.6703125
0.09192705154418945,56,-1.4953124999999998
0.09361886978149414,57,-0.02578125
0.09621596336364746,58,-0.36093749999999997
0.09770894050598145,59,-0.167578125
0.09958100318908691,60,-0.399609375
0.10157394409179688,61,-0.103125
0.10300803184509277,62,-0.0515625
0.10417389869689941,63,-0.193359375
0.10531902313232422,64,-0.4640625
0.1064600944519043,65,-0.54140625
0.10759592056274414,66,-1.198828125
0.10876297950744629,67,-1.65
0.10991096496582031,68,0.0
0.11103296279907227,69,-0.193359375
0.11213493347167969,70,-0.29648437499999997
0.11334705352783203,71,-0.270703125
0.11477994918823242,72,-0.2578125
0.11624407768249512,73,-0.2578125
0.11786890029907227,74,-0.02578125
0.11942601203918457,75,-0.02578125
0.12078404426574707,76,-0.23203125
0.12212586402893066,77,-0.515625
0.12429189682006836,78,-0.54140625
0.126478910446167,79,-1.46953125
0.12793707847595215,80,-0.20625
0.12960100173950195,81,-0.42539062499999997
0.1317138671875,82,-0.09023437499999999
0.13328289985656738,83,-0.167578125
0.13459086418151855,84,-0.012890625
0.13573598861694336,85,-0.0515625
0.13684797286987305,86,-0.20625
0.13794302940368652,87,-0.476953125
0.1390690803527832,88,-0.631640625
0.1402430534362793,89,-0.8765624999999999
0.14144492149353027,90,-1.4953124999999998
0.14260601997375488,91,-0.0515625
0.14380788803100586,92,-0.116015625
0.14517903327941895,93,-0.37382812499999996
0.14670300483703613,94,-0.43828124999999996
0.14823698997497559,95,-0.0515625
0.14981889724731445,96,-0.20625
0.1512000560760498,97,-0.02578125
0.1532609462738037,98,-0.02578125
0.1561429500579834,99,-0.116015625
0.1576690673828125,100,-0.605859375
0.15947294235229492,101,-1.546875
0.1614060401916504,102,-0.20625
0.16272592544555664,103,-0.270703125
0.16388797760009766,104,-0.20625
0.1650090217590332,105,-0.29648437499999997
0.1661379337310791,106,-0.4125
0.16726303100585938,107,-0.322265625
0.16835904121398926,108,0.0
0.16944503784179688,109,-0.064453125
0.17054295539855957,110,-0.167578125
0.17166805267333984,111,-0.54140625
0.17334198951721191,112,-0.5671875
0.17622089385986328,113,-1.0570312499999999
0.17767000198364258,114,-0.20625
0.17932796478271484,115,-0.0515625
0.18082594871520996,116,-0.20625
0.18231201171875,117,-0.193359375
0.18375802040100098,118,-0.141796875
0.18602585792541504,119,0.0
0.1880629062652588,120,-0.103125
0.18954706192016602,121,-0.30937499999999996
0.19138789176940918,122,-0.8765624999999999
0.1933910846710205,123,-1.65
0.19475507736206055,124,-0.167578125
0.19594693183898926,125,-0.2578125
0.19708991050720215,126,-0.15468749999999998
0.19824886322021484,127,-0.33515625
0.19936490058898926,128,-0.322265625
0.20046496391296387,129,-0.21914062499999998
0.20156502723693848,130,0.012890625
0.20268702507019043,131,-0.0515625
0.20379090309143066,132,-0.193359375
0.20497894287109375,133,-0.54140625
0.20639896392822266,134,-0.5285156249999999
0.2078540325164795,135,-1.147265625
0.2094099521636963,136,-1.65
0.2109520435333252,137,-0.116015625
0.21236896514892578,138,-0.116015625
0.21400189399719238,139,-0.18046874999999998
0.21589899063110352,140,-0.30937499999999996
0.21822786331176758,141,-0.103125
0.21982192993164062,142,-0.02578125
0.2214360237121582,143,-0.23203125
0.2236309051513672,144,-0.476953125
0.22510504722595215,145,-1.198828125
0.2263040542602539,146,-0.2578125
0.22753596305847168,147,-0.167578125
0.2286670207977295,148,-0.2578125
0.22981691360473633,149,-0.515625
0.23095202445983887,150,-0.0515625
0.2320559024810791,151,-0.37382812499999996
0.23319196701049805,152,-0.29648437499999997
0.23430204391479492,153,-0.02578125
0.2355480194091797,154,-0.02578125
0.23691797256469727,155,-0.167578125
0.2383739948272705,156,-0.42539062499999997
0.23991608619689941,157,-0.515625
0.2414379119873047,158,-1.147265625
0.24305200576782227,159,-0.4640625
0.24454307556152344,160,-0.20625
0.246535062789917,161,-0.193359375
0.2488389015197754,162,-0.21914062499999998
0.2504279613494873,163,-0.103125
0.2520930767059326,164,-0.012890625
0.25431203842163086,165,-0.0515625
0.2557520866394043,166,-0.36093749999999997
0.25705599784851074,167,-0.5929687499999999
0.25822997093200684,168,-1.405078125
0.25954198837280273,169,-0.322265625
0.2610509395599365,170,-0.37382812499999996
0.26268792152404785,171,-0.20625
0.2639169692993164,172,-0.2578125
0.26504087448120117,173,-0.399609375
0.2662510871887207,174,-0.36093749999999997
0.26773905754089355,175,-0.20625
0.26917195320129395,176,-0.02578125
0.2707710266113281,177,-0.15468749999999998
0.2722499370574951,178,-0.4640625
0.2737910747528076,179,-0.631640625
0.2754030227661133,180,-1.46953125
0.27780795097351074,181,-0.09023437499999999
0.27985692024230957,182,-0.38671875
0.2812819480895996,183,-0.20625
0.28299498558044434,184,-0.270703125
0.28499507904052734,185,-0.23203125
0.286452054977417,186,-0.012890625
0.28763794898986816,187,-0.21914062499999998
0.2887918949127197,188,-0.476953125
0.2899019718170166,189,-0.5929687499999999
0.29105186462402344,190,-1.3019531249999998
0.29216909408569336,191,-1.65
0.29329395294189453,192,0.0
0.29445505142211914,193,-0.270703125
0.2955770492553711,194,-0.399609375
0.2967689037322998,195,-0.23203125
0.29814696311950684,196,-0.0515625
0.29963207244873047,197,-0.18046874999999998
0.3011620044708252,198,-0.0515625
0.3028550148010254,199,-0.0515625
0.304210901260376,200,-0.167578125
0.3054969310760498,201,-0.48984374999999997
0.308074951171875,202,-0.580078125
0.3097250461578369,203,-1.65
0.3113119602203369,204,-0.193359375
0.3134589195251465,205,-0.2578125
0.31511998176574707,206,-0.103125
0.3164339065551758,207,-0.012890625
0.3176078796386719,208,0.07734374999999999
0.31878089904785156,209,-0.02578125
0.319904088973999,210,-0.116015625
0.3209989070892334,211,-0.36093749999999997
0.3220958709716797,212,-0.580078125
0.3232109546661377,213,-0.6703125
0.3243370056152344,214,-1.340625
0.3254680633544922,215,-1.65
0.3265838623046875,216,-0.02578125
0.32776498794555664,217,-0.23203125
0.32915496826171875,218,-0.270703125
0.3311789035797119,219,-0.37382812499999996
0.33278608322143555,220,-0.37382812499999996
0.33437585830688477,221,-0.064453125
0.335752010345459,222,-0.012890625
0.33702898025512695,223,-0.193359375
0.3406639099121094,224,-0.42539062499999997
0.34238386154174805,225,-0.79921875
0.34445691108703613,226,0.0
0.34644198417663574,227,-0.07734374999999999
0.3477640151977539,228,-0.18046874999999998
0.3489339351654053,229,-0.4640625
0.3500828742980957,230,-0.28359375
0.3512120246887207,231,0.012890625
0.35231494903564453,232,-0.038671874999999994
0.35349392890930176,233,-0.193359375
0.354625940322876,234,-0.43828124999999996
0.355741024017334,235,-0.580078125
0.3568379878997803,236,-0.9410156249999999
0.3581218719482422,237,-1.4953124999999998
0.3596029281616211,238,0.0
0.3610360622406006,239,-0.167578125
0.3627350330352783,240,-0.23203125
0.3642890453338623,241,-0.20625
0.36572790145874023,242,-0.28359375
0.36722302436828613,243,-0.116015625
0.3693270683288574,244,0.0
0.37153196334838867,245,-0.12890625
0.3731100559234619,246,-0.322265625
0.375014066696167,247,-0.992578125
0.3769659996032715,248,-1.65
0.37836599349975586,249,-0.29648437499999997
0.37964892387390137,250,-0.37382812499999996
0.3807990550994873,251,-0.21914062499999998
0.3819699287414551,252,-0.43828124999999996
0.38313889503479004,253,-0.30937499999999996
0.38425302505493164,254,-0.012890625
0.3853628635406494,255,-0.02578125
0.3864738941192627,256,-0.103125
0.3875880241394043,257,-0.36093749999999997
0.3887948989868164,258,-0.605859375
0.39025187492370605,259,-0.69609375
0.3917069435119629,260,-1.456640625
0.39333200454711914,261,-0.30937499999999996
0.3949880599975586,262,-0.2578125
0.3964519500732422,263,-0.502734375
0.39794492721557617,264,-0.20625
0.399899959564209,265,-0.29648437499999997
0.40219688415527344,266,0.0
0.4038400650024414,267,-0.103125
0.40547800064086914,268,-0.399609375
0.40773487091064453,269,-0.33515625
0.40921688079833984,270,-1.52109375
0.4104628562927246,271,-0.21914062499999998
0.4116480350494385,272,-0.270703125
0.4128000736236572,273,-0.5285156249999999
0.4139699935913086,274,-0.15468749999999998
0.415118932723999,275,-0.20625
0.41622185707092285,276,-0.21914062499999998
0.41731905937194824,277,-0.116015625
0.4184410572052002,278,-0.012890625
0.41965389251708984,279,-0.0515625
0.4210169315338135,280,-0.21914062499999998
0.42258596420288086,281,-0.5285156249999999
0.4240570068359375,282,-0.79921875
0.4255809783935547,283,-1.6242187499999998
0.427203893661499,284,-0.12890625
0.42861104011535645,285,-0.30937499999999996
0.4302048683166504,286,-0.502734375
0.43236494064331055,287,-0.064453125
0.4345889091491699,288,0.038671874999999994
0.4360668659210205,289,-0.0515625
0.4376649856567383,290,-0.167578125
0.4398009777069092,291,-0.4640625
0.4414529800415039,292,-0.9410156249999999
0.442763090133667,293,-0.37382812499999996
0.4439399242401123,294,-0.193359375
0.44507694244384766,295,-0.322265625
0.4462010860443115,296,-0.348046875
0.4473540782928467,297,-0.167578125
0.44850707054138184,298,-0.4125
0.4497208595275879,299,-0.33515625
0.45118093490600586,300,-0.103125
0.4526839256286621,301,-0.02578125
0.45430588722229004,302,-0.12890625
0.4558298587799072,303,-0.42539062499999997
0.4572169780731201,304,-0.7218749999999999
0.45871686935424805,305,-1.533984375
0.4605839252471924,306,-0.012890625
0.46329307556152344,307,-0.20625
0.46480298042297363,308,-0.20625
0.46657800674438477,309,-0.270703125
0.46859002113342285,310,-0.0515625
0.4700889587402344,311,-0.0515625
0.4712660312652588,312,-0.322265625
0.4723989963531494,313,-0.4640625
0.4736058712005615,314,-0.837890625
0.47473788261413574,315,-1.4953124999999998
0.4758610725402832,316,-0.20625
0.4769620895385742,317,-0.23203125
0.47807908058166504,318,-0.5285156249999999
0.47918105125427246,319,-0.4125
0.4803810119628906,320,-0.2578125
0.4817838668823242,321,-0.33515625
0.4833359718322754,322,-0.24492187499999998
0.48490405082702637,323,-0.012890625
0.4864768981933594,324,-0.0515625
0.487807035446167,325,-0.23203125
0.48914003372192383,326,-0.502734375
0.4914510250091553,327,-0.7734375
0.49346399307250977,328,-1.65
0.4948599338531494,329,-0.12890625
0.4966468811035156,330,-0.2578125
0.49862098693847656,331,-0.167578125
0.500067949295044,332,-0.02578125
0.5012590885162354,333,0.0
0.502593994140625,334,-0.02578125
0.503756046295166,335,-0.12890625
0.5048630237579346,336,-0.4640625
0.5059590339660645,337,-0.502734375
0.5070810317993164,338,-1.018359375
0.5081760883331299,339,-1.5984375
0.509260892868042,340,-0.0515625
0.5105059146881104,341,-0.270703125
0.5119168758392334,342,-0.38671875
0.5133819580078125,343,-0.4125
0.5149199962615967,344,-0.167578125
0.5165209770202637,345,-0.167578125
0.5180099010467529,346,0.0
0.5194249153137207,347,-0.012890625
0.5207328796386719,348,-0.167578125
0.5232830047607422,349,-0.42539062499999997
0.5250918865203857,350,-0.825
0.5265278816223145,351,-0.12890625
0.5283420085906982,352,-0.21914062499999998
0.5302529335021973,353,-0.36093749999999997
0.5316929817199707,354,-0.141796875
0.53289794921875,355,-0.15468749999999998
0.5341470241546631,356,-0.02578125
0.5352790355682373,357,-0.012890625
0.5363779067993164,358,-0.15468749999999998
0.5374760627746582,359,-0.42539062499999997
0.5386080741882324,360,-0.605859375
0.5397160053253174,361,-0.69609375
0.5409018993377686,362,-1.3148437499999999
0.5423390865325928,363,-1.65
0.5438680648803711,364,0.0
0.5453920364379883,365,-0.30937499999999996
0.5469529628753662,366,-0.322265625
0.5483698844909668,367,-0.20625
0.5500500202178955,368,-0.103125
0.551861047744751,369,-0.064453125
0.5541830062866211,370,-0.02578125
0.5558700561523438,371,-0.33515625
0.5573220252990723,372,-0.6703125
0.5593788623809814,373,-1.482421875
0.5610659122467041,374,-0.167578125
0.5623478889465332,375,-0.270703125
0.563694953918457,376,-0.322265625
0.5649259090423584,377,-0.33515625
0.566119909286499,378,-0.399609375
0.5672578811645508,379,-0.20625
0.5683770179748535,380,-0.012890625
0.5694820880889893,381,-0.0515625
0.5706000328063965,382,-0.23203125
0.5717949867248535,383,-0.6187499999999999
0.5732719898223877,384,-0.515625
0.5748238563537598,385,-1.3148437499999999
0.5763750076293945,386,-0.193359375
0.5778958797454834,387,-0.167578125
0.579348087310791,388,-0.21914062499999998
0.5808389186859131,389,-0.2578125
0.5828509330749512,390,-0.33515625
0.5852439403533936,391,-0.09023437499999999
0.5868039131164551,392,-0.02578125
0.5883059501647949,393,-0.322265625
0.5904240608215332,394,-0.4125
0.5920250415802002,395,-1.26328125
0.5933029651641846,396,-0.02578125
0.5944929122924805,397,-0.23203125
0.5956649780273438,398,-0.20625
0.596782922744751,399,-0.21914062499999998
0.5979728698730469,400,-0.2578125
0.5991010665893555,401,-0.322265625
0.6001958847045898,402,-0.20625
0.6012930870056152,403,0.0
0.6025660037994385,404,-0.02578125
0.6039528846740723,405,-0.18046874999999998
0.605388879776001,406,-0.515625
0.6070230007171631,407,-0.6574218749999999
0.6085798740386963,408,-1.4953124999999998
0.6100080013275146,409,-0.064453125
0.6114649772644043,410,-0.270703125
0.6132569313049316,411,-0.2578125
0.6157960891723633,412,-0.193359375
0.6173059940338135,413,0.116015625
0.6189658641815186,414,0.0
0.6209220886230469,415,-0.15468749999999998
0.6225988864898682,416,-0.399609375
0.623863935470581,417,-0.7863281249999999
0.6250209808349609,418,-1.533984375
0.6261489391326904,419,0.0
0.6272668838500977,420,-0.15468749999999998
0.6284489631652832,421,-0.4640625
0.6296079158782959,422,-0.38671875
0.6307470798492432,423,-0.167578125
0.6318509578704834,424,-0.48984374999999997
0.633120059967041,425,-0.37382812499999996
0.6346099376678467,426,-0.012890625
0.6360750198364258,427,-0.02578125
0.6376669406890869,428,-0.15468749999999998
0.6392240524291992,429,-0.48984374999999997
0.6405959129333496,430,-0.8121093749999999
0.6420149803161621,431,-1.5597656249999998
0.6439180374145508,432,0.0
0.6463398933410645,433,-0.30937499999999996
0.6478350162506104,434,-0.24492187499999998
0.6493868827819824,435,-0.29648437499999997
