time,count,voltage
0.0053691864013671875,1,-0.12890625
0.007153034210205078,2,-0.48984374999999997
0.008561134338378906,3,-1.41796875
0.009935140609741211,4,-0.09023437499999999
0.011321067810058594,5,-0.193359375
0.012988090515136719,6,-0.193359375
0.01468205451965332,7,-0.167578125
0.016584157943725586,8,-0.07734374999999999
0.018267154693603516,9,-0.012890625
0.019988059997558594,10,-0.064453125
0.021567106246948242,11,-0.21914062499999998
0.02304220199584961,12,-0.33515625
0.024415016174316406,13,-1.1859374999999999
0.02581310272216797,14,-0.6574218749999999
0.02726006507873535,15,-0.103125
0.028846025466918945,16,-0.21914062499999998
0.030534029006958008,17,-0.167578125
0.03219914436340332,18,-0.38671875
0.0338740348815918,19,-0.103125
0.035941123962402344,20,0.0
0.03760099411010742,21,-0.09023437499999999
0.03928804397583008,22,-0.103125
0.04090714454650879,23,-0.8765624999999999
0.042716026306152344,24,-1.65
0.045121192932128906,25,-0.167578125
0.0479731559753418,26,-0.29648437499999997
0.05580615997314453,27,-0.18046874999999998
0.05904817581176758,28,0.0
0.06072115898132324,29,-1.276171875
0.06216311454772949,30,-0.23203125
0.0635230541229248,31,-0.103125
0.06497001647949219,32,-0.4125
0.06634902954101562,33,-0.322265625
0.06781506538391113,34,-0.012890625
0.06917500495910645,35,-0.012890625
0.07055211067199707,36,-0.12890625
0.07190418243408203,37,-0.24492187499999998
0.07323598861694336,38,-0.6832031249999999
0.07461810111999512,39,-1.3664062499999998
0.07609319686889648,40,-0.09023437499999999
0.07753109931945801,41,-0.23203125
0.07903909683227539,42,-0.270703125
0.08071613311767578,43,-0.2578125
0.08235907554626465,44,-0.37382812499999996
0.0843040943145752,45,-0.02578125
0.08614802360534668,46,-0.012890625
0.08790707588195801,47,-0.15468749999999998
0.09012508392333984,48,-0.103125
0.0924081802368164,49,-1.198828125
0.09528017044067383,50,-0.15468749999999998
0.0970602035522461,51,-0.193359375
0.0986630916595459,52,-0.4125
0.10076904296875,53,-0.21914062499999998
0.10258913040161133,54,-0.012890625
0.10391712188720703,55,-0.141796875
0.10508513450622559,56,-0.15468749999999998
0.10623407363891602,57,-0.6187499999999999
0.10751199722290039,58,-1.26328125
0.10894608497619629,59,-1.65
0.11039113998413086,60,-0.0515625
0.11191010475158691,61,-0.167578125
0.11343502998352051,62,-0.116015625
0.1150050163269043,63,-0.23203125
0.11670899391174316,64,-0.15468749999999998
0.11945009231567383,65,-0.012890625
0.12145113945007324,66,-0.064453125
0.12288117408752441,67,-0.193359375
0.1243131160736084,68,-1.0828125
0.12619400024414062,69,-1.65
0.12803912162780762,70,-0.103125
0.1293940544128418,71,-0.29648437499999997
0.13065099716186523,72,-0.0515625
0.13183903694152832,73,-0.30937499999999996
0.13300299644470215,74,-0.20625
0.1341111660003662,75,0.012890625
0.13522100448608398,76,-0.012890625
0.136336088180542,77,-0.038671874999999994
0.13750910758972168,78,-0.322265625
0.13886308670043945,79,-0.2578125
0.14033913612365723,80,-0.8507812499999999
0.14191699028015137,81,-1.5726562499999999
0.14348816871643066,82,-0.07734374999999999
0.14502501487731934,83,-0.02578125
0.14662408828735352,84,-0.270703125
0.1493229866027832,85,-0.322265625
0.15102005004882812,86,0.103125
0.1524791717529297,87,0.0
0.15450716018676758,88,-0.09023437499999999
0.15622210502624512,89,-0.193359375
0.15749502182006836,90,-1.0570312499999999
0.15865302085876465,91,-1.65
0.15977811813354492,92,-0.20625
0.16088318824768066,93,-0.23203125
0.16198205947875977,94,-0.29648437499999997
0.16311216354370117,95,-0.09023437499999999
0.16422009468078613,96,-0.30937499999999996
0.16542911529541016,97,-0.4125
0.16656208038330078,98,-0.24492187499999998
0.16773605346679688,99,0.0
0.1691150665283203,100,-0.0515625
0.1706240177154541,101,-0.103125
0.17218613624572754,102,-0.21914062499999998
0.17367005348205566,103,-0.7734375
0.17501115798950195,104,-1.533984375
0.17638397216796875,105,-0.0515625
0.17884612083435059,106,-0.23203125
0.18073701858520508,107,-0.18046874999999998
0.18228507041931152,108,-0.29648437499999997
0.18450117111206055,109,-0.103125
0.18603515625,110,-0.012890625
0.1874711513519287,111,-0.20625
0.18865513801574707,112,-0.193359375
0.18981409072875977,113,-0.7734375
0.19092917442321777,114,-1.3792968749999999
0.19203901290893555,115,-0.37382812499999996
0.19315004348754883,116,-0.0515625
0.19425511360168457,117,-0.167578125
0.19547319412231445,118,-0.30937499999999996
0.19661307334899902,119,-0.116015625
0.19778108596801758,120,-0.42539062499999997
0.19921112060546875,121,-0.4125
0.20066404342651367,122,-0.103125
0.20221209526062012,123,-0.012890625
0.20380115509033203,124,-0.09023437499999999
0.20526599884033203,125,-0.167578125
0.20675206184387207,126,-0.64453125
0.20887112617492676,127,-1.405078125
0.21102309226989746,128,-0.23203125
0.21256399154663086,129,-0.348046875
0.21422815322875977,130,-0.103125
0.2163560390472412,131,-0.28359375
0.21782898902893066,132,-0.012890625
0.21913504600524902,133,-0.02578125
0.22031712532043457,134,-0.167578125
0.22147202491760254,135,-0.2578125
0.222581148147583,136,-0.43828124999999996
0.22369003295898438,137,-1.134375
0.22486519813537598,138,-1.65
0.22600412368774414,139,-0.09023437499999999
0.22713804244995117,140,-0.20625
0.22833800315856934,141,-0.167578125
0.22976112365722656,142,-0.12890625
0.23127198219299316,143,-0.322265625
0.23283600807189941,144,-0.2578125
0.23435211181640625,145,0.0
0.23591899871826172,146,-0.02578125
0.23732399940490723,147,-0.12890625
0.23957419395446777,148,-0.20625
0.2414860725402832,149,-0.863671875
0.24291610717773438,150,-0.30937499999999996
0.24509215354919434,151,-0.2578125
0.24676513671875,152,-0.20625
0.24809002876281738,153,-0.20625
0.24925804138183594,154,-0.193359375
0.2503840923309326,155,-0.012890625
0.25157999992370605,156,0.0
0.2526860237121582,157,-0.0515625
0.25381016731262207,158,-0.20625
0.25493502616882324,159,-0.2578125
0.25603413581848145,160,-0.5671875
0.2571280002593994,161,-1.198828125
0.2583000659942627,162,-1.65
0.25975704193115234,163,-0.02578125
0.26128101348876953,164,-0.24492187499999998
0.26293516159057617,165,-0.21914062499999998
0.26441311836242676,166,-0.12890625
0.26581907272338867,167,-0.12890625
0.26730799674987793,168,0.0515625
0.26981210708618164,169,0.0
0.27158498764038086,170,-0.12890625
0.27300405502319336,171,-0.322265625
0.27509212493896484,172,-1.16015625
0.27678704261779785,173,-0.20625
0.2781071662902832,174,-0.0515625
0.2792680263519287,175,-0.167578125
0.2803990840911865,176,-0.0515625
0.2815070152282715,177,-0.322265625
0.28264904022216797,178,-0.322265625
0.28376007080078125,179,-0.012890625
0.28497815132141113,180,-0.012890625
0.28609800338745117,181,-0.09023437499999999
0.2872040271759033,182,-0.2578125
0.2883570194244385,183,-0.23203125
0.28969407081604004,184,-0.631640625
0.2911980152130127,185,-1.3019531249999998
0.2929110527038574,186,-0.15468749999999998
0.2944371700286865,187,-0.15468749999999998
0.29641103744506836,188,-0.29648437499999997
0.29824113845825195,189,-0.30937499999999996
0.30112719535827637,190,-0.21914062499999998
0.30274510383605957,191,-0.012890625
0.3041810989379883,192,-0.21914062499999998
0.30820608139038086,193,-0.20625
0.30959510803222656,194,0.0
0.3107872009277344,195,-0.20625
0.31194305419921875,196,-0.2578125
0.31305503845214844,197,-0.116015625
0.31415510177612305,198,-0.2578125
0.3153650760650635,199,-0.38671875
0.3165462017059326,200,-0.21914062499999998
0.31766510009765625,201,-0.012890625
0.31885313987731934,202,-0.012890625
0.32023000717163086,203,-0.07734374999999999
0.32166600227355957,204,-0.270703125
0.32322001457214355,205,-0.48984374999999997
0.32503604888916016,206,-1.2890625
0.3266010284423828,207,-0.18046874999999998
0.3280751705169678,208,-0.167578125
0.32991504669189453,209,-0.21914062499999998
0.3324000835418701,210,-0.09023437499999999
0.3339710235595703,211,0.399609375
0.33564209938049316,212,-0.012890625
0.3376491069793701,213,-0.0515625
0.3392601013183594,214,-0.15468749999999998
0.3411140441894531,215,-0.928125
0.3423311710357666,216,-0.167578125
0.3435041904449463,217,-0.064453125
0.34463000297546387,218,-0.09023437499999999
0.3458411693572998,219,-0.167578125
0.3469991683959961,220,-0.0515625
0.3481149673461914,221,-0.399609375
0.34929609298706055,222,-0.37382812499999996
0.35069799423217773,223,-0.012890625
0.35216498374938965,224,0.0
0.35369420051574707,225,-0.0515625
0.3553481101989746,226,-0.193359375
0.3568131923675537,227,-0.6187499999999999
0.358288049697876,228,-1.405078125
0.3599860668182373,229,-0.116015625
0.3625640869140625,230,-0.21914062499999998
0.36426520347595215,231,-0.167578125
0.36579012870788574,232,-0.12890625
0.36776304244995117,233,0.038671874999999994
0.369495153427124,234,-0.012890625
0.37082505226135254,235,-0.20625
0.37203407287597656,236,-0.12890625
0.37316012382507324,237,-0.7734375
0.37427496910095215,238,-1.3921875
0.37544703483581543,239,-0.29648437499999997
0.3765690326690674,240,-0.038671874999999994
0.37768101692199707,241,-0.20625
0.3787870407104492,242,-0.36093749999999997
0.38002514839172363,243,-0.0515625
0.3814229965209961,244,-0.399609375
0.38288116455078125,245,-0.30937499999999996
0.3844130039215088,246,0.0
0.38598012924194336,247,-0.012890625
0.38750314712524414,248,-0.193359375
0.38892602920532227,249,-0.20625
0.3906371593475342,250,-0.8121093749999999
0.3931591510772705,251,-1.546875
0.39488911628723145,252,-0.23203125
0.39669299125671387,253,-0.270703125
0.39876508712768555,254,-0.33515625
0.40035104751586914,255,0.0515625
0.4016091823577881,256,0.012890625
0.402799129486084,257,-0.038671874999999994
0.40399718284606934,258,-0.2578125
0.40513110160827637,259,-0.2578125
0.40624403953552246,260,-0.734765625
0.40737104415893555,261,-1.340625
0.40848398208618164,262,-1.3019531249999998
0.4095911979675293,263,-0.193359375
0.410768985748291,264,-0.2578125
0.4121880531311035,265,-0.2578125
0.4137101173400879,266,-0.18046874999999998
0.41527605056762695,267,-0.43828124999999996
0.41681408882141113,268,-0.21914062499999998
0.4182569980621338,269,-0.012890625
0.419780969619751,270,-0.0515625
0.4216141700744629,271,-0.21914062499999998
0.424144983291626,272,-0.20625
0.4256761074066162,273,-1.5726562499999999
0.42727017402648926,274,-0.064453125
0.4294440746307373,275,-0.21914062499999998
0.4310281276702881,276,-0.167578125
0.4322850704193115,277,-0.15468749999999998
0.43344712257385254,278,-0.012890625
0.4346351623535156,279,-0.012890625
0.43588900566101074,280,-0.02578125
0.4370460510253906,281,-0.20625
0.4381520748138428,282,-0.21914062499999998
0.4392662048339844,283,-0.502734375
0.4403700828552246,284,-1.147265625
0.44153499603271484,285,-1.65
0.44292497634887695,286,-0.0515625
0.44439005851745605,287,-0.20625
0.4459969997406006,288,-0.2578125
0.44753217697143555,289,-0.103125
0.44897007942199707,290,-0.20625
0.45050597190856934,291,0.0
0.45240306854248047,292,-0.012890625
0.45510101318359375,293,-0.07734374999999999
0.45664310455322266,294,-0.270703125
0.4581911563873291,295,-1.276171875
0.46033596992492676,296,0.0
0.46196603775024414,297,-0.193359375
0.4632229804992676,298,-0.012890625
0.46437716484069824,299,-0.270703125
0.46552515029907227,300,-0.322265625
0.4666941165924072,301,-0.167578125
0.46780920028686523,302,-0.012890625
0.4689750671386719,303,-0.0515625
0.4700930118560791,304,-0.167578125
0.47119903564453125,305,-0.322265625
0.4723529815673828,306,-0.322265625
0.4737269878387451,307,-1.018359375
0.47525501251220703,308,-1.6371093749999999
0.4769752025604248,309,-0.103125
0.47852015495300293,310,-0.02578125
0.47993898391723633,311,-0.167578125
0.4813690185546875,312,-0.21914062499999998
0.4833061695098877,313,-0.193359375
0.4860219955444336,314,-0.012890625
0.4875500202178955,315,-0.116015625
0.4890861511230469,316,-0.167578125
0.4911081790924072,317,-0.8121093749999999
0.4927661418914795,318,-1.65
0.49405407905578613,319,-0.20625
0.4954991340637207,320,-0.2578125
0.496675968170166,321,-0.12890625
0.49781203269958496,322,-0.43828124999999996
0.4989349842071533,323,-0.43828124999999996
0.5001180171966553,324,-0.21914062499999998
0.501276969909668,325,-0.012890625
0.5025031566619873,326,-0.0515625
0.5039260387420654,327,-0.15468749999999998
0.5054481029510498,328,-0.270703125
0.5070550441741943,329,-0.79921875
0.5086531639099121,330,-1.5082031249999999
0.5101041793823242,331,-0.064453125
0.5115270614624023,332,-0.02578125
0.513228178024292,333,-0.09023437499999999
0.5160431861877441,334,-0.23203125
0.5176301002502441,335,0.399609375
0.5192301273345947,336,-0.02578125
0.5212571620941162,337,-0.103125
0.522845983505249,338,-0.12890625
0.5241491794586182,339,-1.03125
0.5254340171813965,340,-1.65
0.526583194732666,341,-0.103125
0.527705192565918,342,-0.167578125
0.5288059711456299,343,-0.193359375
0.5299201011657715,344,-0.116015625
0.5310521125793457,345,-0.4125
0.5321571826934814,346,-0.4125
0.5333251953125,347,-0.24492187499999998
0.5347580909729004,348,0.0
0.536329984664917,349,-0.07734374999999999
0.5378689765930176,350,-0.23203125
0.5395190715789795,351,-0.116015625
0.5409741401672363,352,-1.03125
0.5424141883850098,353,-1.327734375
0.54404616355896,354,-0.103125
0.5465900897979736,355,-0.2578125
0.5483171939849854,356,-0.167578125
0.5498850345611572,357,0.103125
0.5519380569458008,358,0.0
0.5535871982574463,359,-0.038671874999999994
0.5549499988555908,360,-0.20625
0.5561690330505371,361,-0.399609375
0.5613741874694824,362,-1.173046875
0.5628161430358887,363,-1.65
0.564176082611084,364,-0.23203125
0.5657141208648682,365,-0.28359375
0.5672111511230469,366,0.0
0.5687930583953857,367,0.0
0.5702559947967529,368,-0.02578125
0.5717291831970215,369,-0.24492187499999998
0.5732080936431885,370,-0.48984374999999997
0.5753099918365479,371,-1.327734375
0.5775980949401855,372,-0.15468749999999998
0.5791630744934082,373,-0.23203125
0.5808300971984863,374,-0.116015625
0.583050012588501,375,-0.33515625
0.5845301151275635,376,-0.012890625
0.5857670307159424,377,-0.0515625
0.5869381427764893,378,-0.12890625
0.588111162185669,379,-0.270703125
0.5892331600189209,380,-0.4640625
0.590346097946167,381,-1.10859375
0.5914521217346191,382,-1.65
0.5925421714782715,383,-0.064453125
0.5936930179595947,384,-0.20625
0.5950920581817627,385,-0.103125
0.596649169921875,386,-0.141796875
0.5982530117034912,387,-0.2578125
0.5998830795288086,388,-0.193359375
0.6013011932373047,389,0.012890625
0.6027569770812988,390,-0.0515625
0.6057381629943848,391,-0.193359375
0.6074891090393066,392,-0.33515625
0.6088640689849854,393,-1.6371093749999999
0.6107981204986572,394,-0.103125
0.612835168838501,395,-0.103125
0.6142120361328125,396,-0.103125
0.6155200004577637,397,-0.12890625
0.6166810989379883,398,-0.012890625
0.6177990436553955,399,-0.012890625
0.618908166885376,400,-0.0515625
0.62005615234375,401,-0.116015625
0.6211650371551514,402,-0.2578125
0.6222591400146484,403,-0.29648437499999997
0.6233561038970947,404,-0.9796874999999999
0.6245410442352295,405,-1.52109375
0.6259450912475586,406,-0.02578125
0.6274690628051758,407,-0.167578125
0.6291191577911377,408,-0.2578125
0.6306471824645996,409,-0.09023437499999999
0.6320431232452393,410,-0.30937499999999996
0.6333751678466797,411,-0.141796875
0.6357920169830322,412,-0.012890625
0.6378180980682373,413,-0.02578125
0.6391711235046387,414,-0.012890625
0.6409530639648438,415,-0.889453125
0.6429810523986816,416,-1.65
0.6444931030273438,417,-0.15468749999999998
0.6458539962768555,418,-0.322265625
0.647083044052124,419,-0.012890625
0.6482231616973877,420,-0.348046875
0.6493270397186279,421,-0.28359375
0.6504240036010742,422,0.0
0.6515631675720215,423,-0.02578125
0.6526870727539062,424,-0.0515625
0.653784990310669,425,-0.2578125
0.6549592018127441,426,-0.28359375
0.656325101852417,427,-0.605859375
0.6577780246734619,428,-1.3019531249999998
0.6593961715698242,429,-0.038671874999999994
0.6610150337219238,430,-0.20625
0.6624360084533691,431,-0.2578125
0.6638941764831543,432,-0.15468749999999998
0.6655550003051758,433,-0.37382812499999996
0.668161153793335,434,-0.193359375
