time,count,voltage
0.004282951354980469,1,-0.103125
0.005745887756347656,2,-0.322265625
0.006969928741455078,3,-0.9152343749999999
0.00812387466430664,4,-1.5597656249999998
0.009259939193725586,5,-0.103125
0.010383844375610352,6,-0.167578125
0.011503934860229492,7,-0.21914062499999998
0.012618780136108398,8,-0.20625
0.013725996017456055,9,-0.12890625
0.014835834503173828,10,-0.42539062499999997
0.016022920608520508,11,-0.37382812499999996
0.02320098876953125,12,-0.103125
0.02451777458190918,13,-0.8507812499999999
0.025712966918945312,14,-1.611328125
0.026869773864746094,15,-0.270703125
0.028009891510009766,16,-0.43828124999999996
0.02914285659790039,17,-0.322265625
0.030267000198364258,18,-0.18046874999999998
0.03138995170593262,19,-0.33515625
0.051733970642089844,20,-0.322265625
0.05342984199523926,21,-0.167578125
0.05511188507080078,22,-0.322265625
0.05645895004272461,23,-0.30937499999999996
0.05769181251525879,24,-1.2374999999999998
0.058888912200927734,25,-1.65
0.06005096435546875,26,-0.270703125
0.06118488311767578,27,-0.20625
0.06233382225036621,28,-0.37382812499999996
0.06346487998962402,29,-0.193359375
0.0645759105682373,30,-0.23203125
0.0657038688659668,31,-0.399609375
0.06682896614074707,32,-0.23203125
0.06795287132263184,33,-0.012890625
0.06906294822692871,34,-0.0515625
0.07019877433776855,35,-0.21914062499999998
0.07133984565734863,36,-0.5285156249999999
0.07245683670043945,37,-0.399609375
0.07367992401123047,38,-1.044140625
0.07498788833618164,39,-1.65
0.07625699043273926,40,0.0
0.07748889923095703,41,-0.399609375
0.07876396179199219,42,-0.2578125
0.08000588417053223,43,-0.193359375
0.09505581855773926,44,-0.33515625
0.10072493553161621,45,-0.33515625
0.10209083557128906,46,-0.02578125
0.10331177711486816,47,-0.15468749999999998
0.10446786880493164,48,-0.36093749999999997
0.10573983192443848,49,-0.36093749999999997
0.10701298713684082,50,-0.9152343749999999
0.10827493667602539,51,-1.5597656249999998
0.10950684547424316,52,-0.0515625
0.11077499389648438,53,-0.30937499999999996
0.11606287956237793,54,-0.21914062499999998
0.12613177299499512,55,-0.322265625
0.1276538372039795,56,-0.322265625
0.12890386581420898,57,-0.30937499999999996
0.13008689880371094,58,-0.167578125
0.13134193420410156,59,-0.28359375
0.1325228214263916,60,-0.322265625
0.13411784172058105,61,-0.193359375
0.1359567642211914,62,-0.0515625
0.13773584365844727,63,-0.15468749999999998
0.13952279090881348,64,-0.4125
0.1412649154663086,65,-0.992578125
0.14711999893188477,66,-1.65
0.14896583557128906,67,-0.4640625
0.15056395530700684,68,0.141796875
0.15204691886901855,69,-0.02578125
0.15374398231506348,70,-0.103125
0.16629385948181152,71,-0.37382812499999996
0.16794586181640625,72,0.4640625
0.16929388046264648,73,-0.064453125
0.1705629825592041,74,-0.12890625
0.1718738079071045,75,-0.4125
0.17756199836730957,76,-0.515625
0.1790909767150879,77,-1.26328125
0.18039298057556152,78,0.012890625
0.18176579475402832,79,-0.30937499999999996
0.18308687210083008,80,-0.2578125
0.18434596061706543,81,0.0
0.18569278717041016,82,-0.12890625
0.18694591522216797,83,-0.09023437499999999
0.188201904296875,84,-0.37382812499999996
0.1894218921661377,85,-0.38671875
0.19075393676757812,86,-1.147265625
0.1919548511505127,87,-1.65
0.1930859088897705,88,-0.20625
0.19422698020935059,89,-0.322265625
0.19573688507080078,90,-0.29648437499999997
0.1977219581604004,91,-0.15468749999999998
0.20000386238098145,92,-0.23203125
0.2020418643951416,93,0.09023437499999999
0.20581793785095215,94,-0.12890625
0.20730090141296387,95,-0.6832031249999999
0.20894098281860352,96,-1.5082031249999999
0.21095585823059082,97,-0.21914062499999998
0.2127997875213623,98,-0.167578125
0.21428298950195312,99,-0.167578125
0.2158219814300537,100,-0.2578125
0.21735596656799316,101,-0.15468749999999998
0.21878886222839355,102,-0.012890625
0.22021985054016113,103,-0.103125
0.22158098220825195,104,-0.43828124999999996
0.22352385520935059,105,-0.33515625
0.22999095916748047,106,-1.2503906249999999
0.23315978050231934,107,-0.012890625
0.2459118366241455,108,0.18046874999999998
0.24815678596496582,109,-0.0515625
0.24967479705810547,110,0.0
0.25151491165161133,111,0.0
0.2533719539642334,112,-0.038671874999999994
0.25468993186950684,113,-0.2578125
0.256058931350708,114,-0.20625
0.2572507858276367,115,-0.992578125
0.2583918571472168,116,-1.6371093749999999
0.25952982902526855,117,-0.02578125
0.2606477737426758,118,-0.580078125
0.2617628574371338,119,-0.18046874999999998
0.2628898620605469,120,-0.322265625
0.2640049457550049,121,-0.103125
0.2651188373565674,122,-0.322265625
0.266373872756958,123,-0.2578125
0.2678048610687256,124,0.0
0.26923489570617676,125,-0.167578125
0.27083396911621094,126,-0.12890625
0.27231478691101074,127,-0.37382812499999996
0.2736978530883789,128,-0.837890625
0.27513790130615234,129,-1.5597656249999998
0.2772688865661621,130,-0.038671874999999994
0.27951884269714355,131,-0.515625
0.2810018062591553,132,-0.167578125
0.282573938369751,133,-0.167578125
0.284625768661499,134,-0.064453125
0.2862739562988281,135,-0.0515625
0.28752684593200684,136,-0.21914062499999998
0.2886948585510254,137,-0.30937499999999996
0.28982996940612793,138,-0.7218749999999999
0.29094982147216797,139,-1.3921875
0.2920708656311035,140,-1.1859374999999999
0.2931849956512451,141,-0.193359375
0.294299840927124,142,-0.33515625
0.2954859733581543,143,-0.29648437499999997
0.29670095443725586,144,-0.07734374999999999
0.29807496070861816,145,-0.30937499999999996
0.2995119094848633,146,-0.20625
0.30104589462280273,147,-0.012890625
0.3025949001312256,148,-0.012890625
0.30399298667907715,149,-0.167578125
0.3054988384246826,150,-0.37382812499999996
0.3074648380279541,151,-0.54140625
0.30985093116760254,152,-1.46953125
0.31143999099731445,153,-0.348046875
0.31299591064453125,154,-0.42539062499999997
0.31508898735046387,155,-0.0515625
0.3167078495025635,156,0.0515625
0.3179919719696045,157,-0.012890625
0.31917476654052734,158,-0.0515625
0.32030296325683594,159,-0.12890625
0.32140588760375977,160,-0.38671875
0.3225069046020508,161,-0.322265625
0.32361292839050293,162,-0.992578125
0.32473182678222656,163,-1.585546875
0.32592296600341797,164,-0.02578125
0.32716989517211914,165,-0.15468749999999998
0.3286459445953369,166,-0.012890625
0.3301079273223877,167,-0.322265625
0.3317229747772217,168,-0.33515625
0.3332979679107666,169,-0.15468749999999998
0.33478879928588867,170,-0.012890625
0.33640193939208984,171,-0.064453125
0.3377718925476074,172,-0.21914062499999998
0.3401448726654053,173,-0.36093749999999997
0.3420548439025879,174,-1.16015625
0.34349799156188965,175,-0.167578125
0.34509992599487305,176,-0.33515625
0.3471219539642334,177,-0.270703125
0.3489069938659668,178,-0.37382812499999996
0.35028886795043945,179,0.038671874999999994
0.3514838218688965,180,-0.012890625
0.3526148796081543,181,-0.07734374999999999
0.3537428379058838,182,-0.29648437499999997
0.35486292839050293,183,-0.476953125
0.3563048839569092,184,-0.5671875
0.3578188419342041,185,-1.340625
0.3593409061431885,186,-0.2578125
0.36075687408447266,187,-0.02578125
0.36231088638305664,188,-0.23203125
0.3637368679046631,189,-0.167578125
0.36519289016723633,190,-0.193359375
0.36669397354125977,191,-0.193359375
0.36873483657836914,192,0.0
0.37100791931152344,193,-0.0515625
0.37247776985168457,194,-0.18046874999999998
0.37420177459716797,195,-0.8765624999999999
0.37641382217407227,196,-1.533984375
0.37815093994140625,197,-0.37382812499999996
0.3794999122619629,198,-0.270703125
0.38067197799682617,199,-0.103125
0.3818478584289551,200,-0.4125
0.3830227851867676,201,-0.29648437499999997
0.3841559886932373,202,-0.012890625
0.38527894020080566,203,-0.09023437499999999
0.38642287254333496,204,-0.15468749999999998
0.38762879371643066,205,-0.399609375
0.38899898529052734,206,-0.4125
0.39049196243286133,207,-0.95390625
0.39205193519592285,208,-1.65
0.3935399055480957,209,-0.103125
0.39505791664123535,210,-0.29648437499999997
0.396528959274292,211,-0.4125
0.3989849090576172,212,-0.12890625
0.40085387229919434,213,0.193359375
