time,count,voltage
0.0050640106201171875,1,-0.837890625
0.006381034851074219,2,-0.734765625
0.007657051086425781,3,-0.23203125
0.008805990219116211,4,-0.103125
0.009943008422851562,5,-0.502734375
0.011062860488891602,6,-0.20625
0.012384891510009766,7,-0.37382812499999996
0.01387786865234375,8,-0.21914062499999998
0.015375852584838867,9,0.012890625
0.01675891876220703,10,-0.0515625
0.018144845962524414,11,-0.23203125
0.019402027130126953,12,-0.48984374999999997
0.02056884765625,13,-0.992578125
0.021697998046875,14,-1.5984375
0.022815942764282227,15,-0.012890625
0.02392292022705078,16,-0.116015625
0.025029897689819336,17,-0.37382812499999996
0.026129961013793945,18,-0.4125
0.027309894561767578,19,-0.12890625
0.028599977493286133,20,-0.270703125
0.030025005340576172,21,-0.21914062499999998
0.03148293495178223,22,0.0
0.03300905227661133,23,-0.09023437499999999
0.03446006774902344,24,-0.0515625
0.03585386276245117,25,-0.4125
0.037370920181274414,26,-0.6574218749999999
0.039067983627319336,27,-1.4953124999999998
0.041177988052368164,28,0.0
0.04410886764526367,29,-0.270703125
0.04592704772949219,30,0.0
0.0475308895111084,31,0.348046875
0.04938101768493652,32,0.0
0.051203012466430664,33,-0.0515625
0.052767038345336914,34,-0.37382812499999996
0.05400991439819336,35,-0.837890625
0.05517697334289551,36,-1.546875
0.05630302429199219,37,-0.012890625
0.05742907524108887,38,0.012890625
0.05855393409729004,39,-0.167578125
0.05966901779174805,40,-0.6703125
0.06076788902282715,41,-0.116015625
0.061862945556640625,42,-0.4640625
0.06296205520629883,43,-0.36093749999999997
0.0640869140625,44,-0.012890625
0.06524085998535156,45,-0.012890625
0.0663609504699707,46,-0.012890625
0.06747698783874512,47,-0.167578125
0.06859397888183594,48,-0.515625
0.06969094276428223,49,-0.42539062499999997
0.07080197334289551,50,-1.147265625
0.07190299034118652,51,-1.65
0.07309603691101074,52,0.0
0.07437705993652344,53,-0.167578125
0.07581591606140137,54,-0.0515625
0.07731103897094727,55,-0.54140625
0.07888603210449219,56,-0.348046875
0.08031988143920898,57,-0.038671874999999994
0.08169984817504883,58,0.012890625
0.08295392990112305,59,-0.012890625
0.08523106575012207,60,-0.103125
0.08711791038513184,61,-0.43828124999999996
0.08858203887939453,62,-1.3019531249999998
0.090087890625,63,-0.02578125
0.09203791618347168,64,-0.15468749999999998
0.09372496604919434,65,-0.36093749999999997
0.09507393836975098,66,-0.2578125
0.09625792503356934,67,-0.15468749999999998
0.09743404388427734,68,-0.0515625
0.0985419750213623,69,0.0
0.09964489936828613,70,-0.0515625
0.10074400901794434,71,-0.103125
0.10185384750366211,72,-0.515625
0.10305094718933105,73,-0.451171875
0.10444188117980957,74,-1.173046875
0.10587596893310547,75,-1.65
0.10742592811584473,76,-0.09023437499999999
0.1089639663696289,77,-0.141796875
0.11040997505187988,78,-0.37382812499999996
0.11177492141723633,79,-0.322265625
0.11395692825317383,80,-0.20625
0.11593985557556152,81,0.012890625
0.11734604835510254,82,-0.064453125
0.11922001838684082,83,-0.4125
0.12109589576721191,84,-0.5929687499999999
0.12246489524841309,85,-1.65
0.12364792823791504,86,-0.0515625
0.12478089332580566,87,-0.12890625
0.12589788436889648,88,-0.33515625
0.1270139217376709,89,-0.20625
0.1282038688659668,90,-0.502734375
0.12931394577026367,91,-0.399609375
0.13041305541992188,92,-0.20625
0.1315140724182129,93,0.0
0.13260102272033691,94,-0.038671874999999994
0.13377690315246582,95,-0.09023437499999999
0.13514184951782227,96,-0.42539062499999997
0.1365799903869629,97,-0.476953125
0.13809895515441895,98,-1.1859374999999999
0.13958001136779785,99,-0.064453125
0.14091086387634277,100,-0.12890625
0.14224004745483398,101,-0.103125
0.1443929672241211,102,-0.399609375
0.14644789695739746,103,-0.36093749999999997
0.14792490005493164,104,0.24492187499999998
0.1497199535369873,105,0.0
0.15157103538513184,106,-0.09023437499999999
0.15294194221496582,107,-0.4125
0.15410900115966797,108,-0.992578125
0.155242919921875,109,-1.65
0.1563549041748047,110,0.0
0.15748000144958496,111,-0.116015625
0.1586010456085205,112,-0.322265625
0.15970706939697266,113,-0.515625
0.16080093383789062,114,-0.038671874999999994
0.16190385818481445,115,-0.38671875
0.16299796104431152,116,-0.399609375
0.1642000675201416,117,0.0
0.16559505462646484,118,-0.012890625
0.16711902618408203,119,-0.012890625
0.16869902610778809,120,-0.348046875
0.17018985748291016,121,-0.4125
0.17151904106140137,122,-1.3019531249999998
0.17287492752075195,123,-0.02578125
0.17461705207824707,124,-0.167578125
0.1769568920135498,125,-0.20625
0.1785738468170166,126,-0.064453125
0.1801459789276123,127,-0.103125
0.18212890625,128,0.0
0.18367886543273926,129,-0.064453125
0.18491101264953613,130,-0.33515625
0.18605995178222656,131,-0.48984374999999997
0.18726897239685059,132,-1.044140625
0.18840503692626953,133,-1.65
0.18951106071472168,134,0.0
0.1906108856201172,135,-0.21914062499999998
0.19171595573425293,136,-0.2578125
0.1928088665008545,137,-0.4125
0.19389796257019043,138,-0.15468749999999998
0.1950678825378418,139,-0.2578125
0.19646787643432617,140,-0.2578125
0.19798898696899414,141,0.0
0.1995408535003662,142,-0.0515625
0.20100092887878418,143,-0.0515625
0.20232701301574707,144,-0.399609375
0.20366406440734863,145,-0.605859375
0.2055509090423584,146,-1.405078125
0.2078549861907959,147,-0.21914062499999998
0.2093050479888916,148,-0.0515625
0.2108290195465088,149,-0.103125
0.21283793449401855,150,-0.2578125
0.21443986892700195,151,0.116015625
0.2156848907470703,152,-0.012890625
0.21682190895080566,153,-0.103125
0.21795296669006348,154,-0.348046875
0.21906185150146484,155,-0.502734375
0.2201690673828125,156,-0.7863281249999999
0.22126388549804688,157,-1.4437499999999999
0.22237086296081543,158,-0.0515625
0.2234630584716797,159,-0.103125
0.22455692291259766,160,-0.23203125
0.22571992874145508,161,-0.23203125
0.22715091705322266,162,-0.30937499999999996
0.22862005233764648,163,-0.29648437499999997
0.2302260398864746,164,-0.09023437499999999
0.23173189163208008,165,-0.02578125
0.23308300971984863,166,-0.141796875
0.2344200611114502,167,-0.167578125
0.23653697967529297,168,-0.48984374999999997
0.23868584632873535,169,-0.837890625
0.24010896682739258,170,0.0
0.2417280673980713,171,-0.20625
0.24373388290405273,172,-0.29648437499999997
0.24524593353271484,173,-0.116015625
0.246506929397583,174,0.0515625
0.24773597717285156,175,0.0
0.24885797500610352,176,-0.012890625
0.24995684623718262,177,-0.064453125
0.2510499954223633,178,-0.28359375
0.2521538734436035,179,-0.5671875
0.2532460689544678,180,-0.64453125
0.25433993339538574,181,-1.327734375
0.2554318904876709,182,-1.147265625
0.25660085678100586,183,-0.09023437499999999
0.25797605514526367,184,-0.348046875
0.25952887535095215,185,-0.2578125
0.26090192794799805,186,-0.20625
0.26224684715270996,187,-0.20625
0.26353001594543457,188,-0.09023437499999999
0.2650749683380127,189,0.0
0.2665228843688965,190,-0.0515625
0.26841187477111816,191,-0.15468749999999998
0.2708280086517334,192,-0.4640625
0.27236485481262207,193,-1.482421875
0.2738368511199951,194,-0.0515625
0.2758059501647949,195,-0.20625
0.27750301361083984,196,-0.4125
0.27881288528442383,197,-0.193359375
0.2800259590148926,198,-0.064453125
0.2811729907989502,199,0.0
0.28226804733276367,200,-0.012890625
0.2833700180053711,201,-0.064453125
0.2844679355621338,202,-0.29648437499999997
0.2855689525604248,203,-0.515625
0.28674888610839844,204,-0.6703125
0.2881460189819336,205,-1.3921875
0.28958988189697266,206,0.0
0.29106998443603516,207,-0.103125
0.29257702827453613,208,-0.15468749999999998
0.2940189838409424,209,-0.4125
0.2954130172729492,210,-0.29648437499999997
0.296781063079834,211,-0.15468749999999998
0.29902195930480957,212,0.0
0.3009979724884033,213,-0.103125
0.3024618625640869,214,-0.399609375
0.30413198471069336,215,-0.6187499999999999
0.30612897872924805,216,-1.482421875
0.30757594108581543,217,-0.038671874999999994
0.3087780475616455,218,-0.38671875
0.3099229335784912,219,-0.5285156249999999
0.3110499382019043,220,-0.064453125
0.3126790523529053,221,-0.33515625
0.31386899948120117,222,-0.012890625
0.31501293182373047,223,-0.012890625
0.31612491607666016,224,-0.02578125
0.317288875579834,225,-0.09023437499999999
0.31868600845336914,226,-0.502734375
0.32013607025146484,227,-0.4125
0.32163095474243164,228,-1.2890625
0.32314491271972656,229,-0.103125
0.32448601722717285,230,-0.103125
0.3258950710296631,231,-0.193359375
0.3272829055786133,232,-0.631640625
0.32961106300354004,233,-0.322265625
0.3314809799194336,234,0.103125
0.3328728675842285,235,-0.012890625
0.3345620632171631,236,-0.064453125
0.3365039825439453,237,-0.4640625
0.3379509449005127,238,-0.992578125
0.33916497230529785,239,-0.20625
0.34031200408935547,240,-0.167578125
0.34142494201660156,241,-0.21914062499999998
0.3425469398498535,242,-0.30937499999999996
0.3436589241027832,243,-0.4125
0.34475088119506836,244,-0.29648437499999997
0.34584689140319824,245,-0.348046875
0.3469719886779785,246,-0.193359375
0.3482339382171631,247,0.0
0.3496088981628418,248,-0.012890625
0.3510448932647705,249,-0.064453125
0.35257506370544434,250,-0.48984374999999997
0.35403990745544434,251,-0.6832031249999999
0.3553929328918457,252,-1.5726562499999999
0.356752872467041,253,0.0
0.3588728904724121,254,-0.20625
0.36091184616088867,255,-0.322265625
0.3622899055480957,256,-0.20625
0.36420392990112305,257,-0.012890625
0.36597704887390137,258,0.012890625
0.36726903915405273,259,-0.02578125
0.3684229850769043,260,-0.38671875
0.36954498291015625,261,-0.4125
0.37064385414123535,262,-1.044140625
0.3717968463897705,263,-1.6371093749999999
0.37294793128967285,264,0.0
0.37406492233276367,265,-0.12890625
0.3751850128173828,266,-0.20625
0.37628984451293945,267,-0.322265625
0.37740492820739746,268,-0.103125
0.37859106063842773,269,-0.399609375
0.37998390197753906,270,-0.30937499999999996
0.3814370632171631,271,0.012890625
0.38294196128845215,272,-0.012890625
0.38437986373901367,273,-0.064453125
0.38573789596557617,274,-0.42539062499999997
0.38727307319641113,275,-0.631640625
0.38869190216064453,276,-1.46953125
0.39118385314941406,277,0.0
0.39287304878234863,278,-0.167578125
0.3942229747772217,279,-0.12890625
0.396014928817749,280,-0.28359375
0.3980109691619873,281,-0.02578125
0.3993868827819824,282,-0.012890625
0.4005410671234131,283,-0.103125
0.4016580581665039,284,-0.476953125
0.40276408195495605,285,-0.4640625
0.4038729667663574,286,-1.044140625
0.4049708843231201,287,-1.65
0.4060640335083008,288,0.0
0.4072270393371582,289,-0.103125
0.40834689140319824,290,-0.20625
0.4095280170440674,291,-0.42539062499999997
0.41092801094055176,292,-0.167578125
0.412369966506958,293,-0.21914062499999998
0.4139070510864258,294,-0.012890625
0.415363073348999,295,-0.012890625
0.416733980178833,296,-0.02578125
0.41817307472229004,297,-0.270703125
0.4195868968963623,298,-0.48984374999999997
0.4220709800720215,299,-1.03125
0.4238100051879883,300,0.0
0.4251680374145508,301,-0.20625
0.4269280433654785,302,-0.399609375
0.42894792556762695,303,-0.2578125
0.43036389350891113,304,0.116015625
0.43154406547546387,305,0.012890625
0.43267107009887695,306,-0.064453125
0.4337780475616455,307,-0.0515625
0.434877872467041,308,-0.43828124999999996
0.43599486351013184,309,-0.5671875
0.4371788501739502,310,-1.044140625
0.4383258819580078,311,-1.6371093749999999
0.4395279884338379,312,0.0
0.4409029483795166,313,-0.193359375
0.44236302375793457,314,-0.20625
0.4438939094543457,315,-0.399609375
0.44538092613220215,316,-0.348046875
0.44679903984069824,317,-0.12890625
0.44830989837646484,318,0.0
0.44994306564331055,319,-0.012890625
0.45268702507019043,320,-0.103125
0.45439791679382324,321,-0.33515625
0.4557640552520752,322,-1.5984375
0.45757198333740234,323,-0.02578125
0.45949387550354004,324,-0.193359375
0.46099400520324707,325,-0.322265625
0.46220898628234863,326,-0.38671875
0.4633469581604004,327,-0.23203125
0.4644598960876465,328,0.0
0.4655489921569824,329,0.0
0.46663498878479004,330,-0.064453125
0.46775197982788086,331,-0.29648437499999997
0.46887707710266113,332,-0.5285156249999999
0.4700798988342285,333,-0.6703125
0.47145986557006836,334,-1.405078125
0.47290587425231934,335,-0.012890625
0.47446703910827637,336,-0.103125
0.4759700298309326,337,-0.09023437499999999
0.47736597061157227,338,-0.2578125
0.4788680076599121,339,-0.2578125
0.48108386993408203,340,-0.0515625
0.4831209182739258,341,0.0
0.48453593254089355,342,-0.15468749999999998
0.48659205436706543,343,-0.451171875
0.48835206031799316,344,-0.992578125
0.48959898948669434,345,-0.23203125
0.4907529354095459,346,-0.116015625
0.4918808937072754,347,-0.064453125
0.4929959774017334,348,-0.605859375
0.4940948486328125,349,-0.18046874999999998
0.4952058792114258,350,-0.37382812499999996
0.4963068962097168,351,-0.29648437499999997
0.4974210262298584,352,-0.012890625
0.4985358715057373,353,-0.012890625
0.4996330738067627,354,-0.012890625
0.5007929801940918,355,-0.167578125
0.5021789073944092,356,-0.5285156249999999
0.5036630630493164,357,-0.580078125
0.5052368640899658,358,-1.4953124999999998
0.5067799091339111,359,-0.064453125
0.508296012878418,360,-0.103125
0.5096969604492188,361,-0.2578125
0.5121519565582275,362,-0.21914062499999998
0.5139360427856445,363,-0.116015625
0.51544189453125,364,0.0
0.5175290107727051,365,-0.02578125
0.5190479755401611,366,-0.36093749999999997
0.5202529430389404,367,-0.605859375
0.5213890075683594,368,-1.3792968749999999
0.5225069522857666,369,0.0
0.5236210823059082,370,-0.20625
0.5247290134429932,371,-0.09023437499999999
0.525831937789917,372,-0.322265625
0.5269310474395752,373,-0.270703125
0.5281028747558594,374,-0.2578125
0.5292110443115234,375,-0.30937499999999996
0.5303089618682861,376,-0.167578125
0.5314760208129883,377,0.0
0.5328428745269775,378,-0.012890625
0.53426194190979,379,-0.09023437499999999
0.5358078479766846,380,-0.42539062499999997
0.5374109745025635,381,-0.6187499999999999
0.5389199256896973,382,-1.5597656249999998
0.540410041809082,383,-0.02578125
0.5427680015563965,384,-0.2578125
0.5446839332580566,385,-0.29648437499999997
0.5461530685424805,386,-0.322265625
0.5483059883117676,387,-0.0515625
0.5499238967895508,388,-0.0515625
0.5511388778686523,389,-0.21914062499999998
0.5522890090942383,390,-0.43828124999999996
0.5534079074859619,391,-0.64453125
0.5545120239257812,392,-1.3664062499999998
0.5556139945983887,393,-0.322265625
0.5567090511322021,394,-0.038671874999999994
0.5578439235687256,395,-0.15468749999999998
0.5589549541473389,396,-0.23203125
0.5600500106811523,397,-0.30937499999999996
0.5611419677734375,398,-0.064453125
0.5623059272766113,399,-0.2578125
0.5637269020080566,400,-0.167578125
0.5651659965515137,401,0.012890625
0.5666899681091309,402,-0.038671874999999994
0.5682659149169922,403,-0.193359375
0.5696840286254883,404,-0.399609375
0.5710940361022949,405,-1.03125
0.5733308792114258,406,-1.65
0.5753898620605469,407,-0.103125
0.5769789218902588,408,-0.4125
0.5790679454803467,409,-0.141796875
0.5806670188903809,410,-0.064453125
0.5819439888000488,411,-0.012890625
0.5831329822540283,412,-0.02578125
0.5842499732971191,413,-0.193359375
0.5853469371795654,414,-0.5285156249999999
0.5864448547363281,415,-0.515625
0.5876350402832031,416,-1.224609375
0.5887539386749268,417,-1.65
0.5898909568786621,418,0.0
0.5910089015960693,419,-0.12890625
0.5921070575714111,420,-0.116015625
0.5932719707489014,421,-0.54140625
0.5946629047393799,422,0.0
0.5962250232696533,423,-0.20625
0.597930908203125,424,0.103125
0.5995349884033203,425,-0.012890625
0.6008799076080322,426,-0.012890625
0.6022448539733887,427,-0.37382812499999996
0.6046578884124756,428,-0.322265625
0.6065449714660645,429,-1.3921875
0.6079518795013428,430,-0.30937499999999996
0.609766960144043,431,-0.20625
0.6117410659790039,432,-0.322265625
0.613131046295166,433,-0.141796875
0.6147270202636719,434,0.012890625
0.6163630485534668,435,-0.02578125
0.6180610656738281,436,-0.103125
0.6193158626556396,437,-0.42539062499999997
0.6204729080200195,438,-0.863671875
0.6215858459472656,439,-1.5082031249999999
0.6227688789367676,440,-0.141796875
