time,count,voltage
0.0042269229888916016,1,-0.09023437499999999
0.0056400299072265625,2,-0.43828124999999996
0.006886959075927734,3,-0.837890625
0.008131027221679688,4,-1.5082031249999999
0.009311914443969727,5,0.0
0.010439872741699219,6,-0.103125
0.011558055877685547,7,0.0
0.01266789436340332,8,-0.38671875
0.013777017593383789,9,-0.20625
0.01488494873046875,10,-0.502734375
0.015990018844604492,11,-0.43828124999999996
0.02340102195739746,12,-0.09023437499999999
0.02473306655883789,13,-0.889453125
0.02590203285217285,14,-0.012890625
0.027033090591430664,15,-0.167578125
0.028178930282592773,16,-0.167578125
0.02931809425354004,17,-0.37382812499999996
0.03044891357421875,18,-0.167578125
0.031555891036987305,19,-0.48984374999999997
0.049182891845703125,20,-0.42539062499999997
0.05058002471923828,21,0.5671875
0.05185198783874512,22,0.0
0.05312204360961914,23,-0.0515625
0.054431915283203125,24,-0.28359375
0.055847883224487305,25,-0.43828124999999996
0.05735301971435547,26,-0.95390625
0.05888700485229492,27,-1.65
0.06205892562866211,28,0.0
0.06337904930114746,29,-0.322265625
0.06467890739440918,30,-0.37382812499999996
0.06595087051391602,31,-0.4125
0.06724691390991211,32,-0.167578125
0.06868696212768555,33,0.012890625
0.06998991966247559,34,-0.012890625
0.0712440013885498,35,-0.33515625
0.07248902320861816,36,-0.476953125
0.0737159252166748,37,-0.9796874999999999
0.07494306564331055,38,-1.585546875
0.07616496086120605,39,0.0
0.07738590240478516,40,-0.116015625
0.07868289947509766,41,-0.141796875
0.07992100715637207,42,-0.476953125
0.09831094741821289,43,-0.103125
0.10002398490905762,44,-0.270703125
0.10127496719360352,45,0.012890625
0.10243701934814453,46,-0.02578125
0.10356402397155762,47,-0.0515625
0.10467696189880371,48,-0.399609375
0.10578393936157227,49,-0.476953125
0.10687398910522461,50,-1.018359375
0.1080620288848877,51,-1.5597656249999998
0.10918998718261719,52,0.0
0.11045503616333008,53,-0.0515625
0.111846923828125,54,-0.21914062499999998
0.11327290534973145,55,-0.33515625
0.11469292640686035,56,-0.2578125
0.11618590354919434,57,-0.23203125
0.11778807640075684,58,0.012890625
0.11933207511901855,59,-0.012890625
0.12082791328430176,60,-0.103125
0.12221097946166992,61,-0.4125
0.12427401542663574,62,-0.837890625
0.12648391723632812,63,-1.5726562499999999
0.12804198265075684,64,-0.15468749999999998
0.1296100616455078,65,-0.33515625
0.13152194023132324,66,-0.12890625
0.1332099437713623,67,-0.167578125
0.1344928741455078,68,0.0
0.1356520652770996,69,-0.012890625
0.13678407669067383,70,-0.0515625
0.1378939151763916,71,-0.4125
0.13907694816589355,72,-0.4640625
0.14019489288330078,73,-1.03125
0.14130496978759766,74,-1.5984375
0.1425459384918213,75,0.0
0.14394187927246094,76,0.0
0.1453709602355957,77,-0.141796875
0.14689898490905762,78,-0.42539062499999997
0.14842486381530762,79,-0.37382812499999996
0.1499788761138916,80,-0.193359375
0.1514880657196045,81,0.0
0.15303492546081543,82,-0.012890625
0.15557289123535156,83,-0.193359375
0.1572859287261963,84,-0.502734375
0.15873503684997559,85,-1.611328125
0.16051101684570312,86,-0.012890625
0.16240286827087402,87,-0.12890625
0.1637740135192871,88,-0.33515625
0.164963960647583,89,-0.36093749999999997
0.16618108749389648,90,-0.30937499999999996
0.16733407974243164,91,0.0
0.1685330867767334,92,-0.012890625
0.16964507102966309,93,-0.012890625
0.17074799537658691,94,-0.270703125
0.17186403274536133,95,-0.515625
0.17305397987365723,96,-0.7476562499999999
0.17444801330566406,97,-1.353515625
0.1758899688720703,98,-0.064453125
0.17740106582641602,99,-0.07734374999999999
0.17893099784851074,100,-0.167578125
0.18036293983459473,101,-0.23203125
0.18183588981628418,102,-0.322265625
0.1833488941192627,103,-0.21914062499999998
0.1858968734741211,104,0.0
0.18759489059448242,105,-0.064453125
0.18897604942321777,106,-0.348046875
0.1907179355621338,107,-0.8507812499999999
0.1926560401916504,108,-1.5984375
0.1940610408782959,109,-0.0515625
0.1952369213104248,110,-0.167578125
0.19637107849121094,111,-0.348046875
0.19748497009277344,112,-0.20625
0.19862103462219238,113,-0.37382812499999996
0.19974493980407715,114,-0.2578125
0.20087289810180664,115,0.012890625
0.2019789218902588,116,-0.012890625
0.20315098762512207,117,-0.064453125
0.2045459747314453,118,-0.322265625
0.20600104331970215,119,-0.4640625
0.2075340747833252,120,-1.069921875
0.20909786224365234,121,-1.65
0.21048808097839355,122,-0.0515625
0.21194005012512207,123,-0.20625
0.21335101127624512,124,-0.29648437499999997
0.21481895446777344,125,-0.33515625
0.21634387969970703,126,-0.24492187499999998
0.21787405014038086,127,0.0
0.22041797637939453,128,-0.012890625
0.2226569652557373,129,-0.23203125
0.2240910530090332,130,-0.8507812499999999
0.22594094276428223,131,-1.65
0.22787189483642578,132,-0.0515625
0.22943401336669922,133,-0.30937499999999996
0.23066401481628418,134,-0.20625
0.231795072555542,135,-0.42539062499999997
0.23292803764343262,136,-0.30937499999999996
0.2341299057006836,137,0.0
0.2355959415435791,138,-0.012890625
0.2371060848236084,139,-0.012890625
0.23853302001953125,140,-0.4125
0.24001407623291016,141,-0.580078125
0.24142789840698242,142,-1.3921875
0.24291706085205078,143,-0.0515625
0.2447049617767334,144,-0.064453125
0.24717307090759277,145,-0.24492187499999998
0.24881386756896973,146,-0.23203125
0.2506370544433594,147,0.02578125
0.2525899410247803,148,0.012890625
0.25394606590270996,149,-0.0515625
0.2551279067993164,150,-0.42539062499999997
0.25626301765441895,151,-0.64453125
0.25737786293029785,152,-1.2890625
0.2585759162902832,153,-1.65
0.25969696044921875,154,0.0
0.26080989837646484,155,-0.20625
0.26192307472229004,156,-0.20625
0.26303601264953613,157,-0.30937499999999996
0.2642478942871094,158,-0.09023437499999999
0.26564788818359375,159,-0.322265625
0.2671189308166504,160,-0.116015625
0.26871800422668457,161,-0.012890625
0.2702949047088623,162,-0.02578125
0.271712064743042,163,-0.348046875
0.27306604385375977,164,-0.515625
0.2748219966888428,165,-1.26328125
0.2771930694580078,166,-0.0515625
0.2788069248199463,167,-0.167578125
0.2802619934082031,168,-0.2578125
0.2821469306945801,169,-0.38671875
0.28392887115478516,170,-0.12890625
0.28524088859558105,171,0.0
0.2864060401916504,172,-0.02578125
0.28754186630249023,173,-0.322265625
0.2886970043182373,174,-0.4640625
0.2898120880126953,175,-0.837890625
0.2909209728240967,176,-1.41796875
0.29203104972839355,177,-0.012890625
0.2931790351867676,178,-0.0515625
0.29437994956970215,179,-0.12890625
0.2957909107208252,180,-0.2578125
0.2972450256347656,181,-0.20625
0.29883503913879395,182,-0.37382812499999996
0.30040597915649414,183,-0.15468749999999998
0.3018760681152344,184,0.0
0.30331993103027344,185,-0.0515625
0.30553603172302246,186,-0.322265625
0.3075840473175049,187,-0.48984374999999997
0.3090670108795166,188,-1.65
0.31095290184020996,189,-0.012890625
0.31286191940307617,190,0.0
0.31414794921875,191,-0.103125
0.31529903411865234,192,-0.36093749999999997
0.31644701957702637,193,-0.20625
0.31757092475891113,194,0.012890625
0.3187100887298584,195,-0.012890625
0.31981992721557617,196,-0.012890625
0.3209259510040283,197,-0.36093749999999997
0.32202696800231934,198,-0.476953125
0.3231179714202881,199,-0.837890625
0.3242990970611572,200,-1.4437499999999999
0.3257029056549072,201,0.0
0.32717204093933105,202,-0.02578125
0.32870006561279297,203,-0.012890625
0.3302309513092041,204,-0.4125
0.33164095878601074,205,-0.33515625
0.3330979347229004,206,-0.21914062499999998
0.33451294898986816,207,0.0
0.336622953414917,208,-0.02578125
0.33884692192077637,209,-0.12890625
0.3403289318084717,210,-0.6187499999999999
0.34183502197265625,211,-1.5082031249999999
0.34380102157592773,212,0.0
0.34552597999572754,213,-0.167578125
0.34682393074035645,214,-0.18046874999999998
0.3480679988861084,215,-0.322265625
0.34924888610839844,216,-0.33515625
0.35040998458862305,217,-0.064453125
0.35152602195739746,218,0.0
0.352618932723999,219,-0.0515625
0.3537170886993408,220,-0.103125
0.35488295555114746,221,-0.4640625
0.35630297660827637,222,-0.554296875
0.3583049774169922,223,-1.2503906249999999
0.3598918914794922,224,-0.02578125
0.36139702796936035,225,-0.167578125
0.362778902053833,226,-0.2578125
0.36414599418640137,227,-0.15468749999999998
0.3663160800933838,228,-0.399609375
0.36840009689331055,229,0.012890625
0.3698549270629883,230,-0.0515625
0.3713948726654053,231,-0.29648437499999997
0.37338805198669434,232,-0.4640625
0.37508106231689453,233,-1.2503906249999999
0.3763890266418457,234,0.0
0.377561092376709,235,-0.141796875
0.3787219524383545,236,-0.2578125
0.37984609603881836,237,-0.23203125
0.38095998764038086,238,-0.29648437499999997
0.38207387924194336,239,-0.4125
0.3831899166107178,240,-0.2578125
0.3842918872833252,241,0.0
0.3854539394378662,242,-0.012890625
0.3868379592895508,243,-0.0515625
0.38829588890075684,244,-0.37382812499999996
0.38985705375671387,245,-0.4640625
0.39138293266296387,246,-1.2503906249999999
0.3928079605102539,247,-0.167578125
0.39424705505371094,248,0.0
0.3963429927825928,249,-0.193359375
0.39838695526123047,250,-0.193359375
0.3999319076538086,251,0.038671874999999994
0.40146589279174805,252,0.0
0.4034430980682373,253,-0.012890625
0.4051089286804199,254,-0.270703125
0.4064018726348877,255,-0.502734375
0.4075620174407959,256,-1.276171875
0.4087369441986084,257,-0.399609375
0.4098639488220215,258,0.0
0.4109780788421631,259,-0.2578125
0.41208505630493164,260,-0.2578125
0.4131898880004883,261,-0.37382812499999996
0.4143030643463135,262,-0.270703125
0.41549086570739746,263,-0.4640625
0.41689109802246094,264,-0.23203125
0.418349027633667,265,0.0
0.4198799133300781,266,-0.0515625
0.4214320182800293,267,-0.270703125
0.422821044921875,268,-0.4640625
0.4241940975189209,269,-1.1214843749999999
0.42590904235839844,270,-1.482421875
0.4284019470214844,271,-0.02578125
0.42997193336486816,272,-0.29648437499999997
0.4316139221191406,273,-0.270703125
0.43370795249938965,274,-0.2578125
0.43509507179260254,275,0.012890625
0.43628692626953125,276,-0.02578125
0.43743896484375,277,-0.24492187499999998
0.438601016998291,278,-0.48984374999999997
0.43972206115722656,279,-0.7734375
0.4408259391784668,280,-1.340625
0.4419219493865967,281,-0.12890625
0.4430229663848877,282,0.0
0.44411396980285645,283,-0.23203125
0.4452080726623535,284,-0.193359375
0.4463798999786377,285,-0.322265625
0.44775390625,286,-0.103125
0.4492619037628174,287,-0.270703125
0.4508049488067627,288,0.038671874999999994
0.452315092086792,289,-0.012890625
0.45368504524230957,290,-0.0515625
0.4550909996032715,291,-0.37382812499999996
0.4571230411529541,292,-0.554296875
0.459277868270874,293,-1.405078125
0.46073007583618164,294,-0.064453125
0.4625999927520752,295,-0.103125
0.46447205543518066,296,-0.064453125
0.46575188636779785,297,-0.23203125
0.4669170379638672,298,-0.012890625
0.468127965927124,299,0.012890625
0.46928906440734863,300,-0.038671874999999994
0.47042202949523926,301,-0.12890625
0.47153401374816895,302,-0.4640625
0.4726829528808594,303,-0.5285156249999999
0.4738450050354004,304,-1.16015625
0.47496604919433594,305,-1.65
0.4760708808898926,306,0.0
0.4772460460662842,307,-0.103125
0.47870898246765137,308,-0.167578125
0.48016905784606934,309,-0.23203125
0.4816908836364746,310,-0.37382812499999996
0.48320603370666504,311,-0.24492187499999998
0.4846169948577881,312,0.012890625
0.48599696159362793,313,-0.02578125
0.48810887336730957,314,-0.103125
0.49036693572998047,315,-0.42539062499999997
0.49187803268432617,316,-1.405078125
0.4933140277862549,317,0.0
0.4951670169830322,318,-0.20625
0.4969909191131592,319,-0.4125
0.498323917388916,320,-0.28359375
0.49950695037841797,321,-0.18046874999999998
0.5006639957427979,322,0.0
0.5018138885498047,323,-0.012890625
0.5029690265655518,324,-0.02578125
0.5040910243988037,325,-0.30937499999999996
0.5052139759063721,326,-0.5285156249999999
0.5063209533691406,327,-0.7734375
0.5074970722198486,328,-1.353515625
0.5089080333709717,329,-0.09023437499999999
0.5103929042816162,330,-0.012890625
0.5118808746337891,331,-0.141796875
0.513455867767334,332,-0.36093749999999997
0.5148000717163086,333,-0.38671875
0.5161840915679932,334,-0.29648437499999997
0.5180020332336426,335,0.0
0.5203900337219238,336,0.0
0.5219759941101074,337,-0.2578125
0.523360013961792,338,-0.6187499999999999
0.5251500606536865,339,-1.3664062499999998
0.5270650386810303,340,-0.167578125
0.5285549163818359,341,-0.167578125
0.5297560691833496,342,-0.29648437499999997
0.5308759212493896,343,-0.103125
0.5319938659667969,344,-0.322265625
0.5331199169158936,345,-0.2578125
0.5342350006103516,346,0.0
0.5353329181671143,347,-0.012890625
0.5364289283752441,348,-0.064453125
0.5376040935516357,349,-0.322265625
0.5390188694000244,350,-0.48984374999999997
0.540492057800293,351,-0.9796874999999999
0.5420560836791992,352,-1.65
0.5435609817504883,353,0.0
0.5448970794677734,354,-0.21914062499999998
0.5462770462036133,355,-0.33515625
0.5481610298156738,356,-0.20625
0.5506000518798828,357,-0.23203125
0.5521399974822998,358,0.012890625
0.5536019802093506,359,-0.0515625
0.5555510520935059,360,-0.38671875
0.5573089122772217,361,-0.631640625
0.5586938858032227,362,-1.6371093749999999
0.5598809719085693,363,0.0
0.56101393699646,364,-0.2578125
0.5621240139007568,365,-0.270703125
0.5632269382476807,366,-0.21914062499999998
0.5643320083618164,367,-0.37382812499999996
0.5654420852661133,368,-0.4640625
0.5665490627288818,369,-0.28359375
0.5677709579467773,370,0.012890625
0.5692520141601562,371,-0.012890625
0.5707170963287354,372,-0.09023437499999999
0.5722129344940186,373,-0.43828124999999996
0.5737929344177246,374,-0.7734375
0.5751960277557373,375,-1.611328125
0.5765478610992432,376,0.012890625
0.5778679847717285,377,-0.20625
0.5803608894348145,378,-0.2578125
0.5821728706359863,379,-0.38671875
0.5836129188537598,380,0.012890625
0.5851669311523438,381,0.012890625
0.5871090888977051,382,-0.0515625
0.5887789726257324,383,-0.36093749999999997
0.5900540351867676,384,-0.708984375
0.5912299156188965,385,-1.456640625
0.5923600196838379,386,0.0
0.5934619903564453,387,-0.15468749999999998
0.5945649147033691,388,-0.116015625
0.5956680774688721,389,-0.37382812499999996
0.5967769622802734,390,-0.20625
0.5979869365692139,391,-0.33515625
0.599402904510498,392,-0.37382812499999996
0.600877046585083,393,-0.02578125
0.6023778915405273,394,-0.012890625
0.6038439273834229,395,-0.012890625
0.605273962020874,396,-0.4125
0.6067409515380859,397,-0.6703125
0.6082699298858643,398,-1.4308593749999998
0.6100339889526367,399,0.0
0.6125168800354004,400,-0.20625
0.6141190528869629,401,-0.20625
0.6154608726501465,402,-0.4125
0.6171870231628418,403,-0.193359375
0.6191699504852295,404,0.0
0.6205899715423584,405,-0.02578125
0.6218030452728271,406,-0.37382812499999996
0.6229538917541504,407,-0.631640625
0.6240720748901367,408,-1.2890625
0.625175952911377,409,-1.611328125
0.6262779235839844,410,0.0
0.627371072769165,411,-0.141796875
0.628633975982666,412,-0.23203125
0.6300458908081055,413,-0.29648437499999997
0.6314818859100342,414,-0.36093749999999997
0.6330349445343018,415,-0.29648437499999997
0.6345338821411133,416,-0.012890625
0.6358649730682373,417,0.0
0.6372530460357666,418,-0.07734374999999999
0.6392209529876709,419,-0.4125
0.6414570808410645,420,-0.734765625
0.6428930759429932,421,-0.0515625
0.6446120738983154,422,0.012890625
0.6465480327606201,423,-0.29648437499999997
0.6478879451751709,424,-0.12890625
0.6491899490356445,425,-0.116015625
0.6503579616546631,426,0.038671874999999994
0.6514880657196045,427,0.0
0.6525979042053223,428,-0.0515625
0.6537230014801025,429,-0.141796875
0.6548330783843994,430,-0.502734375
0.6559360027313232,431,-0.554296875
0.6570320129394531,432,-1.1859374999999999
0.6581430435180664,433,-1.65
0.6593120098114014,434,0.0
0.6606950759887695,435,-0.09023437499999999
0.6621630191802979,436,-0.116015625
0.6636190414428711,437,-0.33515625
0.6651179790496826,438,-0.30937499999999996
0.6666300296783447,439,-0.12890625
0.6681420803070068,440,0.0
0.6695940494537354,441,-0.02578125
0.6717588901519775,442,-0.21914062499999998
0.6739130020141602,443,-0.43828124999999996
