time,count,voltage
0.005220174789428711,1,-0.8507812499999999
0.006748199462890625,2,-0.4125
0.008124113082885742,3,-0.038671874999999994
0.009484052658081055,4,-0.193359375
0.01087808609008789,5,-0.23203125
0.01260519027709961,6,-0.20625
0.014327049255371094,7,-0.02578125
0.016129016876220703,8,0.0
0.01787710189819336,9,-0.012890625
0.01953911781311035,10,-0.23203125
0.021403074264526367,11,-0.64453125
0.02297806739807129,12,-1.65
0.024583101272583008,13,-0.141796875
0.0260159969329834,14,-0.116015625
0.02751612663269043,15,-0.20625
0.029203176498413086,16,-0.2578125
0.030909061431884766,17,-0.0515625
0.03258919715881348,18,0.012890625
0.034342050552368164,19,-0.0515625
0.03592205047607422,20,-0.20625
0.03750300407409668,21,-0.502734375
0.03904414176940918,22,-1.340625
0.04076099395751953,23,0.0
0.04254913330078125,24,-0.20625
0.04557204246520996,25,-0.21914062499999998
0.04753613471984863,26,-0.15468749999999998
0.04914116859436035,27,-0.012890625
0.05122804641723633,28,-0.0515625
0.05347919464111328,29,-0.193359375
0.05510115623474121,30,-0.9152343749999999
0.0565340518951416,31,-0.322265625
0.05788421630859375,32,-0.038671874999999994
0.05924820899963379,33,-0.167578125
0.06066012382507324,34,-0.167578125
0.06203508377075195,35,-0.30937499999999996
0.06320619583129883,36,-0.193359375
0.06432414054870605,37,-0.012890625
0.06542801856994629,38,-0.012890625
0.06652617454528809,39,-0.02578125
0.06763005256652832,40,-0.116015625
0.06877803802490234,41,-0.30937499999999996
0.06999707221984863,42,-0.33515625
0.0711832046508789,43,-1.134375
0.07247710227966309,44,-1.65
0.0738840103149414,45,-0.0515625
0.07531905174255371,46,-0.20625
0.07704901695251465,47,-0.28359375
0.07857918739318848,48,-0.09023437499999999
0.08015608787536621,49,-0.0515625
0.08222603797912598,50,0.0
0.08439803123474121,51,0.0
0.08591914176940918,52,-0.2578125
0.08776211738586426,53,-0.4125
0.08967900276184082,54,-1.3664062499999998
0.09120607376098633,55,-0.12890625
0.09247112274169922,56,-0.012890625
0.09362602233886719,57,-0.20625
0.0947561264038086,58,-0.2578125
0.09588217735290527,59,-0.33515625
0.09699821472167969,60,-0.20625
0.09811019897460938,61,-0.012890625
0.09923100471496582,62,-0.02578125
0.10045504570007324,63,-0.02578125
0.10168600082397461,64,-0.24492187499999998
0.10314416885375977,65,-0.2578125
0.10462403297424316,66,-0.9152343749999999
0.1061711311340332,67,-1.65
0.10777711868286133,68,-0.116015625
0.10928821563720703,69,-0.07734374999999999
0.11080002784729004,70,-0.193359375
0.11260509490966797,71,-0.322265625
0.11499309539794922,72,-0.18046874999999998
0.11668205261230469,73,-0.012890625
0.11822104454040527,74,-0.09023437499999999
0.12028813362121582,75,-0.2578125
0.12198519706726074,76,-1.00546875
0.12328004837036133,77,-0.0515625
0.12450599670410156,78,-0.20625
0.12565207481384277,79,-0.193359375
0.12679600715637207,80,-0.20625
0.12791204452514648,81,-0.116015625
0.12902617454528809,82,-0.30937499999999996
0.1301732063293457,83,-0.2578125
0.1312870979309082,84,0.012890625
0.13251805305480957,85,0.0
0.1339411735534668,86,-0.0515625
0.13542413711547852,87,-0.20625
0.13699817657470703,88,-0.20625
0.1384880542755127,89,-1.10859375
0.14005208015441895,90,0.0
0.14169621467590332,91,0.0
0.1441810131072998,92,-0.24492187499999998
0.14576101303100586,93,-0.33515625
0.14740610122680664,94,0.0
0.14953303337097168,95,0.0
0.15108609199523926,96,-0.064453125
0.15233421325683594,97,-0.193359375
0.15349507331848145,98,-0.4125
0.15462517738342285,99,-1.16015625
0.15575003623962402,100,-1.65
0.1569070816040039,101,-0.012890625
0.15804219245910645,102,-0.20625
0.15915417671203613,103,-0.21914062499999998
0.16033506393432617,104,-0.167578125
0.16146302223205566,105,-0.30937499999999996
0.1626591682434082,106,-0.37382812499999996
0.1641390323638916,107,-0.23203125
0.1656811237335205,108,0.0
0.16728615760803223,109,-0.0515625
0.1688861846923828,110,-0.23203125
0.17037606239318848,111,-0.2578125
0.1720280647277832,112,-1.173046875
0.17416119575500488,113,-0.07734374999999999
0.1762690544128418,114,-0.24492187499999998
0.17773818969726562,115,-0.167578125
0.17973017692565918,116,-0.37382812499999996
0.18192815780639648,117,-0.20625
0.1833641529083252,118,-0.012890625
0.18456721305847168,119,-0.116015625
0.18572020530700684,120,-0.30937499999999996
0.186859130859375,121,-0.515625
0.1880512237548828,122,-1.224609375
0.18918108940124512,123,-1.134375
0.19040513038635254,124,-0.103125
0.19153404235839844,125,-0.15468749999999998
0.19274210929870605,126,-0.193359375
0.19415807723999023,127,-0.116015625
0.1956770420074463,128,-0.2578125
0.19735002517700195,129,-0.103125
0.19897222518920898,130,0.0
0.20050716400146484,131,-0.02578125
0.20194315910339355,132,-0.20625
0.2037050724029541,133,-0.20625
0.20629620552062988,134,-0.9796874999999999
0.20784807205200195,135,-0.12890625
0.20930814743041992,136,0.0
0.2112751007080078,137,-0.116015625
0.21318316459655762,138,-0.193359375
0.2145380973815918,139,0.2578125
0.21575021743774414,140,-0.012890625
0.2169051170349121,141,-0.07734374999999999
0.21803712844848633,142,-0.20625
0.21917009353637695,143,-0.270703125
0.2204132080078125,144,-0.64453125
0.2215721607208252,145,-1.340625
0.2227640151977539,146,-0.09023437499999999
0.22415614128112793,147,-0.07734374999999999
0.22560405731201172,148,-0.28359375
0.22723722457885742,149,-0.20625
0.22885513305664062,150,-0.15468749999999998
0.2304520606994629,151,-0.012890625
0.23197102546691895,152,0.0
0.23375916481018066,153,-0.02578125
0.23628616333007812,154,-0.116015625
0.2378830909729004,155,-0.515625
0.2393200397491455,156,-1.546875
0.24111604690551758,157,-0.07734374999999999
0.24292707443237305,158,-0.09023437499999999
0.24437808990478516,159,-0.15468749999999998
0.24560308456420898,160,-0.399609375
0.24674320220947266,161,-0.2578125
0.24789905548095703,162,0.0
0.24901700019836426,163,0.0
0.25014615058898926,164,-0.064453125
0.2512650489807129,165,-0.20625
0.2523951530456543,166,-0.348046875
0.2536180019378662,167,-0.515625
0.2552192211151123,168,-1.276171875
0.25667309761047363,169,-0.167578125
0.2581779956817627,170,-0.09023437499999999
0.25986218452453613,171,-0.09023437499999999
0.261383056640625,172,-0.12890625
0.2628340721130371,173,-0.36093749999999997
0.26441407203674316,174,-0.103125
0.2669191360473633,175,-0.012890625
0.2687242031097412,176,-0.0515625
0.27014803886413574,177,-0.12890625
0.271989107131958,178,-1.03125
0.2738511562347412,179,-0.02578125
0.2752392292022705,180,-0.23203125
0.2764871120452881,181,-0.2578125
0.2777080535888672,182,-0.167578125
0.2788870334625244,183,-0.43828124999999996
0.28008222579956055,184,-0.322265625
0.2812380790710449,185,0.012890625
0.28235316276550293,186,0.0
0.2836010456085205,187,-0.0515625
0.28508806228637695,188,-0.193359375
0.28659510612487793,189,-0.29648437499999997
0.2881491184234619,190,-0.966796875
0.28963518142700195,191,-1.65
0.2912120819091797,192,-0.02578125
0.29277801513671875,193,-0.02578125
0.2955191135406494,194,-0.20625
0.29716920852661133,195,-0.167578125
0.2985541820526123,196,0.012890625
0.30045604705810547,197,0.0
0.30240917205810547,198,-0.12890625
0.30382609367370605,199,-0.270703125
0.305023193359375,200,-1.21171875
0.3061690330505371,201,-0.0515625
0.30730700492858887,202,-0.0515625
0.308488130569458,203,-0.29648437499999997
0.30962610244750977,204,-0.193359375
0.3108351230621338,205,-0.167578125
0.312000036239624,206,-0.37382812499999996
0.3131279945373535,207,-0.348046875
0.31430721282958984,208,0.0
0.3160130977630615,209,0.0
0.31792306900024414,210,-0.0515625
0.31989121437072754,211,-0.20625
0.32161617279052734,212,-0.708984375
0.32323718070983887,213,-1.65
0.32492518424987793,214,-0.103125
0.3275949954986572,215,-0.15468749999999998
0.32915616035461426,216,-0.36093749999999997
0.3309330940246582,217,-0.012890625
0.3332240581512451,218,0.012890625
0.334780216217041,219,-0.0515625
0.3360121250152588,220,-0.23203125
0.33716917037963867,221,-0.6703125
0.3383021354675293,222,-1.340625
0.3394482135772705,223,-0.23203125
0.34142518043518066,224,-0.0515625
0.34264516830444336,225,-0.103125
0.3437960147857666,226,-0.15468749999999998
0.34500622749328613,227,-0.322265625
0.346419095993042,228,-0.36093749999999997
0.347912073135376,229,-0.09023437499999999
0.3495512008666992,230,-0.012890625
0.3515810966491699,231,-0.02578125
0.3529980182647705,232,-0.20625
0.35477519035339355,233,-0.8121093749999999
0.3572812080383301,234,-1.546875
0.35871100425720215,235,-0.167578125
0.36075305938720703,236,-0.21914062499999998
0.362591028213501,237,-0.37382812499999996
0.36391115188598633,238,0.0515625
0.36517810821533203,239,-0.02578125
0.3663511276245117,240,-0.012890625
0.36748409271240234,241,-0.038671874999999994
0.36861705780029297,242,-0.33515625
0.36973118782043457,243,-0.270703125
0.37093615531921387,244,-0.966796875
0.37214112281799316,245,-1.5984375
0.3732571601867676,246,0.0
0.3743751049041748,247,-0.09023437499999999
0.37581801414489746,248,-0.0515625
0.37732505798339844,249,-0.23203125
0.3787860870361328,250,-0.37382812499999996
0.3806490898132324,251,-0.21914062499999998
0.38219213485717773,252,0.0
0.38359808921813965,253,-0.0515625
0.38534116744995117,254,-0.15468749999999998
0.38806605339050293,255,-0.2578125
0.38965511322021484,256,-1.456640625
0.391618013381958,257,-0.064453125
0.39345407485961914,258,-0.09023437499999999
0.39475417137145996,259,-0.12890625
0.39600110054016113,260,-0.23203125
0.3971881866455078,261,-0.15468749999999998
0.39835309982299805,262,0.012890625
0.3994710445404053,263,0.0
0.4006001949310303,264,-0.038671874999999994
0.4017210006713867,265,-0.30937499999999996
0.40284109115600586,266,-0.24492187499999998
0.40400099754333496,267,-0.8507812499999999
0.40514612197875977,268,-1.482421875
0.40639615058898926,269,0.012890625
0.4078240394592285,270,-0.02578125
0.40932321548461914,271,-0.15468749999999998
0.41078901290893555,272,-0.103125
0.41246700286865234,273,-0.2578125
0.41384100914001465,274,-0.02578125
0.41519904136657715,275,0.012890625
0.4169611930847168,276,-0.012890625
0.4193990230560303,277,-0.09023437499999999
0.42099714279174805,278,-0.38671875
0.4228851795196533,279,-1.41796875
0.424835205078125,280,-0.0515625
0.42612600326538086,281,-0.12890625
0.427321195602417,282,-0.15468749999999998
0.4285461902618408,283,-0.2578125
0.4296882152557373,284,-0.24492187499999998
0.430955171585083,285,-0.064453125
0.43210411071777344,286,-0.012890625
0.433225154876709,287,-0.012890625
0.4343380928039551,288,-0.12890625
0.43546414375305176,289,-0.33515625
0.4367091655731201,290,-0.399609375
0.43817901611328125,291,-1.147265625
0.43969202041625977,292,-1.3148437499999999
0.441364049911499,293,-0.09023437499999999
0.4428400993347168,294,-0.064453125
0.4444432258605957,295,-0.193359375
0.44602203369140625,296,-0.30937499999999996
0.44857120513916016,297,-0.09023437499999999
0.4501941204071045,298,0.0
0.4519309997558594,299,-0.141796875
0.4542222023010254,300,-0.2578125
0.4556300640106201,301,-1.3019531249999998
0.45682501792907715,302,-0.012890625
0.4579660892486572,303,-0.18046874999999998
0.45914721488952637,304,-0.09023437499999999
0.4604010581970215,305,-0.20625
0.46157407760620117,306,-0.322265625
0.46270322799682617,307,-0.37382812499999996
0.4638230800628662,308,-0.2578125
0.4649322032928467,309,0.012890625
0.46604013442993164,310,0.0
0.4672541618347168,311,-0.02578125
0.4687211513519287,312,-0.24492187499999998
0.47026920318603516,313,-0.21914062499999998
0.4720301628112793,314,-1.095703125
0.4735381603240967,315,0.012890625
0.47492408752441406,316,-0.09023437499999999
0.47682809829711914,317,-0.20625
0.4795260429382324,318,-0.167578125
0.4811220169067383,319,0.2578125
0.4830360412597656,320,-0.012890625
0.48507118225097656,321,-0.012890625
0.4866170883178711,322,-0.141796875
0.4878380298614502,323,-0.837890625
0.48900318145751953,324,-1.611328125
0.4901552200317383,325,-0.012890625
0.4912891387939453,326,-0.116015625
0.492434024810791,327,-0.116015625
0.49358105659484863,328,-0.167578125
0.494704008102417,329,-0.07734374999999999
0.49581408500671387,330,-0.2578125
0.49692702293395996,331,-0.20625
0.4981250762939453,332,0.012890625
0.49953722953796387,333,0.0
0.5012071132659912,334,-0.02578125
0.5028212070465088,335,-0.23203125
0.5044372081756592,336,-0.580078125
0.5059370994567871,337,-1.5082031249999999
0.5074551105499268,338,-0.02578125
0.5102591514587402,339,-0.270703125
0.5118470191955566,340,-0.12890625
0.513524055480957,341,-0.09023437499999999
0.5155901908874512,342,0.0
0.5170371532440186,343,-0.012890625
0.5182461738586426,344,-0.21914062499999998
0.519428014755249,345,-0.28359375
0.520592212677002,346,-0.7863281249999999
0.5217201709747314,347,-1.4308593749999998
0.5228381156921387,348,-0.141796875
0.5239601135253906,349,-0.116015625
0.5251140594482422,350,-0.21914062499999998
0.5262432098388672,351,-0.2578125
0.5273580551147461,352,-0.12890625
0.5285651683807373,353,-0.270703125
0.53006911277771,354,-0.29648437499999997
0.5315470695495605,355,0.012890625
0.5331611633300781,356,0.0
0.5346980094909668,357,-0.02578125
0.5366411209106445,358,-0.103125
0.5384011268615723,359,-0.631640625
0.5410401821136475,360,-1.5082031249999999
0.5426371097564697,361,-0.02578125
0.5441930294036865,362,-0.116015625
0.5461971759796143,363,-0.322265625
0.5478670597076416,364,-0.012890625
0.5492000579833984,365,-0.02578125
0.5509610176086426,366,-0.0515625
0.5528490543365479,367,-0.20625
0.5540711879730225,368,-0.631640625
0.5552411079406738,369,-1.353515625
0.5563981533050537,370,-0.012890625
0.5575461387634277,371,-0.064453125
0.5587601661682129,372,-0.193359375
0.5606131553649902,373,-0.23203125
0.5621230602264404,374,-0.167578125
0.5638811588287354,375,-0.012890625
0.5654470920562744,376,0.0
0.5668501853942871,377,-0.0515625
0.5682270526885986,378,-0.15468749999999998
0.5705990791320801,379,-0.23203125
0.5726070404052734,380,-1.03125
0.5740242004394531,381,-0.09023437499999999
0.5758140087127686,382,-0.2578125
0.5777170658111572,383,-0.103125
0.5791771411895752,384,-0.193359375
0.5805461406707764,385,-0.0515625
0.5817050933837891,386,-0.012890625
0.5828371047973633,387,0.0
0.5839931964874268,388,-0.02578125
0.5853500366210938,389,-0.29648437499999997
0.5865070819854736,390,-0.21914062499999998
0.5876650810241699,391,-0.9796874999999999
0.5889151096343994,392,-1.5984375
0.5903661251068115,393,0.0
0.5918052196502686,394,-0.167578125
0.5933451652526855,395,-0.2578125
0.5948390960693359,396,-0.116015625
0.5963311195373535,397,-0.270703125
0.5978121757507324,398,0.0
0.5993020534515381,399,-0.012890625
0.6018691062927246,400,-0.0515625
0.6037251949310303,401,-0.23203125
0.6052432060241699,402,-1.0828125
0.6070811748504639,403,-0.064453125
0.6089210510253906,404,-0.09023437499999999
0.6102831363677979,405,-0.24492187499999998
0.6115241050720215,406,0.0
0.6126720905303955,407,-0.20625
0.6138319969177246,408,-0.12890625
0.6149580478668213,409,0.0
0.6160991191864014,410,-0.02578125
0.6172010898590088,411,-0.012890625
0.6182961463928223,412,-0.28359375
0.6194870471954346,413,-0.322265625
0.6209142208099365,414,-0.837890625
0.622420072555542,415,-1.52109375
0.6239352226257324,416,0.0
0.6254391670227051,417,-0.193359375
0.6268110275268555,418,-0.21914062499999998
0.6283950805664062,419,-0.07734374999999999
0.6303501129150391,420,-0.20625
0.6327931880950928,421,0.09023437499999999
0.6343472003936768,422,-0.0515625
0.6359670162200928,423,-0.21914062499999998
0.6383039951324463,424,-0.4640625
0.6398510932922363,425,-1.65
0.6410820484161377,426,-0.02578125
0.6422481536865234,427,-0.167578125
0.6433911323547363,428,-0.23203125
0.6445660591125488,429,-0.09023437499999999
0.6456880569458008,430,-0.33515625
0.6468000411987305,431,-0.28359375
0.6479430198669434,432,0.0
0.6490440368652344,433,-0.012890625
0.6502392292022705,434,-0.09023437499999999
0.6517031192779541,435,-0.20625
0.6532330513000488,436,-0.23203125
0.6548211574554443,437,-0.9410156249999999
0.6563282012939453,438,-1.65
0.6576712131500244,439,-0.0515625
0.6591141223907471,440,0.0
0.6612541675567627,441,-0.20625
