time,count,voltage
0.0042018890380859375,1,0.02578125
0.005506038665771484,2,-0.012890625
0.006680965423583984,3,-0.0515625
0.007819890975952148,4,-0.322265625
0.008942842483520508,5,-0.515625
0.01004791259765625,6,-0.9796874999999999
0.011165857315063477,7,-1.611328125
0.012437820434570312,8,0.0
0.0140228271484375,9,0.0
0.015486955642700195,10,-0.193359375
0.016960859298706055,11,-0.36093749999999997
0.01839590072631836,12,-0.37382812499999996
0.019731998443603516,13,-0.193359375
0.02091693878173828,14,0.012890625
0.022060871124267578,15,0.0
0.023190975189208984,16,-0.02578125
0.02440786361694336,17,-0.28359375
0.025538921356201172,18,-0.54140625
0.026648998260498047,19,-0.928125
0.027901887893676758,20,-1.5597656249999998
0.029347896575927734,21,0.0
0.030829906463623047,22,0.0
0.032379865646362305,23,-0.103125
0.034060001373291016,24,-0.631640625
0.03554892539978027,25,-0.20625
0.03700995445251465,26,0.0515625
0.038435935974121094,27,-0.012890625
0.04001498222351074,28,-0.02578125
0.04219388961791992,29,-0.29648437499999997
0.04471993446350098,30,-0.54140625
0.0462949275970459,31,0.0
0.047891855239868164,32,0.0
0.0497438907623291,33,-0.167578125
0.051342010498046875,34,-0.2578125
0.05296492576599121,35,-0.23203125
0.05494403839111328,36,0.0
0.056550025939941406,37,-0.012890625
0.0578618049621582,38,-0.29648437499999997
0.05904793739318848,39,-0.6187499999999999
0.060194969177246094,40,-1.044140625
0.061347007751464844,41,-1.65
0.06247401237487793,42,0.0
0.06362080574035645,43,-0.09023437499999999
0.06485486030578613,44,-0.167578125
0.06616997718811035,45,-0.36093749999999997
0.06765604019165039,46,-0.2578125
0.06910991668701172,47,-0.38671875
0.0707089900970459,48,0.012890625
0.07214593887329102,49,0.0
0.07355403900146484,50,-0.0515625
0.07496190071105957,51,-0.30937499999999996
0.07740497589111328,52,-0.54140625
0.07914400100708008,53,-1.5597656249999998
0.0805668830871582,54,0.0
0.0825040340423584,55,-0.09023437499999999
0.08428192138671875,56,-0.36093749999999997
0.08557701110839844,57,-0.2578125
0.0867769718170166,58,-0.012890625
0.08792686462402344,59,-0.012890625
0.08904194831848145,60,-0.02578125
0.09015297889709473,61,-0.02578125
0.0912618637084961,62,-0.37382812499999996
0.0923759937286377,63,-0.5285156249999999
0.09350991249084473,64,-1.03125
0.09463787078857422,65,-1.65
0.09582090377807617,66,0.0
0.09717082977294922,67,-0.02578125
0.09866189956665039,68,-0.12890625
0.10011601448059082,69,-0.4125
0.10170102119445801,70,-0.15468749999999998
0.1033468246459961,71,0.038671874999999994
0.1048898696899414,72,-0.012890625
0.10628795623779297,73,-0.02578125
0.1085200309753418,74,-0.193359375
0.11047482490539551,75,-0.515625
0.11194300651550293,76,-1.611328125
0.11355280876159668,77,0.0
0.11552691459655762,78,-0.064453125
0.11717700958251953,79,-0.43828124999999996
0.11847901344299316,80,-0.322265625
0.11969590187072754,81,-0.09023437499999999
0.12083888053894043,82,0.012890625
0.12195396423339844,83,0.0
0.1230628490447998,84,-0.012890625
0.12425994873046875,85,-0.23203125
0.12546396255493164,86,-0.580078125
0.12665295600891113,87,-0.825
0.12804484367370605,88,-1.533984375
0.12953782081604004,89,0.0
0.13102483749389648,90,-0.02578125
0.13261103630065918,91,-0.09023437499999999
0.13413381576538086,92,-0.4125
0.13558602333068848,93,-0.12890625
0.1370849609375,94,0.07734374999999999
0.1394658088684082,95,0.012890625
0.14142298698425293,96,-0.012890625
0.14287686347961426,97,-0.43828124999999996
0.14439988136291504,98,-1.147265625
0.14638185501098633,99,-0.0515625
0.14804387092590332,100,0.0
0.149338960647583,101,-0.23203125
0.15050888061523438,102,-0.322265625
0.15166282653808594,103,-0.24492187499999998
0.15283703804016113,104,-0.18046874999999998
0.15399980545043945,105,0.0
0.1551070213317871,106,-0.012890625
0.15627098083496094,107,-0.012890625
0.1575009822845459,108,-0.103125
0.15888190269470215,109,-0.502734375
0.16034293174743652,110,-0.79921875
0.1617739200592041,111,-1.65
0.16332602500915527,112,0.0
0.16482901573181152,113,-0.116015625
0.16626381874084473,114,-0.2578125
0.16768503189086914,115,-0.21914062499999998
0.16914081573486328,116,-0.33515625
0.1716628074645996,117,-0.0515625
0.173447847366333,118,0.0
0.17485785484313965,119,-0.24492187499999998
0.1764819622039795,120,-0.502734375
0.17847180366516113,121,-1.224609375
0.17997097969055176,122,0.0
0.1812119483947754,123,-0.0515625
0.18237996101379395,124,-0.20625
0.1835470199584961,125,-0.2578125
0.18466782569885254,126,-0.37382812499999996
0.1857929229736328,127,-0.322265625
0.18692493438720703,128,-0.0515625
0.18810582160949707,129,0.012890625
0.1894979476928711,130,0.0
0.1909639835357666,131,-0.064453125
0.19241094589233398,132,-0.451171875
0.19403982162475586,133,-0.8765624999999999
0.19544100761413574,134,-1.65
0.1968698501586914,135,0.0
0.19862985610961914,136,-0.103125
0.20105981826782227,137,-0.37382812499999996
0.20260882377624512,138,-0.09023437499999999
0.20437884330749512,139,0.29648437499999997
0.20636296272277832,140,0.0
0.20792794227600098,141,-0.064453125
0.209197998046875,142,-0.476953125
0.21034884452819824,143,-1.044140625
0.21148300170898438,144,-1.65
0.21260881423950195,145,0.0
0.21380281448364258,146,-0.012890625
0.21494698524475098,147,-0.103125
0.21605896949768066,148,-0.399609375
0.2171800136566162,149,-0.322265625
0.21835684776306152,150,-0.23203125
0.21976590156555176,151,-0.18046874999999998
0.22128987312316895,152,0.0
0.22273898124694824,153,0.0
0.22434282302856445,154,-0.0515625
0.22577500343322754,155,-0.4640625
0.22713303565979004,156,-0.95390625
0.22862601280212402,157,-1.65
0.2310798168182373,158,0.0
0.2326829433441162,159,-0.02578125
0.23426580429077148,160,-0.322265625
0.23618388175964355,161,-0.24492187499999998
0.23802995681762695,162,0.21914062499999998
0.23940491676330566,163,0.0
0.24059796333312988,164,-0.02578125
0.2417588233947754,165,-0.42539062499999997
0.24289298057556152,166,-0.605859375
0.24404692649841309,167,-1.2890625
0.24517393112182617,168,-0.348046875
0.24630403518676758,169,0.0
0.2476789951324463,170,-0.02578125
0.24919986724853516,171,-0.116015625
0.2505979537963867,172,-0.28359375
0.2520418167114258,173,-0.2578125
0.25359082221984863,174,-0.02578125
0.2550950050354004,175,0.012890625
0.2566838264465332,176,0.0
0.2580578327178955,177,-0.23203125
0.2594280242919922,178,-0.515625
0.260922908782959,179,-1.134375
0.26353883743286133,180,-1.0828125
0.2652568817138672,181,0.012890625
0.26677894592285156,182,-0.322265625
0.268887996673584,183,-0.167578125
0.2705368995666504,184,0.193359375
0.2717750072479248,185,0.012890625
0.2729308605194092,186,-0.012890625
0.27409982681274414,187,-0.15468749999999998
0.2752509117126465,188,-0.476953125
0.2763698101043701,189,-0.6832031249999999
0.277493953704834,190,-1.405078125
0.2786109447479248,191,-0.02578125
0.2797989845275879,192,0.0
0.28118395805358887,193,-0.02578125
0.2826268672943115,194,-0.270703125
0.2843048572540283,195,-0.2578125
0.2859790325164795,196,-0.141796875
0.2874720096588135,197,0.24492187499999998
0.28894996643066406,198,0.0
0.29123401641845703,199,-0.02578125
0.29331183433532715,200,-0.4125
0.29480791091918945,201,-1.26328125
0.29651904106140137,202,0.0
0.29849791526794434,203,0.0
0.29986095428466797,204,-0.30937499999999996
0.3010828495025635,205,-0.193359375
0.3022439479827881,206,-0.2578125
0.30345702171325684,207,-0.0515625
0.30460596084594727,208,0.012890625
0.30573081970214844,209,-0.012890625
0.3068428039550781,210,-0.02578125
0.30794787406921387,211,-0.399609375
0.309053897857666,212,-0.605859375
0.31023097038269043,213,-1.044140625
0.31162595748901367,214,-1.65
0.31307196617126465,215,0.0
0.31473493576049805,216,-0.02578125
0.31635594367980957,217,-0.20625
0.31782984733581543,218,-0.2578125
0.31926393508911133,219,-0.29648437499999997
0.32150793075561523,220,0.09023437499999999
0.32369089126586914,221,0.0
0.3251378536224365,222,-0.270703125
0.3269538879394531,223,-0.5285156249999999
0.328873872756958,224,-1.4437499999999999
0.3301689624786377,225,0.012890625
0.33188390731811523,226,-0.116015625
0.3331108093261719,227,-0.4125
0.3343508243560791,228,-0.28359375
0.33548784255981445,229,-0.33515625
0.3366110324859619,230,-0.12890625
0.3377230167388916,231,0.0
0.3388199806213379,232,0.012890625
0.33992695808410645,233,-0.02578125
0.34113097190856934,234,-0.28359375
0.3425259590148926,235,-0.515625
0.3440220355987549,236,-1.044140625
0.34557485580444336,237,-1.65
0.3471519947052002,238,0.0
0.3485708236694336,239,-0.23203125
0.34996581077575684,240,-0.322265625
0.35231685638427734,241,-0.167578125
0.3542969226837158,242,0.15468749999999998
0.3558318614959717,243,0.0
0.3579068183898926,244,-0.0515625
0.35947394371032715,245,-0.4125
0.3606748580932617,246,-1.095703125
0.36182188987731934,247,-1.65
0.36294102668762207,248,0.0
0.36408185958862305,249,0.0
0.36519789695739746,250,-0.0515625
0.36632394790649414,251,-0.502734375
0.3674509525299072,252,-0.15468749999999998
0.3685648441314697,253,-0.37382812499999996
0.36966896057128906,254,-0.21914062499999998
0.3707749843597412,255,-0.012890625
0.37195682525634766,256,0.0
0.3734018802642822,257,-0.02578125
0.3748819828033447,258,-0.2578125
0.37639689445495605,259,-0.54140625
0.3777759075164795,260,-1.2503906249999999
0.3790879249572754,261,0.0
0.38039398193359375,262,0.0
0.38267993927001953,263,-0.07734374999999999
0.3847010135650635,264,-0.4125
0.38622498512268066,265,-0.30937499999999996
0.3883059024810791,266,0.012890625
0.38991785049438477,267,0.0
0.3911418914794922,268,-0.21914062499999998
0.39229297637939453,269,-0.54140625
0.3934359550476074,270,-0.9410156249999999
0.3945648670196533,271,-1.5726562499999999
0.39568400382995605,272,0.0
0.3968029022216797,273,-0.012890625
0.3979220390319824,274,-0.0515625
0.39902591705322266,275,-0.2578125
0.4001319408416748,276,-0.515625
0.40123701095581055,277,-0.2578125
0.40241289138793945,278,-0.30937499999999996
0.40384483337402344,279,-0.064453125
0.40532684326171875,280,-0.012890625
0.40688300132751465,281,-0.02578125
0.4084348678588867,282,-0.270703125
0.40984201431274414,283,-0.554296875
0.4112818241119385,284,-1.327734375
0.4136028289794922,285,0.0
0.4155919551849365,286,0.0
0.4170520305633545,287,-0.399609375
0.41867899894714355,288,-0.4125
0.420684814453125,289,-0.20625
0.4221768379211426,290,0.012890625
0.42348790168762207,291,-0.0515625
0.42466282844543457,292,-0.29648437499999997
0.42580199241638184,293,-0.54140625
0.4269130229949951,294,-1.0570312499999999
0.42803096771240234,295,-1.65
0.4291658401489258,296,0.0
0.43027186393737793,297,0.0
0.4313669204711914,298,-0.167578125
0.4325709342956543,299,-0.29648437499999997
0.4340519905090332,300,-0.21914062499999998
0.43552589416503906,301,-0.167578125
0.43707895278930664,302,0.07734374999999999
0.43866896629333496,303,0.0
0.44014787673950195,304,-0.012890625
0.4415919780731201,305,-0.29648437499999997
0.44335293769836426,306,-0.515625
0.44578099250793457,307,-1.224609375
0.44738197326660156,308,0.0
0.4487788677215576,309,-0.103125
0.4505949020385742,310,-0.515625
0.45243191719055176,311,-0.399609375
0.45387887954711914,312,0.15468749999999998
0.4551079273223877,313,-0.012890625
0.45624780654907227,314,-0.012890625
0.4573838710784912,315,-0.15468749999999998
0.45850086212158203,316,-0.515625
0.45960497856140137,317,-0.64453125
0.46071600914001465,318,-1.353515625
0.46182703971862793,319,-0.12890625
0.4630098342895508,320,0.0
0.464418888092041,321,0.0
0.4658620357513428,322,-0.09023437499999999
0.4673879146575928,323,-0.54140625
0.46892690658569336,324,-0.270703125
0.47040581703186035,325,0.07734374999999999
0.4719219207763672,326,0.0
0.47361302375793457,327,-0.012890625
0.47604799270629883,328,-0.270703125
0.47766900062561035,329,-0.7863281249999999
0.47905588150024414,330,0.0
0.4808638095855713,331,-0.02578125
0.4827108383178711,332,-0.12890625
0.4841129779815674,333,-0.399609375
0.4853019714355469,334,-0.36093749999999997
0.4864518642425537,335,-0.167578125
0.4875788688659668,336,0.012890625
0.48868894577026367,337,0.0
0.48979687690734863,338,-0.038671874999999994
0.49090003967285156,339,-0.20625
0.4920058250427246,340,-0.554296875
0.49318599700927734,341,-0.7863281249999999
0.49468088150024414,342,-1.46953125
0.4961578845977783,343,0.0
0.49770689010620117,344,-0.064453125
0.4992489814758301,345,0.0
0.5007379055023193,346,-0.29648437499999997
0.5022149085998535,347,-0.193359375
0.5039210319519043,348,0.038671874999999994
0.5063369274139404,349,0.012890625
0.507936954498291,350,-0.0515625
0.5093369483947754,351,-0.43828124999999996
0.5112018585205078,352,-1.03125
0.5130398273468018,353,-0.038671874999999994
0.5144658088684082,354,0.0
0.5156488418579102,355,-0.167578125
0.5167930126190186,356,-0.30937499999999996
0.5179338455200195,357,-0.2578125
0.5190548896789551,358,-0.270703125
0.5201859474182129,359,-0.103125
0.521284818649292,360,0.012890625
0.5223789215087891,361,-0.012890625
0.5235629081726074,362,-0.012890625
0.5249588489532471,363,-0.37382812499999996
0.5264229774475098,364,-0.5285156249999999
0.5279488563537598,365,-1.2890625
0.5295109748840332,366,0.0
0.5309970378875732,367,0.0
0.5324478149414062,368,-0.15468749999999998
0.5342779159545898,369,-0.270703125
0.5367848873138428,370,-0.270703125
0.5384008884429932,371,0.0
0.5398030281066895,372,-0.012890625
0.5416660308837891,373,-0.167578125
0.5435128211975098,374,-0.476953125
0.5448949337005615,375,-1.405078125
0.5460739135742188,376,0.0
0.5472028255462646,377,0.0
0.5483188629150391,378,-0.0515625
0.5494399070739746,379,-0.43828124999999996
0.5505619049072266,380,-0.12890625
0.5516669750213623,381,-0.2578125
0.5527639389038086,382,-0.193359375
0.5539658069610596,383,0.0
0.5553648471832275,384,0.012890625
0.5568230152130127,385,-0.012890625
0.5583529472351074,386,-0.30937499999999996
0.5598490238189697,387,-0.5671875
0.561302900314331,388,-1.3019531249999998
0.5627589225769043,389,0.0
0.5641608238220215,390,0.0
0.5664370059967041,391,0.0
0.5684018135070801,392,-0.4640625
0.5699059963226318,393,-0.12890625
0.5715470314025879,394,0.012890625
0.5736038684844971,395,0.012890625
0.5750718116760254,396,-0.167578125
0.5762829780578613,397,-0.4640625
0.5774219036102295,398,-1.147265625
0.578549861907959,399,-1.65
0.5796608924865723,400,0.0
0.5807578563690186,401,-0.012890625
0.5818769931793213,402,-0.02578125
0.5829980373382568,403,-0.554296875
0.5842199325561523,404,-0.8507812499999999
0.5856359004974365,405,-0.6187499999999999
0.5870959758758545,406,-0.20625
0.5886659622192383,407,0.012890625
0.590256929397583,408,0.0
0.5919139385223389,409,-0.28359375
0.5934829711914062,410,-0.515625
0.595566987991333,411,-1.4308593749999998
0.5977950096130371,412,0.0
0.5992748737335205,413,-0.193359375
0.6012439727783203,414,-0.2578125
0.603367805480957,415,-0.0515625
0.6047790050506592,416,0.0
0.6059849262237549,417,-0.012890625
0.6071419715881348,418,-0.02578125
0.6082758903503418,419,-0.4125
0.6093878746032715,420,-0.54140625
0.6104989051818848,421,-1.147265625
0.6116008758544922,422,-1.65
0.6127059459686279,423,0.0
0.6138749122619629,424,0.0
0.6150720119476318,425,-0.12890625
0.6164870262145996,426,-0.43828124999999996
0.617966890335083,427,-0.20625
0.6195669174194336,428,-0.20625
0.6210849285125732,429,0.0
0.6225090026855469,430,0.0
0.6240279674530029,431,-0.02578125
0.6257510185241699,432,-0.4125
0.6280918121337891,433,-0.5929687499999999
0.6295859813690186,434,0.0
0.631181001663208,435,-0.012890625
0.6331720352172852,436,-0.103125
0.634678840637207,437,-0.193359375
0.6359188556671143,438,-0.167578125
0.6371090412139893,439,0.07734374999999999
0.6382718086242676,440,-0.012890625
0.6394009590148926,441,0.012890625
0.6405289173126221,442,-0.0515625
0.6416459083557129,443,-0.4640625
0.6427488327026367,444,-0.631640625
0.6439089775085449,445,-1.1859374999999999
0.6451399326324463,446,-1.65
0.646569013595581,447,0.0
0.6480288505554199,448,-0.02578125
0.6495299339294434,449,-0.2578125
0.6510930061340332,450,-0.36093749999999997
0.6526088714599609,451,-0.37382812499999996
0.6541299819946289,452,0.038671874999999994
