time,count,voltage
0.0055370330810546875,1,-0.15468749999999998
0.007215023040771484,2,-1.198828125
0.00864410400390625,3,0.0
0.010020017623901367,4,-0.103125
0.011384010314941406,5,-0.322265625
0.01275014877319336,6,-0.141796875
0.014101028442382812,7,-0.322265625
0.015447139739990234,8,-0.103125
0.01708507537841797,9,0.0
0.01883411407470703,10,-0.103125
0.020531177520751953,11,-0.37382812499999996
0.02232217788696289,12,-0.5671875
0.02390313148498535,13,-1.46953125
0.025562047958374023,14,0.0
0.027161121368408203,15,-0.09023437499999999
0.028609037399291992,16,-0.23203125
0.03000617027282715,17,-0.37382812499999996
0.031382083892822266,18,-0.322265625
0.03288698196411133,19,-0.012890625
0.034559011459350586,20,-0.064453125
0.03628802299499512,21,-0.20625
0.03797197341918945,22,-0.4125
0.03982210159301758,23,-0.9796874999999999
0.04154515266418457,24,-0.09023437499999999
0.04319596290588379,25,-0.18046874999999998
0.04484915733337402,26,-0.21914062499999998
0.0465240478515625,27,-0.103125
0.04832601547241211,28,-0.23203125
0.04996895790100098,29,-0.0515625
0.05285000801086426,30,-0.15468749999999998
0.05500197410583496,31,-0.348046875
0.05662202835083008,32,-1.0828125
0.05857515335083008,33,0.0
0.06078910827636719,34,-0.193359375
0.06272506713867188,35,-0.20625
0.06422710418701172,36,-0.29648437499999997
0.06563305854797363,37,-0.02578125
0.06708312034606934,38,-0.064453125
0.06846904754638672,39,-0.12890625
0.06984305381774902,40,-0.37382812499999996
0.07121014595031738,41,-0.33515625
0.07255816459655762,42,-0.9796874999999999
0.07391595840454102,43,-1.65
0.07525515556335449,44,-0.012890625
0.07659912109375,45,-0.07734374999999999
0.07814502716064453,46,-0.36093749999999997
0.07971501350402832,47,-0.116015625
0.08118200302124023,48,-0.20625
0.08284711837768555,49,0.038671874999999994
0.0845639705657959,50,-0.0515625
0.08625102043151855,51,-0.167578125
0.08824396133422852,52,-0.4125
0.09001016616821289,53,-1.044140625
0.09166216850280762,54,0.0
0.0933370590209961,55,-0.167578125
0.09594297409057617,56,-0.2578125
0.09843611717224121,57,-0.37382812499999996
0.1001441478729248,58,0.0
0.10196995735168457,59,-0.064453125
0.10423398017883301,60,-0.2578125
0.10619807243347168,61,-0.515625
0.10779213905334473,62,-1.65
0.10924696922302246,63,-0.103125
0.11072516441345215,64,-0.103125
0.11239004135131836,65,-0.20625
0.11409497261047363,66,-0.20625
0.11582303047180176,67,0.038671874999999994
0.11798310279846191,68,-0.012890625
0.11990594863891602,69,-0.0515625
0.12137317657470703,70,-0.23203125
0.12326908111572266,71,-0.95390625
0.12556815147399902,72,-1.65
0.12711095809936523,73,-0.23203125
0.12899398803710938,74,-0.2578125
0.13089299201965332,75,-0.29648437499999997
0.13220810890197754,76,0.15468749999999998
0.1333789825439453,77,0.012890625
0.1345071792602539,78,-0.02578125
0.13568401336669922,79,-0.116015625
0.13680815696716309,80,-0.33515625
0.13800406455993652,81,-0.43828124999999996
0.13913202285766602,82,-1.147265625
0.1403191089630127,83,-1.65
0.14172005653381348,84,-0.012890625
0.14317703247070312,85,-0.20625
0.14471697807312012,86,-0.270703125
0.14617609977722168,87,-0.038671874999999994
0.14778900146484375,88,-0.2578125
0.14940595626831055,89,0.02578125
0.1518571376800537,90,0.0
0.15367603302001953,91,-0.116015625
0.15517902374267578,92,-0.29648437499999997
0.157365083694458,93,-1.198828125
0.158966064453125,94,0.0
0.16019415855407715,95,-0.07734374999999999
0.16134905815124512,96,-0.322265625
0.16246509552001953,97,-0.103125
0.1635761260986328,98,-0.37382812499999996
0.16469216346740723,99,-0.29648437499999997
0.1658329963684082,100,0.0
0.16700410842895508,101,-0.012890625
0.1681351661682129,102,-0.0515625
0.16924214363098145,103,-0.2578125
0.17041301727294922,104,-0.4125
0.1717820167541504,105,-0.5671875
0.17324018478393555,106,-1.327734375
0.17480707168579102,107,0.0
0.17634296417236328,108,0.0
0.1778881549835205,109,-0.2578125
0.1793971061706543,110,-0.15468749999999998
0.18180608749389648,111,-0.33515625
0.18368816375732422,112,0.012890625
0.18522095680236816,113,-0.02578125
0.18738508224487305,114,-0.270703125
0.1889801025390625,115,-0.4640625
0.1901991367340088,116,-1.52109375
0.19134306907653809,117,0.0
0.19245696067810059,118,-0.167578125
0.19356012344360352,119,-0.09023437499999999
0.19466209411621094,120,-0.270703125
0.19576096534729004,121,-0.103125
0.19686603546142578,122,-0.4125
0.19804596900939941,123,-0.33515625
0.19918203353881836,124,0.0
0.20027804374694824,125,-0.012890625
0.20144009590148926,126,-0.02578125
0.20280098915100098,127,-0.167578125
0.204254150390625,128,-0.37382812499999996
0.20576810836791992,129,-0.837890625
0.20740795135498047,130,-1.5984375
0.20897603034973145,131,0.0
0.21048617362976074,132,-0.116015625
0.21288108825683594,133,-0.21914062499999998
0.21497797966003418,134,-0.167578125
0.21646809577941895,135,0.0
0.21848297119140625,136,-0.012890625
0.22016406059265137,137,-0.18046874999999998
0.22141408920288086,138,-0.28359375
0.22256803512573242,139,-1.0828125
0.2236950397491455,140,-1.65
0.22479605674743652,141,0.0
0.2258920669555664,142,-0.193359375
0.22706818580627441,143,-0.20625
0.22819018363952637,144,-0.23203125
0.22929811477661133,145,-0.07734374999999999
0.2304849624633789,146,-0.270703125
0.23169398307800293,147,-0.20625
0.23305296897888184,148,0.012890625
0.2344801425933838,149,-0.012890625
0.23601913452148438,150,-0.103125
0.23773503303527832,151,-0.33515625
0.23921418190002441,152,-0.8121093749999999
0.24062705039978027,153,-1.65
0.24260807037353516,154,0.0
0.24475598335266113,155,-0.103125
0.2462151050567627,156,-0.0515625
0.24817609786987305,157,-0.23203125
0.24996495246887207,158,0.0
0.25122594833374023,159,-0.012890625
0.25240206718444824,160,-0.15468749999999998
0.25354695320129395,161,-0.4125
0.25466418266296387,162,-0.4640625
0.25577211380004883,163,-1.1859374999999999
0.25693202018737793,164,-1.65
0.2580680847167969,165,0.0
0.2591731548309326,166,-0.167578125
0.2602851390838623,167,-0.15468749999999998
0.2613961696624756,168,-0.33515625
0.26255106925964355,169,-0.02578125
0.2639000415802002,170,-0.348046875
0.26534509658813477,171,-0.193359375
0.26682615280151367,172,0.0
0.26853203773498535,173,-0.0515625
0.27007198333740234,174,-0.30937499999999996
0.2715620994567871,175,-0.270703125
0.27401304244995117,176,-1.1214843749999999
0.27577996253967285,177,-0.064453125
0.2772390842437744,178,-0.103125
0.27928996086120605,179,-0.21914062499999998
0.28102803230285645,180,-0.167578125
0.2822849750518799,181,0.23203125
0.2834279537200928,182,0.0
0.2845470905303955,183,-0.0515625
0.28566908836364746,184,-0.103125
0.28677797317504883,185,-0.37382812499999996
0.28796815872192383,186,-0.4125
0.28908705711364746,187,-1.1214843749999999
0.2901949882507324,188,-1.65
0.2912871837615967,189,0.0
0.2923769950866699,190,-0.15468749999999998
0.2935349941253662,191,-0.064453125
0.2948911190032959,192,-0.2578125
0.29634714126586914,193,-0.064453125
0.29790496826171875,194,-0.20625
0.2995131015777588,195,0.07734374999999999
0.3009800910949707,196,0.0
0.30235815048217773,197,-0.012890625
0.30431318283081055,198,-0.30937499999999996
0.3064150810241699,199,-0.515625
0.30790209770202637,200,-0.20625
0.309520959854126,201,-0.103125
0.31151509284973145,202,-0.064453125
0.3130531311035156,203,-0.103125
0.314284086227417,204,-0.12890625
0.31543517112731934,205,0.038671874999999994
0.31656503677368164,206,0.012890625
0.3177039623260498,207,-0.012890625
0.3188180923461914,208,-0.103125
0.31992006301879883,209,-0.37382812499999996
0.32102513313293457,210,-0.2578125
0.3221161365509033,211,-0.9410156249999999
0.32321810722351074,212,-1.5597656249999998
0.3243880271911621,213,0.0
0.32572102546691895,214,-0.103125
0.32721805572509766,215,-0.02578125
0.32870912551879883,216,-0.20625
0.33030104637145996,217,-0.30937499999999996
0.33179306983947754,218,-0.116015625
0.3331420421600342,219,0.012890625
0.33484411239624023,220,-0.012890625
0.33728909492492676,221,-0.09023437499999999
0.33881497383117676,222,-0.399609375
0.3410530090332031,223,-1.405078125
0.34305596351623535,224,-0.103125
0.3444859981536865,225,-0.20625
0.34568095207214355,226,-0.12890625
0.3468160629272461,227,-0.4125
0.34803009033203125,228,-0.322265625
0.3491549491882324,229,-0.012890625
0.35025811195373535,230,-0.012890625
0.3513619899749756,231,-0.012890625
0.35246896743774414,232,-0.193359375
0.35356616973876953,233,-0.4125
0.3547701835632324,234,-0.515625
0.3561840057373047,235,-1.2374999999999998
0.3577461242675781,236,-0.33515625
0.3593130111694336,237,-0.07734374999999999
0.36084508895874023,238,-0.02578125
0.3621959686279297,239,-0.20625
0.3635289669036865,240,-0.23203125
0.3657569885253906,241,-0.21914062499999998
0.36783504486083984,242,0.0
0.36924195289611816,243,-0.038671874999999994
0.37087202072143555,244,-0.33515625
0.3728821277618408,245,-0.631640625
0.37433600425720215,246,-1.65
0.37553906440734863,247,-0.103125
0.3766810894012451,248,-0.0515625
0.377899169921875,249,-0.33515625
0.37901806831359863,250,-0.23203125
0.3801290988922119,251,-0.43828124999999996
0.38123416900634766,252,-0.399609375
0.38233518600463867,253,0.012890625
0.3834240436553955,254,0.012890625
0.3845090866088867,255,-0.07734374999999999
0.38568615913391113,256,-0.116015625
0.38714003562927246,257,-0.348046875
0.38860511779785156,258,-0.502734375
0.3901941776275635,259,-1.353515625
0.39168310165405273,260,0.0
0.3930549621582031,261,-0.167578125
0.39438915252685547,262,-0.2578125
0.396604061126709,263,-0.07734374999999999
0.3987581729888916,264,-0.18046874999999998
0.4001791477203369,265,0.0
0.40215396881103516,266,-0.103125
0.40386509895324707,267,-0.2578125
0.40514206886291504,268,-0.4640625
0.4063100814819336,269,-1.2890625
0.40753817558288574,270,-0.103125
0.40866804122924805,271,0.0
0.4097721576690674,272,-0.103125
0.4108750820159912,273,-0.322265625
0.41212916374206543,274,-0.15468749999999998
0.4133460521697998,275,-0.18046874999999998
0.4144589900970459,276,-0.20625
0.41565895080566406,277,-0.012890625
0.4170970916748047,278,-0.012890625
0.4185600280761719,279,-0.02578125
0.42018604278564453,280,-0.29648437499999997
0.4218411445617676,281,-0.21914062499999998
0.42334699630737305,282,-1.224609375
0.42478513717651367,283,0.0
0.42752814292907715,284,-0.167578125
0.42944908142089844,285,-0.37382812499999996
0.43089795112609863,286,-0.42539062499999997
0.4326601028442383,287,-0.0515625
0.434520959854126,288,0.012890625
0.43598318099975586,289,-0.02578125
0.43723106384277344,290,-0.322265625
0.438413143157959,291,-0.631640625
0.43953609466552734,292,-1.340625
0.4407010078430176,293,-0.0515625
0.4418020248413086,294,0.0
0.44289112091064453,295,0.0
0.4440271854400635,296,-0.2578125
0.44514918327331543,297,-0.2578125
0.446397066116333,298,-0.348046875
0.4478120803833008,299,-0.37382812499999996
0.4492490291595459,300,-0.0515625
0.4507579803466797,301,-0.012890625
0.452376127243042,302,0.0
0.4538090229034424,303,-0.30937499999999996
0.45521116256713867,304,-0.502734375
0.45743298530578613,305,-1.3019531249999998
0.45956897735595703,306,-0.038671874999999994
0.4610929489135742,307,-0.167578125
0.46274399757385254,308,-0.15468749999999998
0.46469998359680176,309,-0.4125
0.46622800827026367,310,0.103125
0.4675750732421875,311,-0.012890625
0.4688379764556885,312,-0.038671874999999994
0.4699981212615967,313,-0.30937499999999996
0.47112417221069336,314,-0.322265625
0.47227907180786133,315,-1.018359375
0.478518009185791,316,-1.611328125
0.4802541732788086,317,0.0
0.48193907737731934,318,0.09023437499999999
0.4835171699523926,319,0.012890625
0.485090970993042,320,-0.064453125
0.4872610569000244,321,-0.23203125
0.4896061420440674,322,-0.270703125
0.49108409881591797,323,-1.65
0.49280595779418945,324,-0.103125
0.49483299255371094,325,-0.18046874999999998
0.49637508392333984,326,-0.103125
0.4976620674133301,327,-0.141796875
0.4988579750061035,328,0.0515625
0.500014066696167,329,0.0
0.5011270046234131,330,-0.02578125
0.5023040771484375,331,-0.12890625
0.5034639835357666,332,-0.37382812499999996
0.5045781135559082,333,-0.399609375
0.5056741237640381,334,-1.10859375
0.5068540573120117,335,-1.65
0.5083880424499512,336,0.0
0.5098769664764404,337,-0.193359375
0.5114340782165527,338,-0.37382812499999996
0.5129790306091309,339,-0.07734374999999999
0.5144131183624268,340,-0.20625
0.5158271789550781,341,0.07734374999999999
0.5177431106567383,342,-0.012890625
0.5203299522399902,343,-0.012890625
0.5219240188598633,344,-0.12890625
0.5233750343322754,345,-1.198828125
0.5279669761657715,346,-0.07734374999999999
0.5294110774993896,347,-0.116015625
0.5307340621948242,348,-0.2578125
0.5321760177612305,349,-0.141796875
0.5336050987243652,350,0.012890625
0.5348629951477051,351,-0.012890625
0.5375080108642578,352,-0.20625
0.539060115814209,353,-0.37382812499999996
0.5406031608581543,354,-1.4953124999999998
0.5423171520233154,355,0.0
0.543748140335083,356,-0.02578125
0.5452079772949219,357,-0.270703125
0.5471019744873047,358,-0.33515625
0.5498390197753906,359,-0.270703125
0.5513839721679688,360,-0.012890625
0.5529460906982422,361,-0.116015625
0.5548851490020752,362,-0.29648437499999997
0.5565171241760254,363,-0.992578125
0.557913064956665,364,-0.193359375
0.559096097946167,365,-0.0515625
0.5602240562438965,366,-0.116015625
0.5613281726837158,367,-0.2578125
0.5624260902404785,368,-0.12890625
0.5635461807250977,369,-0.38671875
0.564661979675293,370,-0.33515625
0.5658559799194336,371,-0.012890625
0.5670990943908691,372,-0.012890625
0.5686089992523193,373,-0.0515625
0.5700621604919434,374,-0.28359375
0.5717129707336426,375,-0.23203125
0.5732591152191162,376,-1.1214843749999999
0.5747511386871338,377,-0.02578125
0.5761330127716064,378,-0.116015625
0.5786340236663818,379,-0.21914062499999998
0.5805330276489258,380,-0.103125
0.5821599960327148,381,0.20625
0.584252119064331,382,-0.012890625
0.5857160091400146,383,-0.02578125
0.5869960784912109,384,-0.29648437499999997
0.5881950855255127,385,-0.38671875
0.5894031524658203,386,-1.198828125
0.5905420780181885,387,-0.8765624999999999
0.5916571617126465,388,0.0
0.5927519798278809,389,-0.20625
0.5938510894775391,390,-0.15468749999999998
0.5949630737304688,391,-0.103125
0.5960750579833984,392,-0.23203125
0.5972940921783447,393,-0.36093749999999997
0.5987460613250732,394,-0.18046874999999998
0.6002051830291748,395,0.012890625
0.6017770767211914,396,-0.038671874999999994
0.6034281253814697,397,-0.2578125
0.6050310134887695,398,-0.2578125
0.6067070960998535,399,-1.147265625
0.6086900234222412,400,0.0
0.6110589504241943,401,-0.02578125
0.612727165222168,402,-0.12890625
0.6143059730529785,403,-0.322265625
0.6163229942321777,404,-0.02578125
0.6179361343383789,405,-0.012890625
0.6192100048065186,406,-0.103125
0.6204910278320312,407,-0.33515625
0.6216750144958496,408,-0.631640625
0.62282395362854,409,-1.2890625
0.6239330768585205,410,0.0
0.625028133392334,411,-0.038671874999999994
0.626129150390625,412,-0.2578125
0.6273500919342041,413,-0.12890625
0.6288590431213379,414,-0.116015625
0.630385160446167,415,-0.20625
0.6319661140441895,416,-0.064453125
0.633526086807251,417,0.0
0.6349420547485352,418,-0.0515625
0.6367690563201904,419,-0.20625
0.6390960216522217,420,-0.21914062499999998
0.6412441730499268,421,-1.2374999999999998
0.6427299976348877,422,-0.012890625
0.6445090770721436,423,-0.20625
0.6466901302337646,424,-0.103125
0.6482741832733154,425,-0.12890625
0.6494810581207275,426,0.0
0.6506071090698242,427,0.0
0.6517319679260254,428,-0.0515625
0.6528830528259277,429,-0.29648437499999997
0.6540100574493408,430,-0.29648437499999997
0.6551229953765869,431,-0.825
0.6562161445617676,432,-1.4308593749999998
0.6574680805206299,433,0.0
0.658898115158081,434,-0.012890625
0.6604039669036865,435,-0.15468749999999998
0.6620121002197266,436,-0.07734374999999999
0.6636641025543213,437,-0.348046875
0.6651861667633057,438,-0.09023437499999999
0.6665341854095459,439,0.0
0.6691210269927979,440,-0.02578125
0.6709761619567871,441,-0.20625
0.6724400520324707,442,-0.7476562499999999
0.6744680404663086,443,-1.546875
0.6764850616455078,444,0.0
0.6778280735015869,445,-0.348046875
0.6790010929107666,446,-0.103125
0.6801340579986572,447,-0.4125
0.6812529563903809,448,-0.322265625
0.682358980178833,449,0.0
0.683480978012085,450,0.0
0.6845829486846924,451,-0.02578125
0.6857240200042725,452,-0.167578125
0.6868441104888916,453,-0.399609375
0.688115119934082,454,-0.476953125
0.6895251274108887,455,-1.2503906249999999
0.6909911632537842,456,-0.012890625
0.6926150321960449,457,-0.064453125
0.6943020820617676,458,-0.07734374999999999
0.6957969665527344,459,-0.064453125
0.6972999572753906,460,-0.37382812499999996
0.6994271278381348,461,-0.116015625
0.7017860412597656,462,0.0
0.7032680511474609,463,-0.167578125
0.7048439979553223,464,-0.21914062499999998
0.7068400382995605,465,-0.9796874999999999
0.7085380554199219,466,0.0
0.7098531723022461,467,-0.07734374999999999
0.7110090255737305,468,-0.30937499999999996
0.7121350765228271,469,-0.20625
0.7132601737976074,470,-0.451171875
0.7143630981445312,471,-0.399609375
0.7155239582061768,472,-0.02578125
0.7166421413421631,473,-0.012890625
0.7180321216583252,474,-0.02578125
0.7193210124969482,475,-0.12890625
0.7207751274108887,476,-0.348046875
0.7222170829772949,477,-0.7476562499999999
0.7238221168518066,478,-1.52109375
0.7254390716552734,479,0.0
0.7269670963287354,480,-0.20625
0.7285950183868408,481,-0.28359375
0.7308180332183838,482,-0.37382812499999996
0.7329881191253662,483,-0.09023437499999999
0.7346069812774658,484,0.0
0.7362849712371826,485,-0.103125
0.738306999206543,486,-0.270703125
0.7398130893707275,487,-1.03125
0.7410500049591064,488,0.0
0.742232084274292,489,-0.103125
0.74338698387146,490,-0.103125
0.7445130348205566,491,-0.23203125
0.7456259727478027,492,-0.02578125
0.7467250823974609,493,-0.38671875
0.7479629516601562,494,-0.33515625
0.7491800785064697,495,0.0
0.7506260871887207,496,0.0
0.7520740032196045,497,-0.012890625
0.7536180019378662,498,-0.30937499999999996
0.7551331520080566,499,-0.322265625
0.7566921710968018,500,-1.2503906249999999
0.7583510875701904,501,-0.0515625
0.760322093963623,502,-0.15468749999999998
0.762667179107666,503,-0.30937499999999996
0.76438307762146,504,-0.038671874999999994
0.7660291194915771,505,0.24492187499999998
0.7680630683898926,506,0.0
0.769585132598877,507,-0.116015625
0.7708330154418945,508,-0.28359375
0.772089958190918,509,-0.8507812499999999
0.7732701301574707,510,-1.533984375
0.7744240760803223,511,-0.012890625
0.7755379676818848,512,-0.09023437499999999
0.7766790390014648,513,0.0
0.7778069972991943,514,-0.28359375
0.7789030075073242,515,-0.02578125
0.7801079750061035,516,-0.4125
0.7816519737243652,517,-0.36093749999999997
0.7831721305847168,518,0.0
0.7847151756286621,519,-0.012890625
0.786262035369873,520,-0.15468749999999998
0.7878451347351074,521,-0.348046875
0.7895150184631348,522,-0.928125
0.7915749549865723,523,-1.6371093749999999
0.7939920425415039,524,-0.116015625
0.795598030090332,525,-0.20625
0.797307014465332,526,-0.20625
0.7993841171264648,527,-0.064453125
0.800908088684082,528,-0.012890625
0.8021650314331055,529,-0.0515625
0.8033170700073242,530,-0.30937499999999996
0.8045401573181152,531,-0.37382812499999996
0.8057050704956055,532,-1.0828125
0.806861162185669,533,-1.65
0.8080530166625977,534,0.0
0.8091781139373779,535,-0.23203125
0.8103821277618408,536,-0.20625
0.8117959499359131,537,-0.23203125
0.8132650852203369,538,-0.322265625
0.8149020671844482,539,-0.23203125
0.816439151763916,540,0.0
0.8179240226745605,541,-0.0515625
0.8196301460266113,542,-0.103125
0.821815013885498,543,-0.28359375
0.8241939544677734,544,-0.95390625
0.8256900310516357,545,-0.038671874999999994
0.8273830413818359,546,-0.0515625
0.8295891284942627,547,-0.20625
0.831171989440918,548,-0.193359375
0.8324170112609863,549,0.038671874999999994
0.8335540294647217,550,-0.012890625
0.8346741199493408,551,-0.0515625
0.8357901573181152,552,-0.20625
0.837022066116333,553,-0.36093749999999997
0.8381741046905518,554,-0.515625
0.8392901420593262,555,-1.2503906249999999
0.8405361175537109,556,-1.198828125
0.8419561386108398,557,0.012890625
0.8434500694274902,558,-0.12890625
0.8454079627990723,559,-0.399609375
0.84706711769104,560,-0.33515625
0.848567008972168,561,-0.07734374999999999
0.8500349521636963,562,0.012890625
0.8521859645843506,563,-0.02578125
0.8545780181884766,564,-0.20625
0.8561220169067383,565,-0.7734375
0.8578400611877441,566,-1.4308593749999998
0.8599410057067871,567,-0.0515625
0.861454963684082,568,-0.193359375
0.8626680374145508,569,0.0
0.8638031482696533,570,-0.2578125
0.8649580478668213,571,-0.15468749999999998
0.8660900592803955,572,0.0
0.8672101497650146,573,0.0
0.8683781623840332,574,-0.02578125
0.8695180416107178,575,-0.30937499999999996
0.8707361221313477,576,-0.36093749999999997
0.8721990585327148,577,-0.8507812499999999
0.8736660480499268,578,-1.5597656249999998
0.8752081394195557,579,0.012890625
0.8768110275268555,580,-0.23203125
0.8783359527587891,581,-0.29648437499999997
0.8797950744628906,582,0.0
0.8824100494384766,583,-0.116015625
0.8840270042419434,584,0.0
0.8854701519012451,585,-0.012890625
0.8874180316925049,586,-0.28359375
0.889397144317627,587,-0.5285156249999999
0.8907721042633057,588,-1.65
0.8920309543609619,589,0.0
0.8931829929351807,590,-0.12890625
0.8943600654602051,591,-0.30937499999999996
0.895488977432251,592,-0.103125
0.8966109752655029,593,-0.42539062499999997
0.897752046585083,594,-0.399609375
0.8988621234893799,595,0.0
0.8999991416931152,596,0.0
0.9011871814727783,597,-0.064453125
0.9026329517364502,598,-0.12890625
0.9041481018066406,599,-0.30937499999999996
0.9057281017303467,600,-0.7863281249999999
0.9073240756988525,601,-1.546875
0.9089751243591309,602,-0.02578125
0.9104340076446533,603,-0.07734374999999999
0.9128329753875732,604,-0.2578125
0.9147381782531738,605,-0.09023437499999999
0.9163341522216797,606,0.012890625
0.9184880256652832,607,0.0
0.920147180557251,608,-0.20625
0.9214329719543457,609,-0.2578125
0.9225921630859375,610,-1.0828125
0.923720121383667,611,-1.65
0.9248940944671631,612,0.0
0.9260110855102539,613,-0.20625
0.9271531105041504,614,-0.29648437499999997
0.9282779693603516,615,-0.30937499999999996
0.9293911457061768,616,-0.2578125
0.9304909706115723,617,-0.33515625
0.9316949844360352,618,-0.167578125
0.9331240653991699,619,0.012890625
0.9346401691436768,620,-0.012890625
0.9362301826477051,621,-0.116015625
0.9378149509429932,622,-0.20625
0.9392850399017334,623,-0.8507812499999999
0.9409329891204834,624,-1.65
0.9429910182952881,625,-0.09023437499999999
0.9454441070556641,626,-0.02578125
0.9470930099487305,627,-0.36093749999999997
0.9487090110778809,628,-0.02578125
0.9511690139770508,629,0.012890625
0.9527881145477295,630,-0.012890625
0.9540431499481201,631,-0.2578125
0.9552021026611328,632,-0.7476562499999999
0.9564101696014404,633,-1.4308593749999998
0.957578182220459,634,0.0
0.95871901512146,635,-0.116015625
0.9598240852355957,636,-0.0515625
0.9609220027923584,637,-0.322265625
0.9621100425720215,638,-0.012890625
0.9635870456695557,639,-0.37382812499999996
0.9651141166687012,640,-0.270703125
0.9666330814361572,641,0.0
0.9683430194854736,642,-0.012890625
0.9698481559753418,643,-0.20625
0.9713361263275146,644,-0.20625
0.9729859828948975,645,-0.9796874999999999
0.9754490852355957,646,-0.28359375
0.9773600101470947,647,-0.193359375
0.9787981510162354,648,-0.167578125
0.9807770252227783,649,-0.20625
0.9828290939331055,650,-0.064453125
0.9844460487365723,651,0.0
0.9857041835784912,652,-0.09023437499999999
0.986997127532959,653,-0.28359375
0.988178014755249,654,-0.4640625
0.989375114440918,655,-1.224609375
0.9904980659484863,656,-0.8507812499999999
0.9916131496429443,657,-0.0515625
0.992825984954834,658,-0.23203125
0.9942150115966797,659,-0.2578125
0.9957211017608643,660,-0.141796875
0.9973239898681641,661,-0.33515625
0.9989261627197266,662,-0.12890625
1.0004191398620605,663,0.0
1.0019261837005615,664,-0.116015625
1.0041589736938477,665,-0.23203125
1.006505012512207,666,-0.28359375
1.0079829692840576,667,-0.02578125
1.0095670223236084,668,-0.02578125
