time,count,voltage
0.0046539306640625,1,-0.37382812499999996
0.006339073181152344,2,-0.270703125
0.007695913314819336,3,-0.103125
0.008955955505371094,4,-0.2578125
0.010204076766967773,5,-0.193359375
0.011450052261352539,6,-0.02578125
0.01650214195251465,7,-0.103125
0.02056598663330078,8,-0.15468749999999998
0.02202892303466797,9,-0.36093749999999997
0.02340412139892578,10,-0.15468749999999998
0.024752140045166016,11,-0.322265625
0.02601909637451172,12,-0.33515625
0.027270078659057617,13,-0.193359375
0.032876014709472656,14,-0.02578125
0.04546403884887695,15,-0.15468749999999998
0.04681897163391113,16,-0.0515625
0.048072099685668945,17,-0.20625
0.04927802085876465,18,-0.20625
0.050573110580444336,19,-0.95390625
0.05196094512939453,20,-1.4953124999999998
0.05337190628051758,21,-0.476953125
0.054763078689575195,22,-0.322265625
0.05615806579589844,23,-0.193359375
0.057801008224487305,24,-0.103125
0.05953407287597656,25,-0.2578125
0.061170101165771484,26,-0.02578125
0.06663012504577637,27,-0.02578125
0.06845712661743164,28,-0.103125
0.07003998756408691,29,-1.5726562499999999
0.07155203819274902,30,-0.4640625
0.07304596900939941,31,-0.270703125
0.07461094856262207,32,-0.0515625
0.07611513137817383,33,-0.21914062499999998
0.07761096954345703,34,-0.02578125
0.07917308807373047,35,-0.02578125
0.08133602142333984,36,-0.0515625
0.08357405662536621,37,-0.193359375
0.08516311645507812,38,-1.10859375
0.08665108680725098,39,-0.6832031249999999
0.0885019302368164,40,-0.20625
0.09034109115600586,41,-0.18046874999999998
0.0917510986328125,42,-0.193359375
0.09294795989990234,43,-0.20625
0.09429192543029785,44,-0.103125
0.09580612182617188,45,-0.0515625
0.0972740650177002,46,-0.0515625
0.09882402420043945,47,-0.20625
0.10052108764648438,48,-0.5929687499999999
0.10199999809265137,49,-1.405078125
0.10349702835083008,50,-0.4640625
0.10583806037902832,51,-0.21914062499999998
0.10791206359863281,52,-0.15468749999999998
0.10936498641967773,53,-0.24492187499999998
0.11104512214660645,54,-0.012890625
0.11308407783508301,55,-0.0515625
0.11458301544189453,56,-0.103125
0.11581993103027344,57,-0.0515625
0.11702895164489746,58,-0.8121093749999999
0.11817502975463867,59,-1.405078125
0.11929798126220703,60,-0.476953125
0.12040901184082031,61,-0.2578125
0.12196993827819824,62,-0.15468749999999998
0.1233820915222168,63,-0.15468749999999998
0.12474799156188965,64,-0.29648437499999997
0.12625908851623535,65,-0.37382812499999996
0.12774205207824707,66,-0.141796875
0.12938714027404785,67,-0.02578125
0.1308901309967041,68,-0.12890625
0.13240694999694824,69,-0.116015625
0.13397812843322754,70,-0.7863281249999999
0.13643598556518555,71,-1.4953124999999998
0.13833212852478027,72,-0.18046874999999998
0.13982009887695312,73,-0.21914062499999998
0.1416640281677246,74,-0.36093749999999997
0.14368104934692383,75,-0.270703125
0.14510297775268555,76,-0.012890625
0.14629697799682617,77,-0.103125
0.1474320888519287,78,-0.29648437499999997
0.14863300323486328,79,-0.21914062499999998
0.1497640609741211,80,-0.708984375
0.1508939266204834,81,-1.2890625
0.15200495719909668,82,-1.65
0.15309906005859375,83,-0.167578125
0.15419507026672363,84,-0.29648437499999997
0.15546798706054688,85,-0.2578125
0.15697097778320312,86,-0.20625
0.15843701362609863,87,-0.33515625
0.15999412536621094,88,-0.23203125
0.16154694557189941,89,-0.012890625
0.16291499137878418,90,-0.064453125
0.16458392143249512,91,-0.21914062499999998
0.16729998588562012,92,-0.12890625
0.16889190673828125,93,-1.224609375
0.17040705680847168,94,-0.30937499999999996
0.17259001731872559,95,-0.116015625
0.1741180419921875,96,-0.167578125
0.17540597915649414,97,-0.322265625
0.17661404609680176,98,-0.20625
0.17774105072021484,99,-0.02578125
0.17885112762451172,100,-0.0515625
0.17996811866760254,101,-0.09023437499999999
0.1811070442199707,102,-0.322265625
0.18220901489257812,103,-0.193359375
0.18331503868103027,104,-0.8121093749999999
0.18443894386291504,105,-1.3921875
0.18563604354858398,106,-1.4308593749999998
0.18705391883850098,107,-0.29648437499999997
0.1885380744934082,108,-0.103125
0.19012093544006348,109,-0.20625
0.19168806076049805,110,-0.322265625
0.19309401512145996,111,-0.20625
0.19457793235778809,112,-0.0515625
0.19642400741577148,113,-0.0515625
0.19906306266784668,114,-0.116015625
0.20058107376098633,115,-0.48984374999999997
0.20211195945739746,116,-1.3664062499999998
0.20412111282348633,117,-0.5671875
0.20590996742248535,118,-0.193359375
0.20719194412231445,119,-0.09023437499999999
0.20838499069213867,120,-0.37382812499999996
0.20951509475708008,121,-0.36093749999999997
0.21063804626464844,122,-0.20625
0.21176695823669434,123,-0.012890625
0.2128920555114746,124,-0.15468749999999998
0.21404790878295898,125,-0.29648437499999997
0.21524810791015625,126,-0.2578125
0.21648502349853516,127,-0.7218749999999999
0.21790790557861328,128,-1.2890625
0.21965599060058594,129,-1.65
0.22133708000183105,130,-0.28359375
0.22291302680969238,131,-0.2578125
0.22443604469299316,132,-0.103125
0.22603201866149902,133,-0.193359375
0.2287919521331787,134,0.0
0.2304520606994629,135,-0.07734374999999999
0.23209214210510254,136,-0.15468749999999998
0.23415899276733398,137,-0.451171875
0.23571395874023438,138,-1.456640625
0.23695111274719238,139,-0.193359375
0.23812603950500488,140,-0.141796875
0.2392570972442627,141,-0.29648437499999997
0.24039411544799805,142,-0.07734374999999999
0.24151110649108887,143,-0.4125
0.24260592460632324,144,-0.4125
0.2437291145324707,145,-0.322265625
0.24491405487060547,146,-0.038671874999999994
0.24608397483825684,147,-0.103125
0.24730992317199707,148,-0.23203125
0.24875307083129883,149,-0.30937499999999996
0.2502169609069824,150,-0.6703125
0.2519049644470215,151,-1.3664062499999998
0.25339794158935547,152,-0.36093749999999997
0.2548251152038574,153,-0.23203125
0.25635504722595215,154,-0.23203125
0.25885891914367676,155,-0.103125
0.2604520320892334,156,0.15468749999999998
0.26233601570129395,157,-0.012890625
0.26440906524658203,158,-0.064453125
0.26578211784362793,159,-0.12890625
0.2669699192047119,160,-0.7863281249999999
0.26819491386413574,161,-1.3921875
0.2693359851837158,162,-0.554296875
0.2705099582672119,163,-0.30937499999999996
0.2716989517211914,164,-0.167578125
0.27286410331726074,165,-0.18046874999999998
0.2739830017089844,166,-0.2578125
0.27510595321655273,167,-0.43828124999999996
0.27623891830444336,168,-0.42539062499999997
0.2774801254272461,169,-0.167578125
0.2789609432220459,170,-0.0515625
0.2804291248321533,171,-0.09023437499999999
0.28198909759521484,172,-0.167578125
0.28356504440307617,173,-0.4640625
0.28534412384033203,174,-1.2503906249999999
0.2873349189758301,175,-0.451171875
0.2899739742279053,176,-0.21914062499999998
0.29148197174072266,177,-0.36093749999999997
0.2934889793395996,178,-0.24492187499999998
0.2954709529876709,179,-0.012890625
0.2967550754547119,180,-0.0515625
0.2979121208190918,181,-0.20625
0.29904794692993164,182,-0.193359375
0.30022311210632324,183,-0.8765624999999999
0.30138397216796875,184,-1.41796875
0.3025391101837158,185,-0.37382812499999996
0.30367398262023926,186,-0.23203125
0.30486607551574707,187,-0.116015625
0.30603814125061035,188,-0.064453125
0.30715298652648926,189,-0.07734374999999999
0.3083770275115967,190,-0.36093749999999997
0.3098471164703369,191,-0.399609375
0.31172800064086914,192,-0.0515625
0.3132929801940918,193,-0.103125
0.3147261142730713,194,-0.21914062499999998
0.31632399559020996,195,-0.116015625
0.3184659481048584,196,-0.992578125
0.32079410552978516,197,-1.65
0.3222630023956299,198,-0.322265625
0.3242199420928955,199,-0.09023437499999999
0.32614898681640625,200,-0.348046875
0.32743310928344727,201,0.07734374999999999
0.3286111354827881,202,-0.02578125
0.3297441005706787,203,-0.064453125
0.33094310760498047,204,-0.29648437499999997
0.3321571350097656,205,-0.2578125
0.33329105377197266,206,-0.79921875
0.334460973739624,207,-1.353515625
0.33560800552368164,208,-1.5984375
0.33672213554382324,209,-0.20625
0.3378291130065918,210,-0.20625
0.33901190757751465,211,-0.2578125
0.3410451412200928,212,-0.0515625
0.3425300121307373,213,-0.21914062499999998
0.3441150188446045,214,-0.038671874999999994
0.3457601070404053,215,-0.0515625
0.3472740650177002,216,-0.0515625
0.34936094284057617,217,-0.23203125
0.3520379066467285,218,-0.734765625
0.3536200523376465,219,-0.322265625
0.35541510581970215,220,-0.103125
0.3575890064239502,221,-0.167578125
0.35894298553466797,222,-0.322265625
0.36011505126953125,223,-0.116015625
0.3612499237060547,224,-0.012890625
0.36235809326171875,225,-0.103125
0.3634641170501709,226,-0.12890625
0.3646719455718994,227,-0.28359375
0.36579394340515137,228,-0.30937499999999996
0.3669469356536865,229,-0.9796874999999999
0.36807799339294434,230,-1.4953124999999998
0.36928892135620117,231,-0.322265625
0.37070608139038086,232,-0.20625
0.37219810485839844,233,-0.193359375
0.37384510040283203,234,-0.193359375
0.3754420280456543,235,-0.399609375
0.37688302993774414,236,-0.20625
0.37851691246032715,237,0.012890625
0.38121700286865234,238,-0.167578125
0.3828251361846924,239,-0.0515625
0.3847789764404297,240,-0.90234375
0.38669300079345703,241,-1.6371093749999999
0.388016939163208,242,-0.36093749999999997
0.3892190456390381,243,-0.193359375
0.3903670310974121,244,-0.09023437499999999
0.3914809226989746,245,-0.37382812499999996
0.39258813858032227,246,-0.4125
0.3936889171600342,247,-0.29648437499999997
0.39489102363586426,248,-0.012890625
0.39603710174560547,249,-0.116015625
0.3971841335296631,250,-0.23203125
0.39829206466674805,251,-0.2578125
0.3994929790496826,252,-0.476953125
0.4009430408477783,253,-1.147265625
0.4023759365081787,254,-1.65
0.40400004386901855,255,-0.18046874999999998
0.40578794479370117,256,-0.15468749999999998
0.4073641300201416,257,-0.116015625
0.40923094749450684,258,-0.37382812499999996
0.4117610454559326,259,-0.167578125
0.4133141040802002,260,-0.064453125
0.41528797149658203,261,-0.2578125
0.41724205017089844,262,-0.37382812499999996
0.41853809356689453,263,-1.4308593749999998
0.41977596282958984,264,-0.4640625
0.4209461212158203,265,-0.37382812499999996
0.42210912704467773,266,-0.270703125
0.42322707176208496,267,-0.07734374999999999
0.424422025680542,268,-0.2578125
0.42554211616516113,269,-0.4125
0.426638126373291,270,-0.28359375
0.4277679920196533,271,-0.012890625
0.4291520118713379,272,-0.0515625
0.4304211139678955,273,-0.103125
0.43193697929382324,274,-0.2578125
0.43337392807006836,275,-0.476953125
0.43506312370300293,276,-1.26328125
0.4365839958190918,277,-0.33515625
0.43804311752319336,278,-0.30937499999999996
0.4402430057525635,279,-0.270703125
0.4424600601196289,280,-0.36093749999999997
0.4439659118652344,281,0.15468749999999998
0.4461960792541504,282,-0.02578125
0.44790101051330566,283,-0.0515625
0.4491901397705078,284,-0.02578125
0.45035696029663086,285,-0.825
0.4514780044555664,286,-1.4308593749999998
0.452678918838501,287,-0.42539062499999997
0.45380210876464844,288,-0.36093749999999997
0.454970121383667,289,-0.15468749999999998
0.4560830593109131,290,-0.116015625
0.4571819305419922,291,-0.193359375
0.45827412605285645,292,-0.37382812499999996
0.4593689441680908,293,-0.4125
0.46060895919799805,294,-0.270703125
0.46205592155456543,295,-0.012890625
0.463515043258667,296,-0.09023437499999999
0.4652259349822998,297,-0.20625
0.4667329788208008,298,-0.399609375
0.46810412406921387,299,-1.21171875
0.46939992904663086,300,-1.018359375
0.4718179702758789,301,-0.270703125
0.47362399101257324,302,-0.2578125
0.4751250743865967,303,-0.18046874999999998
0.4771239757537842,304,-0.167578125
0.479032039642334,305,-0.012890625
0.48034191131591797,306,-0.09023437499999999
0.4815230369567871,307,-0.193359375
0.48265790939331055,308,-0.322265625
0.4837961196899414,309,-1.03125
0.48496198654174805,310,-1.546875
0.48612093925476074,311,-0.29648437499999997
0.4872450828552246,312,-0.28359375
0.4883439540863037,313,-0.270703125
0.4894380569458008,314,-0.15468749999999998
0.4906330108642578,315,-0.103125
0.49210309982299805,316,-0.33515625
0.4937160015106201,317,-0.2578125
0.49513792991638184,318,-0.02578125
0.4965360164642334,319,-0.12890625
0.4979119300842285,320,-0.29648437499999997
0.4993860721588135,321,-0.103125
0.5015299320220947,322,-0.9410156249999999
0.5043520927429199,323,-1.65
0.506166934967041,324,-0.270703125
0.508213996887207,325,0.0
0.5105559825897217,326,-0.103125
0.5122239589691162,327,-0.012890625
0.5135071277618408,328,-0.0515625
0.5146899223327637,329,-0.2578125
0.5158629417419434,330,-0.28359375
0.5170319080352783,331,-0.966796875
0.5181801319122314,332,-1.5082031249999999
0.519305944442749,333,-0.37382812499999996
0.5204179286956787,334,-0.20625
0.5216200351715088,335,-0.18046874999999998
0.5230519771575928,336,-0.20625
0.5245919227600098,337,-0.322265625
0.5261619091033936,338,-0.33515625
0.5278351306915283,339,-0.103125
0.5292670726776123,340,-0.02578125
0.5305359363555908,341,-0.116015625
0.5331559181213379,342,-0.21914062499999998
0.53513503074646,343,-0.734765625
0.5366530418395996,344,0.012890625
0.5387439727783203,345,-0.33515625
0.5403530597686768,346,-0.18046874999999998
0.5416479110717773,347,-0.43828124999999996
0.5428030490875244,348,-0.37382812499999996
0.5439419746398926,349,-0.193359375
0.545090913772583,350,-0.012890625
0.5462210178375244,351,-0.116015625
0.5473260879516602,352,-0.2578125
0.5484399795532227,353,-0.2578125
0.5495929718017578,354,-0.64453125
0.5506999492645264,355,-1.224609375
0.5518910884857178,356,-1.65
0.5532920360565186,357,-0.193359375
0.5547449588775635,358,-0.38671875
0.5563390254974365,359,-0.21914062499999998
0.5579700469970703,360,-0.141796875
0.55936598777771,361,-0.116015625
0.5608370304107666,362,-0.02578125
0.5626850128173828,363,-0.012890625
0.5652379989624023,364,-0.103125
0.5667951107025146,365,-0.36093749999999997
0.5683610439300537,366,-1.2503906249999999
0.5703799724578857,367,-1.4308593749999998
0.5719659328460693,368,-0.270703125
0.573261022567749,369,-0.0515625
0.5744640827178955,370,-0.2578125
0.5756120681762695,371,-0.36093749999999997
0.5767319202423096,372,-0.29648437499999997
0.5778539180755615,373,-0.012890625
0.5789511203765869,374,-0.07734374999999999
0.5800800323486328,375,-0.167578125
0.5811989307403564,376,-0.33515625
0.582395076751709,377,-0.2578125
0.5838079452514648,378,-0.928125
0.58526611328125,379,-1.533984375
0.5868079662322998,380,-0.29648437499999997
0.5884130001068115,381,-0.20625
0.5898640155792236,382,-0.23203125
0.5911951065063477,383,-0.30937499999999996
0.593717098236084,384,-0.30937499999999996
0.595405101776123,385,0.0
0.5969119071960449,386,-0.0515625
0.5989959239959717,387,-0.24492187499999998
0.6007959842681885,388,-0.48984374999999997
0.6021099090576172,389,-1.4953124999999998
0.6032841205596924,390,-0.23203125
0.6044590473175049,391,-0.20625
0.6056499481201172,392,-0.2578125
0.6067609786987305,393,-0.103125
0.6078689098358154,394,-0.4640625
0.6089839935302734,395,-0.515625
0.6100790500640869,396,-0.33515625
0.6111729145050049,397,-0.02578125
0.6123960018157959,398,-0.09023437499999999
0.6138849258422852,399,-0.116015625
0.6153979301452637,400,-0.2578125
0.6169581413269043,401,-0.64453125
0.618441104888916,402,-1.340625
0.6198880672454834,403,-0.38671875
0.6212639808654785,404,-0.42539062499999997
0.6239759922027588,405,-0.270703125
0.6257131099700928,406,-0.20625
0.6271579265594482,407,0.09023437499999999
0.6291859149932861,408,-0.012890625
0.6309719085693359,409,-0.07734374999999999
0.6322641372680664,410,-0.09023437499999999
0.6334459781646729,411,-0.734765625
0.6346120834350586,412,-1.340625
0.6357889175415039,413,-1.611328125
0.6369171142578125,414,-0.2578125
0.638145923614502,415,-0.23203125
0.6393001079559326,416,-0.23203125
0.640449047088623,417,-0.0515625
0.6415541172027588,418,-0.37382812499999996
0.6427581310272217,419,-0.399609375
0.6442859172821045,420,-0.23203125
0.645880937576294,421,-0.02578125
0.6474809646606445,422,-0.103125
0.6489391326904297,423,-0.12890625
0.6502509117126465,424,-0.760546875
0.6515140533447266,425,-1.405078125
0.6541941165924072,426,-0.5285156249999999
