time,count,voltage
0.005465984344482422,1,-0.29648437499999997
0.007155895233154297,2,-0.36093749999999997
0.008610963821411133,3,-0.4125
0.010031938552856445,4,-0.103125
0.011397838592529297,5,-0.012890625
0.012740850448608398,6,-0.116015625
0.014077901840209961,7,-0.33515625
0.01544189453125,8,-0.580078125
0.017024993896484375,9,-1.044140625
0.018747806549072266,10,-1.65
0.020434856414794922,11,-0.167578125
0.022130966186523438,12,-0.322265625
0.023721933364868164,13,-0.399609375
0.025388002395629883,14,-0.399609375
0.026890993118286133,15,-0.0515625
0.028277873992919922,16,-0.012890625
0.02965402603149414,17,-0.103125
0.031013011932373047,18,-0.43828124999999996
0.03258490562438965,19,-0.5671875
0.0342559814453125,20,-1.198828125
0.03608894348144531,21,0.012890625
0.0379488468170166,22,-0.2578125
0.03964996337890625,23,-0.33515625
0.04147791862487793,24,-0.18046874999999998
0.04321789741516113,25,0.0515625
0.04487180709838867,26,-0.012890625
0.04749894142150879,27,-0.116015625
0.05087780952453613,28,-0.37382812499999996
0.05329585075378418,29,-1.405078125
0.05562090873718262,30,-0.37382812499999996
0.058354854583740234,31,-0.43828124999999996
0.06034994125366211,32,-0.322265625
0.06328582763671875,33,-0.012890625
0.06527090072631836,34,-0.15468749999999998
0.06693387031555176,35,-0.515625
0.06860089302062988,36,-1.5082031249999999
0.07021903991699219,37,-0.0515625
0.07176494598388672,38,-0.4125
0.07329487800598145,39,-0.399609375
0.07481884956359863,40,-0.33515625
0.09598803520202637,41,-0.167578125
0.0981588363647461,42,-0.012890625
0.10037493705749512,43,-0.270703125
0.10236787796020508,44,-1.456640625
0.10394501686096191,45,-0.21914062499999998
0.10540890693664551,46,-0.193359375
0.1068108081817627,47,-0.38671875
0.10840582847595215,48,-0.4640625
0.11012697219848633,49,-0.15468749999999998
0.11182689666748047,50,-0.02578125
0.11364197731018066,51,-0.116015625
0.11562299728393555,52,-0.43828124999999996
0.11736488342285156,53,-0.8765624999999999
0.11897087097167969,54,-0.103125
0.12099480628967285,55,-0.20625
0.1232459545135498,56,-0.167578125
0.12474894523620605,57,-0.399609375
0.1264188289642334,58,-0.12890625
0.12848281860351562,59,0.0
0.12989282608032227,60,-0.167578125
0.13108086585998535,61,-0.42539062499999997
0.13222002983093262,62,-0.515625
0.13336586952209473,63,-1.134375
0.13448596000671387,64,-1.65
0.13561201095581055,65,-0.012890625
0.1367478370666504,66,-0.322265625
0.13803601264953613,67,-0.2578125
0.13955187797546387,68,-0.33515625
0.1410050392150879,69,-0.116015625
0.14266300201416016,70,-0.103125
0.1441788673400879,71,-0.012890625
0.14560294151306152,72,-0.064453125
0.14702701568603516,73,-0.21914062499999998
0.14930081367492676,74,-0.5285156249999999
0.1513350009918213,75,-1.018359375
0.15276789665222168,76,0.0
0.15466785430908203,77,-0.28359375
0.15655994415283203,78,-0.29648437499999997
0.15787792205810547,79,-0.33515625
0.15903782844543457,80,-0.21914062499999998
0.1601710319519043,81,-0.012890625
0.16128897666931152,82,-0.02578125
0.1624009609222412,83,-0.193359375
0.16350388526916504,84,-0.30937499999999996
0.16461396217346191,85,-0.605859375
0.16581201553344727,86,-0.79921875
0.1669318675994873,87,-1.4437499999999999
0.16814494132995605,88,-0.33515625
0.16956186294555664,89,0.0
0.17101192474365234,90,-0.28359375
0.1725618839263916,91,-0.38671875
0.17414188385009766,92,-0.103125
0.17638397216796875,93,-0.20625
0.17887496948242188,94,0.02578125
0.18126487731933594,95,-0.07734374999999999
0.18309783935546875,96,-0.37382812499999996
0.18551898002624512,97,-1.2374999999999998
0.187147855758667,98,-0.064453125
0.18847393989562988,99,-0.20625
0.18975496292114258,100,-0.605859375
0.19100594520568848,101,-0.348046875
0.1922299861907959,102,-0.30937499999999996
0.193464994430542,103,-0.0515625
0.1946849822998047,104,-0.012890625
0.19593286514282227,105,-0.116015625
0.20139288902282715,106,-0.29648437499999997
0.20357203483581543,107,-0.631640625
0.2055048942565918,108,-0.29648437499999997
0.20786499977111816,109,-0.515625
0.21030187606811523,110,-0.502734375
0.2119898796081543,111,-0.02578125
0.21438002586364746,112,-0.15468749999999998
0.21639299392700195,113,-0.476953125
0.21817302703857422,114,-1.276171875
0.21995902061462402,115,-0.02578125
0.22171783447265625,116,-0.4125
0.22335481643676758,117,-0.42539062499999997
0.22472095489501953,118,-0.29648437499999997
0.2261829376220703,119,-0.20625
0.2357618808746338,120,0.0
0.23798394203186035,121,-0.09023437499999999
0.24038982391357422,122,-0.20625
0.24204587936401367,123,-0.18046874999999998
0.24353790283203125,124,0.141796875
0.24575185775756836,125,-0.012890625
0.24736595153808594,126,-0.167578125
0.24862194061279297,127,-0.502734375
0.2497730255126953,128,-1.00546875
0.2509019374847412,129,-1.611328125
0.2520158290863037,130,0.0
0.25310492515563965,131,-0.20625
0.2541999816894531,132,-0.36093749999999997
0.2554008960723877,133,-0.37382812499999996
0.25655198097229004,134,-0.2578125
0.25766491889953613,135,-0.2578125
0.25888681411743164,136,-0.29648437499999997
0.2603318691253662,137,-0.103125
0.26175999641418457,138,-0.0515625
0.26332783699035645,139,-0.167578125
0.2647390365600586,140,-0.502734375
0.2660868167877197,141,-0.6574218749999999
0.2674219608306885,142,-1.4308593749999998
0.26972103118896484,143,-0.270703125
0.2716238498687744,144,-0.20625
0.2730538845062256,145,-0.54140625
0.27500081062316895,146,-0.399609375
0.27674388885498047,147,-0.07734374999999999
0.278033971786499,148,0.012890625
0.2791919708251953,149,-0.103125
0.28032398223876953,150,-0.348046875
0.28144097328186035,151,-0.631640625
0.2825460433959961,152,-0.825
0.2836418151855469,153,-1.4437499999999999
0.28474903106689453,154,-0.322265625
0.28586697578430176,155,-0.0515625
0.2869679927825928,156,-0.43828124999999996
0.288071870803833,157,-0.20625
0.28925585746765137,158,-0.48984374999999997
0.2906520366668701,159,-0.09023437499999999
0.29206085205078125,160,-0.23203125
0.2936129570007324,161,0.012890625
0.29505085945129395,162,-0.02578125
0.2965199947357178,163,-0.15468749999999998
0.2978689670562744,164,-0.4640625
0.3001558780670166,165,-0.580078125
0.3020479679107666,166,-1.46953125
0.303541898727417,167,-0.30937499999999996
0.3056478500366211,168,-0.270703125
0.3072638511657715,169,-0.33515625
0.3084869384765625,170,-0.33515625
0.30963683128356934,171,-0.12890625
0.31076788902282715,172,0.0
0.3118729591369629,173,-0.103125
0.31298303604125977,174,-0.2578125
0.31413888931274414,175,-0.5285156249999999
0.31533002853393555,176,-0.6832031249999999
0.31645798683166504,177,-1.147265625
0.31757187843322754,178,-1.65
0.31867098808288574,179,0.0
0.3198559284210205,180,-0.2578125
0.3212440013885498,181,-0.605859375
0.3226809501647949,182,-0.37382812499999996
0.32424092292785645,183,-0.116015625
0.32596683502197266,184,-0.167578125
0.32755303382873535,185,0.0
0.3293788433074951,186,-0.0515625
0.3318808078765869,187,-0.23203125
0.33345603942871094,188,-0.708984375
0.3352329730987549,189,-1.6371093749999999
0.3372678756713867,190,-0.0515625
0.3386249542236328,191,-0.28359375
0.3397998809814453,192,-0.23203125
0.34095191955566406,193,-0.270703125
0.3420689105987549,194,-0.30937499999999996
0.34325599670410156,195,-0.15468749999999998
0.3444030284881592,196,-0.012890625
0.34554386138916016,197,-0.103125
0.34665489196777344,198,-0.30937499999999996
0.3477609157562256,199,-0.6703125
0.34885597229003906,200,-0.708984375
0.35006189346313477,201,-1.3019531249999998
0.3514750003814697,202,-1.65
0.35292983055114746,203,-0.038671874999999994
0.354511022567749,204,-0.37382812499999996
0.3560628890991211,205,-0.399609375
0.35750484466552734,206,-0.116015625
0.35887694358825684,207,-0.15468749999999998
0.36123085021972656,208,0.064453125
0.3631319999694824,209,-0.0515625
0.36461591720581055,210,-0.37382812499999996
0.3667588233947754,211,-0.4640625
0.36836791038513184,212,-1.4953124999999998
0.3695998191833496,213,-0.07734374999999999
0.3707559108734131,214,-0.37382812499999996
0.3718898296356201,215,-0.4125
