time,count,voltage
0.0057070255279541016,1,-0.270703125
0.007230997085571289,2,-0.708984375
0.00864100456237793,3,-1.533984375
0.010019063949584961,4,-0.07734374999999999
0.011391162872314453,5,-0.2578125
0.012839078903198242,6,-0.825
0.014220952987670898,7,-0.348046875
0.015587091445922852,8,-0.4125
0.017138957977294922,9,-0.23203125
0.018859148025512695,10,-0.012890625
0.02052903175354004,11,-0.15468749999999998
0.022238969802856445,12,-0.515625
0.023807048797607422,13,-0.79921875
0.02547597885131836,14,-1.6242187499999998
0.026942968368530273,15,-0.193359375
0.02833104133605957,16,-0.399609375
0.029767990112304688,17,-0.5285156249999999
0.03121495246887207,18,-0.28359375
0.032835960388183594,19,-0.36093749999999997
0.03454113006591797,20,-0.193359375
0.0362401008605957,21,-0.0515625
0.03801703453063965,22,-0.30937499999999996
0.0398709774017334,23,-0.631640625
0.04157304763793945,24,-1.26328125
0.04333806037902832,25,-0.02578125
0.04503798484802246,26,-0.37382812499999996
0.046746015548706055,27,-0.42539062499999997
0.049154043197631836,28,-0.167578125
0.05182814598083496,29,0.0
0.05366396903991699,30,-0.038671874999999994
0.05534505844116211,31,-0.399609375
0.0574641227722168,32,-0.6703125
0.05919814109802246,33,-1.611328125
0.06047415733337402,34,-0.2578125
0.06165814399719238,35,-0.502734375
0.06284713745117188,36,-0.33515625
0.06398606300354004,37,-0.43828124999999996
0.06511497497558594,38,-0.4125
0.06623411178588867,39,-0.37382812499999996
0.06735110282897949,40,-0.116015625
0.06845808029174805,41,-0.012890625
0.06959795951843262,42,-0.103125
0.0707089900970459,43,-0.37382812499999996
0.07182097434997559,44,-0.6703125
0.07294416427612305,45,-0.825
0.07404804229736328,46,-1.3921875
0.07516002655029297,47,-1.65
0.07625699043273926,48,0.0
0.07735705375671387,49,-0.322265625
0.07846808433532715,50,-0.7734375
0.07957005500793457,51,-0.580078125
0.0808110237121582,52,-0.30937499999999996
0.0820779800415039,53,-0.4640625
0.08355498313903809,54,-0.348046875
0.08501100540161133,55,-0.038671874999999994
0.08659505844116211,56,-0.064453125
0.08797097206115723,57,-0.37382812499999996
0.08928108215332031,58,-0.6703125
0.09065699577331543,59,-1.134375
0.09301900863647461,60,-1.65
0.09494495391845703,61,-0.064453125
0.09632706642150879,62,-0.42539062499999997
0.09818911552429199,63,-0.4125
0.10006499290466309,64,-0.322265625
0.10137295722961426,65,-0.012890625
0.10255312919616699,66,-0.02578125
0.1037900447845459,67,-0.36093749999999997
0.10493206977844238,68,-0.64453125
0.10604596138000488,69,-0.79921875
0.10715913772583008,70,-1.2890625
0.10826706886291504,71,-1.65
0.109375,72,0.0
0.11048698425292969,73,-0.2578125
0.11165904998779297,74,-0.42539062499999997
0.11302399635314941,75,-0.54140625
0.11449909210205078,76,-0.33515625
0.11598014831542969,77,-0.399609375
0.11752104759216309,78,-0.20625
0.11896800994873047,79,-0.012890625
0.12040114402770996,80,-0.20625
0.12176704406738281,81,-0.5671875
0.12357211112976074,82,-0.7476562499999999
0.1259479522705078,83,-1.3921875
0.12750816345214844,84,-0.103125
0.12890911102294922,85,-0.54140625
0.13077116012573242,86,-0.554296875
0.13266706466674805,87,-0.4125
0.13402605056762695,88,0.0515625
0.13523006439208984,89,-0.012890625
0.1363840103149414,90,-0.103125
0.13751816749572754,91,-0.36093749999999997
0.13864398002624512,92,-0.6832031249999999
0.13976097106933594,93,-0.8765624999999999
0.14094901084899902,94,-1.4437499999999999
0.1421651840209961,95,-0.399609375
0.14354205131530762,96,-0.064453125
0.14502596855163574,97,-0.270703125
0.14653801918029785,98,-0.37382812499999996
0.14808201789855957,99,-0.348046875
0.149461030960083,100,-0.30937499999999996
0.15083813667297363,101,-0.064453125
0.15244507789611816,102,-0.07734374999999999
0.15505313873291016,103,-0.2578125
0.15667009353637695,104,-0.605859375
0.15805697441101074,105,-1.327734375
0.15981316566467285,106,-0.12890625
0.1617600917816162,107,-0.20625
0.16328811645507812,108,-0.28359375
0.16449499130249023,109,-0.30937499999999996
0.16567611694335938,110,-0.37382812499999996
0.16681814193725586,111,-0.2578125
0.16794204711914062,112,0.012890625
0.16906213760375977,113,-0.064453125
0.17017698287963867,114,-0.33515625
0.1712939739227295,115,-0.605859375
0.1724560260772705,116,-0.837890625
0.17388606071472168,117,-1.1859374999999999
0.17534804344177246,118,-1.65
0.1768350601196289,119,-0.038671874999999994
0.17834901809692383,120,-0.270703125
0.17969012260437012,121,-0.4640625
0.18105411529541016,122,-0.322265625
0.18280410766601562,123,-0.43828124999999996
0.18524503707885742,124,-0.322265625
0.18682599067687988,125,-0.0515625
0.18824100494384766,126,-0.43828124999999996
0.19008612632751465,127,-0.69609375
0.19195914268493652,128,-1.3792968749999999
0.1933610439300537,129,-0.064453125
0.19455218315124512,130,-0.193359375
0.19569802284240723,131,-0.7218749999999999
0.1968400478363037,132,-0.631640625
0.1979689598083496,133,-0.23203125
0.19908809661865234,134,-0.270703125
0.20020508766174316,135,-0.193359375
0.20131516456604004,136,0.0
0.20249104499816895,137,-0.064453125
0.2039661407470703,138,-0.2578125
0.20543408393859863,139,-0.6574218749999999
0.20692896842956543,140,-0.825
0.20849895477294922,141,-1.5597656249999998
0.20988917350769043,142,0.0
0.211198091506958,143,-0.20625
0.21312212944030762,144,-0.6832031249999999
0.21575307846069336,145,-0.69609375
0.21756696701049805,146,-0.02578125
0.2193009853363037,147,-0.012890625
0.22137212753295898,148,-0.20625
0.2229621410369873,149,-0.580078125
0.224229097366333,150,-1.16015625
0.22539615631103516,151,-1.65
0.22655105590820312,152,-0.116015625
0.22768712043762207,153,-0.18046874999999998
0.2288219928741455,154,-0.631640625
0.22994518280029297,155,-0.5285156249999999
0.2310621738433838,156,-0.270703125
0.2321641445159912,157,-0.4125
0.2333519458770752,158,-0.348046875
0.23469901084899902,159,0.012890625
0.236130952835083,160,-0.103125
0.23765110969543457,161,-0.37382812499999996
0.23922204971313477,162,-0.6703125
0.24064111709594727,163,-1.044140625
0.24206805229187012,164,-1.65
0.24434709548950195,165,0.0
0.24645614624023438,166,-0.33515625
0.2478780746459961,167,-0.36093749999999997
0.24991512298583984,168,-0.4125
0.25160908699035645,169,-0.0515625
0.2528951168060303,170,-0.0515625
0.2542860507965088,171,-0.399609375
0.25546908378601074,172,-0.6703125
0.2566230297088623,173,-0.9152343749999999
0.25776195526123047,174,-1.5082031249999999
0.25890612602233887,175,-0.09023437499999999
0.26002001762390137,176,-0.167578125
0.2611820697784424,177,-0.270703125
0.2623100280761719,178,-0.825
0.26350998878479004,179,-0.399609375
0.2649569511413574,180,-0.167578125
0.2664179801940918,181,-0.2578125
0.2679879665374756,182,0.0
0.26949310302734375,183,-0.064453125
0.27095699310302734,184,-0.322265625
0.2724111080169678,185,-0.6187499999999999
0.2748680114746094,186,-0.90234375
0.2768740653991699,187,-1.65
0.27841806411743164,188,-0.2578125
0.2805190086364746,189,-0.6703125
0.2821800708770752,190,-0.20625
0.28349804878234863,191,0.09023437499999999
0.2846660614013672,192,-0.012890625
0.28584814071655273,193,-0.038671874999999994
0.2869861125946045,194,-0.270703125
0.2881040573120117,195,-0.5929687499999999
0.28926706314086914,196,-0.7863281249999999
0.29038214683532715,197,-1.1859374999999999
0.29149317741394043,198,-1.65
0.2927091121673584,199,0.0
0.29393911361694336,200,-0.21914062499999998
0.2953770160675049,201,-0.4640625
0.297044038772583,202,-0.4640625
0.29845714569091797,203,-0.12890625
0.299868106842041,204,-0.20625
0.3012690544128418,205,-0.012890625
0.3028900623321533,206,-0.0515625
0.3044471740722656,207,-0.29648437499999997
0.30686402320861816,208,-0.6703125
0.30873703956604004,209,-1.224609375
0.3101820945739746,210,0.012890625
0.31188106536865234,211,-0.30937499999999996
0.31395411491394043,212,-0.29648437499999997
0.3154129981994629,213,-0.21914062499999998
0.3168661594390869,214,-0.038671874999999994
0.3185300827026367,215,0.0
0.31994104385375977,216,-0.064453125
0.321213960647583,217,-0.37382812499999996
0.3228600025177002,218,-0.7476562499999999
0.324174165725708,219,-1.224609375
0.325639009475708,220,-1.65
0.3271219730377197,221,-0.07734374999999999
0.3286919593811035,222,-0.38671875
0.33023595809936523,223,-0.36093749999999997
0.3316221237182617,224,-0.322265625
0.3329620361328125,225,-0.23203125
0.3349931240081787,226,-0.02578125
0.3377420902252197,227,-0.064453125
0.33919215202331543,228,-0.399609375
0.34079909324645996,229,-0.837890625
0.3429579734802246,230,-1.533984375
0.3445401191711426,231,-0.20625
0.3457961082458496,232,-0.708984375
0.34696316719055176,233,-0.4640625
0.34809303283691406,234,-0.29648437499999997
0.3492610454559326,235,-0.36093749999999997
0.3504149913787842,236,-0.2578125
0.3515281677246094,237,0.0
0.35271406173706055,238,-0.09023437499999999
0.3538830280303955,239,-0.36093749999999997
0.3550679683685303,240,-0.64453125
0.35671496391296387,241,-0.837890625
0.35822606086730957,242,-1.4953124999999998
0.35976195335388184,243,-0.012890625
0.36128902435302734,244,-0.23203125
0.36280202865600586,245,-0.631640625
0.3642880916595459,246,-0.399609375
0.36621809005737305,247,-0.21914062499999998
0.3686561584472656,248,-0.193359375
0.3701930046081543,249,-0.012890625
0.3716740608215332,250,-0.43828124999999996
0.3738231658935547,251,-0.69609375
0.37546706199645996,252,-1.4437499999999999
0.37682509422302246,253,-0.064453125
0.37801408767700195,254,-0.37382812499999996
0.37915611267089844,255,-0.580078125
0.3802809715270996,256,-0.6574218749999999
0.3813951015472412,257,-0.270703125
0.38254404067993164,258,-0.33515625
0.3837440013885498,259,-0.193359375
0.3848850727081299,260,0.0
0.38605213165283203,261,-0.064453125
0.3874349594116211,262,-0.33515625
0.38890814781188965,263,-0.64453125
0.3905491828918457,264,-0.8765624999999999
0.39208102226257324,265,-1.65
0.3936309814453125,266,-0.012890625
0.39507102966308594,267,-0.116015625
0.396820068359375,268,-0.322265625
0.39933300018310547,269,-0.38671875
0.400982141494751,270,0.141796875
0.40242695808410645,271,-0.064453125
0.4044950008392334,272,-0.20625
0.40627598762512207,273,-0.5929687499999999
0.40758705139160156,274,-1.1214843749999999
0.40882205963134766,275,-1.65
0.40996813774108887,276,-0.15468749999999998
0.41111207008361816,277,-0.2578125
0.4122309684753418,278,-0.734765625
0.4133720397949219,279,-0.631640625
0.41452598571777344,280,-0.28359375
0.41564297676086426,281,-0.399609375
0.4168720245361328,282,-0.37382812499999996
0.4182591438293457,283,0.0
0.4196760654449463,284,-0.15468749999999998
0.42124104499816895,285,-0.451171875
0.42286109924316406,286,-0.6703125
0.42441797256469727,287,-1.147265625
0.4258999824523926,288,-1.65
0.42768406867980957,289,-0.167578125
0.4301929473876953,290,-0.4640625
0.4317741394042969,291,-0.270703125
0.4332139492034912,292,-0.167578125
0.43511295318603516,293,-0.012890625
0.4369821548461914,294,-0.0515625
0.4383370876312256,295,-0.4125
0.439500093460083,296,-0.6703125
0.44066810607910156,297,-1.198828125
0.4418001174926758,298,-1.65
0.44293713569641113,299,0.0
0.4440581798553467,300,-0.2578125
0.44519901275634766,301,-0.4640625
0.44634318351745605,302,-0.631640625
0.4478001594543457,303,-0.30937499999999996
0.4492490291595459,304,-0.20625
0.4507150650024414,305,-0.09023437499999999
0.4523429870605469,306,0.0
0.45409512519836426,307,-0.103125
0.45552802085876465,308,-0.54140625
0.45709896087646484,309,-0.7863281249999999
0.45995116233825684,310,-1.585546875
0.46181201934814453,311,-0.18046874999999998
0.4633181095123291,312,-0.4125
0.4651939868927002,313,-0.23203125
0.46717000007629395,314,-0.20625
0.4685671329498291,315,-0.012890625
0.4698209762573242,316,-0.0515625
0.47097206115722656,317,-0.37382812499999996
0.4721059799194336,318,-0.6703125
0.4732940196990967,319,-0.8507812499999999
0.47441601753234863,320,-1.4953124999999998
0.47553110122680664,321,-0.23203125
0.47664594650268555,322,-0.103125
0.4778909683227539,323,-0.167578125
0.4792931079864502,324,-0.6832031249999999
0.48078203201293945,325,-0.6703125
0.48233604431152344,326,-0.36093749999999997
0.48399806022644043,327,-0.193359375
0.4855220317840576,328,-0.012890625
0.48700404167175293,329,-0.167578125
0.4893059730529785,330,-0.48984374999999997
0.491192102432251,331,-0.7734375
0.49257612228393555,332,-1.65
0.4945681095123291,333,-0.15468749999999998
0.4964749813079834,334,-0.4125
0.49782514572143555,335,-0.476953125
0.4990100860595703,336,-0.502734375
0.5001430511474609,337,-0.348046875
0.5013339519500732,338,0.012890625
0.5024919509887695,339,-0.0515625
0.5037219524383545,340,-0.29648437499999997
0.5049021244049072,341,-0.580078125
0.5060141086578369,342,-0.8121093749999999
0.5071289539337158,343,-1.224609375
0.5083000659942627,344,-1.65
0.5097329616546631,345,0.0
0.5112020969390869,346,-0.20625
0.5127711296081543,347,-0.708984375
0.5143301486968994,348,-0.348046875
0.5157451629638672,349,-0.23203125
0.5173201560974121,350,-0.116015625
0.5191030502319336,351,-0.012890625
0.5216259956359863,352,-0.12890625
0.5231790542602539,353,-0.580078125
0.524543046951294,354,-1.224609375
0.5264890193939209,355,-1.41796875
0.5283911228179932,356,-0.15468749999999998
0.5297520160675049,357,-0.5671875
0.5309441089630127,358,-0.270703125
0.5320770740509033,359,-0.554296875
0.5333061218261719,360,-0.42539062499999997
0.5344481468200684,361,0.0
0.5355639457702637,362,-0.038671874999999994
0.5367081165313721,363,-0.193359375
0.5378279685974121,364,-0.476953125
0.5389900207519531,365,-0.7476562499999999
0.5403671264648438,366,-0.992578125
0.5418930053710938,367,-1.611328125
0.5435421466827393,368,0.0
0.5451710224151611,369,-0.15468749999999998
0.5469920635223389,370,-0.54140625
0.5486860275268555,371,-0.167578125
0.5512139797210693,372,-0.12890625
0.5532140731811523,373,0.0
0.5546340942382812,374,-0.36093749999999997
0.5563070774078369,375,-0.6703125
0.558372974395752,376,-1.0828125
0.5597841739654541,377,0.012890625
0.5610201358795166,378,-0.23203125
0.5622210502624512,379,-0.5929687499999999
0.5634050369262695,380,-0.580078125
0.5645661354064941,381,-0.167578125
0.565730094909668,382,-0.322265625
0.5668740272521973,383,-0.20625
0.5679881572723389,384,0.0
0.5692281723022461,385,-0.038671874999999994
0.5706479549407959,386,-0.29648437499999997
0.572113037109375,387,-0.631640625
0.573606014251709,388,-0.837890625
0.575206995010376,389,-1.5082031249999999
0.5766119956970215,390,-0.012890625
0.5780131816864014,391,-0.322265625
0.579787015914917,392,-0.515625
0.5823240280151367,393,-0.348046875
0.5839171409606934,394,-0.103125
0.5855209827423096,395,-0.012890625
0.5874931812286377,396,-0.064453125
0.5890500545501709,397,-0.48984374999999997
0.5904090404510498,398,-0.837890625
0.5915911197662354,399,-1.546875
0.5928220748901367,400,-0.012890625
0.593986988067627,401,-0.21914062499999998
0.5951089859008789,402,-0.43828124999999996
0.5962560176849365,403,-0.502734375
0.5973811149597168,404,-0.30937499999999996
0.5985260009765625,405,-0.322265625
0.5997281074523926,406,-0.33515625
0.6011409759521484,407,-0.18046874999999998
0.6025791168212891,408,-0.012890625
0.6042189598083496,409,-0.2578125
0.6058311462402344,410,-0.5671875
0.6072709560394287,411,-0.837890625
0.6087720394134521,412,-1.611328125
0.6106719970703125,413,0.012890625
0.6130659580230713,414,-0.2578125
0.6146790981292725,415,-0.29648437499999997
0.6161501407623291,416,-0.37382812499999996
0.6181941032409668,417,-0.167578125
0.6198780536651611,418,-0.02578125
0.6212179660797119,419,-0.36093749999999997
0.6224360466003418,420,-0.631640625
0.6236779689788818,421,-0.928125
0.624871015548706,422,-1.5726562499999999
0.6260011196136475,423,-0.103125
0.6271181106567383,424,-0.116015625
0.6282470226287842,425,-0.4125
0.6293649673461914,426,-0.825
0.6306061744689941,427,-0.37382812499999996
0.6320240497589111,428,-0.399609375
0.6335361003875732,429,-0.28359375
0.635077953338623,430,-0.012890625
0.6366310119628906,431,-0.02578125
0.638120174407959,432,-0.37382812499999996
0.6395101547241211,433,-0.6832031249999999
0.6414890289306641,434,-1.1214843749999999
0.6446399688720703,435,-1.65
0.6460940837860107,436,-0.4640625
0.6478271484375,437,-0.476953125
0.649878978729248,438,-0.24492187499999998
0.651278018951416,439,0.193359375
0.6524620056152344,440,-0.02578125
0.6537690162658691,441,-0.23203125
0.6549530029296875,442,-0.580078125
0.6560730934143066,443,-0.79921875
0.6572151184082031,444,-1.198828125
0.6583261489868164,445,-1.65
0.6594259738922119,446,0.0
0.6606640815734863,447,-0.24492187499999998
0.6621081829071045,448,-0.37382812499999996
0.6638391017913818,449,-0.37382812499999996
0.6654300689697266,450,-0.30937499999999996
0.6670231819152832,451,-0.12890625
0.6684730052947998,452,0.0
0.6701159477233887,453,-0.07734374999999999
0.6719951629638672,454,-0.29648437499999997
0.6744401454925537,455,-0.64453125
0.67594313621521,456,-1.65
0.6776931285858154,457,-0.07734374999999999
0.6797001361846924,458,-0.4125
0.6812601089477539,459,-0.322265625
0.682509183883667,460,-0.502734375
0.6837780475616455,461,-0.30937499999999996
0.6849329471588135,462,0.0
0.6860909461975098,463,-0.103125
0.68721604347229,464,-0.348046875
0.6883680820465088,465,-0.605859375
0.6894800662994385,466,-0.837890625
0.6906850337982178,467,-1.2503906249999999
0.6921031475067139,468,-1.65
0.6936371326446533,469,-0.116015625
0.6952121257781982,470,-0.30937499999999996
0.6967771053314209,471,-0.502734375
0.6981971263885498,472,-0.24492187499999998
0.6996099948883057,473,-0.30937499999999996
0.70100998878479,474,-0.103125
0.703624963760376,475,-0.012890625
0.7053351402282715,476,-0.28359375
0.7066900730133057,477,-0.6703125
0.7084829807281494,478,-1.340625
0.7105071544647217,479,-0.09023437499999999
0.7119009494781494,480,-0.270703125
0.7131881713867188,481,-0.502734375
0.7143721580505371,482,-0.399609375
0.7155070304870605,483,-0.515625
0.7166211605072021,484,-0.38671875
0.7177779674530029,485,-0.064453125
0.7189199924468994,486,-0.012890625
0.720026969909668,487,-0.193359375
0.7212569713592529,488,-0.54140625
0.7227029800415039,489,-0.837890625
0.7241640090942383,490,-1.1214843749999999
0.7258501052856445,491,-1.65
0.7273941040039062,492,-0.103125
0.72890305519104,493,-0.399609375
0.730334997177124,494,-0.631640625
0.7321581840515137,495,-0.23203125
0.7347509860992432,496,-0.193359375
0.7363021373748779,497,-0.038671874999999994
0.7378859519958496,498,-0.270703125
0.7398190498352051,499,-0.605859375
0.7414970397949219,500,-1.069921875
0.7428271770477295,501,-0.064453125
0.7439961433410645,502,-0.167578125
0.7451469898223877,503,-0.399609375
0.7462561130523682,504,-0.37382812499999996
0.7473611831665039,505,-0.451171875
0.7484591007232666,506,-0.36093749999999997
0.7495920658111572,507,-0.399609375
0.7507171630859375,508,-0.21914062499999998
0.7519271373748779,509,-0.012890625
0.7539210319519043,510,-0.064453125
0.7556381225585938,511,-0.476953125
0.7573399543762207,512,-0.734765625
0.7589001655578613,513,-1.546875
0.7604150772094727,514,-0.02578125
0.7618210315704346,515,-0.21914062499999998
0.7643411159515381,516,-0.4640625
0.7665879726409912,517,-0.21914062499999998
0.768071174621582,518,0.451171875
0.7700901031494141,519,-0.038671874999999994
0.7718281745910645,520,-0.322265625
0.7732541561126709,521,-0.631640625
0.7744770050048828,522,-1.276171875
0.775644063949585,523,-1.65
0.7768449783325195,524,-0.20625
0.7779781818389893,525,-0.322265625
0.7790930271148682,526,-0.7476562499999999
0.7802109718322754,527,-0.4640625
0.7813441753387451,528,-0.20625
0.7825791835784912,529,-0.33515625
0.784060001373291,530,-0.20625
0.7855851650238037,531,-0.012890625
0.7871260643005371,532,-0.116015625
0.7886710166931152,533,-0.36093749999999997
0.7901201248168945,534,-0.399609375
0.7915961742401123,535,-1.0828125
0.7933580875396729,536,-1.65
0.7958400249481201,537,-0.270703125
0.7975161075592041,538,-0.54140625
0.7989990711212158,539,-0.4125
0.8009061813354492,540,-0.193359375
0.8027889728546143,541,0.0
0.8041441440582275,542,-0.20625
0.805427074432373,543,-0.580078125
0.8070759773254395,544,-0.708984375
0.8085510730743408,545,-1.4953124999999998
0.8098030090332031,546,0.0
0.8109509944915771,547,-0.21914062499999998
0.8120801448822021,548,-0.580078125
0.8134431838989258,549,-0.7863281249999999
0.8149139881134033,550,-0.36093749999999997
0.8164269924163818,551,-0.348046875
0.8180019855499268,552,-0.064453125
0.8195130825042725,553,-0.02578125
0.821073055267334,554,-0.322265625
0.8228659629821777,555,-0.6187499999999999
0.8255331516265869,556,-0.928125
0.8270940780639648,557,-0.23203125
0.828747034072876,558,-0.2578125
0.8308789730072021,559,-0.36093749999999997
0.8322820663452148,560,-0.4125
0.8335521221160889,561,-0.20625
0.8347370624542236,562,0.0
0.8358681201934814,563,-0.0515625
0.8369941711425781,564,-0.29648437499999997
0.8381471633911133,565,-0.54140625
0.8392560482025146,566,-0.79921875
0.840399980545044,567,-1.10859375
0.8415231704711914,568,-1.6371093749999999
0.8427131175994873,569,0.0
0.8439619541168213,570,-0.167578125
0.8454551696777344,571,-0.399609375
0.846959114074707,572,-0.4640625
0.8486380577087402,573,-0.270703125
0.850121021270752,574,-0.23203125
0.8514821529388428,575,-0.012890625
0.853175163269043,576,-0.07734374999999999
0.8558700084686279,577,-0.322265625
0.8574340343475342,578,-0.6703125
0.85915207862854,579,-1.5597656249999998
0.8610970973968506,580,0.0
0.8625249862670898,581,-0.399609375
0.8638050556182861,582,-0.43828124999999996
0.8649849891662598,583,-0.28359375
0.8661329746246338,584,-0.30937499999999996
0.8672921657562256,585,-0.20625
0.8686070442199707,586,0.0
0.8697819709777832,587,-0.02578125
0.8709321022033691,588,-0.4125
0.872046947479248,589,-0.6703125
0.8732361793518066,590,-0.825
0.8744781017303467,591,-1.41796875
0.8759021759033203,592,-1.65
0.8774089813232422,593,-0.12890625
0.8790121078491211,594,-0.4125
0.8805930614471436,595,-0.631640625
0.8819801807403564,596,-0.20625
0.8835070133209229,597,-0.09023437499999999
0.8855020999908447,598,-0.0515625
0.8879270553588867,599,-0.0515625
0.8894960880279541,600,-0.502734375
0.8910939693450928,601,-0.928125
0.893118143081665,602,-1.65
0.8947999477386475,603,-0.21914062499999998
0.8960649967193604,604,-0.7863281249999999
0.897266149520874,605,-0.5285156249999999
0.8984050750732422,606,-0.38671875
0.8995261192321777,607,-0.399609375
0.9006540775299072,608,-0.33515625
0.9018051624298096,609,-0.012890625
0.902987003326416,610,-0.0515625
0.9041130542755127,611,-0.348046875
0.9053800106048584,612,-0.6703125
0.9067971706390381,613,-0.8507812499999999
0.9082541465759277,614,-1.4308593749999998
0.9098701477050781,615,-0.167578125
0.9113571643829346,616,-0.2578125
0.9128589630126953,617,-0.631640625
0.9143359661102295,618,-0.580078125
0.9161331653594971,619,-0.30937499999999996
0.9188060760498047,620,-0.20625
0.9203701019287109,621,-0.038671874999999994
0.9219410419464111,622,-0.37382812499999996
0.9239029884338379,623,-0.734765625
0.9255330562591553,624,-1.4308593749999998
0.926854133605957,625,0.0
0.9280140399932861,626,-0.29648437499999997
0.9299230575561523,627,-0.5285156249999999
0.9310991764068604,628,-0.476953125
0.9322481155395508,629,-0.580078125
0.9334080219268799,630,-0.451171875
0.9345531463623047,631,-0.012890625
0.9357810020446777,632,-0.103125
0.9372210502624512,633,-0.21914062499999998
0.9386701583862305,634,-0.515625
0.940230131149292,635,-0.7476562499999999
0.9417600631713867,636,-1.3921875
0.9432799816131592,637,-0.012890625
0.9447109699249268,638,-0.24492187499999998
0.946727991104126,639,-0.708984375
0.9489600658416748,640,-0.37382812499999996
0.9505801200866699,641,-0.116015625
0.9528219699859619,642,0.012890625
0.9547431468963623,643,-0.193359375
0.956092119216919,644,-0.5285156249999999
0.957348108291626,645,-0.9796874999999999
0.9585220813751221,646,-1.5726562499999999
0.9596550464630127,647,0.0
0.9607930183410645,648,-0.21914062499999998
0.9619181156158447,649,-0.5671875
0.9630529880523682,650,-0.7734375
0.9641721248626709,651,-0.30937499999999996
0.9653351306915283,652,-0.30937499999999996
0.9665811061859131,653,-0.322265625
