time,count,voltage
0.005460977554321289,1,-0.15468749999999998
0.007010936737060547,2,-0.502734375
0.008419036865234375,3,-1.3664062499999998
0.009786844253540039,4,-0.322265625
0.011137008666992188,5,-0.322265625
0.012475013732910156,6,-0.23203125
0.013978958129882812,7,-0.167578125
0.015357017517089844,8,-0.36093749999999997
0.016914844512939453,9,-0.20625
0.01876688003540039,10,-0.012890625
0.020431995391845703,11,-0.02578125
0.02215099334716797,12,-0.064453125
0.02367997169494629,13,-0.631640625
0.02528095245361328,14,-1.405078125
0.026721954345703125,15,-0.37382812499999996
0.02820587158203125,16,-0.20625
0.029597997665405273,17,-0.18046874999999998
0.030956029891967773,18,-0.37382812499999996
0.032469987869262695,19,-0.38671875
0.03413891792297363,20,-0.18046874999999998
0.035832881927490234,21,-0.012890625
0.03753089904785156,22,-0.103125
0.03949284553527832,23,-0.038671874999999994
0.04113292694091797,24,-0.889453125
0.04279303550720215,25,-1.65
0.044484853744506836,26,-0.29648437499999997
0.04682803153991699,27,-0.20625
0.050601959228515625,28,-0.322265625
0.05308794975280762,29,0.30937499999999996
0.055348873138427734,30,-0.12890625
0.05797696113586426,31,-0.21914062499999998
0.06013798713684082,32,-1.482421875
0.06188201904296875,33,-0.270703125
0.06349396705627441,34,-0.09023437499999999
0.06505894660949707,35,-0.24492187499999998
0.06683206558227539,36,-0.15468749999999998
0.06850099563598633,37,0.0
0.0700218677520752,38,-0.064453125
0.07154393196105957,39,-0.20625
0.07305288314819336,40,-0.2578125
0.0745539665222168,41,-1.0828125
0.0940408706665039,42,-1.65
0.09628105163574219,43,-0.29648437499999997
0.09803295135498047,44,-0.193359375
0.09972405433654785,45,-0.12890625
0.1076059341430664,46,0.0
0.1096198558807373,47,-1.2890625
0.11135601997375488,48,-0.33515625
0.11319994926452637,49,-0.18046874999999998
0.11487793922424316,50,-0.33515625
0.11662697792053223,51,-0.15468749999999998
0.11829996109008789,52,0.0
0.12010788917541504,53,-0.103125
0.12460803985595703,54,-0.193359375
0.12633991241455078,55,-1.546875
0.128403902053833,56,-0.4125
0.1305239200592041,57,-0.21914062499999998
0.13254594802856445,58,-0.12890625
0.13411188125610352,59,0.20625
0.1355140209197998,60,-0.012890625
0.13686800003051758,61,-0.07734374999999999
0.13834095001220703,62,-0.167578125
0.14014196395874023,63,-0.399609375
0.14193201065063477,64,-1.276171875
0.14382195472717285,65,-0.4125
0.1456279754638672,66,-0.167578125
0.1473989486694336,67,-0.103125
0.14918184280395508,68,-0.348046875
0.15088105201721191,69,0.0
0.15265607833862305,70,-0.02578125
0.15566492080688477,71,-0.09023437499999999
0.15771484375,72,-0.29648437499999997
0.15952301025390625,73,-1.585546875
0.1613008975982666,74,-0.29648437499999997
0.16350388526916504,75,-0.270703125
0.16561198234558105,76,-0.33515625
0.1672060489654541,77,0.09023437499999999
0.16884207725524902,78,-0.02578125
0.17052602767944336,79,-0.02578125
0.17232584953308105,80,-0.103125
0.17419004440307617,81,-0.708984375
0.17599797248840332,82,-1.65
0.1776139736175537,83,-0.2578125
0.17955589294433594,84,-0.20625
0.18196797370910645,85,-0.15468749999999998
0.18449187278747559,86,-0.07734374999999999
0.1861710548400879,87,-0.0515625
0.18819189071655273,88,-0.141796875
0.1904749870300293,89,-0.064453125
0.1921980381011963,90,-1.2374999999999998
0.1934828758239746,91,-0.193359375
0.19462990760803223,92,-0.167578125
0.19579100608825684,93,-0.18046874999999998
0.19694185256958008,94,-0.07734374999999999
0.1981639862060547,95,-0.37382812499999996
0.19956588745117188,96,-0.33515625
0.20099592208862305,97,-0.012890625
0.20250892639160156,98,-0.0515625
0.20404291152954102,99,-0.103125
0.20545601844787598,100,-0.0515625
0.20684599876403809,101,-0.69609375
0.20858097076416016,102,-1.41796875
0.2109520435333252,103,-0.103125
0.21267294883728027,104,-0.270703125
0.21416091918945312,105,-0.09023437499999999
0.21602988243103027,106,-0.23203125
0.21772003173828125,107,0.0515625
0.21915793418884277,108,-0.0515625
0.22035884857177734,109,-0.15468749999999998
0.22156786918640137,110,-0.193359375
0.22268390655517578,111,-0.42539062499999997
0.22379398345947266,112,-1.095703125
0.22489690780639648,113,-1.65
0.22598600387573242,114,-0.12890625
0.22710204124450684,115,-0.21914062499999998
0.228302001953125,116,-0.12890625
0.2297379970550537,117,-0.167578125
0.23116707801818848,118,-0.33515625
0.23264384269714355,119,-0.29648437499999997
0.23412704467773438,120,-0.116015625
0.23550891876220703,121,-0.0515625
0.2369248867034912,122,-0.07734374999999999
0.23835992813110352,123,-0.20625
0.2408609390258789,124,-0.4125
0.2424929141998291,125,-1.5082031249999999
0.24389004707336426,126,-0.2578125
0.24576187133789062,127,-0.193359375
0.24759888648986816,128,-0.167578125
0.2490220069885254,129,-0.23203125
0.25019192695617676,130,0.012890625
0.2513389587402344,131,-0.012890625
0.252485990524292,132,-0.116015625
0.2536280155181885,133,-0.167578125
0.2547919750213623,134,-0.23203125
0.2559490203857422,135,-0.399609375
0.25706005096435547,136,-1.0828125
0.2582249641418457,137,-1.65
0.2595858573913574,138,-0.20625
0.2610740661621094,139,-0.399609375
0.26253795623779297,140,-0.15468749999999998
0.2640519142150879,141,-0.15468749999999998
0.2654428482055664,142,-0.270703125
0.26685190200805664,143,-0.116015625
0.268543004989624,144,-0.02578125
0.27114391326904297,145,-0.103125
0.27278900146484375,146,-0.0515625
0.27412891387939453,147,-0.928125
0.27608799934387207,148,-1.6371093749999999
0.2780759334564209,149,-0.141796875
0.27939486503601074,150,-0.21914062499999998
0.28056788444519043,151,-0.24492187499999998
0.2816948890686035,152,-0.36093749999999997
0.28279900550842285,153,-0.322265625
0.283905029296875,154,-0.012890625
0.2850639820098877,155,-0.02578125
0.286175012588501,156,-0.09023437499999999
0.287276029586792,157,-0.2578125
0.2885129451751709,158,-0.12890625
0.28989601135253906,159,-0.7218749999999999
0.29137492179870605,160,-1.340625
0.292949914932251,161,-0.322265625
0.2944760322570801,162,-0.322265625
0.29586005210876465,163,-0.20625
0.29721999168395996,164,-0.116015625
0.2989499568939209,165,-0.30937499999999996
0.30160999298095703,166,-0.167578125
0.3032050132751465,167,-0.103125
0.30473995208740234,168,-0.20625
0.30664491653442383,169,-0.167578125
0.30827903747558594,170,-1.173046875
0.30962204933166504,171,-0.21914062499999998
0.3107879161834717,172,-0.29648437499999997
0.31191205978393555,173,-0.29648437499999997
0.3130359649658203,174,-0.12890625
0.31413793563842773,175,-0.322265625
0.31525588035583496,176,-0.43828124999999996
0.3163628578186035,177,-0.30937499999999996
0.3175230026245117,178,0.012890625
0.31870198249816895,179,-0.0515625
0.3200969696044922,180,-0.064453125
0.3215310573577881,181,-0.23203125
0.3231210708618164,182,-0.33515625
0.32473301887512207,183,-1.173046875
0.3261559009552002,184,-0.193359375
0.3275630474090576,185,-0.28359375
0.32929396629333496,186,-0.20625
0.331712007522583,187,-0.0515625
0.3333280086517334,188,0.0515625
0.3348078727722168,189,-0.012890625
0.3367428779602051,190,-0.103125
0.3384530544281006,191,-0.20625
0.3398120403289795,192,-0.42539062499999997
0.341048002243042,193,-1.224609375
0.3421919345855713,194,-1.5984375
0.34330296516418457,195,-0.2578125
0.34439897537231445,196,-0.12890625
0.3454909324645996,197,-0.20625
0.3465769290924072,198,-0.20625
0.34769296646118164,199,-0.502734375
0.3488779067993164,200,-0.5285156249999999
0.35030388832092285,201,-0.322265625
0.35181498527526855,202,-0.012890625
0.35344386100769043,203,-0.064453125
0.35492396354675293,204,-0.15468749999999998
0.35645389556884766,205,-0.33515625
0.3578639030456543,206,-1.173046875
0.3597278594970703,207,-0.95390625
0.36206698417663574,208,-0.270703125
0.3635878562927246,209,-0.20625
0.3650949001312256,210,-0.4125
0.36713600158691406,211,-0.33515625
0.3688240051269531,212,-0.012890625
0.37009406089782715,213,-0.064453125
0.37128305435180664,214,-0.167578125
0.37244701385498047,215,-0.270703125
0.3735959529876709,216,-0.992578125
0.3752329349517822,217,-1.546875
0.3764050006866455,218,-0.21914062499999998
0.37752604484558105,219,-0.2578125
0.3786489963531494,220,-0.270703125
0.37984204292297363,221,0.0
0.38133907318115234,222,-0.30937499999999996
0.3828239440917969,223,-0.28359375
0.3844149112701416,224,-0.012890625
0.38594603538513184,225,-0.0515625
0.38741493225097656,226,-0.15468749999999998
0.38893890380859375,227,-0.0515625
0.39080190658569336,228,-0.7476562499999999
0.39310503005981445,229,-1.4953124999999998
0.39460086822509766,230,-0.451171875
0.39623188972473145,231,-0.193359375
0.3984549045562744,232,-0.012890625
0.39998698234558105,233,0.09023437499999999
0.4012269973754883,234,0.0
0.402371883392334,235,-0.103125
0.40349507331848145,236,-0.167578125
0.40464091300964355,237,-0.23203125
0.40575289726257324,238,-0.322265625
0.406857967376709,239,-1.018359375
0.40801191329956055,240,-1.5597656249999998
0.4091339111328125,241,-0.167578125
0.41030001640319824,242,-0.270703125
0.41173386573791504,243,-0.193359375
0.41325807571411133,244,-0.15468749999999998
0.4148678779602051,245,-0.2578125
0.41646885871887207,246,-0.18046874999999998
0.41796398162841797,247,0.0
0.419435977935791,248,-0.103125
0.42133092880249023,249,-0.18046874999999998
0.4237039089202881,250,-0.103125
0.42522406578063965,251,-1.26328125
0.426710844039917,252,-0.2578125
0.42871999740600586,253,-0.24492187499999998
0.43043088912963867,254,-0.103125
0.43175387382507324,255,-0.38671875
0.43292903900146484,256,-0.2578125
0.43404388427734375,257,0.012890625
0.4351930618286133,258,-0.0515625
0.4363069534301758,259,-0.064453125
0.43744492530822754,260,-0.21914062499999998
0.4385859966278076,261,-0.12890625
0.4396848678588867,262,-0.734765625
0.4408390522003174,263,-1.3019531249999998
0.44223785400390625,264,-1.65
0.4437289237976074,265,-0.193359375
0.44531893730163574,266,-0.116015625
0.44684791564941406,267,-0.103125
0.4483199119567871,268,-0.42539062499999997
0.4497828483581543,269,-0.29648437499999997
0.4519360065460205,270,0.012890625
0.45458292961120605,271,-0.09023437499999999
0.45609498023986816,272,-0.02578125
0.45760393142700195,273,-0.9796874999999999
0.45966506004333496,274,-1.6371093749999999
0.4613208770751953,275,-0.28359375
0.46262192726135254,276,-0.193359375
0.46378588676452637,277,-0.103125
0.46491384506225586,278,-0.322265625
0.46602392196655273,279,-0.270703125
0.46714091300964355,280,-0.0515625
0.46827006340026855,281,-0.012890625
0.4693939685821533,282,-0.103125
0.47051286697387695,283,-0.2578125
0.4717428684234619,284,-0.15468749999999998
0.4731259346008301,285,-0.631640625
0.47456884384155273,286,-1.3148437499999999
0.4761030673980713,287,-0.399609375
0.4777510166168213,288,-0.270703125
0.4793088436126709,289,-0.29648437499999997
0.4808330535888672,290,-0.038671874999999994
0.4833340644836426,291,-0.167578125
0.48523497581481934,292,0.0515625
0.4868149757385254,293,-0.012890625
0.4889700412750244,294,-0.20625
0.49044203758239746,295,-0.580078125
0.49170494079589844,296,-1.5082031249999999
0.4928619861602783,297,-0.33515625
0.49402594566345215,298,-0.30937499999999996
0.4951648712158203,299,-0.24492187499999998
0.49627089500427246,300,-0.193359375
0.49736690521240234,301,-0.322265625
0.49855685234069824,302,-0.4125
0.499722957611084,303,-0.29648437499999997
0.5008668899536133,304,0.012890625
0.502126932144165,305,-0.0515625
0.5035519599914551,306,-0.07734374999999999
0.5049829483032227,307,-0.20625
0.5065300464630127,308,-0.4640625
0.5080339908599854,309,-1.2503906249999999
0.5095710754394531,310,-0.09023437499999999
0.5109648704528809,311,-0.33515625
0.5136208534240723,312,-0.20625
0.5152769088745117,313,-0.12890625
0.5170319080352783,314,-0.012890625
0.5191159248352051,315,-0.012890625
0.5204339027404785,316,-0.064453125
0.5216028690338135,317,-0.103125
0.5227270126342773,318,-0.515625
0.5238418579101562,319,-1.147265625
0.5249829292297363,320,-1.65
0.5261118412017822,321,-0.15468749999999998
0.5272290706634521,322,-0.399609375
0.5283608436584473,323,-0.064453125
0.5294890403747559,324,-0.103125
0.5305860042572021,325,-0.33515625
0.5317189693450928,326,-0.4640625
0.5329110622406006,327,-0.38671875
0.5343599319458008,328,0.0
0.535801887512207,329,-0.064453125
0.5373339653015137,330,-0.15468749999999998
0.5389699935913086,331,-0.09023437499999999
0.5405418872833252,332,-0.7863281249999999
0.5418710708618164,333,-1.5726562499999999
0.5445430278778076,334,-0.20625
0.546165943145752,335,-0.29648437499999997
0.5477800369262695,336,-0.30937499999999996
0.5500760078430176,337,-0.322265625
0.551455020904541,338,0.0
0.5526299476623535,339,-0.103125
0.5537629127502441,340,-0.23203125
0.5548689365386963,341,-0.193359375
0.5559899806976318,342,-0.5285156249999999
0.5571658611297607,343,-1.147265625
0.5583059787750244,344,-1.65
0.5594210624694824,345,-0.167578125
0.5605590343475342,346,-0.37382812499999996
0.5619199275970459,347,-0.23203125
0.5632190704345703,348,-0.012890625
0.5647299289703369,349,-0.29648437499999997
0.5662169456481934,350,-0.21914062499999998
0.567755937576294,351,-0.012890625
0.5694520473480225,352,-0.0515625
0.570915937423706,353,-0.20625
0.5726468563079834,354,-0.064453125
0.5752809047698975,355,-0.889453125
0.5769438743591309,356,-0.36093749999999997
0.5786080360412598,357,-0.103125
0.5807039737701416,358,-0.07734374999999999
0.5821139812469482,359,-0.322265625
0.5834908485412598,360,-0.02578125
0.5846409797668457,361,0.0
0.5857548713684082,362,-0.15468749999999998
0.5868690013885498,363,-0.18046874999999998
0.5881130695343018,364,-0.2578125
0.5892460346221924,365,-0.4125
0.5903589725494385,366,-1.095703125
0.5914709568023682,367,-1.65
0.5925619602203369,368,-0.0515625
0.5937550067901611,369,-0.270703125
0.5952329635620117,370,-0.15468749999999998
0.5967419147491455,371,0.012890625
0.5983729362487793,372,-0.37382812499999996
0.5998630523681641,373,-0.23203125
0.6011519432067871,374,0.0
0.6024360656738281,375,-0.12890625
0.6050159931182861,376,-0.12890625
0.606889009475708,377,-0.02578125
0.6083579063415527,378,-1.2503906249999999
0.6102819442749023,379,-0.399609375
0.612177848815918,380,-0.15468749999999998
0.6135480403900146,381,-0.12890625
0.6147358417510986,382,-0.36093749999999997
0.6158709526062012,383,-0.322265625
0.6169819831848145,384,-0.09023437499999999
0.6181199550628662,385,-0.02578125
0.6192688941955566,386,-0.12890625
0.620384931564331,387,-0.21914062499999998
0.6215569972991943,388,-0.167578125
0.6226580142974854,389,-0.5671875
0.6238269805908203,390,-1.173046875
0.6252338886260986,391,-1.65
0.626662015914917,392,-0.23203125
0.6283440589904785,393,-0.116015625
0.6299459934234619,394,-0.193359375
0.6313300132751465,395,-0.20625
0.6327118873596191,396,-0.193359375
0.6345210075378418,397,-0.0515625
0.6369719505310059,398,-0.012890625
0.6386339664459229,399,-0.12890625
0.6402299404144287,400,-0.6703125
0.6421799659729004,401,-1.3921875
0.6438808441162109,402,-0.270703125
0.6455090045928955,403,-0.193359375
0.6470589637756348,404,-0.103125
0.6487119197845459,405,-0.36093749999999997
0.6502969264984131,406,-0.103125
0.6517930030822754,407,-0.02578125
0.6530120372772217,408,-0.0515625
0.6543068885803223,409,-0.2578125
0.655811071395874,410,-0.0515625
0.6572039127349854,411,-0.889453125
0.6589000225067139,412,-1.611328125
0.6606278419494629,413,-0.20625
0.6621189117431641,414,-0.20625
0.664046049118042,415,-0.09023437499999999
0.6663429737091064,416,-0.43828124999999996
0.6679599285125732,417,0.012890625
0.6700730323791504,418,-0.12890625
0.6718628406524658,419,-0.20625
0.6731159687042236,420,-0.5671875
0.6742589473724365,421,-1.2890625
0.675386905670166,422,-1.611328125
0.6765298843383789,423,-0.21914062499999998
0.6776809692382812,424,-0.12890625
0.6788308620452881,425,-0.24492187499999998
0.6799709796905518,426,-0.064453125
0.6810839176177979,427,-0.4640625
0.6821849346160889,428,-0.4640625
0.6833019256591797,429,-0.29648437499999997
0.6845359802246094,430,-0.012890625
0.6859798431396484,431,-0.12890625
0.6874420642852783,432,-0.167578125
0.6890320777893066,433,-0.07734374999999999
