time,count,voltage
0.005514860153198242,1,-1.0828125
0.0073168277740478516,2,0.012890625
0.008881807327270508,3,0.0
0.010316848754882812,4,-0.116015625
0.011703014373779297,5,-0.21914062499999998
0.013120889663696289,6,-0.07734374999999999
0.01455998420715332,7,0.012890625
0.015938997268676758,8,-0.012890625
0.01731586456298828,9,-0.0515625
0.018841028213500977,10,-0.322265625
0.02055191993713379,11,-0.6832031249999999
0.022202014923095703,12,-1.611328125
0.02394700050354004,13,-0.07734374999999999
0.02551102638244629,14,-0.09023437499999999
0.027257919311523438,15,-0.15468749999999998
0.028848886489868164,16,-0.15468749999999998
0.0302579402923584,17,0.141796875
0.03160500526428223,18,0.012890625
0.032930850982666016,19,0.0
0.034420013427734375,20,-0.21914062499999998
0.03608584403991699,21,-0.29648437499999997
0.03796100616455078,22,-0.992578125
0.03962898254394531,23,0.0
0.04137301445007324,24,0.012890625
0.04296994209289551,25,-0.28359375
0.04458498954772949,26,-0.09023437499999999
0.046263933181762695,27,-0.09023437499999999
0.047991037368774414,28,0.0
0.04973101615905762,29,0.0
0.051915884017944336,30,-0.167578125
0.0546870231628418,31,-0.23203125
0.05713796615600586,32,-1.65
0.058879852294921875,33,-0.15468749999999998
0.06064486503601074,34,-0.167578125
0.06284594535827637,35,-0.167578125
0.06496191024780273,36,0.21914062499999998
0.06678891181945801,37,-0.012890625
0.06845688819885254,38,-0.30937499999999996
0.0699009895324707,39,-0.451171875
0.07127690315246582,40,-1.353515625
0.07262897491455078,41,0.0
0.07396602630615234,42,0.0
0.07529091835021973,43,-0.09023437499999999
0.07664203643798828,44,-0.270703125
0.07806801795959473,45,-0.37382812499999996
0.07947087287902832,46,-0.20625
0.08081698417663574,47,0.0
0.08213400840759277,48,-0.012890625
0.08347487449645996,49,-0.012890625
0.08482003211975098,50,-0.33515625
0.0861518383026123,51,-0.322265625
0.08756184577941895,52,-1.134375
0.08899688720703125,53,0.012890625
0.09037303924560547,54,-0.038671874999999994
0.09201788902282715,55,0.0
0.09372186660766602,56,-0.23203125
0.09549093246459961,57,-0.23203125
0.09729385375976562,58,0.09023437499999999
0.09909701347351074,59,-0.02578125
0.10071682929992676,60,-0.02578125
0.1023099422454834,61,-0.33515625
0.10388302803039551,62,-0.7734375
0.1064918041229248,63,-1.5597656249999998
0.10821199417114258,64,-0.15468749999999998
0.10977602005004883,65,-0.322265625
0.11184501647949219,66,-0.167578125
0.11339402198791504,67,0.07734374999999999
0.11459589004516602,68,0.0
0.11573290824890137,69,0.0
0.11691498756408691,70,-0.064453125
0.11807584762573242,71,-0.33515625
0.1192619800567627,72,-0.33515625
0.12065887451171875,73,-1.0828125
0.12212395668029785,74,-1.65
0.12368297576904297,75,0.0
0.12519288063049316,76,-0.20625
0.12662386894226074,77,-0.23203125
0.12826085090637207,78,-0.37382812499999996
0.13077998161315918,79,-0.103125
0.13240981101989746,80,0.0
0.13394594192504883,81,-0.012890625
0.13602685928344727,82,-0.36093749999999997
0.13766002655029297,83,-0.8507812499999999
0.13886594772338867,84,0.0
0.14000988006591797,85,0.012890625
0.14113283157348633,86,-0.20625
0.14224600791931152,87,-0.37382812499999996
0.14335298538208008,88,-0.12890625
0.14446783065795898,89,-0.30937499999999996
0.14557290077209473,90,-0.29648437499999997
0.14666485786437988,91,-0.116015625
0.14782190322875977,92,0.012890625
0.14892792701721191,93,-0.012890625
0.15013599395751953,94,-0.02578125
0.15151691436767578,95,-0.399609375
0.15295886993408203,96,-0.322265625
0.15449881553649902,97,-1.198828125
0.15600299835205078,98,0.0
0.15743494033813477,99,0.0
0.1590118408203125,100,-0.0515625
0.16131591796875,101,-0.193359375
0.16327500343322754,102,-0.07734374999999999
0.16474485397338867,103,0.0
0.16677188873291016,104,0.0
0.16851091384887695,105,-0.2578125
0.16974496841430664,106,-0.476953125
0.17090296745300293,107,-1.3019531249999998
0.17202997207641602,108,0.0
0.17314982414245605,109,-0.064453125
0.17426586151123047,110,-0.103125
0.1753699779510498,111,-0.20625
0.17646098136901855,112,-0.270703125
0.17757892608642578,113,-0.30937499999999996
0.17868590354919434,114,-0.37382812499999996
0.17981600761413574,115,-0.18046874999999998
0.18097901344299316,116,0.0
0.18231201171875,117,0.0
0.1837630271911621,118,-0.012890625
0.18524384498596191,119,-0.33515625
0.18675994873046875,120,-0.515625
0.188370943069458,121,-1.4437499999999999
0.1899278163909912,122,0.0
0.1922438144683838,123,-0.167578125
0.1942739486694336,124,-0.23203125
0.1957228183746338,125,-0.322265625
0.19777894020080566,126,0.038671874999999994
0.1994638442993164,127,0.0
0.20072603225708008,128,-0.12890625
0.20187687873840332,129,-0.322265625
0.20299386978149414,130,-0.631640625
0.20410394668579102,131,-1.340625
0.20520687103271484,132,-0.012890625
0.20630097389221191,133,0.0
0.20747780799865723,134,-0.12890625
0.2085869312286377,135,-0.116015625
0.2096860408782959,136,-0.18046874999999998
0.2107868194580078,137,0.0
0.21193480491638184,138,-0.23203125
0.21329188346862793,139,-0.12890625
0.21471500396728516,140,0.012890625
0.21622180938720703,141,0.0
0.21786284446716309,142,-0.12890625
0.21930694580078125,143,-0.270703125
0.22069001197814941,144,-0.992578125
0.22287487983703613,145,-1.65
0.2249469757080078,146,-0.012890625
0.22639083862304688,147,-0.37382812499999996
0.22841501235961914,148,-0.0515625
0.2301650047302246,149,0.09023437499999999
0.231428861618042,150,0.012890625
0.23258185386657715,151,-0.012890625
0.2337179183959961,152,-0.116015625
0.23481988906860352,153,-0.43828124999999996
0.23592400550842285,154,-0.4125
0.23705196380615234,155,-1.134375
0.23817992210388184,156,-1.65
0.23927688598632812,157,0.0
0.24036884307861328,158,-0.012890625
0.24145984649658203,159,-0.012890625
0.2426009178161621,160,-0.4640625
0.24394893646240234,161,-0.116015625
0.24539780616760254,162,-0.36093749999999997
0.24696898460388184,163,-0.064453125
0.24860286712646484,164,0.0
0.2500448226928711,165,-0.02578125
0.2515838146209717,166,-0.322265625
0.2540738582611084,167,-0.33515625
0.2559049129486084,168,-1.456640625
0.2573518753051758,169,-0.012890625
0.2593979835510254,170,-0.064453125
0.2610659599304199,171,-0.12890625
0.2623419761657715,172,-0.20625
0.26348400115966797,173,0.038671874999999994
0.26460886001586914,174,-0.012890625
0.2657129764556885,175,-0.012890625
0.2668149471282959,176,-0.0515625
0.26800084114074707,177,-0.37382812499999996
0.26919984817504883,178,-0.399609375
0.27034497261047363,179,-1.044140625
0.27146387100219727,180,-1.65
0.2726168632507324,181,0.0
0.273967981338501,182,-0.064453125
0.27541685104370117,183,0.0
0.27699995040893555,184,-0.2578125
0.2786529064178467,185,-0.29648437499999997
0.2800929546356201,186,0.038671874999999994
0.28145790100097656,187,0.0
0.28373003005981445,188,-0.012890625
0.2856919765472412,189,-0.20625
0.28722190856933594,190,-0.7218749999999999
0.28928184509277344,191,-1.5597656249999998
0.29091691970825195,192,0.0
0.2921769618988037,193,-0.20625
0.2933659553527832,194,-0.09023437499999999
0.2945058345794678,195,-0.270703125
0.29561591148376465,196,-0.270703125
0.2967560291290283,197,-0.09023437499999999
0.29796695709228516,198,0.0
0.2990689277648926,199,-0.012890625
0.3001749515533447,200,-0.0515625
0.30127596855163574,201,-0.399609375
0.3023829460144043,202,-0.33515625
0.3036348819732666,203,-0.9796874999999999
0.30503082275390625,204,-1.611328125
0.3064708709716797,205,0.0
0.30798792839050293,206,-0.103125
0.3095569610595703,207,-0.30937499999999996
0.31099891662597656,208,-0.12890625
0.3124849796295166,209,-0.20625
0.31465792655944824,210,0.09023437499999999
0.3166790008544922,211,0.0
0.3182218074798584,212,-0.270703125
0.3200218677520752,213,-0.29648437499999997
0.3219778537750244,214,-1.2503906249999999
0.32341504096984863,215,0.0
0.3246040344238281,216,-0.193359375
0.3257479667663574,217,-0.37382812499999996
0.32692694664001465,218,-0.103125
0.32807302474975586,219,-0.29648437499999997
0.3291938304901123,220,-0.20625
0.3302898406982422,221,0.012890625
0.3318819999694824,222,0.012890625
0.3330650329589844,223,-0.012890625
0.3342440128326416,224,-0.29648437499999997
0.335629940032959,225,-0.4125
0.33713197708129883,226,-0.8765624999999999
0.3386828899383545,227,-1.65
0.34024882316589355,228,-0.02578125
0.3416438102722168,229,-0.103125
0.34300684928894043,230,-0.2578125
0.34531092643737793,231,-0.07734374999999999
0.3472728729248047,232,0.038671874999999994
0.3486788272857666,233,-0.012890625
0.3502769470214844,234,-0.012890625
0.35222482681274414,235,-0.29648437499999997
0.3581078052520752,236,-0.5929687499999999
0.35942888259887695,237,-0.734765625
0.36073899269104004,238,-0.12890625
0.3620009422302246,239,-0.37382812499999996
0.36701083183288574,240,-0.193359375
0.36899590492248535,241,0.0
0.3703639507293701,242,-0.580078125
0.37166380882263184,243,-1.456640625
0.37301087379455566,244,0.0
0.3744618892669678,245,-0.07734374999999999
0.37591099739074707,246,-0.23203125
0.37742090225219727,247,-0.09023437499999999
0.3789069652557373,248,-0.36093749999999997
0.3803379535675049,249,-0.0515625
0.38165998458862305,250,0.012890625
0.3830690383911133,251,-0.012890625
0.3849940299987793,252,-0.20625
0.38720083236694336,253,-0.2578125
0.3898890018463135,254,-1.2890625
0.3921668529510498,255,0.0
0.3982079029083252,256,-0.322265625
0.40811896324157715,257,-0.20625
0.4095020294189453,258,-0.33515625
0.4107239246368408,259,-0.064453125
0.41192197799682617,260,-0.29648437499999997
0.4131169319152832,261,-0.12890625
0.41429901123046875,262,0.0
0.4155299663543701,263,-0.012890625
0.4169759750366211,264,-0.012890625
0.41840100288391113,265,-0.37382812499999996
0.41980886459350586,266,-0.4125
0.42122602462768555,267,-1.3148437499999999
0.422637939453125,268,0.0
0.4240598678588867,269,0.0
0.42961597442626953,270,-0.064453125
0.4310150146484375,271,0.0
0.43231892585754395,272,0.0
0.4335479736328125,273,0.0
0.4347870349884033,274,-0.36093749999999997
0.43605589866638184,275,-0.33515625
0.4373509883880615,276,-1.095703125
0.4385809898376465,277,-1.52109375
0.43976783752441406,278,0.0
0.44098687171936035,279,-0.167578125
0.44223785400390625,280,-0.20625
0.4434928894042969,281,-0.141796875
0.4446899890899658,282,-0.24492187499999998
0.4458949565887451,283,-0.21914062499999998
0.44722580909729004,284,0.0
0.449016809463501,285,0.0
0.4510679244995117,286,-0.02578125
0.45311903953552246,287,-0.270703125
0.4594879150390625,288,-0.992578125
0.46143198013305664,289,-0.02578125
0.463407039642334,290,-0.09023437499999999
0.4652979373931885,291,0.012890625
0.4680938720703125,292,-0.02578125
0.46956801414489746,293,-0.12890625
0.47151684761047363,294,-1.044140625
0.473268985748291,295,0.0
0.47490501403808594,296,-0.0515625
0.4778578281402588,297,-0.33515625
0.4798929691314697,298,-0.103125
0.4821288585662842,299,0.0
0.48403096199035645,300,-0.012890625
0.497769832611084,301,-0.322265625
0.49959588050842285,302,-0.54140625
0.5009918212890625,303,-0.18046874999999998
0.5027480125427246,304,-0.33515625
0.5046889781951904,305,-0.928125
0.5062248706817627,306,0.0
0.5075879096984863,307,0.0
0.5087740421295166,308,-0.15468749999999998
0.5099148750305176,309,-0.167578125
0.5110378265380859,310,-0.37382812499999996
0.5121698379516602,311,-0.37382812499999996
0.5132718086242676,312,-0.15468749999999998
0.5143859386444092,313,0.012890625
0.5154788494110107,314,0.0
0.516671895980835,315,-0.012890625
0.5181670188903809,316,-0.322265625
0.5196390151977539,317,-0.322265625
0.5211708545684814,318,-1.16015625
0.5226898193359375,319,0.0
0.5241060256958008,320,0.0
0.5255579948425293,321,-0.15468749999999998
0.5270168781280518,322,-0.15468749999999998
0.5293548107147217,323,-0.21914062499999998
0.5312538146972656,324,0.15468749999999998
0.5326919555664062,325,0.0
0.5343070030212402,326,-0.103125
0.5362908840179443,327,-0.33515625
0.5378148555755615,328,-1.03125
0.539038896560669,329,-0.012890625
0.5402019023895264,330,0.0
0.5413258075714111,331,-0.167578125
0.5424408912658691,332,-0.322265625
0.5435459613800049,333,-0.09023437499999999
0.5446498394012451,334,-0.33515625
0.5457398891448975,335,-0.33515625
0.5469419956207275,336,-0.038671874999999994
0.5483198165893555,337,0.0
0.5497758388519287,338,-0.012890625
0.5512239933013916,339,-0.2578125
0.5528409481048584,340,-0.29648437499999997
0.5543248653411865,341,-1.044140625
0.5557928085327148,342,0.0
0.5572409629821777,343,-0.012890625
0.5596458911895752,344,-0.116015625
0.5615208148956299,345,-0.09023437499999999
0.5629909038543701,346,0.012890625
0.5646908283233643,347,0.012890625
0.566605806350708,348,0.0
0.5681049823760986,349,-0.20625
0.5692930221557617,350,-0.193359375
0.570518970489502,351,-0.992578125
0.5716838836669922,352,-1.65
0.572800874710083,353,0.012890625
0.5764849185943604,354,-0.064453125
0.5781099796295166,355,-0.038671874999999994
0.579704999923706,356,-0.07734374999999999
0.5811119079589844,357,0.012890625
0.5826718807220459,358,0.012890625
0.5841069221496582,359,-0.064453125
0.5855488777160645,360,-0.37382812499999996
0.5870869159698486,361,-0.708984375
0.5899078845977783,362,-1.546875
0.5915188789367676,363,-0.012890625
0.592857837677002,364,-0.33515625
0.5946018695831299,365,-0.103125
0.5966329574584961,366,-0.20625
0.5984408855438232,367,0.0
0.599653959274292,368,-0.02578125
0.6007969379425049,369,-0.23203125
0.6019039154052734,370,-0.4125
0.6030080318450928,371,-0.69609375
0.6040959358215332,372,-1.340625
0.6052358150482178,373,0.0
0.6063230037689209,374,0.0
0.6075639724731445,375,-0.116015625
0.6089239120483398,376,-0.167578125
0.6103830337524414,377,-0.167578125
0.6118419170379639,378,-0.20625
0.6135408878326416,379,-0.0515625
0.6150128841400146,380,0.0
0.6165039539337158,381,-0.012890625
0.6181139945983887,382,-0.23203125
0.6210219860076904,383,-0.322265625
0.6227068901062012,384,-1.5082031249999999
0.6243259906768799,385,0.0
0.6263878345489502,386,-0.193359375
0.6278560161590576,387,-0.12890625
0.6290838718414307,388,-0.12890625
0.6302688121795654,389,0.0515625
0.6313979625701904,390,0.012890625
0.632498025894165,391,-0.038671874999999994
0.6336038112640381,392,-0.07734374999999999
0.6347088813781738,393,-0.36093749999999997
0.6358499526977539,394,-0.322265625
0.6370069980621338,395,-1.018359375
0.6383018493652344,396,-1.611328125
0.6397418975830078,397,0.012890625
0.6411898136138916,398,-0.103125
0.6427369117736816,399,-0.2578125
0.6443359851837158,400,-0.116015625
0.6458008289337158,401,-0.2578125
0.6470949649810791,402,0.0515625
0.6495528221130371,403,-0.012890625
0.651324987411499,404,-0.012890625
0.6529388427734375,405,-0.20625
0.6550698280334473,406,-0.9796874999999999
0.65653395652771,407,0.0
0.6577479839324951,408,-0.116015625
0.6589128971099854,409,-0.322265625
0.6600430011749268,410,-0.0515625
0.6612119674682617,411,-0.33515625
0.6623499393463135,412,-0.29648437499999997
0.6634609699249268,413,-0.09023437499999999
0.6645920276641846,414,-0.012890625
0.6656818389892578,415,0.0
0.6667718887329102,416,-0.02578125
0.6679680347442627,417,-0.399609375
0.6691739559173584,418,-0.33515625
0.6706140041351318,419,-0.992578125
0.6720459461212158,420,-1.65
0.6735968589782715,421,-0.012890625
0.6756110191345215,422,-0.12890625
0.6771349906921387,423,-0.29648437499999997
0.6791138648986816,424,-0.20625
0.6814649105072021,425,0.038671874999999994
0.6828570365905762,426,-0.012890625
0.6847999095916748,427,-0.15468749999999998
0.6866998672485352,428,-0.348046875
0.688060998916626,429,-1.3148437499999999
0.6892318725585938,430,0.0
0.6903538703918457,431,0.0
0.6914839744567871,432,-0.012890625
0.6926279067993164,433,-0.37382812499999996
0.6937878131866455,434,-0.193359375
0.694890022277832,435,-0.4125
0.6959919929504395,436,-0.33515625
0.6971158981323242,437,0.012890625
0.6982078552246094,438,0.0
0.6994349956512451,439,-0.012890625
0.700937032699585,440,-0.09023437499999999
0.7024028301239014,441,-0.36093749999999997
0.7039508819580078,442,-0.90234375
0.7054569721221924,443,-1.65
0.7069439888000488,444,-0.0515625
0.7084708213806152,445,-0.141796875
0.7107000350952148,446,-0.322265625
