time,count,voltage
0.004497051239013672,1,-0.37382812499999996
0.005898952484130859,2,-0.24492187499999998
0.007267951965332031,3,-0.15468749999999998
0.008452892303466797,4,-0.064453125
0.009627103805541992,5,-0.038671874999999994
0.010773897171020508,6,-0.12890625
0.011898040771484375,7,-0.4125
0.013019084930419922,8,-0.708984375
0.014147043228149414,9,-0.8507812499999999
0.015269994735717773,10,-1.456640625
0.01638197898864746,11,-0.12890625
0.020215988159179688,12,-0.064453125
0.02174210548400879,13,-0.4125
0.02315497398376465,14,-0.30937499999999996
0.02448296546936035,15,-0.167578125
0.0256650447845459,16,-0.012890625
0.026818037033081055,17,-0.09023437499999999
0.02794790267944336,18,-0.2578125
0.029087066650390625,19,-0.605859375
0.030231952667236328,20,-0.760546875
0.031369924545288086,21,-1.198828125
0.03247809410095215,22,-1.65
0.03376889228820801,23,-0.012890625
0.03521609306335449,24,-0.29648437499999997
0.03666400909423828,25,-0.37382812499999996
0.0382540225982666,26,-0.5929687499999999
0.0412750244140625,27,-0.33515625
0.043263912200927734,28,-0.02578125
0.045725107192993164,29,-0.103125
0.04721403121948242,30,-0.515625
0.04901695251464844,31,-1.10859375
0.05106806755065918,32,-1.65
0.052462100982666016,33,-0.36093749999999997
0.0536649227142334,34,-0.348046875
0.054956912994384766,35,-0.4125
0.05632209777832031,36,-0.30937499999999996
0.05756092071533203,37,-0.167578125
0.05872011184692383,38,0.0
0.0599210262298584,39,-0.064453125
0.06105399131774902,40,-0.20625
0.062222957611083984,41,-0.515625
0.06334805488586426,42,-0.7218749999999999
0.0644679069519043,43,-1.10859375
0.06559395790100098,44,-1.611328125
0.06670808792114258,45,-0.038671874999999994
0.06791996955871582,46,-0.18046874999999998
0.06911897659301758,47,-0.38671875
0.070281982421875,48,-0.4125
0.07141494750976562,49,-0.30937499999999996
0.0725250244140625,50,-0.28359375
0.07363200187683105,51,-0.30937499999999996
0.07476496696472168,52,-0.18046874999999998
0.07587289810180664,53,0.0
0.07698988914489746,54,-0.064453125
0.07810091972351074,55,-0.29648437499999997
0.07929706573486328,56,-0.6574218749999999
0.0805211067199707,57,-0.7218749999999999
0.08182597160339355,58,-1.327734375
0.08329010009765625,59,-1.6371093749999999
0.08472609519958496,60,0.0
0.08632397651672363,61,-0.322265625
0.08774995803833008,62,-0.502734375
0.08924603462219238,63,-0.12890625
0.09119105339050293,64,-0.167578125
0.0934140682220459,65,0.038671874999999994
0.0948629379272461,66,-0.116015625
0.09666991233825684,67,-0.515625
0.09860992431640625,68,-0.7734375
0.09998011589050293,69,-1.65
0.10117411613464355,70,-0.21914062499999998
0.1024169921875,71,-0.348046875
0.10358190536499023,72,-0.37382812499999996
0.10472297668457031,73,-0.631640625
0.10585689544677734,74,-0.29648437499999997
0.10697102546691895,75,-0.322265625
0.10806798934936523,76,-0.15468749999999998
0.10918211936950684,77,-0.02578125
0.11036801338195801,78,-0.09023437499999999
0.11161208152770996,79,-0.23203125
0.11307311058044434,80,-0.631640625
0.1145009994506836,81,-0.837890625
0.11601996421813965,82,-1.5726562499999999
0.1174778938293457,83,-0.012890625
0.11902093887329102,84,-0.30937499999999996
0.12047410011291504,85,-0.30937499999999996
0.12209701538085938,86,-0.33515625
0.12446308135986328,87,-0.48984374999999997
0.1261439323425293,88,0.0
0.12764406204223633,89,-0.09023437499999999
0.1295299530029297,90,-0.33515625
0.13130402565002441,91,-0.605859375
0.13265299797058105,92,-1.4953124999999998
0.13389301300048828,93,0.0
0.1350541114807129,94,-0.30937499999999996
0.13619089126586914,95,-0.322265625
0.13733410835266113,96,-0.515625
0.13844895362854004,97,-0.21914062499999998
0.13959407806396484,98,-0.5285156249999999
0.1407310962677002,99,-0.399609375
0.14202404022216797,100,-0.012890625
0.1434950828552246,101,-0.0515625
0.14498400688171387,102,-0.270703125
0.1465439796447754,103,-0.605859375
0.14803099632263184,104,-0.837890625
0.14954590797424316,105,-1.611328125
0.15108299255371094,106,-0.23203125
0.1532289981842041,107,-0.2578125
0.15531110763549805,108,-0.399609375
0.1568009853363037,109,-0.07734374999999999
0.15861296653747559,110,0.0515625
0.1609809398651123,111,-0.0515625
0.1623990535736084,112,-0.21914062499999998
0.16359710693359375,113,-0.515625
0.16472911834716797,114,-1.0570312499999999
0.16589093208312988,115,-1.65
0.16703104972839355,116,-0.12890625
0.16814398765563965,117,-0.20625
0.16936397552490234,118,-0.322265625
0.17052888870239258,119,-0.43828124999999996
0.1716909408569336,120,-0.20625
0.17293000221252441,121,-0.54140625
0.17440199851989746,122,-0.399609375
0.17588496208190918,123,0.0
0.17742109298706055,124,-0.07734374999999999
0.17899394035339355,125,-0.29648437499999997
0.1804049015045166,126,-0.64453125
0.18177199363708496,127,-1.1859374999999999
0.18356609344482422,128,-1.65
0.18608593940734863,129,-0.116015625
0.18767094612121582,130,-0.36093749999999997
0.1892390251159668,131,-0.012890625
0.19134306907653809,132,-0.18046874999999998
0.1930561065673828,133,-0.012890625
0.1943509578704834,134,-0.103125
0.19551706314086914,135,-0.502734375
0.19664907455444336,136,-0.734765625
0.19776701927185059,137,-1.069921875
0.19898009300231934,138,-1.611328125
0.20011401176452637,139,0.0
0.20122408866882324,140,-0.21914062499999998
0.2023460865020752,141,-0.21914062499999998
0.2035529613494873,142,-0.33515625
0.20497894287109375,143,-0.54140625
0.20655298233032227,144,-0.2578125
0.20814108848571777,145,-0.07734374999999999
0.20975208282470703,146,0.0
0.21114492416381836,147,-0.116015625
0.21251511573791504,148,-0.4125
0.2143099308013916,149,-0.64453125
0.21673011779785156,150,-1.198828125
0.2183840274810791,151,-0.064453125
0.21985697746276855,152,-0.33515625
0.22190189361572266,153,-0.5671875
0.22365999221801758,154,-0.270703125
0.22499799728393555,155,0.15468749999999998
0.22619199752807617,156,0.0
0.22732996940612793,157,-0.193359375
0.22844696044921875,158,-0.42539062499999997
0.22959208488464355,159,-0.708984375
0.2307429313659668,160,-0.889453125
0.23186397552490234,161,-1.46953125
0.2330169677734375,162,-0.09023437499999999
0.23429298400878906,163,-0.02578125
0.23572397232055664,164,-0.38671875
0.2371830940246582,165,-0.37382812499999996
0.2388780117034912,166,-0.20625
0.24040889739990234,167,-0.36093749999999997
0.24183201789855957,168,0.0
0.24320411682128906,169,-0.012890625
0.24486303329467773,170,-0.20625
0.24749207496643066,171,-0.5285156249999999
0.24916505813598633,172,-1.134375
0.2507009506225586,173,-0.167578125
0.25268101692199707,174,-0.23203125
0.2545309066772461,175,-0.37382812499999996
0.2558009624481201,176,-0.37382812499999996
0.2570230960845947,177,-0.30937499999999996
0.2581660747528076,178,-0.12890625
0.25943803787231445,179,-0.012890625
0.2606079578399658,180,-0.103125
0.2617330551147461,181,-0.4125
0.262890100479126,182,-0.7476562499999999
0.2640070915222168,183,-0.8765624999999999
0.2652161121368408,184,-1.456640625
0.26671600341796875,185,-0.20625
0.2681910991668701,186,-0.12890625
0.26967501640319824,187,-0.36093749999999997
0.2711920738220215,188,-0.4640625
0.27254700660705566,189,-0.33515625
0.27438902854919434,190,-0.30937499999999996
0.2766408920288086,191,0.0
0.2787749767303467,192,-0.09023437499999999
0.28034400939941406,193,-0.502734375
0.28205108642578125,194,-1.018359375
0.2840769290924072,195,-1.65
0.2855799198150635,196,-0.28359375
0.2868199348449707,197,-0.30937499999999996
0.287992000579834,198,-0.580078125
0.28914308547973633,199,-0.348046875
0.29029202461242676,200,-0.36093749999999997
0.29141712188720703,201,-0.167578125
0.29253506660461426,202,-0.02578125
0.2936360836029053,203,-0.09023437499999999
0.29477691650390625,204,-0.23203125
0.29599595069885254,205,-0.631640625
0.2974119186401367,206,-0.7476562499999999
0.2989480495452881,207,-1.3664062499999998
0.300523042678833,208,-0.02578125
0.3021988868713379,209,-0.23203125
0.30362606048583984,210,-0.21914062499999998
0.3053169250488281,211,-0.270703125
0.30735111236572266,212,-0.4125
0.30951404571533203,213,-0.103125
0.31164002418518066,214,-0.064453125
0.313554048538208,215,-0.4640625
0.31543803215026855,216,-0.825
0.3167989253997803,217,-1.65
0.31805896759033203,218,-0.24492187499999998
0.319350004196167,219,-0.451171875
0.320512056350708,220,-0.4125
0.3216381072998047,221,-0.167578125
0.3227560520172119,222,-0.42539062499999997
0.3238859176635742,223,-0.399609375
0.3250010013580322,224,-0.012890625
0.32625889778137207,225,-0.02578125
0.3277440071105957,226,-0.193359375
0.3292200565338135,227,-0.476953125
0.3308238983154297,228,-0.64453125
0.33234500885009766,229,-1.327734375
0.33376407623291016,230,0.0
0.33526611328125,231,-0.193359375
0.337299108505249,232,-0.322265625
0.339479923248291,233,-0.4125
0.3410360813140869,234,-0.09023437499999999
0.3428170680999756,235,0.0
0.34481096267700195,236,-0.064453125
0.3463919162750244,237,-0.4125
0.3476378917694092,238,-0.708984375
0.3489069938659668,239,-1.4308593749999998
0.35010504722595215,240,-0.0515625
0.35126399993896484,241,-0.20625
0.3523879051208496,242,-0.30937499999999996
0.3535349369049072,243,-0.43828124999999996
0.35465312004089355,244,-0.7476562499999999
0.3557610511779785,245,-0.42539062499999997
0.35718297958374023,246,-0.43828124999999996
0.35883212089538574,247,-0.18046874999999998
0.36031603813171387,248,-0.0515625
0.3619260787963867,249,-0.167578125
0.36341309547424316,250,-0.580078125
0.3647799491882324,251,-0.9796874999999999
0.36630797386169434,252,-1.65
0.3681809902191162,253,0.012890625
0.37055110931396484,254,-0.2578125
0.3720719814300537,255,-0.502734375
0.37358689308166504,256,-0.43828124999999996
0.37574100494384766,257,-0.18046874999999998
0.3773670196533203,258,-0.0515625
0.3786489963531494,259,-0.21914062499999998
0.37990689277648926,260,-0.631640625
0.381087064743042,261,-0.9796874999999999
0.38228392601013184,262,-1.546875
0.3834359645843506,263,0.0
0.38454699516296387,264,-0.20625
0.3856630325317383,265,-0.43828124999999996
0.3867809772491455,266,-0.322265625
0.3880000114440918,267,-0.37382812499999996
0.38947606086730957,268,-0.322265625
0.3909800052642822,269,-0.23203125
0.39255309104919434,270,0.0
0.3941330909729004,271,-0.064453125
0.3955669403076172,272,-0.322265625
0.39713501930236816,273,-0.631640625
0.39960694313049316,274,-1.147265625
0.40164899826049805,275,-0.141796875
0.40311288833618164,276,-0.4125
0.40479302406311035,277,-0.4640625
0.4068460464477539,278,-0.33515625
0.40827298164367676,279,0.0515625
0.4095609188079834,280,-0.02578125
0.4107170104980469,281,-0.167578125
0.4118471145629883,282,-0.42539062499999997
0.4130101203918457,283,-0.708984375
0.41414594650268555,284,-0.928125
0.4152839183807373,285,-1.52109375
0.4163930416107178,286,0.0
0.41753697395324707,287,-0.116015625
0.41883111000061035,288,-0.322265625
0.4202699661254883,289,-0.29648437499999997
0.421705961227417,290,-0.30937499999999996
0.42334890365600586,291,-0.37382812499999996
0.42490196228027344,292,-0.167578125
0.4263770580291748,293,-0.012890625
0.4277811050415039,294,-0.15468749999999998
0.4297831058502197,295,-0.515625
0.43219804763793945,296,-0.6703125
0.43378305435180664,297,-0.02578125
0.4354369640350342,298,-0.167578125
0.43746399879455566,299,-0.29648437499999997
0.439039945602417,300,-0.20625
0.4402658939361572,301,-0.20625
0.4414548873901367,302,-0.012890625
0.44260692596435547,303,-0.012890625
0.44373393058776855,304,-0.07734374999999999
0.4448831081390381,305,-0.30937499999999996
0.4460330009460449,306,-0.6703125
0.44714903831481934,307,-0.7863281249999999
0.4482688903808594,308,-1.340625
0.44959497451782227,309,-1.65
0.45102500915527344,310,-0.116015625
0.45246100425720215,311,-0.24492187499999998
0.45409107208251953,312,-0.33515625
0.4556241035461426,313,-0.37382812499999996
0.45709705352783203,314,-0.28359375
0.45850300788879395,315,-0.012890625
0.46041297912597656,316,-0.0515625
0.46283411979675293,317,-0.193359375
0.46433210372924805,318,-0.476953125
0.4659891128540039,319,-1.3019531249999998
0.468005895614624,320,-0.116015625
0.4696340560913086,321,-0.4125
0.47098493576049805,322,-0.4640625
0.47215700149536133,323,-0.36093749999999997
0.47330403327941895,324,-0.476953125
0.47443103790283203,325,-0.38671875
0.47554802894592285,326,-0.012890625
0.4766669273376465,327,-0.0515625
0.4778289794921875,328,-0.24492187499999998
0.4791450500488281,329,-0.5929687499999999
0.4806480407714844,330,-0.734765625
0.48221898078918457,331,-1.340625
0.48363208770751953,332,0.012890625
0.4850809574127197,333,-0.20625
0.4866189956665039,334,-0.33515625
0.48813891410827637,335,-0.4125
0.4898710250854492,336,-0.2578125
0.49135589599609375,337,-0.12890625
0.4927029609680176,338,-0.012890625
0.49422597885131836,339,-0.103125
0.49675703048706055,340,-0.37382812499999996
0.4984109401702881,341,-0.7863281249999999
0.499953031539917,342,-1.65
0.5019750595092773,343,-0.20625
0.5036768913269043,344,-0.37382812499999996
0.5050179958343506,345,-0.29648437499999997
0.5061869621276855,346,-0.43828124999999996
0.5073180198669434,347,-0.28359375
0.5084340572357178,348,0.0
0.509598970413208,349,0.0
0.5107529163360596,350,-0.15468749999999998
0.5118820667266846,351,-0.4640625
0.5130228996276855,352,-0.708984375
0.5142500400543213,353,-0.9152343749999999
0.5156829357147217,354,-1.533984375
0.5171220302581787,355,-0.012890625
0.5187499523162842,356,-0.24492187499999998
0.5203869342803955,357,-0.24492187499999998
0.5218179225921631,358,-0.30937499999999996
0.5232179164886475,359,-0.4125
0.5250699520111084,360,-0.167578125
0.527583122253418,361,-0.012890625
0.529228925704956,362,-0.23203125
0.530829906463623,363,-0.54140625
0.5328431129455566,364,-1.198828125
0.5345580577850342,365,-0.15468749999999998
0.5358550548553467,366,-0.322265625
0.5370910167694092,367,-0.399609375
0.5382299423217773,368,-0.37382812499999996
0.5394489765167236,369,-0.515625
0.5405840873718262,370,-0.37382812499999996
0.5417330265045166,371,0.0
0.5428938865661621,372,-0.0515625
0.5440020561218262,373,-0.141796875
0.5452530384063721,374,-0.37382812499999996
0.5466821193695068,375,-0.6832031249999999
0.5481328964233398,376,-1.03125
0.5497748851776123,377,-1.65
0.5513870716094971,378,-0.064453125
0.5527970790863037,379,-0.322265625
0.5543069839477539,380,-0.43828124999999996
0.5563399791717529,381,-0.103125
0.5585799217224121,382,-0.103125
0.5601511001586914,383,-0.02578125
0.5619180202484131,384,-0.18046874999999998
0.5639259815216064,385,-0.5285156249999999
0.5653610229492188,386,-1.10859375
0.5666649341583252,387,0.0
0.5678539276123047,388,-0.20625
0.5690650939941406,389,-0.4125
0.5702059268951416,390,-0.322265625
0.5713210105895996,391,-0.322265625
0.5724260807037354,392,-0.29648437499999997
0.5735468864440918,393,-0.348046875
0.574678897857666,394,-0.21914062499999998
0.5759239196777344,395,-0.012890625
0.5773611068725586,396,-0.103125
0.578887939453125,397,-0.322265625
0.580604076385498,398,-0.631640625
0.5822250843048096,399,-1.21171875
0.5837380886077881,400,0.0
0.5852909088134766,401,-0.20625
0.5873479843139648,402,-0.399609375
0.5895099639892578,403,-0.270703125
0.5910980701446533,404,-0.012890625
0.5927278995513916,405,-0.012890625
0.5948469638824463,406,-0.0515625
0.5963320732116699,407,-0.4125
0.5975539684295654,408,-0.6832031249999999
0.5987229347229004,409,-1.4308593749999998
0.5999619960784912,410,0.0
0.6011240482330322,411,-0.167578125
0.6022639274597168,412,-0.37382812499999996
0.6033909320831299,413,-0.4125
0.6045041084289551,414,-0.6703125
0.6056089401245117,415,-0.37382812499999996
0.6068630218505859,416,-0.399609375
0.608328104019165,417,-0.167578125
0.6098361015319824,418,-0.012890625
0.6113889217376709,419,-0.15468749999999998
0.6128630638122559,420,-0.515625
0.6142089366912842,421,-0.708984375
0.6156649589538574,422,-1.456640625
0.6178200244903564,423,0.012890625
0.6198680400848389,424,-0.23203125
0.6213319301605225,425,-0.476953125
0.6230449676513672,426,-0.322265625
0.625169038772583,427,-0.167578125
0.6266019344329834,428,-0.012890625
0.6278030872344971,429,-0.141796875
0.6289739608764648,430,-0.502734375
0.6306281089782715,431,-0.6832031249999999
0.631829023361206,432,-1.327734375
0.6329870223999023,433,-0.2578125
0.6341440677642822,434,0.0
0.6352579593658447,435,-0.30937499999999996
0.6363790035247803,436,-0.24492187499999998
0.6376500129699707,437,-0.6703125
0.6391611099243164,438,-0.21914062499999998
0.64068603515625,439,-0.15468749999999998
0.6423449516296387,440,0.0
0.6438560485839844,441,-0.0515625
0.6452889442443848,442,-0.20625
0.6468570232391357,443,-0.580078125
0.6489739418029785,444,-1.03125
0.651216983795166,445,-1.65
0.6526870727539062,446,-0.4640625
0.6545119285583496,447,-0.42539062499999997
0.6565749645233154,448,-0.103125
0.6580710411071777,449,0.15468749999999998
0.6593599319458008,450,-0.012890625
0.6605360507965088,451,-0.103125
0.6616630554199219,452,-0.348046875
0.6628210544586182,453,-0.64453125
0.6640100479125977,454,-0.825
0.6652030944824219,455,-1.41796875
0.6663570404052734,456,-0.0515625
0.6675980091094971,457,-0.038671874999999994
0.6691329479217529,458,-0.322265625
0.6707251071929932,459,-0.322265625
0.6722579002380371,460,-0.141796875
0.6738770008087158,461,-0.24492187499999998
0.6752901077270508,462,0.012890625
0.6767408847808838,463,-0.012890625
0.678739070892334,464,-0.20625
0.6812779903411865,465,-0.631640625
0.6829590797424316,466,-1.4437499999999999
0.6845870018005371,467,-0.02578125
0.6867821216583252,468,-0.2578125
0.6882889270782471,469,-0.580078125
0.6896069049835205,470,-0.43828124999999996
0.690777063369751,471,-0.23203125
0.6919019222259521,472,0.0
0.6930179595947266,473,-0.064453125
0.6941409111022949,474,-0.15468749999999998
0.6953001022338867,475,-0.43828124999999996
0.6964230537414551,476,-0.7476562499999999
0.6976919174194336,477,-1.018359375
0.6991369724273682,478,-1.611328125
0.7005839347839355,479,-0.12890625
0.7022509574890137,480,-0.21914062499999998
0.7038381099700928,481,-0.270703125
0.7052509784698486,482,-0.322265625
0.7066850662231445,483,-0.4125
0.7086329460144043,484,-0.103125
0.7110569477081299,485,-0.012890625
0.712554931640625,486,-0.23203125
0.7141609191894531,487,-0.42539062499999997
0.7161769866943359,488,-1.095703125
0.7177619934082031,489,-0.07734374999999999
0.7191081047058105,490,-0.43828124999999996
0.720289945602417,491,-0.451171875
0.7214601039886475,492,-0.708984375
0.7226710319519043,493,-0.476953125
0.7238140106201172,494,-0.36093749999999997
0.7249579429626465,495,0.0
0.7260940074920654,496,-0.064453125
0.727855920791626,497,-0.15468749999999998
0.7293179035186768,498,-0.42539062499999997
0.730849027633667,499,-0.605859375
0.7322959899902344,500,-1.3792968749999999
0.7340860366821289,501,-0.02578125
0.7356290817260742,502,-0.193359375
0.7371420860290527,503,-0.29648437499999997
0.738555908203125,504,-0.2578125
0.7408509254455566,505,-0.4640625
0.742866039276123,506,0.0
0.744297981262207,507,-0.07734374999999999
0.7459530830383301,508,-0.37382812499999996
0.7479829788208008,509,-0.580078125
0.7498250007629395,510,-1.405078125
0.7511799335479736,511,-0.15468749999999998
0.7523670196533203,512,-0.348046875
0.7535719871520996,513,-0.37382812499999996
0.7547070980072021,514,-0.322265625
0.7558178901672363,515,-0.270703125
0.7569301128387451,516,-0.29648437499999997
0.758073091506958,517,-0.103125
0.7592940330505371,518,-0.0515625
0.7607259750366211,519,-0.064453125
0.7622830867767334,520,-0.33515625
0.7638700008392334,521,-0.631640625
0.7654399871826172,522,-1.198828125
0.7669029235839844,523,-0.103125
0.7683370113372803,524,-0.24492187499999998
0.7702929973602295,525,-0.29648437499999997
0.7726058959960938,526,-0.580078125
0.7742619514465332,527,-0.2578125
0.7760748863220215,528,-0.012890625
0.7781970500946045,529,-0.0515625
0.7796781063079834,530,-0.42539062499999997
0.7809429168701172,531,-0.708984375
0.7821300029754639,532,-1.4437499999999999
0.7833020687103271,533,-0.0515625
0.7844290733337402,534,-0.20625
0.7856791019439697,535,-0.37382812499999996
0.7869360446929932,536,-0.38671875
0.788398027420044,537,-0.5671875
0.7898070812225342,538,-0.5285156249999999
0.7913811206817627,539,-0.193359375
0.7928440570831299,540,-0.012890625
0.7944960594177246,541,-0.12890625
0.7959730625152588,542,-0.399609375
0.7973790168762207,543,-0.5671875
0.7989730834960938,544,-1.2890625
0.8013639450073242,545,-0.012890625
0.8032660484313965,546,-0.2578125
0.804663896560669,547,-0.4125
0.806696891784668,548,-0.30937499999999996
0.8083999156951904,549,-0.0515625
0.8097000122070312,550,-0.038671874999999994
0.8108839988708496,551,-0.20625
0.812014102935791,552,-0.476953125
0.8131411075592041,553,-0.734765625
0.8143050670623779,554,-1.069921875
0.8154230117797852,555,-1.5984375
0.8165290355682373,556,0.0
0.8176538944244385,557,-0.09023437499999999
0.8187699317932129,558,-0.399609375
0.8200891017913818,559,-0.2578125
0.8215029239654541,560,-0.348046875
0.8229489326477051,561,-0.2578125
0.8244969844818115,562,-0.103125
0.8259949684143066,563,-0.012890625
0.8273789882659912,564,-0.103125
0.828773021697998,565,-0.322265625
0.8309099674224854,566,-0.64453125
0.8333940505981445,567,-1.224609375
0.8349320888519287,568,0.0
0.8364639282226562,569,-0.4125
0.8385980129241943,570,-0.43828124999999996
0.8403110504150391,571,-0.167578125
0.8416569232940674,572,0.09023437499999999
0.8428390026092529,573,-0.038671874999999994
0.843986988067627,574,-0.167578125
0.8451180458068848,575,-0.43828124999999996
0.8462769985198975,576,-0.708984375
0.8474268913269043,577,-0.9152343749999999
0.848560094833374,578,-1.5082031249999999
0.8497030735015869,579,0.0
0.8509209156036377,580,-0.103125
0.8523459434509277,581,-0.29648437499999997
0.8538200855255127,582,-0.33515625
0.8554461002349854,583,-0.20625
0.8569810390472412,584,-0.33515625
0.8583950996398926,585,0.038671874999999994
0.8598260879516602,586,-0.038671874999999994
0.8615388870239258,587,-0.20625
0.8641040325164795,588,-0.54140625
0.8657689094543457,589,-1.16015625
0.8672618865966797,590,-0.193359375
0.8693211078643799,591,-0.193359375
0.8710770606994629,592,-0.322265625
0.8723659515380859,593,-0.36093749999999997
0.873668909072876,594,-0.28359375
0.8748500347137451,595,-0.012890625
0.875978946685791,596,-0.012890625
0.8771100044250488,597,-0.12890625
0.8782589435577393,598,-0.322265625
0.8794379234313965,599,-0.6703125
0.8805599212646484,600,-0.863671875
0.8817870616912842,601,-1.4308593749999998
0.8832159042358398,602,-0.07734374999999999
0.8846590518951416,603,-0.12890625
0.8863399028778076,604,-0.2578125
0.8880219459533691,605,-0.42539062499999997
0.8895690441131592,606,-0.36093749999999997
0.8910291194915771,607,-0.23203125
0.8934669494628906,608,0.0
0.8954489231109619,609,-0.064453125
0.8968789577484131,610,-0.4640625
0.8988759517669678,611,-1.00546875
0.9007799625396729,612,-1.5726562499999999
0.9021940231323242,613,-0.38671875
0.9034249782562256,614,-0.42539062499999997
0.9045751094818115,615,-0.348046875
0.9057059288024902,616,-0.30937499999999996
0.9068241119384766,617,-0.348046875
0.9079370498657227,618,-0.167578125
0.909106969833374,619,0.012890625
0.9102370738983154,620,-0.09023437499999999
0.9113819599151611,621,-0.23203125
0.912614107131958,622,-0.631640625
0.9140479564666748,623,-0.708984375
0.9154970645904541,624,-1.3921875
0.9170260429382324,625,-0.0515625
0.9185879230499268,626,-0.36093749999999997
0.9201040267944336,627,-0.322265625
0.9215779304504395,628,-0.30937499999999996
0.9233789443969727,629,-0.167578125
0.925861120223999,630,-0.103125
0.9274439811706543,631,-0.0515625
0.9292099475860596,632,-0.30937499999999996
0.9312570095062256,633,-0.554296875
0.9327681064605713,634,-1.3921875
0.9340620040893555,635,-0.116015625
0.9352409839630127,636,-0.270703125
0.9363739490509033,637,-0.322265625
0.9375419616699219,638,-0.6703125
0.938654899597168,639,-0.15468749999999998
0.9398651123046875,640,-0.270703125
0.9410109519958496,641,-0.116015625
0.9421310424804688,642,-0.012890625
0.9433779716491699,643,-0.012890625
0.9448010921478271,644,-0.116015625
0.9463319778442383,645,-0.554296875
0.9479019641876221,646,-0.708984375
0.9494619369506836,647,-1.4953124999999998
