time,count,voltage
0.005457878112792969,1,0.24492187499999998
0.007009029388427734,2,-0.012890625
0.008401870727539062,3,-0.0515625
0.009758949279785156,4,-0.20625
0.011152982711791992,5,-0.15468749999999998
0.012788057327270508,6,-0.928125
0.014500856399536133,7,-1.65
0.016175031661987305,8,-0.09023437499999999
0.01788187026977539,9,-0.09023437499999999
0.01947188377380371,10,-0.02578125
0.021107912063598633,11,-0.2578125
0.022537946701049805,12,0.064453125
0.023905038833618164,13,0.0
0.025233030319213867,14,-0.0515625
0.026566028594970703,15,-0.2578125
0.02806401252746582,16,-0.167578125
0.029767990112304688,17,-1.018359375
0.03148198127746582,18,-0.322265625
0.03319597244262695,19,-0.116015625
0.03498506546020508,20,-0.23203125
0.03658485412597656,21,-0.103125
0.03829789161682129,22,-0.0515625
0.0399320125579834,23,0.012890625
0.041708946228027344,24,-0.012890625
0.04387497901916504,25,-0.23203125
0.046562910079956055,26,-0.193359375
0.04828500747680664,27,-0.451171875
0.04993295669555664,28,-0.18046874999999998
0.05218195915222168,29,-0.29648437499999997
0.05439901351928711,30,-0.30937499999999996
0.05605506896972656,31,0.15468749999999998
0.05747103691101074,32,-0.012890625
0.05883502960205078,33,-0.02578125
0.06024599075317383,34,-0.270703125
0.061621904373168945,35,-0.36093749999999997
0.06299901008605957,36,-1.198828125
0.06433391571044922,37,-0.064453125
0.06566405296325684,38,-0.038671874999999994
0.06700897216796875,39,-0.02578125
0.06833887100219727,40,-0.18046874999999998
0.06967806816101074,41,-0.36093749999999997
0.07103204727172852,42,-0.37382812499999996
0.07240104675292969,43,-0.0515625
0.07371306419372559,44,-0.012890625
0.07503795623779297,45,-0.0515625
0.07635807991027832,46,-0.20625
0.07767987251281738,47,-0.20625
0.07899808883666992,48,-0.8765624999999999
0.08048105239868164,49,-1.5726562499999999
0.08194589614868164,50,-0.02578125
0.08329606056213379,51,-0.21914062499999998
0.08477592468261719,52,-0.20625
0.08618402481079102,53,-0.064453125
0.08775591850280762,54,-0.20625
0.08921289443969727,55,0.038671874999999994
0.09058403968811035,56,-0.012890625
0.09194803237915039,57,-0.0515625
0.09434199333190918,58,-0.20625
0.0960378646850586,59,-0.515625
0.09747505187988281,60,-1.6371093749999999
0.09948396682739258,61,-0.103125
0.10107803344726562,62,-0.15468749999999998
0.102294921875,63,-0.12890625
0.10342597961425781,64,-0.37382812499999996
0.10454106330871582,65,-0.322265625
0.10566496849060059,66,-0.012890625
0.10677003860473633,67,-0.02578125
0.10786700248718262,68,-0.064453125
0.1089639663696289,69,-0.141796875
0.11045002937316895,70,-0.24492187499999998
0.11183285713195801,71,-0.4640625
0.11328005790710449,72,-1.327734375
0.11469697952270508,73,-0.09023437499999999
0.11620497703552246,74,-0.15468749999999998
0.11770486831665039,75,-0.167578125
0.11904001235961914,76,-0.064453125
0.12048101425170898,77,-0.36093749999999997
0.12217903137207031,78,-0.20625
0.12462306022644043,79,0.0
0.1261918544769287,80,-0.064453125
0.1275959014892578,81,-0.116015625
0.12947297096252441,82,-0.7863281249999999
0.1312859058380127,83,-1.65
0.13259005546569824,84,-0.0515625
0.13374090194702148,85,-0.167578125
0.13486289978027344,86,-0.12890625
0.13596105575561523,87,-0.2578125
0.13705801963806152,88,-0.37382812499999996
0.13825488090515137,89,-0.28359375
0.13942289352416992,90,0.012890625
0.1405658721923828,91,0.0
0.14177393913269043,92,-0.02578125
0.14318394660949707,93,-0.2578125
0.14459991455078125,94,-0.193359375
0.14610695838928223,95,-0.9796874999999999
0.14760303497314453,96,-1.65
0.14898204803466797,97,-0.103125
0.15041399002075195,98,-0.02578125
0.15179705619812012,99,-0.18046874999999998
0.15452003479003906,100,-0.37382812499999996
0.1562950611114502,101,0.09023437499999999
0.15767598152160645,102,0.0
0.1594250202178955,103,-0.0515625
0.16135501861572266,104,-0.23203125
0.1627199649810791,105,-0.928125
0.16388607025146484,106,-1.65
0.165024995803833,107,-0.103125
0.16613507270812988,108,-0.23203125
0.1672370433807373,109,-0.23203125
0.1683330535888672,110,-0.141796875
0.16942787170410156,111,-0.37382812499999996
0.17056488990783691,112,-0.451171875
0.17183589935302734,113,-0.322265625
0.17334508895874023,114,0.012890625
0.1748490333557129,115,-0.012890625
0.17619705200195312,116,-0.15468749999999998
0.17751002311706543,117,-0.193359375
0.17884087562561035,118,-0.825
0.18036389350891113,119,-1.46953125
0.18190693855285645,120,-0.012890625
0.18442296981811523,121,-0.24492187499999998
0.18610596656799316,122,-0.09023437499999999
0.18745803833007812,123,-0.21914062499999998
0.1892549991607666,124,-0.0515625
0.19122004508972168,125,-0.012890625
0.192579984664917,126,-0.064453125
0.193742036819458,127,-0.15468749999999998
0.19486689567565918,128,-0.54140625
0.19599008560180664,129,-1.2374999999999998
0.19710803031921387,130,-1.65
0.19820690155029297,131,-0.103125
0.19930696487426758,132,-0.15468749999999998
0.20043301582336426,133,-0.167578125
0.2015380859375,134,-0.116015625
0.20272493362426758,135,-0.24492187499999998
0.20413494110107422,136,-0.322265625
0.20561695098876953,137,-0.15468749999999998
0.20717501640319824,138,-0.012890625
0.2086799144744873,139,-0.0515625
0.21004605293273926,140,-0.21914062499999998
0.21148085594177246,141,-0.20625
0.21309208869934082,142,-1.0570312499999999
0.21555495262145996,143,-1.0570312499999999
0.21717000007629395,144,-0.167578125
0.21853899955749512,145,-0.167578125
0.22046303749084473,146,-0.270703125
0.22233796119689941,147,-0.116015625
0.2236800193786621,148,0.0
0.22484898567199707,149,-0.0515625
0.22597408294677734,150,-0.23203125
0.22707486152648926,151,-0.270703125
0.22817587852478027,152,-0.5929687499999999
0.22928285598754883,153,-1.26328125
0.23040008544921875,154,-1.65
0.23151206970214844,155,-0.064453125
0.2326979637145996,156,-0.141796875
0.23408889770507812,157,-0.21914062499999998
0.23552608489990234,158,-0.167578125
0.23705387115478516,159,-0.24492187499999998
0.2385730743408203,160,-0.15468749999999998
0.23995089530944824,161,-0.012890625
0.24141192436218262,162,-0.02578125
0.24286699295043945,163,-0.116015625
0.24530696868896484,164,-0.23203125
0.24695992469787598,165,-1.0828125
0.24835205078125,166,-0.012890625
0.2501358985900879,167,-0.2578125
0.2521219253540039,168,-0.23203125
0.25348591804504395,169,-0.29648437499999997
0.25466299057006836,170,-0.15468749999999998
0.25580406188964844,171,0.012890625
0.25691699981689453,172,-0.012890625
0.25801992416381836,173,-0.064453125
0.2591240406036377,174,-0.15468749999999998
0.26030588150024414,175,-0.2578125
0.2614259719848633,176,-0.4640625
0.2625288963317871,177,-1.173046875
0.26370906829833984,178,-1.65
0.26509594917297363,179,-0.038671874999999994
0.26653385162353516,180,-0.21914062499999998
0.26811695098876953,181,-0.2578125
0.26961207389831543,182,-0.012890625
0.2710280418395996,183,-0.141796875
0.2724649906158447,184,0.0515625
0.27417993545532227,185,0.0
0.27655887603759766,186,-0.09023437499999999
0.2781050205230713,187,-0.064453125
0.2794790267944336,188,-0.9796874999999999
0.28141188621520996,189,-1.65
0.28322696685791016,190,-0.167578125
0.28455090522766113,191,-0.2578125
0.2857658863067627,192,-0.103125
0.2868950366973877,193,-0.33515625
0.28800296783447266,194,-0.28359375
0.28910207748413086,195,0.0
0.2902379035949707,196,0.012890625
0.29135608673095703,197,-0.064453125
0.29247093200683594,198,-0.20625
0.2936558723449707,199,-0.29648437499999997
0.29505085945129395,200,-0.4640625
0.29647088050842285,201,-1.2503906249999999
0.2980060577392578,202,0.0
0.299483060836792,203,-0.0515625
0.3009788990020752,204,-0.103125
0.30237698554992676,205,0.012890625
0.30375003814697266,206,-0.399609375
0.30623388290405273,207,-0.21914062499999998
0.3079390525817871,208,-0.012890625
0.30930089950561523,209,-0.141796875
0.31113100051879883,210,-0.2578125
0.3129909038543701,211,-0.7476562499999999
0.31433701515197754,212,-0.9152343749999999
0.3155100345611572,213,-0.0515625
0.31664299964904785,214,-0.12890625
0.31775498390197754,215,-0.2578125
0.31940603256225586,216,-0.103125
0.3206188678741455,217,-0.23203125
0.32177090644836426,218,-0.141796875
0.3228888511657715,219,0.012890625
0.324084997177124,220,0.012890625
0.32550501823425293,221,-0.038671874999999994
0.3269538879394531,222,-0.270703125
0.3284430503845215,223,-0.38671875
0.32998204231262207,224,-1.198828125
0.3314979076385498,225,-0.09023437499999999
0.33295392990112305,226,-0.21914062499999998
0.3343820571899414,227,-0.193359375
0.3368809223175049,228,-0.23203125
0.33859896659851074,229,-0.167578125
0.3399679660797119,230,0.0
0.3418240547180176,231,-0.02578125
0.34368205070495605,232,-0.15468749999999998
0.34502601623535156,233,-0.30937499999999996
0.3462529182434082,234,-1.1859374999999999
0.3474559783935547,235,-0.2578125
0.34859299659729004,236,-0.0515625
0.34971094131469727,237,-0.270703125
0.350848913192749,238,-0.2578125
0.35195493698120117,239,-0.07734374999999999
0.35306692123413086,240,-0.322265625
0.3542649745941162,241,-0.36093749999999997
0.3557319641113281,242,-0.167578125
0.35718488693237305,243,-0.012890625
0.35869503021240234,244,-0.0515625
0.3601539134979248,245,-0.20625
0.3616180419921875,246,-0.270703125
0.36299800872802734,247,-1.147265625
0.3645448684692383,248,-0.33515625
0.3670370578765869,249,-0.02578125
0.36867308616638184,250,-0.24492187499999998
0.37004804611206055,251,-0.29648437499999997
0.3719918727874756,252,-0.193359375
0.3738720417022705,253,-0.012890625
0.37519407272338867,254,-0.064453125
0.3763608932495117,255,-0.2578125
0.37748003005981445,256,-0.12890625
0.37857890129089355,257,-0.8121093749999999
0.37970399856567383,258,-1.41796875
0.38083696365356445,259,-0.103125
0.38194894790649414,260,-0.064453125
0.3830440044403076,261,-0.15468749999999998
0.3842439651489258,262,-0.29648437499999997
0.38566088676452637,263,-0.07734374999999999
0.3871128559112549,264,-0.37382812499999996
0.38866305351257324,265,-0.167578125
0.39026594161987305,266,-0.012890625
0.39165592193603516,267,-0.02578125
0.39299702644348145,268,-0.24492187499999998
0.39435601234436035,269,-0.23203125
0.3968319892883301,270,-0.8507812499999999
0.39852404594421387,271,-0.12890625
0.399885892868042,272,-0.12890625
0.4016149044036865,273,-0.270703125
0.40356993675231934,274,-0.09023437499999999
0.4049999713897705,275,0.02578125
0.40617799758911133,276,0.0
0.4073009490966797,277,-0.012890625
0.4084160327911377,278,-0.012890625
0.4095180034637451,279,-0.270703125
0.41063904762268066,280,-0.2578125
0.4117460250854492,281,-0.7863281249999999
0.41286206245422363,282,-1.3792968749999999
0.4139668941497803,283,-0.09023437499999999
0.4151580333709717,284,-0.15468749999999998
0.4165768623352051,285,-0.20625
0.41802191734313965,286,-0.20625
0.41956186294555664,287,-0.167578125
0.4210960865020752,288,-0.2578125
0.42250800132751465,289,0.07734374999999999
0.42390990257263184,290,0.0
0.4252300262451172,291,-0.02578125
0.42763495445251465,292,-0.21914062499999998
0.4293498992919922,293,-0.476953125
0.43080806732177734,294,-1.6242187499999998
0.432589054107666,295,-0.09023437499999999
0.43448901176452637,296,-0.0515625
0.43585205078125,297,-0.103125
0.43703293800354004,298,-0.33515625
0.43816590309143066,299,-0.2578125
0.43927502632141113,300,0.012890625
0.4403979778289795,301,-0.012890625
0.4414949417114258,302,-0.0515625
0.44258999824523926,303,-0.23203125
0.4436979293823242,304,-0.23203125
0.4448409080505371,305,-0.5671875
0.44606685638427734,306,-1.224609375
0.44747495651245117,307,-1.611328125
0.44890499114990234,308,-0.0515625
0.45047903060913086,309,-0.064453125
0.4519979953765869,310,-0.193359375
0.45346498489379883,311,-0.30937499999999996
0.4548969268798828,312,-0.193359375
0.4566378593444824,313,0.012890625
0.45900607109069824,314,0.012890625
0.46058106422424316,315,-0.193359375
0.46200108528137207,316,-0.4640625
0.46387505531311035,317,-1.2890625
0.4656360149383545,318,-0.15468749999999998
0.46693992614746094,319,-0.0515625
0.4681060314178467,320,-0.20625
0.46924686431884766,321,-0.0515625
0.4703860282897949,322,-0.29648437499999997
0.4715099334716797,323,-0.23203125
0.47261500358581543,324,-0.012890625
0.4737110137939453,325,0.012890625
0.47480106353759766,326,-0.0515625
0.475985050201416,327,-0.23203125
0.4773690700531006,328,-0.29648437499999997
0.47878098487854004,329,-0.6832031249999999
0.4803760051727295,330,-1.456640625
0.48195695877075195,331,-0.012890625
0.4833650588989258,332,-0.193359375
0.48477888107299805,333,-0.29648437499999997
0.4865279197692871,334,0.0
0.4889500141143799,335,-0.2578125
0.49051785469055176,336,-0.012890625
0.4919729232788086,337,-0.02578125
0.49384498596191406,338,-0.2578125
0.49556398391723633,339,-0.399609375
0.49686408042907715,340,-1.4308593749999998
0.4980189800262451,341,0.0
0.49913907051086426,342,-0.167578125
0.5003418922424316,343,-0.12890625
0.5015170574188232,344,-0.2578125
0.5026590824127197,345,-0.07734374999999999
0.503777027130127,346,-0.29648437499999997
0.5048840045928955,347,-0.23203125
0.5060639381408691,348,0.012890625
0.5074689388275146,349,-0.012890625
0.5089120864868164,350,-0.038671874999999994
0.5104949474334717,351,-0.20625
0.5119678974151611,352,-0.399609375
0.5133380889892578,353,-1.3019531249999998
0.5147669315338135,354,-0.116015625
0.5160880088806152,355,-0.116015625
0.5183899402618408,356,-0.15468749999999998
0.5203850269317627,357,-0.0515625
0.5218100547790527,358,0.07734374999999999
0.5235309600830078,359,0.0
0.5254719257354736,360,-0.02578125
0.5268518924713135,361,-0.193359375
0.5280249118804932,362,-0.30937499999999996
0.5291690826416016,363,-1.0828125
0.530426025390625,364,-1.65
0.5316300392150879,365,-0.012890625
0.5327670574188232,366,-0.193359375
0.5338890552520752,367,-0.21914062499999998
0.5350029468536377,368,-0.116015625
0.5361988544464111,369,-0.33515625
0.5376029014587402,370,-0.37382812499999996
0.5390539169311523,371,-0.167578125
0.5405929088592529,372,0.012890625
0.5421080589294434,373,-0.0515625
0.5435009002685547,374,-0.24492187499999998
0.5448849201202393,375,-0.23203125
0.5462229251861572,376,-1.095703125
0.5487239360809326,377,-1.018359375
0.5505220890045166,378,-0.103125
0.5519070625305176,379,-0.18046874999999998
0.5536370277404785,380,-0.322265625
0.5555970668792725,381,-0.20625
0.5569820404052734,382,-0.012890625
0.5581638813018799,383,-0.0515625
0.5592899322509766,384,-0.23203125
0.5604228973388672,385,-0.29648437499999997
0.5615379810333252,386,-0.5285156249999999
0.5626389980316162,387,-1.2374999999999998
0.5637459754943848,388,-1.65
0.5648379325866699,389,-0.038671874999999994
0.5659458637237549,390,-0.193359375
0.567115068435669,391,-0.167578125
0.5685110092163086,392,-0.15468749999999998
0.5699520111083984,393,-0.322265625
0.571570873260498,394,-0.2578125
0.573065996170044,395,0.012890625
0.5744719505310059,396,0.012890625
0.5758819580078125,397,-0.064453125
0.5773589611053467,398,-0.270703125
0.5798170566558838,399,-0.5285156249999999
0.5815348625183105,400,-1.65
0.5829188823699951,401,-0.09023437499999999
0.5847499370574951,402,-0.20625
0.5865828990936279,403,-0.15468749999999998
0.5879778861999512,404,-0.116015625
0.5891649723052979,405,0.0
0.5903708934783936,406,-0.012890625
0.5914969444274902,407,-0.064453125
0.5926079750061035,408,-0.193359375
0.5937130451202393,409,-0.28359375
0.594810962677002,410,-0.554296875
0.5959100723266602,411,-1.198828125
0.5970849990844727,412,-1.65
0.5984869003295898,413,0.0
0.5999288558959961,414,-0.270703125
0.6015059947967529,415,-0.21914062499999998
0.6029808521270752,416,-0.193359375
0.6043670177459717,417,-0.21914062499999998
0.6057898998260498,418,-0.012890625
0.6070680618286133,419,0.0
0.609320878982544,420,-0.064453125
0.6112070083618164,421,-0.18046874999999998
0.6126439571380615,422,-0.8507812499999999
0.6143050193786621,423,-1.65
0.616257905960083,424,-0.103125
0.617682933807373,425,-0.20625
0.6188700199127197,426,-0.103125
0.6200039386749268,427,-0.4125
0.6212189197540283,428,-0.38671875
0.6223409175872803,429,-0.012890625
0.6234519481658936,430,0.0
0.6245560646057129,431,-0.07734374999999999
