time,count,voltage
0.005610942840576172,1,-0.42539062499999997
0.007173061370849609,2,-0.20625
0.008576154708862305,3,-0.348046875
0.009982109069824219,4,-0.12890625
0.011333942413330078,5,-0.012890625
0.01267099380493164,6,-0.167578125
0.014107942581176758,7,-0.4125
0.015471935272216797,8,-0.631640625
0.01705312728881836,9,-1.147265625
0.01877307891845703,10,-1.65
0.02044200897216797,11,-0.21914062499999998
0.0221710205078125,12,-0.30937499999999996
0.023762941360473633,13,-0.24492187499999998
0.025419950485229492,14,-0.4125
0.02685093879699707,15,-0.064453125
0.0282289981842041,16,-0.012890625
0.02958202362060547,17,-0.167578125
0.030939102172851562,18,-0.476953125
0.03249502182006836,19,-0.6187499999999999
0.034297943115234375,20,-1.224609375
0.03598904609680176,21,-0.103125
0.03775596618652344,22,-0.20625
0.0395050048828125,23,-0.23203125
0.04113411903381348,24,-0.20625
0.04288601875305176,25,-0.103125
0.04460310935974121,26,-0.012890625
0.04630303382873535,27,-0.103125
0.04852008819580078,28,-0.36093749999999997
0.05129694938659668,29,-0.6187499999999999
0.05312705039978027,30,-0.167578125
0.05486106872558594,31,-0.36093749999999997
0.056793928146362305,32,-0.322265625
0.05900907516479492,33,-0.4125
0.06096911430358887,34,0.141796875
0.06262612342834473,35,-0.07734374999999999
0.06422901153564453,36,-0.24492187499999998
0.06567502021789551,37,-0.515625
0.067047119140625,38,-1.1214843749999999
0.06859493255615234,39,-1.65
0.07001900672912598,40,-0.24492187499999998
0.07139801979064941,41,-0.43828124999999996
0.07280111312866211,42,-0.38671875
0.07418513298034668,43,-0.167578125
0.07557296752929688,44,-0.18046874999999998
0.07693099975585938,45,-0.012890625
0.07891511917114258,46,-0.064453125
0.08049702644348145,47,-0.167578125
0.08193612098693848,48,-0.4640625
0.08332300186157227,49,-0.9152343749999999
0.08493208885192871,50,-1.6371093749999999
0.08652210235595703,51,-0.141796875
0.08830499649047852,52,-0.4125
0.09001493453979492,53,-0.29648437499999997
0.09182906150817871,54,-0.270703125
0.09387707710266113,55,-0.193359375
0.0956430435180664,56,-0.012890625
0.09719395637512207,57,-0.2578125
0.09885311126708984,58,-0.54140625
0.10142707824707031,59,-0.9796874999999999
0.10308408737182617,60,-0.09023437499999999
0.10461306571960449,61,-0.348046875
0.10654711723327637,62,-0.4125
0.10834908485412598,63,-0.29648437499999997
0.10976505279541016,64,0.116015625
0.11097598075866699,65,-0.012890625
0.11211109161376953,66,-0.09023437499999999
0.11328792572021484,67,-0.322265625
0.11449813842773438,68,-0.6187499999999999
0.11574602127075195,69,-0.6832031249999999
0.11725306510925293,70,-1.353515625
0.11872506141662598,71,-0.12890625
0.1203470230102539,72,-0.20625
0.12190794944763184,73,-0.36093749999999997
0.1234121322631836,74,-0.399609375
0.12497615814208984,75,-0.20625
0.12737107276916504,76,-0.012890625
0.1293809413909912,77,-0.02578125
0.13080596923828125,78,-0.21914062499999998
0.13257193565368652,79,-0.515625
0.13474512100219727,80,-1.0828125
0.13622212409973145,81,-0.0515625
0.1374671459197998,82,-0.36093749999999997
0.13863205909729004,83,-0.30937499999999996
0.13976192474365234,84,-0.30937499999999996
0.14087796211242676,85,-0.322265625
0.14201998710632324,86,-0.33515625
0.14313602447509766,87,-0.20625
0.1443181037902832,88,-0.038671874999999994
0.14547109603881836,89,-0.064453125
0.1466679573059082,90,-0.24492187499999998
0.14807796478271484,91,-0.5671875
0.1495981216430664,92,-0.7476562499999999
0.15118408203125,93,-1.52109375
0.15272808074951172,94,0.0
0.15456509590148926,95,-0.30937499999999996
0.156141996383667,96,-0.28359375
0.1585841178894043,97,-0.193359375
0.16055893898010254,98,0.09023437499999999
0.1620030403137207,99,-0.02578125
0.16375994682312012,100,-0.270703125
0.16587305068969727,101,-0.5929687499999999
0.16727495193481445,102,-1.198828125
0.16848492622375488,103,-0.103125
0.16963410377502441,104,-0.167578125
0.17080307006835938,105,-0.42539062499999997
0.1719660758972168,106,-0.322265625
0.17309808731079102,107,-0.37382812499999996
0.1743021011352539,108,-0.2578125
0.17542099952697754,109,-0.399609375
0.17662906646728516,110,-0.30937499999999996
0.17803597450256348,111,-0.012890625
0.1794590950012207,112,-0.15468749999999998
0.18105411529541016,113,-0.42539062499999997
0.18270111083984375,114,-0.580078125
0.18438315391540527,115,-1.340625
0.185899019241333,116,-0.2578125
0.1878969669342041,117,-0.23203125
0.19022202491760254,118,-0.322265625
0.1916971206665039,119,-0.2578125
0.19330906867980957,120,0.038671874999999994
0.19536709785461426,121,-0.012890625
0.1969609260559082,122,-0.20625
0.19827008247375488,123,-0.515625
0.1994490623474121,124,-0.7863281249999999
0.2005901336669922,125,-1.46953125
0.20171308517456055,126,-0.103125
0.20283293724060059,127,-0.20625
0.20402812957763672,128,-0.29648437499999997
0.20519113540649414,129,-0.24492187499999998
0.20634102821350098,130,-0.322265625
0.20756006240844727,131,-0.29648437499999997
0.20903301239013672,132,-0.322265625
0.21046805381774902,133,-0.0515625
0.2120051383972168,134,-0.038671874999999994
0.21368408203125,135,-0.18046874999999998
0.21519207954406738,136,-0.515625
0.21666908264160156,137,-0.928125
0.2186260223388672,138,-1.65
0.22087693214416504,139,-0.2578125
0.22248101234436035,140,-0.2578125
0.22402000427246094,141,-0.167578125
0.2261340618133545,142,-0.30937499999999996
0.22774100303649902,143,0.012890625
0.2290189266204834,144,-0.064453125
0.2302229404449463,145,-0.270703125
0.23137593269348145,146,-0.580078125
0.232496976852417,147,-0.79921875
0.2336421012878418,148,-1.405078125
0.23478913307189941,149,-0.554296875
0.2359020709991455,150,-0.167578125
0.23700904846191406,151,-0.37382812499999996
0.23830008506774902,152,-0.21914062499999998
0.2397289276123047,153,-0.29648437499999997
0.24117493629455566,154,-0.4125
0.24271392822265625,155,-0.2578125
0.24439311027526855,156,0.012890625
0.24594807624816895,157,-0.064453125
0.24739909172058105,158,-0.348046875
0.24923014640808105,159,-0.580078125
0.25156712532043457,160,-1.147265625
0.25356507301330566,161,-0.43828124999999996
0.2552490234375,162,-0.42539062499999997
0.2573881149291992,163,-0.29648437499999997
0.2589550018310547,164,-0.2578125
0.2602689266204834,165,0.103125
0.2614409923553467,166,-0.0515625
0.262606143951416,167,-0.23203125
0.26374292373657227,168,-0.4640625
0.26490306854248047,169,-0.64453125
0.2660341262817383,170,-0.928125
0.26714205741882324,171,-1.546875
0.26835203170776367,172,-0.167578125
0.26981616020202637,173,-0.20625
0.27127599716186523,174,-0.38671875
0.27295708656311035,175,-0.37382812499999996
0.27457404136657715,176,-0.15468749999999998
0.27605199813842773,177,0.038671874999999994
0.2776341438293457,178,-0.012890625
0.27944302558898926,179,-0.0515625
0.281818151473999,180,-0.29648437499999997
0.28342413902282715,181,-0.6832031249999999
0.2848820686340332,182,-1.6371093749999999
0.28693103790283203,183,-0.167578125
0.2886381149291992,184,-0.36093749999999997
0.28994202613830566,185,-0.36093749999999997
0.29111504554748535,186,-0.38671875
0.29229092597961426,187,-0.322265625
0.29357099533081055,188,-0.02578125
0.29472804069519043,189,-0.038671874999999994
0.2965669631958008,190,-0.18046874999999998
0.2977290153503418,191,-0.42539062499999997
0.2989640235900879,192,-0.5929687499999999
0.30037403106689453,193,-1.2503906249999999
0.30190396308898926,194,-1.2503906249999999
0.30352210998535156,195,-0.20625
0.30519604682922363,196,-0.33515625
0.30664801597595215,197,-0.37382812499999996
0.30808496475219727,198,-0.24492187499999998
0.3099069595336914,199,-0.064453125
0.31243205070495605,200,-0.012890625
0.31407809257507324,201,-0.193359375
0.3155200481414795,202,-0.502734375
0.3174729347229004,203,-1.0828125
0.3193321228027344,204,-0.580078125
0.3206470012664795,205,-0.29648437499999997
0.32183408737182617,206,-0.2578125
0.3229701519012451,207,-0.270703125
0.32411813735961914,208,-0.37382812499999996
0.32531309127807617,209,-0.399609375
0.32645106315612793,210,-0.20625
0.3275599479675293,211,-0.02578125
0.329193115234375,212,-0.15468749999999998
0.3305380344390869,213,-0.37382812499999996
0.33200597763061523,214,-0.6187499999999999
0.3335990905761719,215,-1.095703125
0.33523011207580566,216,-1.65
0.3367481231689453,217,-0.29648437499999997
0.3382120132446289,218,-0.54140625
0.339583158493042,219,-0.399609375
0.3421809673309326,220,-0.37382812499999996
0.34412193298339844,221,-0.0515625
0.345628023147583,222,-0.0515625
0.3473701477050781,223,-0.270703125
0.3493499755859375,224,-0.54140625
0.3507809638977051,225,-1.2503906249999999
0.35199403762817383,226,-0.270703125
0.3531670570373535,227,-0.23203125
0.3543829917907715,228,-0.43828124999999996
0.35552406311035156,229,-0.515625
0.356687068939209,230,-0.20625
0.3578460216522217,231,-0.4125
0.3589489459991455,232,-0.322265625
0.36014604568481445,233,-0.012890625
0.36160707473754883,234,-0.103125
0.36299800872802734,235,-0.20625
0.36490607261657715,236,-0.515625
0.36658310890197754,237,-0.734765625
0.3680541515350342,238,-1.65
0.36960411071777344,239,-0.167578125
0.3718299865722656,240,-0.36093749999999997
0.37401413917541504,241,-0.36093749999999997
0.3758201599121094,242,-0.322265625
0.3775949478149414,243,-0.0515625
0.3794901371002197,244,-0.0515625
0.38085293769836426,245,-0.322265625
0.3820950984954834,246,-0.4640625
0.3832409381866455,247,-1.095703125
0.38447093963623047,248,-1.65
0.38560009002685547,249,-0.0515625
0.3867001533508301,250,-0.28359375
0.3877899646759033,251,-0.29648437499999997
0.38889408111572266,252,-0.476953125
0.39028310775756836,253,-0.20625
0.39202404022216797,254,-0.399609375
0.39416003227233887,255,-0.038671874999999994
0.395794153213501,256,-0.02578125
0.3972470760345459,257,-0.21914062499999998
0.3986821174621582,258,-0.5285156249999999
0.40050601959228516,259,-1.0570312499999999
0.4028940200805664,260,-1.65
0.4044959545135498,261,-0.348046875
0.4063739776611328,262,-0.348046875
0.40837907791137695,263,-0.270703125
0.40971899032592773,264,0.103125
0.410891056060791,265,-0.0515625
0.4120199680328369,266,-0.103125
0.41312313079833984,267,-0.29648437499999997
0.41434597969055176,268,-0.580078125
0.41549015045166016,269,-0.6703125
0.41660213470458984,270,-1.3019531249999998
0.41773414611816406,271,-1.65
0.41884303092956543,272,0.0
0.41994309425354004,273,-0.24492187499999998
0.4212210178375244,274,-0.54140625
0.42267608642578125,275,-0.33515625
0.4242410659790039,276,-0.116015625
0.4258899688720703,277,-0.193359375
0.4273040294647217,278,0.0
0.4285850524902344,279,-0.0515625
0.4300079345703125,280,-0.28359375
0.4325871467590332,281,-0.54140625
0.4343259334564209,282,-1.095703125
0.43595099449157715,283,-0.18046874999999998
0.4381880760192871,284,-0.2578125
0.4395749568939209,285,-0.30937499999999996
0.4408249855041504,286,-0.36093749999999997
0.44197607040405273,287,-0.29648437499999997
0.4430990219116211,288,-0.15468749999999998
0.4442579746246338,289,0.0
0.44539403915405273,290,-0.064453125
0.44653892517089844,291,-0.33515625
0.4476490020751953,292,-0.6703125
0.4487769603729248,293,-0.734765625
0.4498870372772217,294,-1.353515625
0.4510800838470459,295,-1.5726562499999999
0.4525439739227295,296,0.0
0.4541940689086914,297,-0.23203125
0.45577311515808105,298,-0.37382812499999996
0.4572429656982422,299,-0.20625
0.4585380554199219,300,-0.23203125
0.45986413955688477,301,-0.09023437499999999
0.4626200199127197,302,-0.02578125
0.46438097953796387,303,-0.167578125
0.46575498580932617,304,-0.399609375
0.4675171375274658,305,-1.198828125
0.4695580005645752,306,-0.064453125
0.47097206115722656,307,-0.28359375
0.4721519947052002,308,-0.399609375
0.47333502769470215,309,-0.20625
0.47467613220214844,310,-0.42539062499999997
0.47580814361572266,311,-0.322265625
0.4769270420074463,312,0.0
0.4782991409301758,313,-0.0515625
0.47944092750549316,314,-0.20625
0.4805440902709961,315,-0.4640625
0.48175501823425293,316,-0.708984375
0.48316097259521484,317,-1.1214843749999999
0.48473501205444336,318,-1.65
0.4863159656524658,319,-0.116015625
0.4878270626068115,320,-0.38671875
0.4892430305480957,321,-0.38671875
0.49062514305114746,322,-0.167578125
0.4924149513244629,323,-0.20625
0.4949960708618164,324,-0.0515625
0.49654698371887207,325,-0.20625
0.498060941696167,326,-0.4125
0.5000760555267334,327,-0.6832031249999999
0.5019431114196777,328,-1.611328125
0.5032479763031006,329,-0.270703125
0.504518985748291,330,-0.631640625
0.5056791305541992,331,-0.30937499999999996
0.5068049430847168,332,-0.12890625
0.5079131126403809,333,-0.322265625
0.5090160369873047,334,-0.2578125
0.5101730823516846,335,-0.012890625
0.5112800598144531,336,-0.0515625
0.5124959945678711,337,-0.30937499999999996
0.5139040946960449,338,-0.476953125
0.5153610706329346,339,-0.6703125
0.51698899269104,340,-1.224609375
0.5185561180114746,341,-1.65
0.5199599266052246,342,-0.2578125
0.5213510990142822,343,-0.4125
0.5231461524963379,344,-0.29648437499999997
0.5258910655975342,345,-0.167578125
0.5274569988250732,346,0.4640625
0.5291299819946289,347,-0.0515625
0.5311310291290283,348,-0.29648437499999997
0.5326900482177734,349,-0.48984374999999997
0.5340549945831299,350,-1.3664062499999998
0.5352349281311035,351,-0.270703125
0.5364079475402832,352,-0.193359375
0.5375299453735352,353,-0.4125
0.538640022277832,354,-0.451171875
0.5397400856018066,355,-0.141796875
0.5408370494842529,356,-0.38671875
0.5419590473175049,357,-0.37382812499999996
0.5431830883026123,358,-0.20625
0.5446619987487793,359,-0.02578125
0.5461030006408691,360,-0.141796875
0.5476510524749756,361,-0.451171875
0.5491499900817871,362,-0.580078125
0.5506610870361328,363,-1.340625
0.5520241260528564,364,-0.103125
0.5534391403198242,365,-0.270703125
0.5558819770812988,366,-0.29648437499999997
0.5577740669250488,367,-0.2578125
0.5592861175537109,368,-0.0515625
0.5613579750061035,369,0.0
0.5631790161132812,370,-0.09023437499999999
0.5646340847015381,371,-0.399609375
0.5658879280090332,372,-0.6832031249999999
0.5670480728149414,373,-1.3792968749999999
0.5681750774383545,374,-0.02578125
0.5693321228027344,375,-0.23203125
0.5704491138458252,376,-0.4125
0.5715420246124268,377,-0.2578125
0.5726399421691895,378,-0.33515625
0.573962926864624,379,-0.37382812499999996
0.575408935546875,380,-0.37382812499999996
0.5769679546356201,381,-0.12890625
0.5785419940948486,382,-0.0515625
0.5800571441650391,383,-0.23203125
0.5815670490264893,384,-0.515625
0.5829770565032959,385,-0.8121093749999999
0.5859129428863525,386,-1.5984375
0.5874640941619873,387,-0.2578125
0.5888400077819824,388,-0.29648437499999997
0.5908830165863037,389,-0.20625
0.5928220748901367,390,-0.15468749999999998
0.5942151546478271,391,0.0
0.595391035079956,392,-0.103125
0.5965321063995361,393,-0.322265625
0.5977380275726318,394,-0.605859375
0.5988709926605225,395,-0.760546875
0.5999829769134521,396,-1.3921875
0.6010990142822266,397,-1.65
0.6021990776062012,398,-0.012890625
0.603295087814331,399,-0.23203125
0.6045739650726318,400,-0.42539062499999997
0.6060900688171387,401,-0.30937499999999996
0.6075570583343506,402,-0.270703125
0.6092240810394287,403,-0.15468749999999998
0.6107020378112793,404,-0.012890625
0.6119990348815918,405,-0.038671874999999994
0.6135120391845703,406,-0.322265625
0.6159560680389404,407,-0.631640625
0.6178340911865234,408,-1.147265625
0.6193089485168457,409,-0.09023437499999999
0.6214261054992676,410,-0.4640625
0.6230530738830566,411,-0.54140625
0.6243281364440918,412,-0.2578125
0.6255040168762207,413,-0.20625
0.6266319751739502,414,-0.012890625
0.6277451515197754,415,-0.038671874999999994
0.6288800239562988,416,-0.15468749999999998
0.6300101280212402,417,-0.37382812499999996
0.6311321258544922,418,-0.6703125
0.6322500705718994,419,-0.825
0.633432149887085,420,-1.4308593749999998
0.6346931457519531,421,-0.6703125
0.6361160278320312,422,-0.141796875
0.6375811100006104,423,-0.36093749999999997
0.6392209529876709,424,-0.37382812499999996
0.6407449245452881,425,-0.2578125
0.6421661376953125,426,-0.23203125
0.6436679363250732,427,-0.012890625
0.6457509994506836,428,-0.0515625
0.6481101512908936,429,-0.193359375
0.6501350402832031,430,-0.580078125
0.6519820690155029,431,-1.65
0.6539819240570068,432,-0.20625
0.6553709506988525,433,-0.29648437499999997
0.6565790176391602,434,-0.2578125
0.657742977142334,435,-0.4640625
0.6588640213012695,436,-0.33515625
0.65997314453125,437,-0.012890625
0.6611080169677734,438,-0.064453125
0.6622459888458252,439,-0.18046874999999998
0.6633970737457275,440,-0.399609375
0.6646480560302734,441,-0.631640625
0.6660599708557129,442,-0.8765624999999999
0.6675059795379639,443,-1.546875
0.6690471172332764,444,-0.02578125
0.6708910465240479,445,-0.20625
0.6723361015319824,446,-0.28359375
0.6738090515136719,447,-0.23203125
0.6760730743408203,448,-0.23203125
0.6783380508422852,449,-0.012890625
0.6799530982971191,450,-0.20625
0.6818580627441406,451,-0.48984374999999997
0.6840970516204834,452,-0.863671875
0.6854820251464844,453,-0.30937499999999996
0.6867051124572754,454,-0.270703125
0.6878430843353271,455,-0.322265625
0.6889960765838623,456,-0.29648437499999997
0.6901240348815918,457,-0.12890625
0.6912319660186768,458,-0.30937499999999996
0.6923611164093018,459,-0.270703125
0.6935319900512695,460,-0.012890625
0.6947929859161377,461,-0.0515625
0.6961889266967773,462,-0.24492187499999998
0.6976921558380127,463,-0.5285156249999999
0.699254035949707,464,-0.6832031249999999
0.7007160186767578,465,-1.456640625
0.7021491527557373,466,-0.103125
0.7036149501800537,467,-0.24492187499999998
0.7056200504302979,468,-0.24492187499999998
0.7079501152038574,469,-0.2578125
0.7095539569854736,470,0.12890625
0.7112281322479248,471,-0.012890625
0.7133071422576904,472,-0.09023437499999999
0.7148571014404297,473,-0.43828124999999996
0.7160830497741699,474,-0.825
0.7172770500183105,475,-1.533984375
0.7184469699859619,476,-0.23203125
0.7195899486541748,477,-0.21914062499999998
0.7207341194152832,478,-0.5285156249999999
0.7218489646911621,479,-0.38671875
0.7229621410369873,480,-0.20625
0.7240910530090332,481,-0.29648437499999997
0.7253880500793457,482,-0.322265625
0.7268631458282471,483,-0.07734374999999999
0.7283930778503418,484,-0.09023437499999999
0.7299420833587646,485,-0.21914062499999998
0.7314300537109375,486,-0.515625
0.7327980995178223,487,-0.7863281249999999
0.7342970371246338,488,-1.5726562499999999
0.736151933670044,489,-0.012890625
0.7386600971221924,490,-0.29648437499999997
0.7402019500732422,491,-0.28359375
0.7419140338897705,492,-0.38671875
0.7439060211181641,493,-0.12890625
0.7456250190734863,494,-0.0515625
0.7468810081481934,495,-0.24492187499999998
0.7480499744415283,496,-0.515625
0.7491850852966309,497,-0.889453125
0.7503769397735596,498,-1.46953125
0.751507043838501,499,-0.012890625
0.7526121139526367,500,-0.23203125
0.7537400722503662,501,-0.4125
0.7548480033874512,502,-0.2578125
0.7560679912567139,503,-0.270703125
0.7575891017913818,504,-0.322265625
0.7591159343719482,505,-0.2578125
0.7607100009918213,506,0.012890625
0.7622060775756836,507,-0.0515625
0.7636449337005615,508,-0.30937499999999996
0.7650959491729736,509,-0.580078125
0.7673959732055664,510,-1.095703125
0.7698459625244141,511,-1.198828125
0.7712910175323486,512,-0.42539062499999997
0.7732019424438477,513,-0.2578125
0.7753469944000244,514,-0.36093749999999997
0.7767429351806641,515,0.193359375
0.7779409885406494,516,-0.103125
0.7790751457214355,517,-0.21914062499999998
0.7801899909973145,518,-0.48984374999999997
0.7813689708709717,519,-0.6703125
0.7825090885162354,520,-0.992578125
0.7836489677429199,521,-1.5726562499999999
0.7850320339202881,522,-0.02578125
0.7862861156463623,523,-0.20625
0.7877120971679688,524,-0.451171875
0.7891530990600586,525,-0.64453125
0.7907860279083252,526,-0.103125
0.7924330234527588,527,-0.07734374999999999
0.7938921451568604,528,0.012890625
0.7953159809112549,529,-0.0515625
0.7970919609069824,530,-0.21914062499999998
0.7997150421142578,531,-0.5671875
0.8012540340423584,532,-1.5597656249999998
0.8027610778808594,533,-0.064453125
0.8048989772796631,534,-0.270703125
0.8066439628601074,535,-0.43828124999999996
0.8079400062561035,536,-0.4640625
0.8091189861297607,537,-0.20625
0.8102591037750244,538,-0.012890625
0.8113679885864258,539,-0.0515625
0.8124740123748779,540,-0.20625
0.8136041164398193,541,-0.451171875
0.8147499561309814,542,-0.6703125
0.81585693359375,543,-1.0570312499999999
0.8170900344848633,544,-1.5726562499999999
0.8185019493103027,545,-0.0515625
0.8199429512023926,546,-0.29648437499999997
0.8215861320495605,547,-0.29648437499999997
0.8231720924377441,548,-0.30937499999999996
0.8246891498565674,549,-0.4125
0.8260819911956787,550,-0.20625
0.8276939392089844,551,-0.012890625
0.8302619457244873,552,-0.07734374999999999
0.8318829536437988,553,-0.37382812499999996
0.8334381580352783,554,-1.03125
0.8354251384735107,555,-1.65
0.8372111320495605,556,-0.23203125
0.838568925857544,557,-0.33515625
0.8397469520568848,558,-0.28359375
0.8409380912780762,559,-0.4640625
0.8420629501342773,560,-0.322265625
0.843174934387207,561,-0.09023437499999999
0.8443770408630371,562,-0.0515625
0.8455040454864502,563,-0.167578125
0.8466360569000244,564,-0.4125
0.8478410243988037,565,-0.64453125
0.8492629528045654,566,-0.8507812499999999
0.8507130146026611,567,-1.546875
0.852290153503418,568,0.0
0.8540470600128174,569,-0.20625
0.8559179306030273,570,-0.348046875
0.8580970764160156,571,-0.09023437499999999
0.860698938369751,572,0.15468749999999998
0.8623530864715576,573,-0.038671874999999994
0.8637609481811523,574,-0.30937499999999996
0.8656980991363525,575,-0.54140625
0.867901086807251,576,-1.224609375
0.869452953338623,577,-0.4125
0.8706851005554199,578,-0.37382812499999996
0.8718440532684326,579,-0.451171875
0.8729889392852783,580,-0.20625
0.874143123626709,581,-0.4125
0.8752710819244385,582,-0.348046875
0.8763790130615234,583,-0.103125
0.8774840831756592,584,-0.0515625
0.8787331581115723,585,-0.103125
0.8801460266113281,586,-0.322265625
0.8816981315612793,587,-0.6187499999999999
0.8832499980926514,588,-1.0828125
0.8848459720611572,589,-1.65
0.8861660957336426,590,-0.23203125
0.8878910541534424,591,-0.399609375
0.8905749320983887,592,-0.37382812499999996
0.8921980857849121,593,-0.12890625
0.8938491344451904,594,0.012890625
0.8958499431610107,595,-0.02578125
0.8974170684814453,596,-0.2578125
0.8986899852752686,597,-0.43828124999999996
0.8998579978942871,598,-1.198828125
0.9009950160980225,599,-1.65
0.9021410942077637,600,-0.15468749999999998
0.9032621383666992,601,-0.2578125
0.9044749736785889,602,-0.20625
0.9056060314178467,603,-0.322265625
0.9067349433898926,604,-0.167578125
0.9078409671783447,605,-0.29648437499999997
0.9090530872344971,606,-0.18046874999999998
0.9105880260467529,607,0.0
0.912039041519165,608,-0.064453125
0.9136950969696045,609,-0.24492187499999998
0.9151761531829834,610,-0.515625
0.9165289402008057,611,-1.134375
0.9179720878601074,612,-1.65
0.9204859733581543,613,-0.15468749999999998
0.922292947769165,614,-0.399609375
0.923699140548706,615,-0.116015625
0.9257090091705322,616,-0.23203125
0.9275720119476318,617,0.0515625
0.9289641380310059,618,-0.09023437499999999
0.9301450252532959,619,-0.37382812499999996
0.9312911033630371,620,-0.580078125
0.9324491024017334,621,-0.992578125
0.9336199760437012,622,-1.533984375
0.934765100479126,623,-0.12890625
0.9358730316162109,624,-0.21914062499999998
0.9370100498199463,625,-0.399609375
0.9381229877471924,626,-0.33515625
0.9393219947814941,627,-0.30937499999999996
0.9407429695129395,628,-0.502734375
0.9421849250793457,629,-0.348046875
0.9437470436096191,630,0.0
0.9452829360961914,631,-0.0515625
0.9465770721435547,632,-0.30937499999999996
0.9478790760040283,633,-0.580078125
0.9504201412200928,634,-0.7863281249999999
0.9522089958190918,635,-1.65
0.9537229537963867,636,-0.30937499999999996
0.9556469917297363,637,-0.4125
0.9575259685516357,638,-0.21914062499999998
0.9589641094207764,639,-0.012890625
0.9601540565490723,640,0.012890625
0.96132493019104,641,-0.064453125
0.9624409675598145,642,-0.23203125
0.9635710716247559,643,-0.515625
0.9647090435028076,644,-0.708984375
0.9658539295196533,645,-1.095703125
0.9675021171569824,646,-1.65
0.96868896484375,647,-0.09023437499999999
0.9699399471282959,648,-0.116015625
0.9713749885559082,649,-0.270703125
0.9728169441223145,650,-0.37382812499999996
0.9744119644165039,651,-0.29648437499999997
0.9759089946746826,652,-0.09023437499999999
0.9772350788116455,653,-0.012890625
0.9789600372314453,654,-0.064453125
0.9814751148223877,655,-0.30937499999999996
0.9832329750061035,656,-0.476953125
0.9848151206970215,657,-1.65
0.9867799282073975,658,-0.42539062499999997
0.9885599613189697,659,-0.30937499999999996
0.9901220798492432,660,-0.2578125
0.9913320541381836,661,-0.322265625
0.992501974105835,662,-0.322265625
0.9936690330505371,663,-0.0515625
0.9947910308837891,664,-0.064453125
0.995898962020874,665,-0.2578125
0.996999979019165,666,-0.515625
0.9981300830841064,667,-0.69609375
0.9992449283599854,668,-1.147265625
1.0005121231079102,669,-1.65
1.0019280910491943,670,0.0
1.0034151077270508,671,-0.23203125
1.0049760341644287,672,-0.270703125
1.0066211223602295,673,-0.322265625
1.0080640316009521,674,-0.476953125
1.0095620155334473,675,-0.20625
1.011559009552002,676,-0.012890625
1.0138559341430664,677,-0.193359375
1.0153961181640625,678,-0.4640625
1.0169689655303955,679,-1.16015625
1.018955945968628,680,-1.65
1.0205450057983398,681,-0.38671875
1.0219130516052246,682,-0.4125
1.023097038269043,683,-0.2578125
1.0242841243743896,684,-0.4125
1.0254409313201904,685,-0.322265625
1.0265519618988037,686,-0.012890625
1.0276570320129395,687,-0.09023437499999999
1.0288069248199463,688,-0.20625
1.029940128326416,689,-0.43828124999999996
1.031167984008789,690,-0.64453125
1.0326390266418457,691,-0.889453125
1.034188985824585,692,-1.611328125
1.035733938217163,693,0.0
1.0371971130371094,694,-0.28359375
1.0386791229248047,695,-0.37382812499999996
1.040092945098877,696,-0.167578125
1.0419230461120605,697,-0.322265625
1.0444929599761963,698,-0.0515625
1.0461480617523193,699,-0.09023437499999999
1.0476930141448975,700,-0.4125
1.0497310161590576,701,-0.515625
1.0513429641723633,702,-1.533984375
1.0526130199432373,703,-0.20625
1.0538761615753174,704,-0.38671875
1.055077075958252,705,-0.37382812499999996
1.0562019348144531,706,-0.23203125
1.057366132736206,707,-0.4125
1.0584759712219238,708,-0.33515625
1.0595760345458984,709,-0.0515625
1.0606980323791504,710,-0.0515625
1.0619800090789795,711,-0.116015625
1.063431978225708,712,-0.30937499999999996
1.0649409294128418,713,-0.6187499999999999
1.0665130615234375,714,-1.0828125
1.0680060386657715,715,-1.65
1.0694539546966553,716,-0.24492187499999998
1.0709490776062012,717,-0.322265625
1.0730359554290771,718,-0.36093749999999997
1.0754661560058594,719,-0.12890625
1.0773241519927979,720,0.399609375
1.079200029373169,721,-0.07734374999999999
1.081162929534912,722,-0.33515625
1.082529067993164,723,-0.6832031249999999
1.0837490558624268,724,-1.4953124999999998
1.0848939418792725,725,-0.167578125
1.086035966873169,726,-0.2578125
1.0871591567993164,727,-0.476953125
1.0882890224456787,728,-0.322265625
1.0894191265106201,729,-0.30937499999999996
1.0905380249023438,730,-0.30937499999999996
1.0918691158294678,731,-0.348046875
1.0931339263916016,732,-0.18046874999999998
1.0947580337524414,733,-0.0515625
1.0962159633636475,734,-0.20625
1.0978219509124756,735,-0.476953125
1.0992910861968994,736,-0.734765625
1.1006181240081787,737,-1.52109375
1.1020760536193848,738,0.0
1.1038880348205566,739,-0.24492187499999998
1.106356143951416,740,-0.33515625
1.1078600883483887,741,-0.2578125
1.1094651222229004,742,-0.0515625
1.1115260124206543,743,-0.012890625
1.113166093826294,744,-0.20625
1.1145000457763672,745,-0.476953125
1.1156799793243408,746,-0.7863281249999999
1.1168200969696045,747,-1.46953125
1.1179931163787842,748,-0.064453125
1.119117021560669,749,-0.193359375
1.1202311515808105,750,-0.399609375
1.121387004852295,751,-0.30937499999999996
1.122502088546753,752,-0.23203125
1.123703956604004,753,-0.36093749999999997
1.1251580715179443,754,-0.36093749999999997
1.1266870498657227,755,-0.064453125
1.1282241344451904,756,-0.0515625
1.1298000812530518,757,-0.21914062499999998
1.1311759948730469,758,-0.554296875
1.1325550079345703,759,-0.7734375
1.1345009803771973,760,-1.546875
1.1368861198425293,761,-0.0515625
1.138443946838379,762,-0.20625
1.13993501663208,763,-0.116015625
1.142179012298584,764,-0.4125
1.1437950134277344,765,-0.012890625
1.1450941562652588,766,-0.064453125
1.1462600231170654,767,-0.21914062499999998
1.1473960876464844,768,-0.5671875
1.1485049724578857,769,-0.6832031249999999
1.1496210098266602,770,-1.3019531249999998
1.1507761478424072,771,-1.65
1.151885986328125,772,0.0
1.153012990951538,773,-0.270703125
1.154236078262329,774,-0.2578125
1.1556389331817627,775,-0.30937499999999996
1.1571450233459473,776,-0.103125
1.1587560176849365,777,-0.21914062499999998
1.1602709293365479,778,-0.012890625
1.16178297996521,779,-0.0515625
1.1631770133972168,780,-0.21914062499999998
1.1652460098266602,781,-0.54140625
1.1676280498504639,782,-0.992578125
1.1691861152648926,783,-0.2578125
1.1708440780639648,784,-0.399609375
1.172943115234375,785,-0.322265625
1.1746189594268799,786,-0.38671875
1.1758661270141602,787,0.0515625
1.1770501136779785,788,0.0
1.1781740188598633,789,-0.103125
1.1792950630187988,790,-0.36093749999999997
1.1804170608520508,791,-0.5929687499999999
1.181535005569458,792,-0.7218749999999999
1.1826770305633545,793,-1.2503906249999999
1.1838099956512451,794,-1.65
1.1850619316101074,795,0.0
1.1864850521087646,796,-0.2578125
1.1879429817199707,797,-0.5285156249999999
1.189579963684082,798,-0.270703125
1.1911890506744385,799,-0.270703125
1.1926651000976562,800,-0.012890625
1.1945431232452393,801,-0.012890625
1.1967909336090088,802,-0.116015625
1.1989009380340576,803,-0.4640625
1.2003920078277588,804,-1.2374999999999998
1.2022221088409424,805,-0.141796875
1.2042720317840576,806,-0.2578125
1.2057850360870361,807,-0.37382812499999996
1.207016944885254,808,-0.37382812499999996
1.2081639766693115,809,-0.30937499999999996
1.2093181610107422,810,-0.18046874999999998
1.2104480266571045,811,-0.038671874999999994
1.2115740776062012,812,-0.0515625
1.2126829624176025,813,-0.29648437499999997
1.2138960361480713,814,-0.605859375
1.2151730060577393,815,-0.631640625
1.2166659832000732,816,-1.2890625
1.2181220054626465,817,-0.2578125
1.219663143157959,818,-0.2578125
1.22121000289917,819,-0.4125
1.2226741313934326,820,-0.33515625
1.224200963973999,821,-0.28359375
1.226228952407837,822,-0.23203125
1.2285449504852295,823,0.0
1.2301051616668701,824,-0.18046874999999998
1.2317299842834473,825,-0.515625
1.2338299751281738,826,-1.03125
1.2353811264038086,827,-0.012890625
1.2366409301757812,828,-0.399609375
1.237889051437378,829,-0.20625
1.239051103591919,830,-0.29648437499999997
1.240185022354126,831,-0.4125
1.2413389682769775,832,-0.4125
1.2424530982971191,833,-0.23203125
1.2435860633850098,834,0.0
1.244692087173462,835,-0.064453125
1.2459709644317627,836,-0.270703125
1.2473890781402588,837,-0.515625
1.2488529682159424,838,-0.6703125
1.2503941059112549,839,-1.4308593749999998
1.2519309520721436,840,-0.15468749999999998
1.2535390853881836,841,-0.4125
1.255061149597168,842,-0.2578125
1.2570559978485107,843,-0.20625
1.259403944015503,844,-0.399609375
1.2609200477600098,845,-0.012890625
1.2625501155853271,846,-0.167578125
1.2647221088409424,847,-0.4125
1.2662429809570312,848,-0.734765625
1.2674710750579834,849,-1.65
1.2686331272125244,850,-0.0515625
1.269860029220581,851,-0.29648437499999997
1.2710261344909668,852,-0.23203125
1.272144079208374,853,-0.33515625
1.2732770442962646,854,0.0
1.2744629383087158,855,-0.24492187499999998
1.2755889892578125,856,-0.12890625
1.2767939567565918,857,0.012890625
1.278257131576538,858,-0.0515625
1.2797119617462158,859,-0.270703125
1.2813410758972168,860,-0.605859375
1.282879114151001,861,-0.889453125
1.2844369411468506,862,-1.65
1.2863750457763672,863,-0.15468749999999998
1.2886230945587158,864,-0.30937499999999996
1.290719985961914,865,-0.21914062499999998
1.292253017425537,866,-0.012890625
