time,count,voltage
0.0058400630950927734,1,-0.6703125
0.007868051528930664,2,-1.65
0.00949716567993164,3,-0.15468749999999998
0.010899066925048828,4,-0.141796875
0.012330055236816406,5,-0.270703125
0.013802051544189453,6,-0.29648437499999997
0.015413999557495117,7,-0.103125
0.01702713966369629,8,-0.0515625
0.018731117248535156,9,-0.15468749999999998
0.020568132400512695,10,-0.012890625
0.022242069244384766,11,-0.8765624999999999
0.023960113525390625,12,-1.65
0.025558948516845703,13,-0.4125
0.026945114135742188,14,-0.24492187499999998
0.02837514877319336,15,-0.15468749999999998
0.029803991317749023,16,-0.2578125
0.031157970428466797,17,-0.12890625
0.03267407417297363,18,-0.02578125
0.03435707092285156,19,-0.09023437499999999
0.036210060119628906,20,-0.15468749999999998
0.038459062576293945,21,-0.38671875
0.040281057357788086,22,-1.4437499999999999
0.04187893867492676,23,-0.2578125
0.04360699653625488,24,-0.2578125
0.0452880859375,25,-0.064453125
0.047022104263305664,26,-0.20625
0.04988694190979004,27,0.0
0.05191612243652344,28,-0.07734374999999999
0.05358695983886719,29,-0.012890625
0.055828094482421875,30,-0.837890625
0.0580141544342041,31,-1.65
0.05987811088562012,32,-0.167578125
0.06146407127380371,33,-0.116015625
0.06290316581726074,34,-0.37382812499999996
0.06429815292358398,35,-0.193359375
0.06565499305725098,36,-0.012890625
0.06698203086853027,37,-0.064453125
0.06837010383605957,38,-0.23203125
0.06979012489318848,39,-0.12890625
0.0711221694946289,40,-0.734765625
0.07248210906982422,41,-1.4308593749999998
0.07381606101989746,42,-0.42539062499999997
0.07527494430541992,43,-0.29648437499999997
0.07668399810791016,44,-0.24492187499999998
0.07802915573120117,45,-0.07734374999999999
0.07936596870422363,46,-0.38671875
0.08069515228271484,47,-0.23203125
0.0820159912109375,48,0.0
0.08336806297302246,49,-0.0515625
0.08482003211975098,50,-0.116015625
0.08627104759216309,51,-0.167578125
0.08781003952026367,52,-0.580078125
0.08951115608215332,53,-1.353515625
0.09123516082763672,54,-0.580078125
0.0932011604309082,55,-0.103125
0.09562397003173828,56,-0.167578125
0.09741497039794922,57,-0.103125
0.09904599189758301,58,0.038671874999999994
0.10226297378540039,59,-0.103125
0.10423898696899414,60,-0.012890625
0.10588693618774414,61,-1.0570312499999999
0.10773015022277832,62,-0.928125
0.11018610000610352,63,-0.2578125
0.11223316192626953,64,-0.09023437499999999
0.11388397216796875,65,-0.064453125
0.11557912826538086,66,0.09023437499999999
0.11710810661315918,67,-0.103125
0.11860895156860352,68,-0.167578125
0.1200571060180664,69,-0.064453125
0.12163496017456055,70,-0.79921875
0.12310600280761719,71,-1.5082031249999999
0.12469911575317383,72,-0.2578125
0.12615394592285156,73,-0.193359375
0.1281139850616455,74,-0.141796875
0.1304459571838379,75,-0.18046874999999998
0.13201498985290527,76,0.2578125
0.13375616073608398,77,-0.0515625
0.13623404502868652,78,-0.15468749999999998
0.1376199722290039,79,-0.42539062499999997
0.1387951374053955,80,-1.2374999999999998
0.13995003700256348,81,-1.65
0.14108610153198242,82,-0.2578125
0.1422121524810791,83,-0.064453125
0.14330410957336426,84,-0.23203125
0.14442110061645508,85,-0.0515625
0.14551806449890137,86,-0.43828124999999996
0.14672613143920898,87,-0.4125
0.14813995361328125,88,-0.30937499999999996
0.1496870517730713,89,-0.0515625
0.15123200416564941,90,-0.064453125
0.1527860164642334,91,-0.193359375
0.15421700477600098,92,-0.4640625
0.15561199188232422,93,-1.2890625
0.1571180820465088,94,-1.4953124999999998
0.1597599983215332,95,-0.167578125
0.16127514839172363,96,-0.12890625
0.16283011436462402,97,-0.4125
0.1650991439819336,98,-0.2578125
0.16652202606201172,99,-0.012890625
0.16774511337280273,100,-0.07734374999999999
0.16889214515686035,101,-0.23203125
0.17452597618103027,102,-0.29648437499999997
0.17600393295288086,103,-0.9410156249999999
0.1814730167388916,104,-0.24492187499999998
0.1828629970550537,105,-0.02578125
0.1842949390411377,106,-0.0515625
0.18564796447753906,107,-0.20625
0.18695306777954102,108,-0.24492187499999998
0.18828606605529785,109,-0.992578125
0.1896059513092041,110,-1.611328125
0.19088101387023926,111,-0.23203125
0.1921520233154297,112,-0.20625
0.19339895248413086,113,-0.18046874999999998
0.1947340965270996,114,-0.15468749999999998
0.19595813751220703,115,-0.399609375
0.197174072265625,116,-0.29648437499999997
0.19861698150634766,117,-0.038671874999999994
0.20019006729125977,118,-0.0515625
0.2017519474029541,119,-0.167578125
0.20332098007202148,120,-0.07734374999999999
0.20577216148376465,121,-0.734765625
0.212677001953125,122,-1.5984375
0.2146310806274414,123,0.399609375
0.22559499740600586,124,0.0
0.2274031639099121,125,-0.2578125
0.22867894172668457,126,-0.30937499999999996
0.2298431396484375,127,-0.322265625
0.2309579849243164,128,-0.23203125
0.23204493522644043,129,-0.012890625
0.23312711715698242,130,-0.07734374999999999
0.23423099517822266,131,-0.12890625
0.23535394668579102,132,-0.30937499999999996
0.23645806312561035,133,-0.15468749999999998
0.23755598068237305,134,-0.863671875
0.2387700080871582,135,-1.456640625
0.2401871681213379,136,-1.5726562499999999
0.24160504341125488,137,-0.23203125
0.24307608604431152,138,-0.23203125
0.24499297142028809,139,-0.15468749999999998
0.24673795700073242,140,-0.4640625
0.2483229637145996,141,0.012890625
0.25074100494384766,142,-0.012890625
0.252377986907959,143,-0.18046874999999998
0.2541060447692871,144,-0.20625
0.2561790943145752,145,-1.044140625
0.25763797760009766,146,-0.5671875
0.2588191032409668,147,-0.141796875
0.25998497009277344,148,-0.23203125
0.26114511489868164,149,-0.064453125
0.262282133102417,150,-0.42539062499999997
0.2633931636810303,151,-0.37382812499999996
0.2646169662475586,152,-0.30937499999999996
0.26572513580322266,153,-0.012890625
0.2668120861053467,154,-0.103125
0.2679150104522705,155,-0.20625
0.26912403106689453,156,-0.23203125
0.27056312561035156,157,-0.4125
0.271989107131958,158,-1.147265625
0.27350807189941406,159,-1.65
0.275130033493042,160,-0.20625
0.2767670154571533,161,-0.21914062499999998
0.27858805656433105,162,-0.12890625
0.2812521457672119,163,-0.322265625
0.2827279567718506,164,-0.012890625
0.28464698791503906,165,-0.064453125
0.28658604621887207,166,-0.15468749999999998
0.28789401054382324,167,-0.7218749999999999
0.28905200958251953,168,-1.4308593749999998
0.29022908210754395,169,-0.476953125
0.2914121150970459,170,-0.270703125
0.2925381660461426,171,-0.167578125
0.29370713233947754,172,-0.167578125
0.2948429584503174,173,-0.29648437499999997
0.2959580421447754,174,-0.4125
0.2970571517944336,175,-0.33515625
0.2981419563293457,176,-0.09023437499999999
0.2993650436401367,177,-0.012890625
0.3007979393005371,178,-0.09023437499999999
0.302278995513916,179,-0.2578125
0.3038210868835449,180,-0.20625
0.30550408363342285,181,-1.03125
0.30696606636047363,182,-1.65
0.30854296684265137,183,-0.30937499999999996
0.3112671375274658,184,-0.28359375
0.3130300045013428,185,-0.33515625
0.3145639896392822,186,0.0515625
0.3166799545288086,187,-0.02578125
0.3182051181793213,188,-0.0515625
0.31939005851745605,189,-0.0515625
0.3205130100250244,190,-0.5671875
0.32161402702331543,191,-1.2503906249999999
0.32271599769592285,192,-1.65
0.32385706901550293,193,-0.20625
0.3251199722290039,194,-0.2578125
0.32628297805786133,195,-0.36093749999999997
0.3274061679840088,196,-0.116015625
0.32853007316589355,197,-0.33515625
0.32971811294555664,198,-0.4125
0.33112215995788574,199,-0.29648437499999997
0.3326699733734131,200,-0.012890625
0.3342900276184082,201,-0.0515625
0.33576011657714844,202,-0.20625
0.33705902099609375,203,-0.270703125
0.33836793899536133,204,-1.0570312499999999
0.3408939838409424,205,-1.65
0.34279704093933105,206,-0.28359375
0.34436893463134766,207,-0.12890625
0.34630393981933594,208,-0.29648437499999997
0.34816813468933105,209,-0.02578125
0.34949207305908203,210,-0.02578125
0.3506650924682617,211,-0.02578125
0.3517780303955078,212,-0.20625
0.35288310050964355,213,-0.116015625
0.3540339469909668,214,-0.69609375
0.35517001152038574,215,-1.340625
0.35690903663635254,216,-1.65
0.35811901092529297,217,-0.322265625
0.3592710494995117,218,-0.167578125
0.36046910285949707,219,-0.103125
0.3618929386138916,220,-0.322265625
0.36340904235839844,221,-0.37382812499999996
0.36699509620666504,222,-0.167578125
0.3684730529785156,223,-0.09023437499999999
0.3698539733886719,224,-0.038671874999999994
0.37214112281799316,225,-0.734765625
0.37439393997192383,226,-1.5597656249999998
0.37586498260498047,227,-0.103125
0.377622127532959,228,-0.20625
0.37961912155151367,229,-0.270703125
0.3809850215911865,230,0.02578125
0.3822059631347656,231,-0.012890625
0.3833279609680176,232,-0.116015625
0.38453197479248047,233,-0.193359375
0.38565802574157715,234,-0.18046874999999998
0.3867650032043457,235,-0.348046875
0.38788414001464844,236,-1.03125
0.38898611068725586,237,-1.52109375
0.39010000228881836,238,-0.20625
0.3913230895996094,239,-0.20625
0.39273810386657715,240,-0.23203125
0.3942530155181885,241,-0.141796875
0.39580512046813965,242,-0.21914062499999998
0.3974161148071289,243,-0.167578125
0.39882993698120117,244,0.0
0.40018510818481445,245,-0.09023437499999999
0.4019920825958252,246,-0.20625
0.4044790267944336,247,-0.12890625
0.4060370922088623,248,-1.198828125
0.40765810012817383,249,-0.4640625
0.40959811210632324,250,-0.2578125
0.4111649990081787,251,-0.18046874999999998
0.41251301765441895,252,-0.43828124999999996
0.41465306282043457,253,-0.23203125
0.4158611297607422,254,0.012890625
0.4169960021972656,255,-0.0515625
0.41809916496276855,256,-0.23203125
0.4191911220550537,257,-0.20625
0.4203529357910156,258,-0.515625
0.4215569496154785,259,-1.1859374999999999
0.4230060577392578,260,-1.65
0.42449402809143066,261,-0.270703125
0.42601704597473145,262,-0.103125
0.4275810718536377,263,-0.21914062499999998
0.4290320873260498,264,-0.2578125
0.43044400215148926,265,-0.12890625
0.43198609352111816,266,-0.0515625
0.4364900588989258,267,-0.02578125
0.43859195709228516,268,-0.15468749999999998
0.4405059814453125,269,-1.405078125
0.44185709953308105,270,-0.37382812499999996
0.44337010383605957,271,-0.23203125
0.4446530342102051,272,-0.103125
0.44583606719970703,273,-0.399609375
0.44695305824279785,274,-0.30937499999999996
0.44806814193725586,275,-0.15468749999999998
0.44916200637817383,276,-0.02578125
0.45024895668029785,277,-0.09023437499999999
0.4513840675354004,278,-0.20625
0.4525771141052246,279,-0.193359375
0.45411109924316406,280,-0.515625
0.45555710792541504,281,-1.26328125
0.45713210105895996,282,-0.43828124999999996
0.45862603187561035,283,-0.322265625
0.46008801460266113,284,-0.23203125
0.46154212951660156,285,-0.103125
0.4633171558380127,286,-0.30937499999999996
0.4656989574432373,287,-0.20625
0.46729516983032227,288,-0.103125
0.46887707710266113,289,-0.20625
0.4709470272064209,290,-0.103125
0.4726440906524658,291,-1.134375
0.47390294075012207,292,-0.476953125
0.4751460552215576,293,-0.30937499999999996
0.47638916969299316,294,-0.270703125
0.4775099754333496,295,-0.09023437499999999
0.47864699363708496,296,-0.4125
0.4797351360321045,297,-0.42539062499999997
0.48082709312438965,298,-0.322265625
0.4819190502166748,299,-0.02578125
0.4830920696258545,300,-0.064453125
0.48455309867858887,301,-0.12890625
0.48607897758483887,302,-0.21914062499999998
0.4877140522003174,303,-0.502734375
0.48919010162353516,304,-1.353515625
0.490584135055542,305,-0.23203125
0.4920840263366699,306,-0.23203125
0.4942500591278076,307,-0.29648437499999997
0.49657201766967773,308,-0.116015625
0.4980499744415283,309,0.348046875
0.49970507621765137,310,-0.02578125
0.5018329620361328,311,-0.0515625
0.5033180713653564,312,-0.064453125
0.5046069622039795,313,-0.7863281249999999
0.5057721138000488,314,-1.46953125
0.5068790912628174,315,-0.502734375
0.5079939365386963,316,-0.167578125
0.5091159343719482,317,-0.20625
0.5103499889373779,318,-0.193359375
0.5114800930023193,319,-0.2578125
0.5125720500946045,320,-0.4125
0.5137650966644287,321,-0.322265625
0.5152740478515625,322,-0.064453125
0.5167641639709473,323,-0.0515625
0.5183329582214355,324,-0.12890625
0.5198400020599365,325,-0.12890625
0.521172046661377,326,-0.7476562499999999
0.5225329399108887,327,-1.456640625
0.5240421295166016,328,-0.4125
0.5267391204833984,329,-0.28359375
0.528419017791748,330,-0.12890625
0.5297701358795166,331,-0.23203125
0.5316510200500488,332,-0.09023437499999999
0.5335490703582764,333,-0.012890625
0.5349400043487549,334,-0.103125
0.5361440181732178,335,-0.064453125
0.5372719764709473,336,-0.64453125
0.5383830070495605,337,-1.2503906249999999
0.5395021438598633,338,-1.65
0.5406129360198975,339,-0.21914062499999998
0.5417640209197998,340,-0.322265625
0.5428609848022461,341,-0.20625
0.5441131591796875,342,-0.141796875
0.545539140701294,343,-0.2578125
0.5469820499420166,344,-0.2578125
0.5486421585083008,345,-0.103125
0.5501370429992676,346,-0.02578125
0.5515310764312744,347,-0.167578125
0.5533270835876465,348,-0.09023437499999999
0.5558910369873047,349,-0.7218749999999999
0.5579080581665039,350,-1.65
0.5593030452728271,351,-0.21914062499999998
0.5610690116882324,352,-0.12890625
0.5629711151123047,353,-0.2578125
0.5644371509552002,354,0.012890625
0.565669059753418,355,-0.02578125
0.566796064376831,356,-0.09023437499999999
0.5679190158843994,357,-0.23203125
0.5690219402313232,358,-0.20625
0.5701160430908203,359,-0.399609375
0.5712110996246338,360,-1.0570312499999999
0.5723719596862793,361,-1.5597656249999998
0.5734789371490479,362,-0.2578125
0.5747060775756836,363,-0.270703125
0.5761101245880127,364,-0.15468749999999998
0.5775649547576904,365,-0.12890625
0.5790939331054688,366,-0.23203125
0.580718994140625,367,-0.167578125
0.5821030139923096,368,0.0
0.5834920406341553,369,-0.09023437499999999
0.5852911472320557,370,-0.193359375
0.5877420902252197,371,-0.15468749999999998
0.5893471240997314,372,-1.198828125
0.5909299850463867,373,-0.554296875
0.5928001403808594,374,-0.15468749999999998
0.5946841239929199,375,-0.064453125
0.596405029296875,376,-0.28359375
0.5979750156402588,377,-0.02578125
0.599463939666748,378,-0.012890625
0.6009781360626221,379,-0.012890625
0.6024961471557617,380,-0.193359375
0.6043579578399658,381,-0.33515625
0.6062829494476318,382,-1.1859374999999999
0.6081099510192871,383,-0.515625
0.6100549697875977,384,-0.167578125
0.6119401454925537,385,-0.12890625
0.6140830516815186,386,-0.20625
0.617030143737793,387,0.07734374999999999
0.6191210746765137,388,-0.0515625
0.6213870048522949,389,-0.21914062499999998
0.6237461566925049,390,-1.2890625
0.6254739761352539,391,-0.33515625
0.6270191669464111,392,-0.21914062499999998
0.628709077835083,393,-0.12890625
0.630324125289917,394,-0.167578125
0.6319561004638672,395,-0.012890625
0.6334669589996338,396,-0.0515625
0.6350271701812744,397,-0.141796875
0.6368870735168457,398,-0.0515625
0.638787031173706,399,-0.837890625
0.640733003616333,400,-1.65
0.642625093460083,401,-0.399609375
0.6445410251617432,402,-0.103125
0.6470000743865967,403,-0.167578125
0.6498489379882812,404,0.09023437499999999
0.6521439552307129,405,-0.038671874999999994
0.6545720100402832,406,-0.02578125
0.6567201614379883,407,-1.16015625
0.6587841510772705,408,-0.2578125
0.6603620052337646,409,-0.270703125
0.6617779731750488,410,-0.15468749999999998
0.6631369590759277,411,-0.20625
0.6646571159362793,412,-0.103125
0.6661629676818848,413,-0.02578125
0.6678509712219238,414,-0.0515625
0.6696560382843018,415,-0.167578125
0.6712040901184082,416,-0.515625
0.6728651523590088,417,-1.3921875
0.6751439571380615,418,-0.4125
0.6773450374603271,419,-0.24492187499999998
0.6792290210723877,420,-0.29648437499999997
0.6815240383148193,421,0.0
0.6838560104370117,422,-0.02578125
0.6855390071868896,423,-0.12890625
0.6873929500579834,424,-0.167578125
0.689316987991333,425,-1.0570312499999999
0.690716028213501,426,-0.4125
0.6919970512390137,427,-0.167578125
0.6931610107421875,428,-0.23203125
0.6943330764770508,429,-0.09023437499999999
0.6954591274261475,430,-0.4640625
0.6967110633850098,431,-0.42539062499999997
0.6981570720672607,432,-0.28359375
0.6995811462402344,433,-0.0515625
