time,count,voltage
0.004142045974731445,1,-0.0515625
0.005426168441772461,2,-0.20625
0.0065920352935791016,3,-0.270703125
0.007728099822998047,4,-0.399609375
0.008845090866088867,5,-0.4640625
0.010071039199829102,6,-0.2578125
0.011201143264770508,7,0.012890625
0.012478113174438477,8,-0.012890625
0.013959169387817383,9,-0.09023437499999999
0.015438079833984375,10,-0.4125
0.016876220703125,11,-0.734765625
0.01827716827392578,12,-1.5082031249999999
0.019645214080810547,13,0.0
0.020838022232055664,14,-0.21914062499999998
0.021998167037963867,15,-0.2578125
0.02312302589416504,16,-0.21914062499999998
0.024244070053100586,17,-0.29648437499999997
0.025350093841552734,18,-0.399609375
0.026455163955688477,19,-0.270703125
0.027701139450073242,20,0.0
0.029197216033935547,21,-0.012890625
0.030666112899780273,22,-0.064453125
0.03222799301147461,23,-0.4125
0.033744096755981445,24,-0.734765625
0.03508615493774414,25,-1.5984375
0.03648114204406738,26,0.0
0.037870168685913086,27,-0.20625
0.03943610191345215,28,-0.33515625
0.0418391227722168,29,-0.21914062499999998
0.04378819465637207,30,-0.09023437499999999
0.04516005516052246,31,0.0
0.04694318771362305,32,-0.0515625
0.04882311820983887,33,-0.36093749999999997
0.050341129302978516,34,-0.631640625
0.051545143127441406,35,-1.5597656249999998
0.0527341365814209,36,-0.0515625
0.05387520790100098,37,-0.064453125
0.054995059967041016,38,-0.15468749999999998
0.05611419677734375,39,-0.580078125
0.05721306800842285,40,-0.064453125
0.0583040714263916,41,-0.4125
0.059417009353637695,42,-0.33515625
0.06053304672241211,43,0.0
0.06163215637207031,44,0.0
0.06272506713867188,45,-0.0515625
0.06381607055664062,46,-0.20625
0.06491518020629883,47,-0.515625
0.06601405143737793,48,-0.64453125
0.06711006164550781,49,-1.2374999999999998
0.06821608543395996,50,-1.65
0.06932806968688965,51,0.0
0.07044506072998047,52,-0.103125
0.07155203819274902,53,-0.141796875
0.07265901565551758,54,-0.42539062499999997
0.07376408576965332,55,-0.20625
0.07485008239746094,56,-0.48984374999999997
0.07594799995422363,57,-0.4125
0.07707500457763672,58,-0.012890625
0.07818102836608887,59,-0.012890625
0.07938599586486816,60,-0.038671874999999994
0.08061814308166504,61,-0.12890625
0.08206009864807129,62,-0.4640625
0.08350706100463867,63,-0.7476562499999999
0.0850532054901123,64,-1.5082031249999999
0.08657121658325195,65,0.0
0.08809518814086914,66,-0.20625
0.08951807022094727,67,-0.36093749999999997
0.09088921546936035,68,-0.21914062499999998
0.0932919979095459,69,-0.33515625
0.09507203102111816,70,0.0
0.09644699096679688,71,-0.02578125
0.09833121299743652,72,-0.29648437499999997
0.1001441478729248,73,-0.4125
0.10152316093444824,74,-1.3792968749999999
0.10272812843322754,75,0.0
0.10386300086975098,76,-0.0515625
0.10498809814453125,77,-0.103125
0.1060950756072998,78,-0.30937499999999996
0.10719919204711914,79,-0.21914062499999998
0.10830116271972656,80,-0.4125
0.10957002639770508,81,-0.33515625
0.1110072135925293,82,-0.012890625
0.11247515678405762,83,-0.012890625
0.1139822006225586,84,-0.07734374999999999
0.11549615859985352,85,-0.4125
0.11690902709960938,86,-0.7863281249999999
0.11835312843322754,87,-1.546875
0.11983418464660645,88,0.0
0.12207698822021484,89,-0.23203125
0.12406015396118164,90,-0.37382812499999996
0.1255052089691162,91,-0.23203125
0.12699317932128906,92,0.012890625
0.12896418571472168,93,-0.012890625
0.1307082176208496,94,-0.038671874999999994
0.13200998306274414,95,-0.37382812499999996
0.1331920623779297,96,-0.734765625
0.13433098793029785,97,-1.405078125
0.1354529857635498,98,-0.116015625
0.13657498359680176,99,-0.02578125
0.13769316673278809,100,-0.116015625
0.13879704475402832,101,-0.2578125
0.14006614685058594,102,-0.33515625
0.1414501667022705,103,-0.37382812499999996
0.14289498329162598,104,-0.29648437499999997
0.14438319206237793,105,0.012890625
0.14592409133911133,106,0.0
0.1473400592803955,107,-0.064453125
0.1487882137298584,108,-0.43828124999999996
0.150299072265625,109,-0.760546875
0.15248703956604004,110,-1.5984375
0.15453720092773438,111,-0.02578125
0.15601420402526855,112,-0.2578125
0.15751099586486816,113,-0.167578125
0.15944600105285645,114,-0.42539062499999997
0.16126108169555664,115,0.038671874999999994
0.16259217262268066,116,0.0
0.1637721061706543,117,-0.09023437499999999
0.16493701934814453,118,-0.4640625
0.16607403755187988,119,-0.605859375
0.1671891212463379,120,-1.2503906249999999
0.1683061122894287,121,-1.65
0.16944098472595215,122,0.0
0.17062020301818848,123,-0.167578125
0.1720130443572998,124,-0.02578125
0.17345714569091797,125,-0.270703125
0.17492198944091797,126,-0.37382812499999996
0.17650413513183594,127,-0.2578125
0.17790699005126953,128,0.012890625
0.17937707901000977,129,-0.012890625
0.1807880401611328,130,-0.09023437499999999
0.18304800987243652,131,-0.4125
0.1850111484527588,132,-0.9796874999999999
0.18646001815795898,133,-0.02578125
0.18797802925109863,134,-0.20625
0.19002318382263184,135,-0.270703125
0.19171714782714844,136,-0.116015625
0.19306206703186035,137,0.09023437499999999
0.19424009323120117,138,0.012890625
0.19538402557373047,139,0.0
0.19650912284851074,140,-0.0515625
0.19763517379760742,141,-0.37382812499999996
0.1987600326538086,142,-0.476953125
0.199904203414917,143,-0.9410156249999999
0.20110321044921875,144,-1.5082031249999999
0.20251798629760742,145,-0.103125
0.20397114753723145,146,-0.064453125
0.20546412467956543,147,-0.20625
0.2070150375366211,148,-0.21914062499999998
0.20841407775878906,149,-0.23203125
0.2098991870880127,150,-0.103125
0.21142101287841797,151,0.0
0.21394610404968262,152,-0.012890625
0.21557998657226562,153,-0.322265625
0.2170271873474121,154,-0.7863281249999999
0.2190871238708496,155,-1.5597656249999998
0.2207930088043213,156,-0.0515625
0.22205400466918945,157,-0.20625
0.22321319580078125,158,-0.322265625
0.22433018684387207,159,-0.33515625
0.2254350185394287,160,-0.4125
0.22653698921203613,161,-0.23203125
0.2276291847229004,162,0.0
0.22872018814086914,163,-0.012890625
0.2298440933227539,164,-0.02578125
0.23102712631225586,165,-0.37382812499999996
0.23243117332458496,166,-0.515625
0.23385405540466309,167,-1.03125
0.235396146774292,168,-1.65
0.23688006401062012,169,-0.012890625
0.23827219009399414,170,-0.167578125
0.23986601829528809,171,-0.4125
0.24220705032348633,172,-0.064453125
0.24410510063171387,173,0.103125
0.24564719200134277,174,0.0
0.24772000312805176,175,-0.0515625
0.24932503700256348,176,-0.38671875
0.25055408477783203,177,-1.018359375
0.25170207023620605,178,-1.65
0.2528350353240967,179,0.0
0.25394320487976074,180,-0.15468749999999998
0.25506114959716797,181,-0.09023437499999999
0.2561671733856201,182,-0.348046875
0.25732898712158203,183,-0.20625
0.2584540843963623,184,-0.399609375
0.25964808464050293,185,-0.28359375
0.26076817512512207,186,0.012890625
0.26195716857910156,187,-0.012890625
0.2633659839630127,188,-0.0515625
0.2648742198944092,189,-0.33515625
0.2664330005645752,190,-0.4640625
0.2680060863494873,191,-1.2503906249999999
0.26954102516174316,192,-0.193359375
0.2710871696472168,193,-0.0515625
0.2736020088195801,194,-0.30937499999999996
0.2753870487213135,195,-0.167578125
0.2769451141357422,196,0.21914062499999998
0.2790491580963135,197,0.0
0.2805972099304199,198,-0.02578125
0.28186821937561035,199,-0.37382812499999996
0.28302502632141113,200,-0.631640625
0.28417301177978516,201,-1.3148437499999999
0.28533005714416504,202,-0.37382812499999996
0.286452054977417,203,0.0
0.2875502109527588,204,-0.270703125
0.2886471748352051,205,-0.30937499999999996
0.28977012634277344,206,-0.21914062499999998
0.29086899757385254,207,-0.270703125
0.29204511642456055,208,-0.399609375
0.2934401035308838,209,-0.2578125
0.29488110542297363,210,0.012890625
0.2964301109313965,211,-0.0515625
0.29787611961364746,212,-0.2578125
0.2992541790008545,213,-0.43828124999999996
0.3008232116699219,214,-1.044140625
0.30306005477905273,215,-1.65
0.3051571846008301,216,-0.012890625
0.30660510063171387,217,-0.43828124999999996
0.3085670471191406,218,-0.33515625
0.3103921413421631,219,-0.103125
0.3121640682220459,220,0.012890625
0.3133552074432373,221,-0.0515625
0.3144960403442383,222,-0.4125
0.3156161308288574,223,-0.515625
0.3167271614074707,224,-1.018359375
0.3178441524505615,225,-1.5984375
0.3189511299133301,226,0.0
0.32013702392578125,227,-0.12890625
0.3212571144104004,228,-0.07734374999999999
0.32244300842285156,229,-0.4125
0.3238379955291748,230,-0.28359375
0.3293271064758301,231,-0.4125
0.3311150074005127,232,-0.0515625
0.3334929943084717,233,-0.399609375
0.33596110343933105,234,-1.16015625
0.3379800319671631,235,-0.167578125
0.34049320220947266,236,-0.20625
0.3425459861755371,237,-0.37382812499999996
0.3441181182861328,238,0.103125
0.3454160690307617,239,-0.012890625
0.3466620445251465,240,-0.0515625
0.3479042053222656,241,-0.33515625
0.34931015968322754,242,-0.476953125
0.3506300449371338,243,-1.018359375
0.35958003997802734,244,-1.65
0.36139917373657227,245,0.0
0.36364102363586426,246,-0.02578125
0.3657371997833252,247,-0.2578125
0.3672029972076416,248,-0.79921875
0.36908912658691406,249,-1.6242187499999998
0.3709990978240967,250,0.0
0.37231016159057617,251,-0.270703125
0.3734860420227051,252,-0.167578125
0.37461400032043457,253,-0.29648437499999997
0.37572717666625977,254,-0.30937499999999996
0.37684011459350586,255,-0.12890625
0.3779470920562744,256,0.0
0.3791182041168213,257,-0.02578125
0.38024020195007324,258,-0.09023437499999999
0.38135504722595215,259,-0.4640625
0.3824591636657715,260,-0.502734375
0.38367605209350586,261,-1.1214843749999999
0.385120153427124,262,-1.65
0.38653111457824707,263,0.0
0.38805699348449707,264,-0.20625
0.38958311080932617,265,-0.38671875
0.3910670280456543,266,-0.103125
0.39250612258911133,267,-0.2578125
0.39513707160949707,268,0.038671874999999994
0.39678502082824707,269,-0.02578125
0.3983750343322754,270,-0.38671875
0.40047311782836914,271,-0.476953125
0.40190911293029785,272,-1.5082031249999999
0.4030911922454834,273,0.012890625
0.4042320251464844,274,-0.12890625
0.4053502082824707,275,-0.23203125
0.40647006034851074,276,-0.37382812499999996
0.407581090927124,277,-0.30937499999999996
0.40868210792541504,278,-0.4125
0.4098219871520996,279,-0.2578125
0.410919189453125,280,0.012890625
0.4120180606842041,281,-0.02578125
0.4131200313568115,282,-0.012890625
0.4143061637878418,283,-0.33515625
0.4157071113586426,284,-0.515625
0.41713619232177734,285,-0.992578125
0.41867518424987793,286,-1.65
0.4203951358795166,287,0.0
0.42191410064697266,288,-0.18046874999999998
0.423382043838501,289,-0.36093749999999997
0.4258441925048828,290,-0.348046875
0.42760205268859863,291,0.0
0.4292171001434326,292,-0.012890625
0.43131208419799805,293,-0.064453125
0.432833194732666,294,-0.399609375
0.43402910232543945,295,-1.134375
0.43515920639038086,296,-1.65
0.4362812042236328,297,0.0
0.437391996383667,298,-0.2578125
0.43849706649780273,299,-0.20625
0.43962621688842773,300,-0.322265625
0.4407382011413574,301,-0.141796875
0.4418301582336426,302,-0.322265625
0.44292211532592773,303,-0.2578125
0.4440431594848633,304,-0.012890625
0.4452199935913086,305,-0.012890625
0.44661402702331543,306,-0.064453125
0.44805216789245605,307,-0.36093749999999997
0.4496331214904785,308,-0.4125
0.45118117332458496,309,-1.173046875
0.4525411128997803,310,-0.2578125
0.4538841247558594,311,-0.103125
0.456118106842041,312,-0.064453125
0.45806217193603516,313,-0.24492187499999998
0.45954108238220215,314,-0.07734374999999999
0.4613649845123291,315,-0.012890625
0.4632751941680908,316,-0.012890625
0.46465110778808594,317,-0.270703125
0.4658851623535156,318,-0.37382812499999996
0.4670600891113281,319,-1.044140625
0.4682002067565918,320,-1.65
0.46935200691223145,321,0.0
0.4704620838165283,322,-0.103125
0.471560001373291,323,-0.103125
0.4726531505584717,324,-0.580078125
0.473743200302124,325,-0.09023437499999999
0.47482919692993164,326,-0.4125
0.47600412368774414,327,-0.36093749999999997
0.4774131774902344,328,-0.02578125
0.47884202003479004,329,-0.012890625
0.48051905632019043,330,-0.012890625
0.4819951057434082,331,-0.4125
0.48333001136779785,332,-0.6832031249999999
0.4846811294555664,333,-1.46953125
0.4867410659790039,334,0.0
0.488814115524292,335,-0.0515625
0.49038004875183105,336,-0.37382812499999996
0.4922060966491699,337,-0.2578125
0.4940800666809082,338,-0.0515625
0.49537110328674316,339,-0.012890625
0.496535062789917,340,-0.012890625
0.49765920639038086,341,-0.37382812499999996
0.4987800121307373,342,-0.5285156249999999
0.4999210834503174,343,-0.95390625
0.5010461807250977,344,-1.533984375
0.5021932125091553,345,-0.064453125
0.5033130645751953,346,-0.167578125
0.5044240951538086,347,-0.20625
0.5055251121520996,348,-0.33515625
0.5067000389099121,349,-0.15468749999999998
0.5080831050872803,350,-0.36093749999999997
0.5095551013946533,351,-0.322265625
0.5111281871795654,352,0.0
0.5126290321350098,353,-0.02578125
0.5140440464019775,354,-0.116015625
0.51546311378479,355,-0.43828124999999996
0.5170822143554688,356,-0.825
0.5196561813354492,357,-1.546875
0.5212841033935547,358,-0.064453125
0.5226731300354004,359,-0.322265625
0.5245001316070557,360,-0.167578125
0.5263781547546387,361,-0.270703125
0.5277111530303955,362,0.012890625
0.5288760662078857,363,-0.012890625
0.5300941467285156,364,-0.0515625
0.5312180519104004,365,-0.4125
0.532325029373169,366,-0.451171875
0.5334320068359375,367,-1.018359375
0.5345401763916016,368,-1.5984375
0.5356500148773193,369,0.0
0.5368201732635498,370,-0.0515625
0.5382289886474609,371,-0.18046874999999998
0.5397751331329346,372,-0.4125
0.5413131713867188,373,0.0
0.5428991317749023,374,-0.116015625
0.5443220138549805,375,0.012890625
0.5457789897918701,376,0.0
0.547461986541748,377,-0.064453125
0.5500211715698242,378,-0.43828124999999996
0.5516300201416016,379,-1.2374999999999998
0.5530321598052979,380,0.0
0.5548830032348633,381,-0.116015625
0.5567371845245361,382,-0.399609375
0.5580551624298096,383,-0.37382812499999996
0.5592451095581055,384,-0.2578125
0.5603840351104736,385,-0.038671874999999994
0.561500072479248,386,0.0
0.5625991821289062,387,-0.064453125
0.5637350082397461,388,-0.193359375
0.564906120300293,389,-0.515625
0.5660390853881836,390,-0.6187499999999999
0.5672390460968018,391,-1.26328125
0.5686421394348145,392,-1.65
0.570385217666626,393,0.0
0.5721290111541748,394,-0.07734374999999999
0.5739691257476807,395,-0.42539062499999997
0.5755410194396973,396,-0.2578125
0.577146053314209,397,-0.012890625
0.5786612033843994,398,0.0
0.5815980434417725,399,-0.02578125
0.5838470458984375,400,-0.37382812499999996
0.5855569839477539,401,-1.456640625
0.5871632099151611,402,-0.116015625
0.5893590450286865,403,-0.0515625
0.5915241241455078,404,-0.2578125
0.5933010578155518,405,-0.167578125
0.5947341918945312,406,0.012890625
0.5961081981658936,407,-0.0515625
0.5975551605224609,408,-0.167578125
0.5993092060089111,409,-0.4640625
0.6010541915893555,410,-1.00546875
0.6027359962463379,411,0.0
0.6045382022857666,412,-0.116015625
0.6061360836029053,413,-0.2578125
0.6077330112457275,414,-0.20625
0.6092941761016846,415,-0.29648437499999997
0.6119790077209473,416,0.09023437499999999
0.6142539978027344,417,-0.012890625
0.615882158279419,418,-0.322265625
0.6177752017974854,419,-0.95390625
0.620103120803833,420,-1.65
0.6220099925994873,421,-0.23203125
0.6235342025756836,422,-0.20625
0.6249120235443115,423,-0.270703125
0.6263082027435303,424,-0.18046874999999998
0.6277601718902588,425,0.0
0.6294281482696533,426,-0.012890625
0.6311709880828857,427,-0.103125
0.6328680515289307,428,-0.37382812499999996
0.6346921920776367,429,-1.095703125
0.6363210678100586,430,-0.193359375
0.6379470825195312,431,-0.15468749999999998
0.639523983001709,432,-0.348046875
0.6419870853424072,433,-0.103125
0.6443371772766113,434,-0.012890625
0.6459901332855225,435,0.0
0.6478540897369385,436,-0.15468749999999998
0.650184154510498,437,-0.43828124999999996
0.6521430015563965,438,-1.353515625
0.6536810398101807,439,-0.02578125
0.6550881862640381,440,-0.18046874999999998
0.6564621925354004,441,-0.48984374999999997
0.6578822135925293,442,-0.270703125
