time,count,voltage
0.00542902946472168,1,-0.012890625
0.007009029388427734,2,-0.064453125
0.008411884307861328,3,-0.064453125
0.009773015975952148,4,-0.6187499999999999
0.011124849319458008,5,-1.327734375
0.012745857238769531,6,-0.6187499999999999
0.014642000198364258,7,-0.33515625
0.01641988754272461,8,-0.116015625
0.018110990524291992,9,-0.322265625
0.019775867462158203,10,-0.103125
0.021348953247070312,11,-0.012890625
0.022760868072509766,12,-0.064453125
0.024116992950439453,13,-0.23203125
0.025562047958374023,14,-0.07734374999999999
0.02693486213684082,15,-0.7863281249999999
0.028499841690063477,16,-1.52109375
0.030243873596191406,17,-0.193359375
0.03194594383239746,18,-0.23203125
0.0337519645690918,19,-0.15468749999999998
0.03561687469482422,20,-0.4125
0.0372769832611084,21,-0.0515625
0.03889894485473633,22,-0.02578125
0.040434837341308594,23,-0.09023437499999999
0.04221987724304199,24,-0.12890625
0.04459786415100098,25,-0.734765625
0.04767799377441406,26,-1.65
0.04961204528808594,27,-0.38671875
0.051229000091552734,28,-0.36093749999999997
0.05303597450256348,29,-0.23203125
0.05537104606628418,30,0.0
0.05742502212524414,31,-0.0515625
0.059010982513427734,32,-0.02578125
0.06045985221862793,33,-0.8121093749999999
0.061856985092163086,34,-1.5597656249999998
0.06322598457336426,35,-0.20625
0.06459903717041016,36,-0.167578125
0.06604385375976562,37,-0.21914062499999998
0.0673990249633789,38,-0.37382812499999996
0.06874394416809082,39,-0.399609375
0.07007884979248047,40,-0.193359375
0.0713968276977539,41,-0.012890625
0.07270503044128418,42,-0.103125
0.07401394844055176,43,-0.24492187499999998
0.07550597190856934,44,-0.064453125
0.07698893547058105,45,-0.760546875
0.07844996452331543,46,-1.546875
0.07991886138916016,47,-0.18046874999999998
0.08134984970092773,48,-0.270703125
0.08291482925415039,49,-0.12890625
0.0842900276184082,50,-0.36093749999999997
0.08591604232788086,51,-0.322265625
0.08798789978027344,52,-0.15468749999999998
0.09034299850463867,53,-0.02578125
0.09184098243713379,54,-0.0515625
0.09381985664367676,55,-0.6574218749999999
0.09567999839782715,56,-1.4953124999999998
0.09698987007141113,57,-0.23203125
0.0981588363647461,58,-0.20625
0.09929704666137695,59,-0.15468749999999998
0.10044097900390625,60,-0.33515625
0.10157299041748047,61,-0.43828124999999996
0.10269498825073242,62,-0.33515625
0.10379600524902344,63,0.0
0.10488295555114746,64,-0.02578125
0.10599899291992188,65,-0.0515625
0.1071920394897461,66,-0.2578125
0.10862088203430176,67,-0.18046874999999998
0.11009383201599121,68,-0.760546875
0.11161684989929199,69,-1.5082031249999999
0.11317300796508789,70,-0.33515625
0.11455798149108887,71,-0.0515625
0.11603283882141113,72,-0.270703125
0.11830782890319824,73,-0.270703125
0.12031102180480957,74,-0.12890625
0.12176895141601562,75,-0.02578125
0.12366890907287598,76,-0.038671874999999994
0.12554502487182617,77,-0.15468749999999998
0.12685799598693848,78,-0.7734375
0.12801694869995117,79,-1.546875
0.1291489601135254,80,-0.322265625
0.1302649974822998,81,-0.30937499999999996
0.13139104843139648,82,-0.20625
0.13250398635864258,83,-0.167578125
0.13361787796020508,84,-0.270703125
0.13472390174865723,85,-0.43828124999999996
0.13588595390319824,86,-0.37382812499999996
0.13699889183044434,87,-0.02578125
0.13817405700683594,88,-0.0515625
0.13959598541259766,89,-0.064453125
0.14107298851013184,90,-0.20625
0.14255595207214355,91,-0.20625
0.14413905143737793,92,-0.9796874999999999
0.14559698104858398,93,-1.65
0.14708304405212402,94,-0.23203125
0.14848804473876953,95,-0.23203125
0.15086984634399414,96,-0.15468749999999998
0.1528639793395996,97,-0.270703125
0.1542818546295166,98,0.012890625
0.15598797798156738,99,-0.09023437499999999
0.1579580307006836,100,-0.167578125
0.15952205657958984,101,-0.15468749999999998
0.16077089309692383,102,-1.1214843749999999
0.16192388534545898,103,-1.65
0.16304993629455566,104,-0.116015625
0.16421294212341309,105,-0.2578125
0.16548705101013184,106,-0.29648437499999997
0.16664791107177734,107,-0.116015625
0.16777396202087402,108,-0.4125
0.16896986961364746,109,-0.399609375
0.17038202285766602,110,-0.18046874999999998
0.1718578338623047,111,-0.012890625
0.17339587211608887,112,-0.0515625
0.17499899864196777,113,-0.20625
0.17653799057006836,114,-0.515625
0.17791986465454102,115,-1.3664062499999998
0.17977404594421387,116,-0.322265625
0.18207502365112305,117,-0.37382812499999996
0.18354582786560059,118,-0.07734374999999999
0.18526005744934082,119,-0.348046875
0.18729591369628906,120,-0.141796875
0.18873095512390137,121,-0.012890625
0.18993592262268066,122,-0.12890625
0.191087007522583,123,-0.20625
0.1922149658203125,124,-0.29648437499999997
0.19333982467651367,125,-0.992578125
0.1944420337677002,126,-1.546875
0.1955728530883789,127,-0.09023437499999999
0.19669795036315918,128,-0.193359375
0.19780492782592773,129,-0.15468749999999998
0.19901394844055176,130,-0.21914062499999998
0.20045089721679688,131,0.0
0.2019059658050537,132,-0.2578125
0.20345497131347656,133,-0.064453125
0.2050318717956543,134,-0.012890625
0.20659899711608887,135,-0.02578125
0.20804905891418457,136,-0.20625
0.21030783653259277,137,-0.33515625
0.21226286888122559,138,-1.3148437499999999
0.21367883682250977,139,-0.20625
0.21559596061706543,140,-0.21914062499999998
0.21744704246520996,141,-0.141796875
0.218735933303833,142,-0.167578125
0.21990585327148438,143,-0.012890625
0.22104597091674805,144,-0.0515625
0.22216796875,145,-0.116015625
0.22327089309692383,146,-0.15468749999999998
0.22439193725585938,147,-0.23203125
0.22552204132080078,148,-0.322265625
0.226639986038208,149,-0.992578125
0.22774100303649902,150,-1.546875
0.22892284393310547,151,-0.09023437499999999
0.23034095764160156,152,-0.322265625
0.23177599906921387,153,0.0
0.23328590393066406,154,-0.12890625
0.2347428798675537,155,-0.36093749999999997
0.2362060546875,156,-0.21914062499999998
0.23769402503967285,157,0.0
0.2402019500732422,158,-0.103125
0.24191784858703613,159,-0.15468749999999998
0.2434828281402588,160,-0.708984375
0.2456350326538086,161,-1.4308593749999998
0.24711394309997559,162,-0.20625
0.24829483032226562,163,-0.2578125
0.24942898750305176,164,-0.103125
0.25054287910461426,165,-0.28359375
0.2516510486602783,166,-0.4125
0.2527749538421631,167,-0.322265625
0.25388002395629883,168,-0.012890625
0.25497984886169434,169,-0.02578125
0.25610995292663574,170,-0.09023437499999999
0.2572188377380371,171,-0.30937499999999996
0.25832200050354004,172,-0.12890625
0.25950193405151367,173,-0.7476562499999999
0.2609138488769531,174,-1.353515625
0.26241087913513184,175,-0.7218749999999999
0.26419782638549805,176,-0.2578125
0.2658519744873047,177,-0.28359375
0.2674369812011719,178,-0.167578125
0.2693328857421875,179,-0.193359375
0.2718379497528076,180,0.0
0.27333498001098633,181,-0.02578125
0.27510690689086914,182,-0.167578125
0.27718687057495117,183,-0.4125
0.278533935546875,184,-1.546875
0.27970004081726074,185,-0.167578125
0.2808208465576172,186,-0.15468749999999998
0.2819349765777588,187,-0.167578125
0.28303098678588867,188,-0.116015625
0.2841310501098633,189,-0.4640625
0.285228967666626,190,-0.502734375
0.28641700744628906,191,-0.322265625
0.28752899169921875,192,-0.012890625
0.28862595558166504,193,-0.116015625
0.28981685638427734,194,-0.103125
0.2912130355834961,195,-0.270703125
0.29265499114990234,196,-0.322265625
0.2941868305206299,197,-1.134375
0.29567599296569824,198,-1.585546875
0.2971980571746826,199,-0.2578125
0.2986319065093994,200,-0.2578125
0.30123400688171387,201,-0.12890625
0.3029630184173584,202,-0.103125
0.3046138286590576,203,0.012890625
0.306643009185791,204,-0.12890625
0.3080480098724365,205,-0.167578125
0.30924487113952637,206,-0.4125
0.3103950023651123,207,-1.1214843749999999
0.3115060329437256,208,-1.65
0.3126058578491211,209,-0.20625
0.31369996070861816,210,-0.43828124999999996
0.3148009777069092,211,-0.21914062499999998
0.3159208297729492,212,-0.0515625
0.3170168399810791,213,-0.322265625
0.31811094284057617,214,-0.48984374999999997
0.3192129135131836,215,-0.399609375
0.3211519718170166,216,-0.012890625
0.32262492179870605,217,-0.103125
0.32404494285583496,218,-0.20625
0.3257129192352295,219,-0.09023437499999999
0.32725000381469727,220,-0.8765624999999999
0.32863593101501465,221,-1.65
0.330935001373291,222,-0.167578125
0.33362388610839844,223,-0.0515625
0.33550095558166504,224,-0.09023437499999999
0.33758091926574707,225,0.116015625
0.3394508361816406,226,-0.012890625
0.34085893630981445,227,-0.193359375
0.34206485748291016,228,-0.09023437499999999
0.3432140350341797,229,-0.8507812499999999
0.3443310260772705,230,-1.4437499999999999
0.34548401832580566,231,-0.36093749999999997
0.34662604331970215,232,-0.15468749999999998
0.34775400161743164,233,-0.20625
0.34886884689331055,234,-0.21914062499999998
0.34998083114624023,235,-0.103125
0.35118889808654785,236,-0.37382812499999996
0.3526289463043213,237,-0.36093749999999997
0.35407090187072754,238,-0.02578125
0.3556950092315674,239,-0.0515625
0.35726094245910645,240,-0.12890625
0.35864996910095215,241,-0.064453125
0.36000490188598633,242,-0.7476562499999999
0.3623168468475342,243,-1.482421875
0.36424994468688965,244,-0.4640625
0.3657808303833008,245,-0.24492187499999998
0.36784887313842773,246,-0.0515625
0.36956095695495605,247,-0.0515625
0.37079405784606934,248,0.0
0.3719320297241211,249,-0.09023437499999999
0.3730649948120117,250,-0.09023437499999999
0.37418699264526367,251,-0.29648437499999997
0.37535691261291504,252,-0.23203125
0.37651705741882324,253,-0.889453125
0.37762999534606934,254,-1.52109375
0.37873291969299316,255,-0.064453125
0.3798830509185791,256,-0.23203125
0.3810279369354248,257,-0.103125
0.38222694396972656,258,-0.193359375
0.38364505767822266,259,-0.0515625
0.3850879669189453,260,-0.322265625
0.38682985305786133,261,-0.12890625
0.3884148597717285,262,-0.0515625
0.3898499011993408,263,-0.02578125
0.39121103286743164,264,-0.167578125
0.3934929370880127,265,-0.30937499999999996
0.3955268859863281,266,-1.198828125
0.39708399772644043,267,-0.23203125
0.39914989471435547,268,-0.20625
0.40077686309814453,269,-0.21914062499999998
0.4020090103149414,270,-0.141796875
0.4031548500061035,271,-0.0515625
0.40427184104919434,272,-0.02578125
0.40547895431518555,273,-0.15468749999999998
0.4066319465637207,274,-0.15468749999999998
0.4077589511871338,275,-0.21914062499999998
0.40886592864990234,276,-0.37382812499999996
0.4099709987640381,277,-1.03125
0.41106605529785156,278,-1.5597656249999998
0.4122660160064697,279,-0.0515625
0.41368985176086426,280,-0.2578125
0.41514086723327637,281,-0.141796875
0.41690492630004883,282,-0.07734374999999999
0.4184529781341553,283,-0.37382812499999996
0.41986989974975586,284,-0.141796875
0.4212210178375244,285,-0.012890625
0.42377185821533203,286,-0.12890625
0.4255199432373047,287,-0.12890625
0.427081823348999,288,-0.825
0.4291520118713379,289,-1.546875
0.4306190013885498,290,-0.2578125
0.431804895401001,291,-0.322265625
0.4329369068145752,292,-0.103125
0.43404698371887207,293,-0.37382812499999996
0.4351539611816406,294,-0.42539062499999997
0.436370849609375,295,-0.29648437499999997
0.43750596046447754,296,0.0
0.43860697746276855,297,-0.07734374999999999
0.43970489501953125,298,-0.141796875
0.4407999515533447,299,-0.29648437499999997
0.4418978691101074,300,-0.193359375
0.44307684898376465,301,-0.8765624999999999
0.4444749355316162,302,-1.46953125
0.4460029602050781,303,-0.20625
0.4476158618927002,304,-0.37382812499999996
0.4491708278656006,305,-0.270703125
0.450549840927124,306,-0.103125
0.45191287994384766,307,-0.20625
0.45452094078063965,308,-0.07734374999999999
0.4561760425567627,309,-0.0515625
0.4577598571777344,310,-0.23203125
0.4598250389099121,311,-0.15468749999999998
0.4612569808959961,312,-1.147265625
0.46244287490844727,313,-0.4125
0.46357083320617676,314,-0.348046875
0.4646890163421631,315,-0.20625
0.4658799171447754,316,-0.167578125
0.46700096130371094,317,-0.33515625
0.46810388565063477,318,-0.48984374999999997
0.4692099094390869,319,-0.36093749999999997
0.4703099727630615,320,-0.012890625
0.4714479446411133,321,-0.02578125
0.4725949764251709,322,-0.09023437499999999
0.47380995750427246,323,-0.21914062499999998
0.4752218723297119,324,-0.193359375
0.4767768383026123,325,-0.7863281249999999
0.478363037109375,326,-1.533984375
0.4798860549926758,327,-0.167578125
0.48132801055908203,328,-0.15468749999999998
0.4828000068664551,329,-0.167578125
0.485461950302124,330,-0.4125
0.4871089458465576,331,0.038671874999999994
0.48876094818115234,332,-0.012890625
0.490764856338501,333,-0.0515625
0.4921538829803467,334,-0.0515625
0.4933478832244873,335,-0.837890625
0.49448490142822266,336,-1.456640625
0.49562501907348633,337,-0.270703125
0.49674296379089355,338,-0.20625
0.4978468418121338,339,-0.20625
0.49894285202026367,340,-0.12890625
0.5000400543212891,341,-0.0515625
0.5011718273162842,342,-0.33515625
0.5022978782653809,343,-0.33515625
0.5033969879150391,344,-0.103125
0.504572868347168,345,-0.0515625
0.5060429573059082,346,-0.116015625
0.5074830055236816,347,-0.23203125
0.5090160369873047,348,-0.07734374999999999
0.5104930400848389,349,-0.9152343749999999
0.5118110179901123,350,-1.65
0.5131289958953857,351,-0.193359375
0.5155539512634277,352,-0.12890625
0.5174160003662109,353,-0.116015625
0.5188548564910889,354,-0.12890625
0.5208048820495605,355,0.0
0.5224449634552002,356,-0.038671874999999994
0.5236968994140625,357,-0.20625
0.5248558521270752,358,-0.116015625
0.5260179042816162,359,-0.6187499999999999
0.5271780490875244,360,-1.26328125
0.5283100605010986,361,-1.65
0.5294280052185059,362,-0.20625
0.530526876449585,363,-0.37382812499999996
0.5316338539123535,364,-0.2578125
0.532742977142334,365,-0.167578125
0.5338418483734131,366,-0.322265625
0.5350029468536377,367,-0.4125
0.5363998413085938,368,-0.28359375
0.5378448963165283,369,-0.012890625
0.5393829345703125,370,-0.09023437499999999
0.5409200191497803,371,-0.23203125
0.5423018932342529,372,-0.103125
0.5437178611755371,373,-0.928125
0.5454869270324707,374,-1.5984375
0.5478880405426025,375,-0.270703125
0.5494680404663086,376,-0.193359375
0.5509450435638428,377,-0.36093749999999997
0.5528628826141357,378,-0.322265625
0.5545928478240967,379,-0.012890625
0.5560100078582764,380,-0.064453125
0.5572018623352051,381,-0.15468749999999998
0.5583410263061523,382,-0.012890625
0.5594539642333984,383,-0.6187499999999999
0.5605709552764893,384,-1.1859374999999999
0.5616660118103027,385,-1.585546875
0.5627608299255371,386,-1.65
0.5638589859008789,387,-1.65
0.5650508403778076,388,-1.1214843749999999
0.566519021987915,389,-0.21914062499999998
0.5679538249969482,390,-0.4640625
0.5694549083709717,391,-0.2578125
0.5710258483886719,392,0.012890625
0.5724468231201172,393,-0.12890625
0.574077844619751,394,-0.18046874999999998
0.575847864151001,395,-0.116015625
0.5783669948577881,396,-0.8765624999999999
0.5800299644470215,397,-0.20625
0.581467866897583,398,-0.103125
0.5831170082092285,399,-0.103125
0.5850470066070557,400,-0.23203125
0.5868499279022217,401,0.0
0.5881268978118896,402,-0.012890625
0.5892989635467529,403,-0.09023437499999999
0.5904438495635986,404,-0.23203125
0.5915720462799072,405,-0.116015625
0.5926768779754639,406,-0.6832031249999999
0.5937809944152832,407,-1.276171875
0.5948729515075684,408,-1.65
0.5960619449615479,409,-0.193359375
0.5974979400634766,410,-0.30937499999999996
0.5989618301391602,411,-0.322265625
0.6005120277404785,412,0.0
0.6020300388336182,413,-0.24492187499999998
0.603489875793457,414,-0.02578125
0.6049008369445801,415,-0.02578125
0.6065659523010254,416,-0.0515625
0.6090459823608398,417,-0.2578125
0.6106469631195068,418,-0.7218749999999999
0.6120409965515137,419,-1.65
0.6139349937438965,420,-0.167578125
0.6157710552215576,421,-0.20625
0.6170928478240967,422,-0.0515625
0.6182539463043213,423,-0.193359375
0.6193850040435791,424,-0.167578125
0.6205189228057861,425,0.0
0.6216349601745605,426,-0.02578125
0.6227409839630127,427,-0.0515625
0.6238338947296143,428,-0.29648437499999997
0.6249370574951172,429,-0.167578125
0.6261329650878906,430,-0.734765625
0.627526044845581,431,-1.340625
