time,count,voltage
0.0042989253997802734,1,-0.24492187499999998
0.005580902099609375,2,-0.2578125
0.00675201416015625,3,-0.167578125
0.007875919342041016,4,-0.451171875
0.009027957916259766,5,-0.476953125
0.010135889053344727,6,-0.2578125
0.011397838592529297,7,-0.02578125
0.012780904769897461,8,-0.07734374999999999
0.014266014099121094,9,-0.167578125
0.01575303077697754,10,-0.09023437499999999
0.01708984375,11,-0.7734375
0.018486976623535156,12,-1.4953124999999998
0.019716978073120117,13,-0.322265625
0.020854949951171875,14,-0.29648437499999997
0.021989822387695312,15,-0.21914062499999998
0.02310490608215332,16,-0.12890625
0.024217844009399414,17,-0.270703125
0.02531886100769043,18,-0.4125
0.026410818099975586,19,-0.322265625
0.027503013610839844,20,0.0
0.028879880905151367,21,-0.064453125
0.030334949493408203,22,-0.0515625
0.031764984130859375,23,-0.116015625
0.033325910568237305,24,-0.42539062499999997
0.03478097915649414,25,-1.2374999999999998
0.0361628532409668,26,-0.20625
0.03746485710144043,27,-0.28359375
0.03890085220336914,28,-0.2578125
0.04109001159667969,29,-0.15468749999999998
0.043228864669799805,30,-0.29648437499999997
0.04466390609741211,31,0.012890625
0.046646833419799805,32,-0.0515625
0.04847884178161621,33,-0.167578125
0.0498960018157959,34,-0.322265625
0.05110001564025879,35,-1.26328125
0.05225801467895508,36,-1.65
0.05339384078979492,37,-0.29648437499999997
0.054515838623046875,38,-0.038671874999999994
0.055632829666137695,39,-0.28359375
0.05674386024475098,40,-0.103125
0.05784296989440918,41,-0.43828124999999996
0.05896782875061035,42,-0.4640625
0.06008601188659668,43,-0.29648437499999997
0.061203956604003906,44,-0.012890625
0.06230783462524414,45,-0.02578125
0.06341004371643066,46,-0.12890625
0.06450700759887695,47,-0.23203125
0.06560087203979492,48,-0.15468749999999998
0.06669902801513672,49,-0.837890625
0.06779193878173828,50,-1.456640625
0.06891202926635742,51,-0.54140625
0.07001590728759766,52,-0.20625
0.0711050033569336,53,-0.09023437499999999
0.0722038745880127,54,-0.116015625
0.07329392433166504,55,-0.12890625
0.07438898086547852,56,-0.4125
0.07547688484191895,57,-0.4640625
0.07657289505004883,58,-0.30937499999999996
0.0776829719543457,59,-0.012890625
0.07886791229248047,60,-0.0515625
0.08009481430053711,61,-0.0515625
0.08153486251831055,62,-0.2578125
0.08296799659729004,63,-0.30937499999999996
0.08462381362915039,64,-1.10859375
0.08609390258789062,65,-1.3921875
0.08747291564941406,66,-0.4125
0.08926892280578613,67,-0.20625
0.09174084663391113,68,-0.20625
0.0933389663696289,69,0.09023437499999999
0.09525799751281738,70,-0.012890625
0.09722304344177246,71,-0.0515625
0.09858989715576172,72,-0.07734374999999999
0.09980487823486328,73,-0.580078125
0.10102581977844238,74,-1.2503906249999999
0.10219001770019531,75,-1.65
0.10331392288208008,76,-0.193359375
0.10442996025085449,77,-0.20625
0.10554790496826172,78,-0.116015625
0.10666298866271973,79,-0.12890625
0.1077728271484375,80,-0.4640625
0.10898995399475098,81,-0.515625
0.11039900779724121,82,-0.2578125
0.11185288429260254,83,-0.02578125
0.11331391334533691,84,-0.038671874999999994
0.11489701271057129,85,-0.15468749999999998
0.11626195907592773,86,-0.270703125
0.11763882637023926,87,-1.0828125
0.11905694007873535,88,-1.65
0.12137484550476074,89,-0.30937499999999996
0.1232759952545166,90,-0.24492187499999998
0.12469792366027832,91,-0.322265625
0.12661981582641602,92,-0.24492187499999998
0.12847685813903809,93,0.012890625
0.12979483604431152,94,-0.07734374999999999
0.13097381591796875,95,-0.20625
0.13211584091186523,96,-0.02578125
0.1332559585571289,97,-0.7218749999999999
0.13438987731933594,98,-1.327734375
0.13550901412963867,99,-1.46953125
0.13662505149841309,100,-0.23203125
0.13773298263549805,101,-0.12890625
0.13891983032226562,102,-0.270703125
0.14032793045043945,103,-0.103125
0.1418008804321289,104,-0.42539062499999997
0.14331388473510742,105,-0.20625
0.14486193656921387,106,0.012890625
0.14633798599243164,107,-0.0515625
0.14777898788452148,108,-0.20625
0.14919185638427734,109,-0.02578125
0.1515519618988037,110,-0.837890625
0.15350103378295898,111,-1.65
0.15491604804992676,112,-0.193359375
0.15654301643371582,113,-0.2578125
0.15857195854187012,114,-0.322265625
0.16017484664916992,115,-0.0515625
0.16144800186157227,116,0.0
0.1626110076904297,117,-0.0515625
0.16378188133239746,118,-0.167578125
0.16492891311645508,119,-0.20625
0.1660749912261963,120,-0.42539062499999997
0.16719293594360352,121,-1.1214843749999999
0.16833782196044922,122,-1.65
0.16953396797180176,123,0.0
0.17090988159179688,124,-0.322265625
0.17235898971557617,125,-0.23203125
0.17389392852783203,126,-0.167578125
0.17548799514770508,127,-0.37382812499999996
0.17698884010314941,128,-0.116015625
0.17850494384765625,129,-0.02578125
0.1801469326019287,130,-0.103125
0.18268990516662598,131,-0.18046874999999998
0.18442201614379883,132,-0.580078125
0.18579983711242676,133,-1.65
0.18751001358032227,134,-0.36093749999999997
0.18943405151367188,135,-0.167578125
0.19090795516967773,136,-0.103125
0.19217205047607422,137,-0.167578125
0.19335603713989258,138,-0.09023437499999999
0.19449400901794434,139,-0.012890625
0.19561195373535156,140,-0.0515625
0.19675397872924805,141,-0.103125
0.1978929042816162,142,-0.20625
0.19905400276184082,143,-0.20625
0.20026087760925293,144,-0.928125
0.20166993141174316,145,-1.5082031249999999
0.20314383506774902,146,-0.23203125
0.20466399192810059,147,-0.193359375
0.20623993873596191,148,-0.21914062499999998
0.20760202407836914,149,-0.20625
0.20908689498901367,150,-0.23203125
0.21126484870910645,151,-0.02578125
0.213364839553833,152,-0.0515625
0.2147810459136963,153,-0.193359375
0.2165360450744629,154,-0.23203125
0.21850299835205078,155,-1.10859375
0.2198498249053955,156,-0.43828124999999996
0.22105193138122559,157,-0.21914062499999998
0.22220897674560547,158,-0.2578125
0.2233428955078125,159,-0.116015625
0.22445201873779297,160,-0.4125
0.22555994987487793,161,-0.451171875
0.2266678810119629,162,-0.30937499999999996
0.22777891159057617,163,-0.012890625
0.22891592979431152,164,-0.0515625
0.23003888130187988,165,-0.12890625
0.2312309741973877,166,-0.24492187499999998
0.23264694213867188,167,-0.193359375
0.2341139316558838,168,-0.9796874999999999
0.2356429100036621,169,-1.65
0.23715901374816895,170,-0.20625
0.23863601684570312,171,-0.167578125
0.24009990692138672,172,-0.103125
0.24148082733154297,173,-0.23203125
0.24397683143615723,174,-0.116015625
0.2457900047302246,175,0.0
0.24721598625183105,176,-0.07734374999999999
0.24888300895690918,177,-0.12890625
0.2509160041809082,178,-0.605859375
0.2524528503417969,179,-1.611328125
0.2536928653717041,180,-0.4640625
0.2548539638519287,181,-0.167578125
0.2559850215911865,182,-0.193359375
0.2570948600769043,183,-0.12890625
0.2582728862762451,184,-0.38671875
0.25940895080566406,185,-0.348046875
0.26051998138427734,186,-0.02578125
0.2617359161376953,187,-0.07734374999999999
0.26315999031066895,188,-0.0515625
0.2646360397338867,189,-0.193359375
0.26612091064453125,190,-0.167578125
0.26764893531799316,191,-0.95390625
0.2691359519958496,192,-1.65
0.2705378532409668,193,-0.20625
0.2719080448150635,194,-0.167578125
0.2741248607635498,195,-0.18046874999999998
0.276231050491333,196,-0.103125
0.27770495414733887,197,0.2578125
0.2792818546295166,198,-0.064453125
0.28126096725463867,199,-0.116015625
0.28290486335754395,200,-0.0515625
0.2841980457305908,201,-0.9796874999999999
0.2854030132293701,202,-1.65
0.28655195236206055,203,-0.20625
0.2876720428466797,204,-0.270703125
0.28881096839904785,205,-0.322265625
0.28993892669677734,206,-0.103125
0.29105186462402344,207,-0.42539062499999997
0.29225802421569824,208,-0.4640625
0.2936849594116211,209,-0.2578125
0.2951629161834717,210,-0.02578125
0.29662489891052246,211,-0.064453125
0.298259973526001,212,-0.193359375
0.29973888397216797,213,-0.2578125
0.30123186111450195,214,-1.173046875
0.3027219772338867,215,-1.585546875
0.304610013961792,216,-0.270703125
0.3069279193878174,217,-0.23203125
0.3085048198699951,218,-0.193359375
0.31097984313964844,219,0.012890625
0.3129599094390869,220,-0.0515625
0.3144190311431885,221,-0.167578125
0.3156259059906006,222,-0.02578125
0.31679487228393555,223,-0.79921875
0.3179638385772705,224,-1.405078125
0.3191978931427002,225,-0.141796875
0.32065582275390625,226,-0.20625
0.3218050003051758,227,-0.23203125
0.3230278491973877,228,-0.15468749999999998
0.32445693016052246,229,-0.29648437499999997
0.32593393325805664,230,-0.322265625
0.32746100425720215,231,-0.064453125
0.32904696464538574,232,-0.064453125
0.33043694496154785,233,-0.07734374999999999
0.3318760395050049,234,-0.167578125
0.33331298828125,235,-0.515625
0.3357429504394531,236,-1.327734375
0.33759403228759766,237,-0.5671875
0.33904600143432617,238,-0.20625
0.34074997901916504,239,-0.18046874999999998
0.34273290634155273,240,-0.37382812499999996
0.34429287910461426,241,0.064453125
0.3455359935760498,242,-0.0515625
0.3466939926147461,243,-0.064453125
0.34782886505126953,244,-0.21914062499999998
0.3490128517150879,245,-0.23203125
0.35015082359313965,246,-0.9152343749999999
0.3512849807739258,247,-1.5082031249999999
0.3524169921875,248,-0.21914062499999998
0.353618860244751,249,-0.322265625
0.35502099990844727,250,-0.103125
0.35648202896118164,251,-0.103125
0.35802793502807617,252,-0.348046875
0.35965800285339355,253,-0.30937499999999996
0.36112403869628906,254,0.012890625
0.3625450134277344,255,-0.0515625
0.363940954208374,256,-0.12890625
0.36641788482666016,257,-0.103125
0.36832499504089355,258,-0.8765624999999999
0.36976003646850586,259,-0.20625
0.371474027633667,260,-0.28359375
0.3734149932861328,261,-0.116015625
0.3748660087585449,262,-0.322265625
0.37607598304748535,263,-0.116015625
0.37723588943481445,264,-0.038671874999999994
0.37839603424072266,265,-0.09023437499999999
0.3795359134674072,266,-0.0515625
0.3806579113006592,267,-0.20625
0.38178181648254395,268,-0.12890625
0.3829078674316406,269,-0.64453125
0.38411688804626465,270,-1.2503906249999999
0.3855319023132324,271,-1.65
0.386991024017334,272,-0.167578125
0.38849496841430664,273,-0.0515625
0.3901200294494629,274,-0.07734374999999999
0.3915698528289795,275,-0.20625
0.3930058479309082,276,-0.103125
0.39446592330932617,277,-0.012890625
0.3966829776763916,278,-0.038671874999999994
0.39894890785217285,279,-0.141796875
0.4004700183868408,280,-0.580078125
0.40193891525268555,281,-1.46953125
0.40381288528442383,282,-0.2578125
0.40560483932495117,283,-0.064453125
0.40692687034606934,284,-0.141796875
0.40816688537597656,285,-0.399609375
0.40935397148132324,286,-0.322265625
0.41048288345336914,287,-0.0515625
0.41159486770629883,288,-0.012890625
0.41271400451660156,289,-0.0515625
0.41383981704711914,290,-0.20625
0.41504693031311035,291,-0.193359375
0.41648197174072266,292,-0.580078125
0.41794490814208984,293,-1.327734375
0.41956400871276855,294,-0.12890625
0.4211258888244629,295,-0.270703125
0.42261290550231934,296,-0.24492187499999998
0.42407989501953125,297,-0.09023437499999999
0.42551398277282715,298,-0.2578125
0.4280378818511963,299,-0.064453125
0.42992687225341797,300,-0.07734374999999999
0.4313638210296631,301,-0.167578125
0.4330568313598633,302,-0.23203125
0.4350128173828125,303,-1.0570312499999999
0.4364800453186035,304,-0.24492187499999998
0.43768882751464844,305,-0.29648437499999997
0.43887782096862793,306,-0.2578125
0.44002199172973633,307,-0.103125
0.44115400314331055,308,-0.42539062499999997
0.4422779083251953,309,-0.4640625
0.4433858394622803,310,-0.270703125
0.44449687004089355,311,-0.012890625
0.4456958770751953,312,-0.103125
0.4471149444580078,313,-0.116015625
0.44858503341674805,314,-0.12890625
0.4501159191131592,315,-0.6187499999999999
0.45168590545654297,316,-1.327734375
0.4531679153442383,317,-0.15468749999999998
0.45455098152160645,318,-0.33515625
0.45656704902648926,319,-0.193359375
0.45882701873779297,320,-0.0515625
0.4603300094604492,321,0.30937499999999996
0.4618189334869385,322,-0.012890625
0.4637160301208496,323,-0.0515625
0.4654719829559326,324,-0.09023437499999999
0.4667940139770508,325,-0.6703125
0.4679830074310303,326,-1.405078125
0.469249963760376,327,-0.193359375
0.47040486335754395,328,-0.322265625
0.4715278148651123,329,-0.23203125
0.47264695167541504,330,-0.20625
0.47376084327697754,331,-0.116015625
0.47486400604248047,332,-0.322265625
0.4760470390319824,333,-0.30937499999999996
0.4774768352508545,334,-0.0515625
0.47901082038879395,335,-0.064453125
0.48055005073547363,336,-0.103125
0.4821288585662842,337,-0.116015625
0.4834568500518799,338,-0.7218749999999999
0.4848790168762207,339,-1.46953125
0.4866490364074707,340,-0.29648437499999997
0.4890568256378174,341,-0.24492187499999998
0.490588903427124,342,-0.15468749999999998
0.4920198917388916,343,-0.30937499999999996
0.49393486976623535,344,-0.12890625
0.4957699775695801,345,-0.012890625
0.49712300300598145,346,-0.07734374999999999
0.4983389377593994,347,-0.103125
0.49956202507019043,348,-0.502734375
0.500748872756958,349,-1.1859374999999999
0.5019099712371826,350,-1.65
0.5030820369720459,351,-0.193359375
0.5042378902435303,352,-0.2578125
0.5053598880767822,353,-0.2578125
0.5065460205078125,354,-0.064453125
0.507943868637085,355,-0.322265625
0.509490966796875,356,-0.322265625
0.5110390186309814,357,-0.012890625
0.5125818252563477,358,-0.103125
0.5139679908752441,359,-0.12890625
0.5153279304504395,360,-0.103125
0.5174980163574219,361,-0.6703125
0.5197310447692871,362,-1.5082031249999999
0.5211939811706543,363,-0.322265625
0.5227489471435547,364,-0.21914062499999998
0.5246939659118652,365,-0.0515625
0.5264239311218262,366,-0.07734374999999999
0.5277090072631836,367,0.012890625
0.5289149284362793,368,-0.12890625
0.5300619602203369,369,-0.116015625
0.5311880111694336,370,-0.167578125
0.5323119163513184,371,-0.23203125
0.5334389209747314,372,-0.928125
0.5345590114593506,373,-1.4953124999999998
0.5356760025024414,374,-0.064453125
0.5368728637695312,375,-0.20625
0.5383310317993164,376,-0.167578125
0.5398199558258057,377,-0.09023437499999999
0.5413780212402344,378,-0.29648437499999997
0.5429699420928955,379,-0.24492187499999998
0.544327974319458,380,0.0
0.5456528663635254,381,-0.0515625
0.5474028587341309,382,-0.103125
0.5497980117797852,383,-0.15468749999999998
0.5514340400695801,384,-1.018359375
0.5528228282928467,385,-0.0515625
0.5545659065246582,386,-0.23203125
0.5564279556274414,387,-0.2578125
0.5578279495239258,388,-0.322265625
0.5590648651123047,389,-0.21914062499999998
0.5602569580078125,390,-0.103125
0.5613889694213867,391,-0.02578125
0.5625009536743164,392,-0.09023437499999999
0.5636210441589355,393,-0.193359375
0.5647408962249756,394,-0.21914062499999998
0.5658669471740723,395,-0.36093749999999997
0.5670759677886963,396,-1.0570312499999999
0.5685098171234131,397,-1.65
0.5699880123138428,398,-0.18046874999999998
0.5715129375457764,399,-0.20625
0.5730829238891602,400,-0.2578125
0.5745248794555664,401,-0.322265625
0.5759420394897461,402,-0.2578125
0.5779359340667725,403,-0.0515625
0.5802319049835205,404,-0.07734374999999999
0.5817680358886719,405,-0.15468749999999998
0.5832629203796387,406,-0.48984374999999997
0.5852220058441162,407,-1.2503906249999999
0.5869729518890381,408,-0.476953125
0.5883519649505615,409,-0.103125
0.5895588397979736,410,-0.167578125
0.5907118320465088,411,-0.37382812499999996
0.5918409824371338,412,-0.451171875
0.5929570198059082,413,-0.29648437499999997
0.594066858291626,414,0.012890625
0.595167875289917,415,-0.103125
0.5962769985198975,416,-0.012890625
0.5974650382995605,417,-0.20625
0.598956823348999,418,-0.12890625
0.6004300117492676,419,-0.7863281249999999
0.6019790172576904,420,-1.5597656249999998
0.6035070419311523,421,-0.167578125
0.6048789024353027,422,0.0
0.6062679290771484,423,-0.20625
0.6083998680114746,424,-0.37382812499999996
0.6106548309326172,425,-0.21914062499999998
0.6121578216552734,426,-0.0515625
0.6136279106140137,427,-0.0515625
0.6155109405517578,428,-0.07734374999999999
0.6173050403594971,429,-0.5671875
0.6187119483947754,430,-1.4953124999999998
0.6199300289154053,431,-0.30937499999999996
