time,count,voltage
0.005176067352294922,1,-0.116015625
0.0067141056060791016,2,-0.116015625
0.008124113082885742,3,-0.20625
0.009584903717041016,4,-0.42539062499999997
0.011008977890014648,5,-0.20625
0.01256108283996582,6,0.0
0.01430511474609375,7,-0.064453125
0.015967130661010742,8,-0.29648437499999997
0.017722129821777344,9,-0.515625
0.019349098205566406,10,-1.41796875
0.02103590965270996,11,0.0
0.02251601219177246,12,-0.167578125
0.02390599250793457,13,-0.399609375
0.025262117385864258,14,-0.12890625
0.026607990264892578,15,-0.23203125
0.028177976608276367,16,-0.02578125
0.029931068420410156,17,0.0
0.031636953353881836,18,-0.02578125
0.033334970474243164,19,-0.37382812499999996
0.03512406349182129,20,-0.8507812499999999
0.03684210777282715,21,-1.65
0.038949012756347656,22,-0.15468749999999998
0.0411829948425293,23,-0.30937499999999996
0.04316306114196777,24,-0.37382812499999996
0.04552197456359863,25,0.038671874999999994
0.048516035079956055,26,-0.012890625
0.05072903633117676,27,-0.33515625
0.052572011947631836,28,-1.147265625
0.054682016372680664,29,-0.0515625
0.057106971740722656,30,-0.09023437499999999
0.05956101417541504,31,-0.193359375
0.0615079402923584,32,0.141796875
0.06302404403686523,33,-0.012890625
0.06435990333557129,34,-0.012890625
0.06560802459716797,35,-0.399609375
0.0668039321899414,36,-0.476953125
0.06795310974121094,37,-1.095703125
0.06908893585205078,38,-1.65
0.07020092010498047,39,0.0
0.07130694389343262,40,-0.141796875
0.07241392135620117,41,-0.167578125
0.07350993156433105,42,-0.43828124999999996
0.07461190223693848,43,-0.21914062499999998
0.07572102546691895,44,-0.515625
0.07682108879089355,45,-0.43828124999999996
0.07791996002197266,46,-0.038671874999999994
0.07903409004211426,47,0.0
0.08024001121520996,48,-0.07734374999999999
0.0815269947052002,49,-0.12890625
0.08297109603881836,50,-0.476953125
0.08441305160522461,51,-0.7863281249999999
0.0859670639038086,52,-1.52109375
0.08742690086364746,53,0.012890625
0.08881092071533203,54,-0.20625
0.09016704559326172,55,-0.322265625
0.09241104125976562,56,-0.21914062499999998
0.09436297416687012,57,-0.2578125
0.09572100639343262,58,0.0
0.09752893447875977,59,-0.0515625
0.0993809700012207,60,-0.2578125
0.10070991516113281,61,-0.5285156249999999
0.10214400291442871,62,-1.3792968749999999
0.10344696044921875,63,-0.270703125
0.10461711883544922,64,-0.103125
0.10574507713317871,65,-0.18046874999999998
0.10686802864074707,66,-0.30937499999999996
0.10798192024230957,67,-0.12890625
0.10911798477172852,68,-0.43828124999999996
0.1103200912475586,69,-0.37382812499999996
0.11174511909484863,70,-0.012890625
0.11314892768859863,71,0.0
0.11472892761230469,72,-0.02578125
0.11660099029541016,73,-0.4125
0.11916589736938477,74,-0.79921875
0.1218099594116211,75,-0.103125
0.12380504608154297,76,-0.012890625
0.12523913383483887,77,-0.15468749999999998
0.1270890235900879,78,-0.24492187499999998
0.1291029453277588,79,0.07734374999999999
0.1305379867553711,80,-0.012890625
0.13174891471862793,81,-0.29648437499999997
0.13290810585021973,82,-0.502734375
0.13402199745178223,83,-0.8765624999999999
0.1351330280303955,84,-1.482421875
0.1362309455871582,85,-0.0515625
0.13732409477233887,86,0.0
0.13848090171813965,87,-0.21914062499999998
0.13962507247924805,88,-0.2578125
0.14088797569274902,89,-0.399609375
0.1423039436340332,90,-0.33515625
0.14372801780700684,91,-0.28359375
0.14529204368591309,92,0.0
0.14674806594848633,93,-0.012890625
0.1482090950012207,94,-0.0515625
0.14974498748779297,95,-0.451171875
0.15224003791809082,96,-0.8765624999999999
0.15392303466796875,97,-0.6703125
0.15536093711853027,98,-0.20625
0.15736794471740723,99,-0.270703125
0.1590580940246582,100,-0.15468749999999998
0.16034793853759766,101,-0.012890625
0.1615140438079834,102,0.0
0.16263198852539062,103,-0.012890625
0.16381597518920898,104,-0.0515625
0.16498112678527832,105,-0.2578125
0.16611003875732422,106,-0.515625
0.1672229766845703,107,-0.8507812499999999
0.16839098930358887,108,-1.405078125
0.16951513290405273,109,-0.20625
0.17061495780944824,110,0.0
0.17178702354431152,111,-0.2578125
0.17318010330200195,112,-0.20625
0.17461609840393066,113,-0.270703125
0.17611408233642578,114,-0.2578125
0.17763805389404297,115,-0.15468749999999998
0.17917609214782715,116,0.012890625
0.18062591552734375,117,-0.0515625
0.18201708793640137,118,-0.2578125
0.18435192108154297,119,-0.4640625
0.18625712394714355,120,-1.26328125
0.1876969337463379,121,0.0
0.18940401077270508,122,-0.23203125
0.1914680004119873,123,-0.322265625
0.19321894645690918,124,-0.2578125
0.19469094276428223,125,0.09023437499999999
0.1959080696105957,126,0.0
0.1970539093017578,127,-0.064453125
0.19818496704101562,128,-0.270703125
0.1993849277496338,129,-0.4640625
0.20051002502441406,130,-0.7476562499999999
0.20162105560302734,131,-1.3921875
0.20281291007995605,132,-0.502734375
0.20420098304748535,133,0.0
0.2056419849395752,134,-0.012890625
0.20718908309936523,135,-0.399609375
0.2086789608001709,136,-0.167578125
0.21013808250427246,137,-0.167578125
0.2115781307220459,138,0.07734374999999999
0.21323704719543457,139,-0.012890625
0.21569609642028809,140,-0.02578125
0.2173149585723877,141,-0.36093749999999997
0.21867799758911133,142,-1.224609375
0.2204439640045166,143,-0.103125
0.22237896919250488,144,-0.0515625
0.22376394271850586,145,-0.29648437499999997
0.22494912147521973,146,-0.167578125
0.2260749340057373,147,-0.33515625
0.22719407081604004,148,-0.20625
0.2283649444580078,149,0.0
0.22949790954589844,150,-0.012890625
0.23060297966003418,151,-0.02578125
0.23170995712280273,152,-0.348046875
0.23288512229919434,153,-0.5285156249999999
0.23426198959350586,154,-0.889453125
0.23569107055664062,155,-1.5597656249999998
0.23723196983337402,156,0.0
0.23879289627075195,157,-0.18046874999999998
0.24028301239013672,158,-0.270703125
0.24167490005493164,159,-0.193359375
0.24403595924377441,160,-0.37382812499999996
0.24584102630615234,161,-0.012890625
0.24723100662231445,162,-0.09023437499999999
0.24922895431518555,163,-0.2578125
0.25104212760925293,164,-0.43828124999999996
0.25237512588500977,165,-1.456640625
0.2535529136657715,166,0.0
0.2546710968017578,167,-0.116015625
0.2557799816131592,168,-0.116015625
0.2568800449371338,169,-0.38671875
0.25797295570373535,170,-0.2578125
0.2590799331665039,171,-0.476953125
0.2601790428161621,172,-0.399609375
0.26130008697509766,173,-0.012890625
0.2624650001525879,174,-0.012890625
0.26364994049072266,175,-0.0515625
0.26501893997192383,176,-0.21914062499999998
0.26643800735473633,177,-0.4640625
0.2679629325866699,178,-0.9410156249999999
0.26958203315734863,179,-1.6242187499999998
0.27105093002319336,180,0.0
0.2725350856781006,181,-0.21914062499999998
0.2742578983306885,182,-0.29648437499999997
0.27680301666259766,183,-0.09023437499999999
0.278515100479126,184,0.36093749999999997
0.27991700172424316,185,0.012890625
0.28174400329589844,186,-0.064453125
0.2835850715637207,187,-0.399609375
0.2849259376525879,188,-1.03125
0.2860989570617676,189,-1.65
0.28722190856933594,190,0.0
0.28839111328125,191,-0.21914062499999998
0.28952908515930176,192,-0.270703125
0.29063892364501953,193,-0.29648437499999997
0.29180312156677246,194,-0.36093749999999997
0.2929189205169678,195,-0.4125
0.2940990924835205,196,-0.23203125
0.2954690456390381,197,0.012890625
0.29691600799560547,198,-0.012890625
0.29850292205810547,199,-0.18046874999999998
0.3001439571380615,200,-0.476953125
0.3016190528869629,201,-1.044140625
0.3031039237976074,202,-1.65
0.3045659065246582,203,0.0
0.3070499897003174,204,-0.167578125
0.30877113342285156,205,-0.2578125
0.3101940155029297,206,-0.15468749999999998
0.31189393997192383,207,0.0
0.31377696990966797,208,-0.012890625
0.31519103050231934,209,-0.141796875
0.3163900375366211,210,-0.451171875
0.31752991676330566,211,-0.928125
0.318666934967041,212,-1.5597656249999998
0.3197770118713379,213,-0.02578125
0.3208770751953125,214,-0.0515625
0.32197093963623047,215,-0.20625
0.3230719566345215,216,-0.36093749999999997
0.32425689697265625,217,-0.29648437499999997
0.3261730670928955,218,-0.30937499999999996
0.32764291763305664,219,-0.012890625
0.32923102378845215,220,0.0
0.3307640552520752,221,-0.09023437499999999
0.33225202560424805,222,-0.29648437499999997
0.3337419033050537,223,-0.4640625
0.33562707901000977,224,-1.198828125
0.33791589736938477,225,0.0
0.3394598960876465,226,-0.193359375
0.3408961296081543,227,-0.36093749999999997
0.3428380489349365,228,-0.399609375
0.34458112716674805,229,-0.12890625
0.345858097076416,230,0.0
0.3470160961151123,231,-0.064453125
0.3481459617614746,232,-0.2578125
0.3493540287017822,233,-0.4640625
0.3504760265350342,234,-0.7863281249999999
0.3515939712524414,235,-1.3921875
0.35269808769226074,236,-0.36093749999999997
0.35379695892333984,237,0.0
0.35497093200683594,238,-0.23203125
0.3563508987426758,239,-0.2578125
0.3577871322631836,240,-0.20625
0.3593790531158447,241,-0.23203125
0.3609280586242676,242,-0.116015625
0.3623650074005127,243,0.012890625
0.36382293701171875,244,-0.07734374999999999
0.36559391021728516,245,-0.23203125
0.36799097061157227,246,-0.43828124999999996
0.3696930408477783,247,-1.46953125
0.3710911273956299,248,-0.09023437499999999
0.3729989528656006,249,-0.15468749999999998
0.37485289573669434,250,-0.38671875
0.37621498107910156,251,-0.18046874999999998
0.37738609313964844,252,-0.012890625
0.37853193283081055,253,0.0
0.3796560764312744,254,-0.012890625
0.3807699680328369,255,-0.0515625
0.3818819522857666,256,-0.42539062499999997
0.38298797607421875,257,-0.515625
0.38408493995666504,258,-0.9796874999999999
0.38526296615600586,259,-1.546875
0.3866589069366455,260,-0.20625
0.3881199359893799,261,-0.012890625
0.389768123626709,262,-0.064453125
0.3913590908050537,263,-0.36093749999999997
0.3928201198577881,264,-0.270703125
0.3942759037017822,265,-0.116015625
0.39592909812927246,266,0.012890625
0.39844202995300293,267,-0.02578125
0.40007805824279785,268,-0.36093749999999997
0.4014449119567871,269,-0.992578125
0.4032409191131592,270,-1.65
0.4051089286804199,271,-0.103125
0.40645313262939453,272,-0.23203125
0.4076390266418457,273,-0.20625
0.40884995460510254,274,-0.270703125
0.40998005867004395,275,-0.29648437499999997
0.4111309051513672,276,-0.09023437499999999
0.4122641086578369,277,0.0
0.41335391998291016,278,-0.0515625
0.41444897651672363,279,-0.116015625
0.4156360626220703,280,-0.48984374999999997
0.4170389175415039,281,-0.580078125
0.4185640811920166,282,-1.26328125
0.42017102241516113,283,0.0
0.4217550754547119,284,-0.167578125
0.42321300506591797,285,-0.21914062499999998
0.42467594146728516,286,-0.167578125
0.4263899326324463,287,-0.4125
0.4288771152496338,288,-0.20625
0.4304509162902832,289,-0.012890625
0.43181610107421875,290,-0.21914062499999998
0.4336509704589844,291,-0.4640625
0.4354989528656006,292,-1.069921875
0.43685197830200195,293,-0.15468749999999998
0.43802809715270996,294,-0.12890625
0.4391798973083496,295,-0.167578125
0.44029903411865234,296,-0.29648437499999997
0.44141411781311035,297,-0.116015625
0.44251394271850586,298,-0.37382812499999996
0.4436190128326416,299,-0.30937499999999996
0.4447190761566162,300,0.0
0.4458730220794678,301,-0.012890625
0.44728612899780273,302,-0.064453125
0.448897123336792,303,-0.29648437499999997
0.4503490924835205,304,-0.4125
0.45175600051879883,305,-1.16015625
0.4531400203704834,306,-0.167578125
0.4546360969543457,307,-0.02578125
0.45607495307922363,308,-0.103125
0.4585440158843994,309,-0.322265625
0.46050000190734863,310,-0.18046874999999998
0.4619131088256836,311,0.0
0.46355700492858887,312,-0.012890625
0.4654989242553711,313,-0.09023437499999999
0.466933012008667,314,-0.37382812499999996
0.46813392639160156,315,-1.134375
0.469372034072876,316,-1.65
0.4705500602722168,317,0.0
0.4717109203338623,318,-0.23203125
0.47283506393432617,319,-0.2578125
0.47394394874572754,320,-0.4640625
0.47505712509155273,321,-0.29648437499999997
0.4762609004974365,322,-0.4125
0.4776730537414551,323,-0.20625
0.4791569709777832,324,0.02578125
0.4806699752807617,325,-0.012890625
0.4822061061859131,326,-0.270703125
0.4836869239807129,327,-0.43828124999999996
0.48516201972961426,328,-1.147265625
0.4865570068359375,329,-0.12890625
0.48892712593078613,330,-0.012890625
0.4908719062805176,331,-0.21914062499999998
0.4923229217529297,332,-0.322265625
0.493959903717041,333,-0.167578125
0.495913028717041,334,0.0
0.49739694595336914,335,-0.012890625
0.49866390228271484,336,-0.24492187499999998
0.4998319149017334,337,-0.270703125
0.5009651184082031,338,-0.837890625
0.5020980834960938,339,-1.46953125
0.5032289028167725,340,-0.0515625
0.5043430328369141,341,-0.18046874999999998
0.5054500102996826,342,-0.20625
0.5066399574279785,343,-0.37382812499999996
0.5080430507659912,344,-0.23203125
0.5097100734710693,345,-0.4640625
0.5114130973815918,346,-0.15468749999999998
0.5129539966583252,347,0.0
0.5143389701843262,348,-0.012890625
0.5157530307769775,349,-0.36093749999999997
0.5179009437561035,350,-0.502734375
0.520103931427002,351,-1.3921875
0.5216410160064697,352,-0.09023437499999999
0.5230000019073486,353,-0.20625
0.5249190330505371,354,-0.29648437499999997
0.5269410610198975,355,-0.12890625
0.5285179615020752,356,0.29648437499999997
0.5297529697418213,357,-0.012890625
0.5309510231018066,358,-0.0515625
0.5321009159088135,359,-0.399609375
0.5332241058349609,360,-0.4125
0.5343389511108398,361,-1.0570312499999999
0.5354709625244141,362,-1.611328125
0.5366759300231934,363,0.0
0.5380821228027344,364,-0.064453125
0.5396990776062012,365,-0.20625
0.5413370132446289,366,-0.270703125
0.542870044708252,367,-0.20625
0.5443041324615479,368,-0.012890625
0.5456469058990479,369,0.0
0.5481870174407959,370,-0.0515625
0.5502090454101562,371,-0.270703125
0.5517680644989014,372,-1.018359375
0.5538339614868164,373,-1.585546875
0.5554430484771729,374,-0.103125
0.5566699504852295,375,-0.399609375
0.557837963104248,376,-0.09023437499999999
0.5589900016784668,377,-0.4640625
0.5600979328155518,378,-0.33515625
0.5611989498138428,379,-0.012890625
0.5622920989990234,380,0.0
0.5634009838104248,381,-0.0515625
0.5645499229431152,382,-0.167578125
0.565654993057251,383,-0.502734375
0.5668599605560303,384,-0.6187499999999999
0.5682868957519531,385,-1.2374999999999998
0.5701470375061035,386,-0.6832031249999999
0.5718710422515869,387,-0.15468749999999998
0.5733039379119873,388,-0.2578125
0.5747060775756836,389,-0.2578125
0.5761909484863281,390,-0.43828124999999996
0.5788829326629639,391,-0.23203125
0.5805010795593262,392,-0.012890625
0.5839431285858154,393,-0.24492187499999998
0.5853579044342041,394,-1.0828125
0.586616039276123,395,-0.012890625
0.5877609252929688,396,-0.09023437499999999
0.5890340805053711,397,0.0
0.590156078338623,398,-0.399609375
0.591264009475708,399,-0.23203125
0.5923590660095215,400,-0.476953125
0.5934529304504395,401,-0.399609375
0.594581127166748,402,-0.012890625
0.595674991607666,403,-0.012890625
0.5969350337982178,404,-0.02578125
0.5984599590301514,405,-0.193359375
0.5999419689178467,406,-0.4640625
0.6015341281890869,407,-1.03125
0.603024959564209,408,-1.65
0.6045451164245605,409,-0.012890625
0.6063380241394043,410,-0.167578125
0.6088590621948242,411,-0.322265625
0.6105151176452637,412,-0.20625
0.6125359535217285,413,0.012890625
0.6144030094146729,414,-0.0515625
0.6157939434051514,415,-0.348046875
0.6169660091400146,416,-0.580078125
0.6180820465087891,417,-1.2503906249999999
0.6192119121551514,418,-1.65
0.6203539371490479,419,-0.012890625
0.6214990615844727,420,-0.23203125
0.6226041316986084,421,-0.270703125
0.6236999034881592,422,-0.28359375
0.6247949600219727,423,-0.12890625
0.6258790493011475,424,-0.33515625
0.6271090507507324,425,-0.29648437499999997
0.6286630630493164,426,0.0
0.6301300525665283,427,0.0
0.6317319869995117,428,-0.141796875
0.6331379413604736,429,-0.4125
0.6345260143280029,430,-0.9796874999999999
0.635922908782959,431,-1.6371093749999999
0.6384871006011963,432,0.0
0.6403160095214844,433,0.0
0.6417229175567627,434,-0.18046874999999998
0.6437299251556396,435,-0.28359375
0.6457040309906006,436,0.07734374999999999
0.6470909118652344,437,-0.038671874999999994
