time,count,voltage
0.005213022232055664,1,-0.09023437499999999
0.006748199462890625,2,-0.322265625
0.008137226104736328,3,-0.42539062499999997
0.009537220001220703,4,-1.3148437499999999
0.010892152786254883,5,0.0
0.012421131134033203,6,0.012890625
0.014146089553833008,7,-0.270703125
0.015806198120117188,8,-0.193359375
0.01758408546447754,9,-0.23203125
0.019297122955322266,10,0.116015625
0.020924091339111328,11,0.0
0.022341012954711914,12,-0.167578125
0.023707151412963867,13,-0.5285156249999999
0.025046110153198242,14,-0.7218749999999999
0.026391029357910156,15,-1.533984375
0.027930021286010742,16,-0.09023437499999999
0.029593229293823242,17,-0.141796875
0.03130006790161133,18,-0.36093749999999997
0.03297615051269531,19,0.0
0.03484511375427246,20,-0.193359375
0.03652620315551758,21,0.012890625
0.03825521469116211,22,-0.012890625
0.0401761531829834,23,-0.30937499999999996
0.04201316833496094,24,-0.4125
0.04422402381896973,25,-1.456640625
0.04769015312194824,26,-0.15468749999999998
0.05016517639160156,27,-0.4125
0.05260205268859863,28,-0.2578125
0.05543017387390137,29,-0.012890625
0.057389020919799805,30,-0.23203125
0.059171199798583984,31,-0.605859375
0.060854196548461914,32,-1.585546875
0.06245112419128418,33,-0.2578125
0.06400918960571289,34,-0.20625
0.06554412841796875,35,-0.33515625
0.06711506843566895,36,-0.2578125
0.06890201568603516,37,0.0
0.07812905311584473,38,0.012890625
0.08082914352416992,39,-0.116015625
0.08304214477539062,40,-0.37382812499999996
0.08613419532775879,41,-0.4640625
0.08898401260375977,42,0.012890625
0.09110307693481445,43,-0.270703125
0.09452700614929199,44,-0.837890625
0.09698605537414551,45,-0.399609375
0.0987861156463623,46,-0.399609375
0.1094062328338623,47,-0.29648437499999997
0.11155915260314941,48,0.064453125
0.11335301399230957,49,-0.20625
0.11631417274475098,50,-0.515625
0.11863112449645996,51,-0.141796875
0.12040209770202637,52,0.012890625
0.1224970817565918,53,-0.0515625
0.12470817565917969,54,-0.476953125
0.12634015083312988,55,-1.1214843749999999
0.12776708602905273,56,-0.12890625
0.12923216819763184,57,-0.064453125
0.13063621520996094,58,-0.21914062499999998
0.13220906257629395,59,-0.554296875
0.13388919830322266,60,-0.193359375
0.13559722900390625,61,0.09023437499999999
0.13736915588378906,62,0.0
0.13933420181274414,63,-0.09023437499999999
0.14131402969360352,64,-0.48984374999999997
0.14317703247070312,65,-1.095703125
0.14497113227844238,66,-0.167578125
0.14787507057189941,67,-0.20625
0.15026211738586426,68,-0.29648437499999997
0.15194416046142578,69,0.038671874999999994
0.15381813049316406,70,0.012890625
0.15607619285583496,71,-0.064453125
0.15792512893676758,72,-0.4640625
0.1594550609588623,73,-1.1214843749999999
0.16088509559631348,74,-0.23203125
0.16244220733642578,75,-0.193359375
0.16413021087646484,76,-0.322265625
0.16588306427001953,77,-0.33515625
0.16770219802856445,78,-0.141796875
0.16959714889526367,79,0.116015625
0.17134809494018555,80,0.012890625
0.17305421829223633,81,-0.2578125
0.1746530532836914,82,-0.5285156249999999
0.17763400077819824,83,-1.2374999999999998
0.17960619926452637,84,-0.21914062499999998
0.1812431812286377,85,-0.36093749999999997
0.18338918685913086,86,-0.12890625
0.18562006950378418,87,-0.167578125
0.18721508979797363,88,-0.02578125
0.18863701820373535,89,-0.103125
0.19002914428710938,90,-0.4640625
0.19140410423278809,91,-0.515625
0.19287800788879395,92,-1.327734375
0.19456911087036133,93,-0.103125
0.19629311561584473,94,-0.02578125
0.19797110557556152,95,-0.30937499999999996
0.20004916191101074,96,-0.12890625
0.2018601894378662,97,-0.0515625
0.20374202728271484,98,0.012890625
0.2058570384979248,99,-0.064453125
0.20865511894226074,100,-0.515625
0.21058011054992676,101,-1.4308593749999998
0.21227502822875977,102,-0.07734374999999999
0.21454405784606934,103,-0.28359375
0.21662521362304688,104,-0.30937499999999996
0.2182621955871582,105,-0.02578125
0.21978306770324707,106,0.0
0.22115707397460938,107,-0.012890625
0.2225182056427002,108,-0.167578125
0.22397112846374512,109,-0.54140625
0.22559499740600586,110,-0.8765624999999999
0.2273092269897461,111,-1.65
0.22899508476257324,112,-0.20625
0.23092222213745117,113,-0.2578125
0.2325150966644287,114,-0.43828124999999996
0.23410606384277344,115,-0.476953125
0.235612154006958,116,-0.167578125
0.23823118209838867,117,-0.012890625
0.24045205116271973,118,-0.07734374999999999
0.24204301834106445,119,-0.476953125
0.24382805824279785,120,-1.533984375
0.24579906463623047,121,-0.02578125
0.24712610244750977,122,-0.2578125
0.24828505516052246,123,-0.36093749999999997
0.24944710731506348,124,-0.21914062499999998
0.25064611434936523,125,-0.2578125
0.2517831325531006,126,-0.116015625
0.2529001235961914,127,0.0
0.25411415100097656,128,-0.012890625
0.2554631233215332,129,-0.193359375
0.2569122314453125,130,-0.515625
0.2583482265472412,131,-0.6703125
0.2600131034851074,132,-1.46953125
0.26152706146240234,133,0.0
0.26300811767578125,134,-0.193359375
0.2647840976715088,135,-0.322265625
0.26729917526245117,136,-0.20625
0.26880407333374023,137,0.28359375
0.27062511444091797,138,0.0
0.2725532054901123,139,-0.09023437499999999
0.27387499809265137,140,-0.43828124999999996
0.2750580310821533,141,-0.825
0.27617311477661133,142,-1.5082031249999999
0.2772960662841797,143,-0.02578125
0.27840709686279297,144,-0.193359375
0.27959704399108887,145,-0.270703125
0.2807190418243408,146,-0.37382812499999996
0.28182315826416016,147,-0.24492187499999998
0.28292202949523926,148,-0.322265625
0.2841041088104248,149,-0.348046875
0.2854940891265869,150,-0.141796875
0.28691816329956055,151,-0.012890625
0.2884402275085449,152,-0.0515625
0.2900102138519287,153,-0.36093749999999997
0.291431188583374,154,-0.4640625
0.2928130626678467,155,-1.26328125
0.29523706436157227,156,-0.02578125
0.2971160411834717,157,-0.0515625
0.29864001274108887,158,-0.5285156249999999
0.3008401393890381,159,-0.348046875
0.3023831844329834,160,0.12890625
0.30358004570007324,161,0.0
0.30470919609069824,162,-0.09023437499999999
0.30582213401794434,163,-0.36093749999999997
0.30694007873535156,164,-0.6703125
0.308042049407959,165,-0.7863281249999999
0.3092360496520996,166,-1.4437499999999999
0.3103652000427246,167,-0.0515625
0.3114612102508545,168,-0.116015625
0.3125631809234619,169,-0.20625
0.3136482238769531,170,-0.20625
0.31481218338012695,171,-0.43828124999999996
0.3161911964416504,172,-0.09023437499999999
0.3176591396331787,173,-0.167578125
0.319303035736084,174,-0.02578125
0.3209240436553955,175,-0.012890625
0.32245707511901855,176,-0.09023437499999999
0.32409214973449707,177,-0.515625
0.3266901969909668,178,-0.8507812499999999
0.3282790184020996,179,-0.0515625
0.3299741744995117,180,-0.21914062499999998
0.33205699920654297,181,-0.322265625
0.3334650993347168,182,-0.43828124999999996
0.33468008041381836,183,-0.116015625
0.33585309982299805,184,0.0
0.3369591236114502,185,-0.012890625
0.3380610942840576,186,-0.12890625
0.33917903900146484,187,-0.322265625
0.34027719497680664,188,-0.580078125
0.34137701988220215,189,-0.7734375
0.3424720764160156,190,-1.4437499999999999
0.34356117248535156,191,-0.12890625
0.3446471691131592,192,0.0
0.3457980155944824,193,-0.193359375
0.34717822074890137,194,-0.29648437499999997
0.34862303733825684,195,-0.33515625
0.3501911163330078,196,-0.29648437499999997
0.3517751693725586,197,-0.09023437499999999
0.3531980514526367,198,-0.012890625
0.35457420349121094,199,-0.012890625
0.3565192222595215,200,-0.270703125
0.3586411476135254,201,-0.54140625
0.36037206649780273,202,-1.4953124999999998
0.3624711036682129,203,0.0
0.3646261692047119,204,-0.29648437499999997
0.366286039352417,205,-0.21914062499999998
0.3678760528564453,206,-0.20625
0.3692660331726074,207,0.012890625
0.3704831600189209,208,-0.012890625
0.3716161251068115,209,-0.103125
0.37271809577941895,210,-0.4125
0.3738250732421875,211,-0.580078125
0.3749251365661621,212,-0.928125
0.3761141300201416,213,-1.546875
0.3774831295013428,214,-0.02578125
0.3789210319519043,215,-0.167578125
0.38056015968322754,216,-0.270703125
