time,count,voltage
0.004528045654296875,1,-0.0515625
0.006299018859863281,2,-0.20625
0.007498979568481445,3,-0.43828124999999996
0.008742094039916992,4,-0.30937499999999996
0.009914159774780273,5,0.0
0.011027097702026367,6,0.0
0.012350082397460938,7,-0.0515625
0.013827085494995117,8,-0.270703125
0.015321969985961914,9,-0.399609375
0.0167081356048584,10,-1.0828125
0.018218040466308594,11,-1.2890625
0.019819021224975586,12,-0.07734374999999999
0.0213620662689209,13,-0.0515625
0.022604942321777344,14,-0.193359375
0.02377009391784668,15,-0.2578125
0.02489495277404785,16,-0.29648437499999997
0.02602410316467285,17,-0.141796875
0.027130126953125,18,0.012890625
0.02846693992614746,19,-0.012890625
0.02993297576904297,20,-0.103125
0.0314030647277832,21,-0.37382812499999996
0.03296399116516113,22,-0.7863281249999999
0.0344541072845459,23,-1.585546875
0.035781145095825195,24,0.0
0.037178993225097656,25,-0.24492187499999998
0.03860902786254883,26,-0.4125
0.040038108825683594,27,-0.15468749999999998
0.0425570011138916,28,-0.33515625
0.044222116470336914,29,0.012890625
0.045632123947143555,30,-0.012890625
0.047601938247680664,31,-0.29648437499999997
0.049340009689331055,32,-0.37382812499999996
0.050646066665649414,33,-1.405078125
0.05182313919067383,34,0.0
0.05296492576599121,35,-0.12890625
0.05417513847351074,36,-0.167578125
0.05532693862915039,37,-0.476953125
0.05643796920776367,38,-0.12890625
0.05752992630004883,39,-0.399609375
0.05884695053100586,40,-0.28359375
0.0601201057434082,41,0.012890625
0.061393022537231445,42,-0.012890625
0.06266403198242188,43,-0.0515625
0.06390905380249023,44,-0.38671875
0.06516599655151367,45,-0.4125
0.0663919448852539,46,-1.044140625
0.06764912605285645,47,-1.65
0.06896615028381348,48,0.0
0.07025909423828125,49,-0.20625
0.07148599624633789,50,-0.2578125
0.07271194458007812,51,-0.20625
0.07393407821655273,52,-0.30937499999999996
0.07516598701477051,53,-0.322265625
0.07640504837036133,54,-0.02578125
0.07766604423522949,55,-0.012890625
0.08910012245178223,56,-0.064453125
0.09163403511047363,57,-0.2578125
0.09336996078491211,58,0.21914062499999998
0.09482192993164062,59,0.0
0.0967400074005127,60,-0.038671874999999994
0.09851908683776855,61,-0.322265625
0.09981203079223633,62,-0.9796874999999999
0.10113215446472168,63,-1.65
0.10251307487487793,64,0.0
0.10424304008483887,65,-0.23203125
0.10557699203491211,66,-0.29648437499999997
0.10685014724731445,67,-0.064453125
0.10810613632202148,68,-0.21914062499999998
0.11886715888977051,69,-0.064453125
0.12130212783813477,70,0.0
0.12285399436950684,71,-0.30937499999999996
0.12441396713256836,72,-0.24492187499999998
0.12649202346801758,73,-0.12890625
0.12791800498962402,74,-0.012890625
0.12914299964904785,75,-0.0515625
0.13028597831726074,76,-0.37382812499999996
0.13141703605651855,77,-0.399609375
0.13254594802856445,78,-0.9410156249999999
0.13367700576782227,79,-1.5597656249999998
0.13479900360107422,80,-0.012890625
0.13590192794799805,81,-0.012890625
0.13704514503479004,82,-0.064453125
0.13814496994018555,83,-0.36093749999999997
0.13933801651000977,84,-0.193359375
0.14058494567871094,85,-0.322265625
0.14203095436096191,86,-0.30937499999999996
0.14348912239074707,87,0.0
0.14510393142700195,88,-0.012890625
0.14657998085021973,89,-0.064453125
0.14797210693359375,90,-0.4125
0.14993000030517578,91,-0.79921875
0.15234994888305664,92,-1.65
0.15391016006469727,93,-0.167578125
0.1557300090789795,94,-0.348046875
0.15774011611938477,95,-0.167578125
0.1591050624847412,96,0.15468749999999998
0.16031599044799805,97,0.012890625
0.1614699363708496,98,-0.012890625
0.1625969409942627,99,-0.038671874999999994
0.16371893882751465,100,-0.399609375
0.16484713554382324,101,-0.4640625
0.16598200798034668,102,-1.018359375
0.16709303855895996,103,-1.611328125
0.16826701164245605,104,0.0
0.1693880558013916,105,-0.103125
0.1705610752105713,106,-0.103125
0.17196297645568848,107,-0.36093749999999997
0.17343807220458984,108,-0.2578125
0.17497706413269043,109,-0.33515625
0.17655611038208008,110,-0.0515625
0.1779780387878418,111,0.0
0.17960095405578613,112,-0.0515625
0.1818380355834961,113,-0.33515625
0.18405699729919434,114,-0.734765625
0.18551898002624512,115,-0.07734374999999999
0.18735694885253906,116,-0.20625
0.18923115730285645,117,-0.21914062499999998
0.19056415557861328,118,-0.36093749999999997
0.19173908233642578,119,-0.23203125
0.19290494918823242,120,-0.012890625
0.1940310001373291,121,-0.012890625
0.19513392448425293,122,-0.0515625
0.19623398780822754,123,-0.20625
0.1973400115966797,124,-0.42539062499999997
0.19847702980041504,125,-0.580078125
0.1996009349822998,126,-1.224609375
0.20081210136413574,127,-1.65
0.20221900939941406,128,0.0
0.20364093780517578,129,-0.18046874999999998
0.20519614219665527,130,-0.29648437499999997
0.206618070602417,131,-0.12890625
0.20797109603881836,132,-0.322265625
0.20954203605651855,133,-0.12890625
0.2120809555053711,134,-0.012890625
0.21384906768798828,135,-0.064453125
0.2154250144958496,136,-0.29648437499999997
0.21750092506408691,137,-1.0828125
0.21902012825012207,138,0.0
0.2202141284942627,139,-0.2578125
0.22136592864990234,140,-0.270703125
0.22249603271484375,141,-0.07734374999999999
0.22360610961914062,142,-0.322265625
0.22471094131469727,143,-0.37382812499999996
0.2258141040802002,144,-0.193359375
0.2269289493560791,145,0.0
0.22801995277404785,146,-0.012890625
0.22955799102783203,147,-0.0515625
0.2311389446258545,148,-0.4125
0.23281598091125488,149,-0.6703125
0.23455309867858887,150,-1.546875
0.23624897003173828,151,0.0
0.23813414573669434,152,-0.0515625
0.24016809463500977,153,-0.2578125
0.24193811416625977,154,-0.33515625
0.24412298202514648,155,-0.012890625
0.2469620704650879,156,0.012890625
0.2487659454345703,157,-0.322265625
0.25055813789367676,158,-1.095703125
0.2529289722442627,159,-0.167578125
0.25490713119506836,160,-0.23203125
0.25642895698547363,161,-0.12890625
0.2578389644622803,162,-0.4125
0.25926709175109863,163,-0.167578125
0.2606821060180664,164,0.0
0.26219701766967773,165,-0.0515625
0.263901948928833,166,-0.23203125
0.26560306549072266,167,-0.36093749999999997
0.267441987991333,168,-1.224609375
0.2693910598754883,169,-0.09023437499999999
0.2711501121520996,170,-0.2578125
0.27290797233581543,171,-0.270703125
0.2755310535430908,172,-0.20625
0.2780289649963379,173,0.21914062499999998
0.2798581123352051,174,-0.02578125
0.2818639278411865,175,-0.29648437499999997
0.28421711921691895,176,-0.8765624999999999
0.285966157913208,177,0.0
0.2873830795288086,178,-0.18046874999999998
0.2889089584350586,179,-0.33515625
0.2903609275817871,180,-0.20625
0.2919039726257324,181,-0.193359375
0.293442964553833,182,-0.012890625
0.29516005516052246,183,-0.012890625
0.29686713218688965,184,-0.103125
0.29876208305358887,185,-0.322265625
0.30060911178588867,186,-1.0828125
0.30227208137512207,187,-0.0515625
0.30393195152282715,188,-0.167578125
0.3065049648284912,189,-0.42539062499999997
0.30904293060302734,190,-0.33515625
0.31078505516052246,191,-0.012890625
0.3124661445617676,192,-0.064453125
0.31461095809936523,193,-0.30937499999999996
0.3168449401855469,194,-0.580078125
0.318572998046875,195,-1.65
0.32002997398376465,196,-0.141796875
0.32141709327697754,197,-0.21914062499999998
0.3227970600128174,198,-0.193359375
0.32428407669067383,199,-0.37382812499999996
0.3260200023651123,200,-0.20625
0.3277621269226074,201,0.0
0.3294849395751953,202,-0.0515625
0.33124494552612305,203,-0.37382812499999996
0.33272600173950195,204,-0.6703125
0.33414697647094727,205,-1.4953124999999998
0.3355250358581543,206,0.0
0.3372349739074707,207,-0.23203125
0.3397030830383301,208,-0.2578125
0.3413529396057129,209,-0.23203125
0.34285402297973633,210,0.064453125
0.34481310844421387,211,0.0
0.3465240001678467,212,-0.012890625
0.3478200435638428,213,-0.29648437499999997
0.3490409851074219,214,-0.7734375
0.35019707679748535,215,-1.4437499999999999
0.351330041885376,216,-0.193359375
0.35245203971862793,217,-0.064453125
0.35355401039123535,218,-0.21914062499999998
0.35474395751953125,219,-0.28359375
0.35669994354248047,220,-0.15468749999999998
0.3582890033721924,221,-0.28359375
0.35992002487182617,222,0.012890625
0.3614521026611328,223,0.0
0.36287593841552734,224,-0.038671874999999994
0.36429309844970703,225,-0.36093749999999997
0.36655306816101074,226,-0.580078125
0.3685879707336426,227,-1.5082031249999999
0.37005114555358887,228,-0.07734374999999999
0.37166905403137207,229,-0.2578125
0.37373805046081543,230,-0.167578125
0.37526893615722656,231,-0.15468749999999998
0.37647104263305664,232,0.0
0.377608060836792,233,0.0
0.3788330554962158,234,-0.0515625
0.37996506690979004,235,-0.322265625
0.38109612464904785,236,-0.4125
0.3822309970855713,237,-0.837890625
0.3833470344543457,238,-1.46953125
0.38448309898376465,239,-0.21914062499999998
0.3856971263885498,240,-0.07734374999999999
0.3870890140533447,241,0.0
0.38856005668640137,242,-0.37382812499999996
0.3901360034942627,243,-0.15468749999999998
0.39168310165405273,244,-0.2578125
0.3931300640106201,245,0.09023437499999999
0.394550085067749,246,-0.012890625
0.3959641456604004,247,-0.02578125
0.39855003356933594,248,-0.37382812499999996
0.4004371166229248,249,-0.734765625
0.4018399715423584,250,-0.103125
0.4035811424255371,251,-0.116015625
0.4055061340332031,252,-0.23203125
0.40691113471984863,253,-0.193359375
0.40809106826782227,254,-0.116015625
0.40935301780700684,255,0.012890625
0.4104931354522705,256,0.012890625
0.4116051197052002,257,-0.0515625
0.4127230644226074,258,-0.116015625
0.41384100914001465,259,-0.4640625
0.41495299339294434,260,-0.515625
0.4161641597747803,261,-1.134375
0.4175739288330078,262,-1.65
0.4190559387207031,263,-0.012890625
0.4206240177154541,264,-0.0515625
0.42216014862060547,265,-0.38671875
0.4235689640045166,266,-0.116015625
0.42496299743652344,267,-0.167578125
0.4264190196990967,268,0.0515625
0.4290001392364502,269,-0.012890625
0.4307291507720947,270,-0.15468749999999998
0.432142972946167,271,-0.4125
0.43399810791015625,272,-1.2374999999999998
0.4358789920806885,273,-0.02578125
0.4372241497039795,274,-0.20625
0.4384329319000244,275,-0.30937499999999996
0.43958497047424316,276,-0.103125
0.44070911407470703,277,-0.399609375
0.441817045211792,278,-0.322265625
0.4429290294647217,279,0.012890625
0.44403600692749023,280,0.0
0.44513607025146484,281,-0.064453125
0.4463520050048828,282,-0.23203125
0.44777512550354004,283,-0.4125
0.44924497604370117,284,-0.734765625
0.45079493522644043,285,-1.533984375
0.45232701301574707,286,0.0
0.4537370204925537,287,-0.18046874999999998
0.45514702796936035,288,-0.37382812499999996
0.45680809020996094,289,-0.12890625
0.4594700336456299,290,-0.322265625
0.4611489772796631,291,0.012890625
0.46265697479248047,292,-0.038671874999999994
0.464677095413208,293,-0.37382812499999996
0.4663429260253906,294,-0.631640625
0.46763014793395996,295,-1.65
0.4688451290130615,296,0.0
0.46999096870422363,297,-0.20625
0.47111010551452637,298,-0.2578125
0.4722099304199219,299,-0.270703125
0.47330212593078613,300,-0.33515625
0.47442197799682617,301,-0.43828124999999996
0.4755561351776123,302,-0.2578125
0.476776123046875,303,0.0
0.478255033493042,304,-0.02578125
0.4797549247741699,305,-0.0515625
0.48130297660827637,306,-0.4125
0.4828331470489502,307,-0.7863281249999999
0.4842660427093506,308,-1.6371093749999999
0.48578500747680664,309,0.0
0.4874899387359619,310,-0.064453125
0.4898841381072998,311,-0.399609375
0.4915480613708496,312,-0.141796875
0.49305200576782227,313,0.20625
0.4950549602508545,314,-0.012890625
0.496783971786499,315,-0.0515625
0.4980790615081787,316,-0.33515625
0.49933910369873047,317,-0.928125
0.500493049621582,318,-1.611328125
0.5016281604766846,319,0.0
0.5027689933776855,320,-0.02578125
0.5039019584655762,321,-0.103125
0.5050139427185059,322,-0.322265625
0.5061161518096924,323,-0.193359375
0.5073051452636719,324,-0.4640625
0.5087230205535889,325,-0.37382812499999996
0.5102510452270508,326,0.012890625
0.5118319988250732,327,0.0
0.5133421421051025,328,-0.116015625
0.5147669315338135,329,-0.37382812499999996
0.5161550045013428,330,-0.9410156249999999
0.5175831317901611,331,-1.6371093749999999
0.5200941562652588,332,0.0
0.5217621326446533,333,-0.038671874999999994
0.5231490135192871,334,-0.167578125
0.5250210762023926,335,-0.322265625
0.5269551277160645,336,-0.02578125
0.528407096862793,337,-0.012890625
0.5296051502227783,338,-0.15468749999999998
0.5307559967041016,339,-0.37382812499999996
0.5318911075592041,340,-0.605859375
0.5330159664154053,341,-1.26328125
0.5341429710388184,342,-1.65
0.535243034362793,343,-0.0515625
0.5363399982452393,344,-0.15468749999999998
0.5375161170959473,345,-0.21914062499999998
0.5389931201934814,346,-0.29648437499999997
0.5404760837554932,347,-0.38671875
0.5420570373535156,348,-0.23203125
0.5436170101165771,349,0.0
0.5450401306152344,350,-0.012890625
0.5464630126953125,351,-0.15468749999999998
0.5482840538024902,352,-0.4125
0.5507640838623047,353,-0.7863281249999999
0.5523550510406494,354,-0.038671874999999994
0.5538029670715332,355,-0.064453125
0.5557539463043213,356,-0.4125
0.5575201511383057,357,-0.15468749999999998
0.5589439868927002,358,0.12890625
0.5601451396942139,359,0.012890625
0.5612919330596924,360,-0.012890625
0.5624139308929443,361,-0.0515625
0.5635199546813965,362,-0.42539062499999997
0.5646359920501709,363,-0.4640625
0.5657370090484619,364,-1.00546875
0.5668540000915527,365,-1.5597656249999998
0.5680561065673828,366,0.0
0.5695500373840332,367,-0.038671874999999994
0.5709810256958008,368,0.0
0.5725259780883789,369,-0.37382812499999996
0.5740909576416016,370,-0.36093749999999997
0.5755620002746582,371,-0.141796875
0.5770061016082764,372,0.0
0.5788431167602539,373,-0.012890625
0.5813119411468506,374,-0.116015625
0.582895040512085,375,-0.631640625
0.5843751430511475,376,-1.611328125
0.5863609313964844,377,0.0
0.5879881381988525,378,-0.0515625
0.5893690586090088,379,-0.167578125
0.5905730724334717,380,-0.43828124999999996
0.5917179584503174,381,-0.33515625
0.5928690433502197,382,0.0
0.5939750671386719,383,-0.012890625
0.5950829982757568,384,-0.038671874999999994
0.5961990356445312,385,-0.20625
0.5973160266876221,386,-0.4125
0.5985181331634521,387,-0.6187499999999999
0.599938154220581,388,-1.276171875
0.6013970375061035,389,-0.012890625
0.6029500961303711,390,-0.103125
0.6044750213623047,391,-0.103125
0.6060080528259277,392,-0.20625
0.6074590682983398,393,-0.23203125
0.6093709468841553,394,-0.12890625
0.6117711067199707,395,0.0
0.6133420467376709,396,-0.09023437499999999
0.614861011505127,397,-0.322265625
0.616873025894165,398,-0.9152343749999999
0.6185550689697266,399,-0.837890625
0.6198520660400391,400,-0.103125
0.6210260391235352,401,-0.2578125
0.6221771240234375,402,-0.20625
0.6232960224151611,403,-0.38671875
0.6244161128997803,404,-0.42539062499999997
0.6255290508270264,405,-0.270703125
0.6266269683837891,406,0.0
0.6277220249176025,407,-0.012890625
0.628931999206543,408,-0.0515625
0.6303679943084717,409,-0.36093749999999997
0.6318390369415283,410,-0.33515625
0.6333940029144287,411,-1.095703125
0.6349120140075684,412,-0.6832031249999999
0.6363511085510254,413,-0.09023437499999999
0.6378250122070312,414,-0.167578125
0.6395549774169922,415,-0.322265625
0.6421020030975342,416,-0.28359375
0.6437411308288574,417,-0.012890625
0.645266056060791,418,-0.012890625
0.6472980976104736,419,-0.15468749999999998
0.6490621566772461,420,-0.012890625
0.6503570079803467,421,-1.095703125
0.6515369415283203,422,-0.21914062499999998
0.6527309417724609,423,-0.02578125
0.6538729667663574,424,-0.103125
0.6552431583404541,425,-0.4125
0.6572520732879639,426,-0.064453125
0.6585710048675537,427,0.09023437499999999
0.6598701477050781,428,0.0
0.6613380908966064,429,-0.012890625
0.6627769470214844,430,-0.012890625
0.6643240451812744,431,-0.37382812499999996
0.6658289432525635,432,-0.631640625
0.6672439575195312,433,-1.46953125
0.668921947479248,434,0.0
0.6707689762115479,435,-0.2578125
0.6731939315795898,436,-0.322265625
0.674781084060669,437,-0.103125
0.6763420104980469,438,0.193359375
0.6785509586334229,439,-0.012890625
