time,count,voltage
0.005679130554199219,1,-0.012890625
0.007236003875732422,2,-0.20625
0.008645057678222656,3,-0.23203125
0.010039091110229492,4,-1.147265625
0.011491060256958008,5,-0.012890625
0.012905120849609375,6,0.0
0.014257192611694336,7,-0.0515625
0.015608072280883789,8,-0.23203125
0.017158031463623047,9,-0.348046875
0.018950223922729492,10,-0.20625
0.02071213722229004,11,0.012890625
0.022477149963378906,12,-0.012890625
0.024038076400756836,13,-0.24492187499999998
0.025727033615112305,14,-0.36093749999999997
0.02722907066345215,15,-1.340625
0.028646230697631836,16,0.0
0.030053138732910156,17,-0.103125
0.03140902519226074,18,-0.20625
0.03295016288757324,19,-0.064453125
0.03462505340576172,20,-0.37382812499999996
0.03632521629333496,21,-0.02578125
0.03795909881591797,22,-0.012890625
0.039832115173339844,23,0.0
0.04149222373962402,24,-0.23203125
0.04312300682067871,25,-0.825
0.0447690486907959,26,-1.65
0.04639720916748047,27,-0.0515625
0.048107147216796875,28,-0.0515625
0.05025601387023926,29,-0.12890625
0.053324222564697266,30,-0.193359375
0.05539703369140625,31,0.0
0.05696606636047363,32,-0.103125
0.058851003646850586,33,-0.193359375
0.06098818778991699,34,-1.0570312499999999
0.06304407119750977,35,0.0
0.06460905075073242,36,-0.103125
0.06603217124938965,37,-0.141796875
0.06741213798522949,38,-0.21914062499999998
0.06882500648498535,39,-0.12890625
0.07030510902404785,40,0.012890625
0.07166814804077148,41,-0.012890625
0.07301115989685059,42,-0.09023437499999999
0.0743551254272461,43,-0.21914062499999998
0.07569313049316406,44,-0.631640625
0.07702803611755371,45,-1.405078125
0.07835912704467773,46,0.0
0.07975220680236816,47,-0.09023437499999999
0.08118200302124023,48,-0.07734374999999999
0.08269214630126953,49,-0.167578125
0.08438801765441895,50,-0.193359375
0.08611822128295898,51,0.038671874999999994
0.08781599998474121,52,0.0
0.08970808982849121,53,-0.012890625
0.09139013290405273,54,-0.23203125
0.09306001663208008,55,-0.734765625
0.0946800708770752,56,-1.6371093749999999
0.09711718559265137,57,-0.02578125
0.09943819046020508,58,-0.15468749999999998
0.10157418251037598,59,-0.23203125
0.1031341552734375,60,0.29648437499999997
0.10507512092590332,61,-0.012890625
0.1069331169128418,62,-0.038671874999999994
0.10823822021484375,63,-0.21914062499999998
0.10942602157592773,64,-0.928125
0.11064815521240234,65,-1.5984375
0.11190009117126465,66,0.0
0.11329913139343262,67,-0.02578125
0.11473417282104492,68,-0.193359375
0.11629009246826172,69,-0.12890625
0.11786007881164551,70,-0.36093749999999997
0.11933612823486328,71,-0.02578125
0.12098813056945801,72,0.0
0.1235501766204834,73,-0.012890625
0.12528610229492188,74,-0.23203125
0.1267681121826172,75,-1.044140625
0.12879705429077148,76,-0.02578125
0.13042116165161133,77,0.012890625
0.13168621063232422,78,-0.2578125
0.13284802436828613,79,-0.167578125
0.13398408889770508,80,-0.4125
0.1351010799407959,81,-0.30937499999999996
0.13623619079589844,82,0.012890625
0.13733410835266113,83,-0.0515625
0.1384260654449463,84,-0.02578125
0.13952016830444336,85,-0.12890625
0.14071416854858398,86,-0.29648437499999997
0.14193105697631836,87,-0.515625
0.14334702491760254,88,-1.2374999999999998
0.14481616020202637,89,0.0
0.14633417129516602,90,-0.012890625
0.1478102207183838,91,-0.09023437499999999
0.1492140293121338,92,-0.103125
0.15062904357910156,93,-0.21914062499999998
0.15268421173095703,94,-0.141796875
0.1548011302947998,95,0.012890625
0.15622615814208984,96,-0.0515625
0.15767216682434082,97,-0.20625
0.15957307815551758,98,-0.476953125
0.16147303581237793,99,-1.46953125
0.16282200813293457,100,0.0
0.1639871597290039,101,-0.12890625
0.1651301383972168,102,-0.103125
0.1662600040435791,103,-0.15468749999999998
0.1673891544342041,104,-0.33515625
0.16849517822265625,105,-0.21914062499999998
0.16965007781982422,106,0.012890625
0.17078518867492676,107,0.012890625
0.171983003616333,108,-0.012890625
0.1733841896057129,109,-0.21914062499999998
0.17485618591308594,110,-0.2578125
0.176314115524292,111,-0.928125
0.17785215377807617,112,-1.65
0.17921209335327148,113,-0.0515625
0.18134403228759766,114,0.0
0.1840651035308838,115,-0.24492187499999998
0.18623805046081543,116,-0.116015625
0.18819308280944824,117,-0.012890625
0.19043517112731934,118,0.0
0.19198918342590332,119,-0.193359375
0.1933150291442871,120,-1.03125
0.194580078125,121,-0.515625
0.1958320140838623,122,-0.0515625
0.1970691680908203,123,-0.103125
0.19829821586608887,124,-0.270703125
0.1995251178741455,125,-0.15468749999999998
0.20517802238464355,126,-0.4125
0.2073371410369873,127,-0.21914062499999998
0.20911407470703125,128,-0.193359375
0.21077203750610352,129,-1.134375
0.21359610557556152,130,0.0
0.21555113792419434,131,0.012890625
0.21741318702697754,132,-0.103125
0.21976518630981445,133,-0.0515625
0.22133612632751465,134,0.012890625
0.22266602516174316,135,-0.012890625
0.22394514083862305,136,-0.23203125
0.22519421577453613,137,-0.33515625
0.2264242172241211,138,-1.1214843749999999
0.2276630401611328,139,-1.65
0.22889018058776855,140,0.0
0.23014116287231445,141,-0.18046874999999998
0.23578906059265137,142,-0.07734374999999999
0.2378551959991455,143,-0.103125
0.2397451400756836,144,-0.02578125
0.24192404747009277,145,-0.21914062499999998
0.2444920539855957,146,-0.6832031249999999
0.24621820449829102,147,-0.0515625
0.24837613105773926,148,-0.18046874999999998
0.25032901763916016,149,-0.12890625
0.2519340515136719,150,-0.12890625
0.2532641887664795,151,-0.012890625
0.2545301914215088,152,0.0
0.2557661533355713,153,-0.02578125
0.25699615478515625,154,-0.270703125
0.25822901725769043,155,-0.20625
0.25945305824279785,156,-0.928125
0.260775089263916,157,-1.611328125
0.26657819747924805,158,0.0
0.26897406578063965,159,-0.09023437499999999
0.27102208137512207,160,0.012890625
0.2734220027923584,161,-0.02578125
0.27582216262817383,162,-0.270703125
0.277569055557251,163,-1.1859374999999999
0.27997303009033203,164,0.0
0.2816660404205322,165,-0.0515625
0.2830181121826172,166,-0.103125
0.2843201160430908,167,-0.36093749999999997
0.28560805320739746,168,-0.167578125
0.28685712814331055,169,0.012890625
0.28809213638305664,170,0.0
0.28931212425231934,171,-0.038671874999999994
0.2905731201171875,172,-0.322265625
0.29180908203125,173,-0.33515625
0.29770421981811523,174,-1.095703125
0.29981207847595215,175,-1.65
0.3021421432495117,176,-0.167578125
0.3041951656341553,177,0.20625
0.30684518814086914,178,-0.012890625
0.308535099029541,179,-0.20625
0.3107011318206787,180,-0.9796874999999999
0.31273412704467773,181,0.0
0.31414222717285156,182,-0.103125
0.31543517112731934,183,-0.21914062499999998
0.3167262077331543,184,-0.167578125
0.31798601150512695,185,-0.20625
0.3193631172180176,186,-0.0515625
0.32062816619873047,187,0.012890625
0.3219161033630371,188,-0.012890625
0.327808141708374,189,-0.18046874999999998
0.3299121856689453,190,-0.2578125
0.33176422119140625,191,-0.12890625
0.33385610580444336,192,-0.167578125
0.3364880084991455,193,-0.270703125
0.3381822109222412,194,-0.012890625
0.3403890132904053,195,-0.02578125
0.34238100051879883,196,-0.193359375
0.34381818771362305,197,-1.147265625
0.34509921073913574,198,0.0
0.3463451862335205,199,-0.0515625
0.34760022163391113,200,-0.02578125
0.3488631248474121,201,-0.2578125
0.35013914108276367,202,-0.270703125
0.3513932228088379,203,-0.270703125
0.3527791500091553,204,-0.0515625
0.3586151599884033,205,-0.012890625
0.3607320785522461,206,-0.02578125
0.3625450134277344,207,-0.141796875
0.3646280765533447,208,-0.167578125
0.3672370910644531,209,-0.33515625
0.3691270351409912,210,-0.193359375
0.3714320659637451,211,0.0
0.37331318855285645,212,0.0
0.3747220039367676,213,-0.24492187499999998
0.3760221004486084,214,-0.7863281249999999
0.3772752285003662,215,-1.546875
0.37851405143737793,216,0.012890625
0.3798391819000244,217,-0.09023437499999999
0.3811161518096924,218,-0.12890625
0.38236308097839355,219,-0.103125
0.38359522819519043,220,-0.33515625
0.3849830627441406,221,-0.322265625
0.38623714447021484,222,-0.038671874999999994
0.3891940116882324,223,-0.012890625
0.39069509506225586,224,-0.23203125
0.39209914207458496,225,-0.37382812499999996
0.3936760425567627,226,-1.2503906249999999
0.3950932025909424,227,0.0
0.39643311500549316,228,-0.12890625
0.39769816398620605,229,-0.15468749999999998
0.4002211093902588,230,-0.20625
0.402209997177124,231,-0.103125
0.40374112129211426,232,0.012890625
0.4058201313018799,233,0.0
0.40734004974365234,234,-0.18046874999999998
0.40854310989379883,235,-0.348046875
0.4097590446472168,236,-1.173046875
0.41089916229248047,237,-1.65
0.41202211380004883,238,-0.02578125
0.4131340980529785,239,-0.167578125
0.414243221282959,240,-0.116015625
0.4153480529785156,241,-0.18046874999999998
0.416532039642334,242,-0.20625
0.417938232421875,243,-0.270703125
0.4193692207336426,244,-0.09023437499999999
0.4209721088409424,245,-0.012890625
0.42258214950561523,246,-0.038671874999999994
0.4239780902862549,247,-0.2578125
0.42534613609313965,248,-0.322265625
0.427077054977417,249,-1.198828125
0.429455041885376,250,0.0
0.4310140609741211,251,-0.02578125
0.4325110912322998,252,-0.193359375
0.43442201614379883,253,-0.270703125
0.43610119819641113,254,0.02578125
0.4374120235443115,255,0.0
0.438582181930542,256,-0.02578125
0.4397921562194824,257,-0.21914062499999998
0.44092822074890137,258,-0.33515625
0.44205307960510254,259,-0.6703125
0.44315505027770996,260,-1.353515625
0.4442610740661621,261,0.0
0.44535303115844727,262,-0.012890625
0.44653916358947754,263,-0.167578125
0.4479100704193115,264,-0.193359375
0.44934606552124023,265,-0.167578125
0.45093703269958496,266,-0.20625
0.45247817039489746,267,-0.02578125
0.45390915870666504,268,0.0
0.4553401470184326,269,-0.0515625
0.456862211227417,270,-0.167578125
0.4593820571899414,271,-0.29648437499999997
0.46117115020751953,272,-1.26328125
0.46254920959472656,273,-0.09023437499999999
0.46428418159484863,274,-0.103125
0.4661550521850586,275,-0.21914062499999998
0.4675412178039551,276,-0.193359375
0.4687201976776123,277,-0.012890625
0.46988916397094727,278,0.0
0.47101306915283203,279,-0.012890625
0.4721240997314453,280,-0.02578125
0.473222017288208,281,-0.20625
0.4743330478668213,282,-0.33515625
0.4754350185394287,283,-0.7863281249999999
0.4766371250152588,284,-1.405078125
0.4780280590057373,285,0.0
0.4794471263885498,286,-0.103125
0.4810202121734619,287,-0.02578125
0.48252201080322266,288,-0.20625
0.483950138092041,289,-0.29648437499999997
0.48546600341796875,290,-0.167578125
0.4873042106628418,291,0.0
0.4896860122680664,292,0.0
0.49127721786499023,293,-0.20625
0.49268221855163574,294,-0.7218749999999999
0.49457311630249023,295,-1.5082031249999999
0.4964110851287842,296,0.0
0.4977080821990967,297,-0.09023437499999999
0.49887919425964355,298,-0.116015625
0.5000381469726562,299,-0.37382812499999996
0.5011842250823975,300,-0.37382812499999996
0.5023660659790039,301,-0.167578125
0.5034890174865723,302,0.0
0.5045931339263916,303,-0.02578125
0.5056920051574707,304,-0.02578125
0.5068800449371338,305,-0.29648437499999997
0.5082800388336182,306,-0.21914062499999998
0.5097939968109131,307,-0.9796874999999999
0.5113461017608643,308,-1.65
0.5128681659698486,309,-0.02578125
0.5142321586608887,310,-0.064453125
0.5156641006469727,311,-0.23203125
0.5171170234680176,312,-0.37382812499999996
0.5197632312774658,313,-0.20625
0.5215060710906982,314,0.0
0.5228710174560547,315,-0.064453125
0.5245981216430664,316,-0.29648437499999997
0.5265321731567383,317,-0.54140625
0.5279312133789062,318,-1.65
0.529109001159668,319,-0.09023437499999999
0.5302731990814209,320,-0.103125
0.5313870906829834,321,-0.30937499999999996
0.532508134841919,322,-0.103125
0.533621072769165,323,-0.322265625
0.5347170829772949,324,-0.33515625
0.5358431339263916,325,-0.02578125
0.5370352268218994,326,0.0
0.5384280681610107,327,-0.012890625
0.5398931503295898,328,-0.103125
0.5414340496063232,329,-0.29648437499999997
0.5429630279541016,330,-0.837890625
0.5443811416625977,331,-1.65
0.5457651615142822,332,-0.0515625
0.5477972030639648,333,-0.167578125
0.5499060153961182,334,-0.193359375
0.5513520240783691,335,-0.322265625
0.552929162979126,336,0.0515625
0.5548970699310303,337,0.0
0.5564711093902588,338,-0.012890625
0.5577192306518555,339,-0.20625
0.5588700771331787,340,-0.708984375
0.5600190162658691,341,-1.3664062499999998
0.5611422061920166,342,0.0
0.5622870922088623,343,-0.012890625
0.5634109973907471,344,-0.167578125
0.5645291805267334,345,-0.2578125
0.5656380653381348,346,-0.12890625
0.5667390823364258,347,-0.322265625
0.5679121017456055,348,-0.38671875
0.5693011283874512,349,-0.167578125
0.5707681179046631,350,0.012890625
0.572303056716919,351,-0.02578125
0.5738790035247803,352,-0.193359375
0.5753171443939209,353,-0.2578125
0.576775074005127,354,-1.147265625
0.5790340900421143,355,-0.012890625
0.5810351371765137,356,-0.02578125
0.5824451446533203,357,-0.20625
0.5840010643005371,358,-0.24492187499999998
0.5859501361846924,359,-0.20625
0.5874881744384766,360,0.0
0.5887331962585449,361,-0.0515625
0.5899081230163574,362,-0.21914062499999998
0.5910451412200928,363,-0.24492187499999998
0.5921740531921387,364,-0.7863281249999999
0.5932791233062744,365,-1.4308593749999998
0.594386100769043,366,0.0
0.5954711437225342,367,0.0
0.596560001373291,368,-0.18046874999999998
0.5976581573486328,369,-0.21914062499999998
0.5988330841064453,370,-0.02578125
0.6002922058105469,371,-0.322265625
0.6017410755157471,372,-0.23203125
0.6033060550689697,373,0.0
0.6048641204833984,374,0.0
0.6062781810760498,375,-0.07734374999999999
0.6076509952545166,376,-0.270703125
0.6093051433563232,377,-0.54140625
0.6118600368499756,378,-1.405078125
0.6134440898895264,379,-0.0515625
0.6147861480712891,380,-0.21914062499999998
0.6166121959686279,381,-0.0515625
0.6185002326965332,382,-0.30937499999999996
0.6198990345001221,383,0.0
0.6210761070251465,384,-0.012890625
0.6222171783447266,385,-0.02578125
0.6233301162719727,386,-0.28359375
0.6244401931762695,387,-0.322265625
0.6255471706390381,388,-0.837890625
0.6266469955444336,389,-1.46953125
0.6277470588684082,390,0.0
0.6289222240447998,391,-0.012890625
0.6304011344909668,392,-0.064453125
0.631871223449707,393,-0.270703125
0.6333801746368408,394,-0.116015625
0.6349351406097412,395,-0.23203125
0.6363692283630371,396,0.012890625
0.6378140449523926,397,0.0
0.6392102241516113,398,-0.012890625
0.6416020393371582,399,-0.2578125
0.6434931755065918,400,-0.6187499999999999
0.6449282169342041,401,0.012890625
0.6465802192687988,402,-0.15468749999999998
0.6484951972961426,403,-0.12890625
0.6499490737915039,404,-0.12890625
0.6511421203613281,405,-0.21914062499999998
0.6523292064666748,406,-0.0515625
0.6534571647644043,407,0.0
0.6545670032501221,408,0.0
0.6556692123413086,409,-0.038671874999999994
0.65677809715271,410,-0.270703125
0.6578731536865234,411,-0.28359375
0.6590621471405029,412,-0.889453125
0.6604840755462646,413,-1.46953125
0.661952018737793,414,0.0
0.6634562015533447,415,-0.02578125
0.6649651527404785,416,-0.18046874999999998
0.6664211750030518,417,-0.141796875
0.6678371429443359,418,-0.28359375
0.6700282096862793,419,-0.0515625
0.6721432209014893,420,-0.012890625
0.673598051071167,421,-0.12890625
0.675105094909668,422,-0.09023437499999999
0.6770920753479004,423,-0.863671875
0.6786990165710449,424,-0.02578125
0.6799831390380859,425,-0.193359375
0.6811251640319824,426,-0.30937499999999996
0.6822490692138672,427,-0.29648437499999997
0.6834001541137695,428,-0.348046875
0.6845171451568604,429,-0.30937499999999996
0.6856331825256348,430,-0.0515625
0.6867330074310303,431,-0.012890625
0.6878411769866943,432,-0.012890625
0.6890270709991455,433,-0.038671874999999994
0.6904680728912354,434,-0.30937499999999996
0.691925048828125,435,-0.24492187499999998
0.6934292316436768,436,-1.147265625
0.6950900554656982,437,0.0
0.6965680122375488,438,-0.038671874999999994
0.6980161666870117,439,-0.15468749999999998
0.6994462013244629,440,-0.116015625
0.7017560005187988,441,-0.399609375
0.7038400173187256,442,0.07734374999999999
0.7053520679473877,443,-0.02578125
0.7067711353302002,444,-0.20625
