time,count,voltage
0.0044481754302978516,1,-0.2578125
0.0057451725006103516,2,-0.36093749999999997
0.006927967071533203,3,-0.36093749999999997
0.00817108154296875,4,-0.12890625
0.009322166442871094,5,-0.02578125
0.010450124740600586,6,-0.141796875
0.01156306266784668,7,-0.4640625
0.012861013412475586,8,-0.7218749999999999
0.014330148696899414,9,-0.837890625
0.015789031982421875,10,-1.5597656249999998
0.017199039459228516,11,-0.012890625
0.018568992614746094,12,-0.21914062499999998
0.019868135452270508,13,-0.4640625
0.02103400230407715,14,-0.18046874999999998
0.02218317985534668,15,-0.36093749999999997
0.023322105407714844,16,-0.37382812499999996
0.024451017379760742,17,-0.21914062499999998
0.0255739688873291,18,-0.02578125
0.026679039001464844,19,-0.09023437499999999
0.027811050415039062,20,-0.2578125
0.02907109260559082,21,-0.5671875
0.030501127243041992,22,-0.580078125
0.03195905685424805,23,-1.26328125
0.03351116180419922,24,-0.064453125
0.0349881649017334,25,-0.37382812499999996
0.03634905815124512,26,-0.28359375
0.037817955017089844,27,-0.399609375
0.03920912742614746,28,-0.4640625
0.04114794731140137,29,-0.30937499999999996
0.0433659553527832,30,-0.012890625
0.044799089431762695,31,-0.141796875
0.04649806022644043,32,-0.4640625
0.04855799674987793,33,-0.708984375
0.05002117156982422,34,-1.65
0.05121016502380371,35,-0.30937499999999996
0.05245208740234375,36,-0.37382812499999996
0.053640127182006836,37,-0.38671875
0.05478096008300781,38,-0.322265625
0.05591011047363281,39,-0.48984374999999997
0.057029008865356445,40,-0.4125
0.05824017524719238,41,-0.0515625
0.05936598777770996,42,-0.0515625
0.0605010986328125,43,-0.18046874999999998
0.06161618232727051,44,-0.37382812499999996
0.0627741813659668,45,-0.6703125
0.06391000747680664,46,-0.837890625
0.06504011154174805,47,-1.405078125
0.06615400314331055,48,-0.580078125
0.06724905967712402,49,-0.064453125
0.06836199760437012,50,-0.33515625
0.06947612762451172,51,-0.141796875
0.07073497772216797,52,-0.322265625
0.07206916809082031,53,-0.15468749999999998
0.07325911521911621,54,-0.20625
0.07439517974853516,55,-0.103125
0.07551002502441406,56,-0.064453125
0.07662105560302734,57,-0.09023437499999999
0.07776117324829102,58,-0.30937499999999996
0.07899713516235352,59,-0.554296875
0.08025312423706055,60,-0.631640625
0.08168816566467285,61,-1.1859374999999999
0.08312106132507324,62,-1.65
0.08464312553405762,63,-0.20625
0.08608698844909668,64,-0.43828124999999996
0.08749794960021973,65,-0.30937499999999996
0.0889890193939209,66,-0.103125
0.09155416488647461,67,-0.103125
0.09319901466369629,68,-0.012890625
0.09462499618530273,69,-0.20625
0.09660196304321289,70,-0.515625
0.09834694862365723,71,-0.7863281249999999
0.09962010383605957,72,-1.65
0.10078096389770508,73,-0.20625
0.1019141674041748,74,-0.515625
0.10303807258605957,75,-0.270703125
0.10415196418762207,76,-0.116015625
0.10526514053344727,77,-0.4640625
0.10642814636230469,78,-0.476953125
0.10753703117370605,79,-0.37382812499999996
0.10871315002441406,80,-0.012890625
0.10992312431335449,81,-0.0515625
0.11131000518798828,82,-0.2578125
0.11276006698608398,83,-0.54140625
0.11422014236450195,84,-0.6832031249999999
0.11580014228820801,85,-1.456640625
0.11723017692565918,86,-0.167578125
0.11871194839477539,87,-0.23203125
0.12013602256774902,88,-0.270703125
0.12213611602783203,89,-0.2578125
0.12436914443969727,90,-0.33515625
0.12587308883666992,91,-0.012890625
0.12734603881835938,92,-0.09023437499999999
0.12935400009155273,93,-0.322265625
0.1311030387878418,94,-0.4640625
0.1324009895324707,95,-1.4437499999999999
0.13358807563781738,96,0.0
0.13472509384155273,97,-0.2578125
0.13585615158081055,98,-0.30937499999999996
0.13699007034301758,99,-0.348046875
0.13819408416748047,100,-0.193359375
0.13931798934936523,101,-0.5285156249999999
0.14056396484375,102,-0.42539062499999997
0.14198803901672363,103,-0.012890625
0.14342117309570312,104,-0.0515625
0.14487814903259277,105,-0.20625
0.14641404151916504,106,-0.54140625
0.14784812927246094,107,-0.837890625
0.1492769718170166,108,-1.546875
0.15071916580200195,109,-0.12890625
0.15222406387329102,110,-0.2578125
0.15468311309814453,111,-0.28359375
0.1564619541168213,112,-0.167578125
0.1579151153564453,113,0.15468749999999998
0.15961599349975586,114,-0.02578125
0.16161108016967773,115,-0.15468749999999998
0.16307997703552246,116,-0.4125
0.16428399085998535,117,-0.825
0.1655111312866211,118,-1.46953125
0.16668915748596191,119,-0.064453125
0.16783714294433594,120,-0.2578125
0.16897010803222656,121,-0.4640625
0.1700880527496338,122,-0.28359375
0.17129302024841309,123,-0.20625
0.172713041305542,124,-0.2578125
0.17416906356811523,125,-0.21914062499999998
0.17568302154541016,126,-0.02578125
0.17726802825927734,127,-0.064453125
0.17869114875793457,128,-0.33515625
0.18009400367736816,129,-0.5285156249999999
0.18179106712341309,130,-1.0570312499999999
0.1841721534729004,131,-1.65
0.18563103675842285,132,-0.2578125
0.18722200393676758,133,-0.37382812499999996
0.18929314613342285,134,-0.18046874999999998
0.19092106819152832,135,-0.193359375
0.19217610359191895,136,-0.012890625
0.19339203834533691,137,-0.0515625
0.19455504417419434,138,-0.29648437499999997
0.19566607475280762,139,-0.631640625
0.19675707817077637,140,-0.6187499999999999
0.19808506965637207,141,-1.198828125
0.19934606552124023,142,-1.65
0.20528817176818848,143,-0.103125
0.2089540958404541,144,-0.2578125
0.21047306060791016,145,-0.02578125
0.21179699897766113,146,-0.20625
0.21391510963439941,147,-0.5285156249999999
0.21592497825622559,148,-1.018359375
0.2173631191253662,149,-0.21914062499999998
0.21898317337036133,150,-0.29648437499999997
0.22089695930480957,151,-0.2578125
0.222581148147583,152,-0.103125
0.2239079475402832,153,0.0
0.2250659465789795,154,-0.012890625
0.22621607780456543,155,-0.0515625
0.22733497619628906,156,-0.270703125
0.2284870147705078,157,-0.476953125
0.22962498664855957,158,-0.708984375
0.2307579517364502,159,-1.03125
0.23199701309204102,160,-1.546875
0.23340702056884766,161,-0.0515625
0.23483514785766602,162,-0.37382812499999996
0.23639702796936035,163,-0.43828124999999996
0.2379469871520996,164,-0.322265625
0.23939108848571777,165,-0.2578125
0.24080801010131836,166,-0.270703125
0.24220895767211914,167,-0.012890625
0.2438981533050537,168,-0.09023437499999999
0.2463209629058838,169,-0.2578125
0.24797296524047852,170,-0.54140625
0.24937105178833008,171,-1.52109375
0.25089597702026367,172,-0.167578125
0.25282716751098633,173,-0.270703125
0.25447916984558105,174,-0.33515625
0.255748987197876,175,-0.322265625
0.2569730281829834,176,-0.29648437499999997
0.25821709632873535,177,-0.09023437499999999
0.25935816764831543,178,-0.103125
0.2604689598083496,179,-0.270703125
0.261584997177124,180,-0.5285156249999999
0.2627980709075928,181,-0.7218749999999999
0.2641880512237549,182,-0.889453125
0.2656209468841553,183,-1.546875
0.26712512969970703,184,0.0
0.2686610221862793,185,-0.2578125
0.2701301574707031,186,-0.29648437499999997
0.27156710624694824,187,-0.20625
0.27300214767456055,188,-0.5285156249999999
0.27517104148864746,189,-0.28359375
0.2771940231323242,190,-0.012890625
0.27867603302001953,191,-0.20625
0.2801229953765869,192,-0.54140625
0.2819950580596924,193,-1.03125
0.2837510108947754,194,-1.65
0.28525304794311523,195,-0.270703125
0.28670811653137207,196,-0.270703125
0.2882809638977051,197,-0.2578125
0.28966498374938965,198,-0.2578125
0.29086899757385254,199,-0.103125
0.2920081615447998,200,0.012890625
0.2932260036468506,201,-0.09023437499999999
0.29462504386901855,202,-0.21914062499999998
0.2960660457611084,203,-0.54140625
0.29765796661376953,204,-0.69609375
0.299144983291626,205,-1.4308593749999998
0.3004579544067383,206,-0.02578125
0.30181312561035156,207,-0.270703125
0.30388498306274414,208,-0.30937499999999996
0.3059079647064209,209,-0.30937499999999996
0.3073570728302002,210,-0.20625
0.3091249465942383,211,-0.012890625
0.31107115745544434,212,-0.0515625
0.31255316734313965,213,-0.30937499999999996
0.3137810230255127,214,-0.476953125
0.3154480457305908,215,-1.198828125
0.3166360855102539,216,-0.15468749999999998
0.3178091049194336,217,-0.270703125
0.31894516944885254,218,-0.42539062499999997
0.3200671672821045,219,-0.36093749999999997
0.3211941719055176,220,-0.23203125
0.3223121166229248,221,-0.4125
0.32350707054138184,222,-0.4125
0.3249061107635498,223,-0.23203125
0.32634902000427246,224,-0.0515625
0.3279531002044678,225,-0.193359375
0.3294661045074463,226,-0.43828124999999996
0.3308279514312744,227,-0.6574218749999999
0.3322010040283203,228,-1.3792968749999999
0.33390116691589355,229,-0.20625
0.33619213104248047,230,-0.2578125
0.3377251625061035,231,-0.24492187499999998
0.3393070697784424,232,-0.37382812499999996
0.3412511348724365,233,-0.4640625
0.3429141044616699,234,-0.012890625
0.34420204162597656,235,-0.167578125
0.34537506103515625,236,-0.4640625
0.34651994705200195,237,-0.5671875
0.3477020263671875,238,-1.018359375
0.34885501861572266,239,-1.5597656249999998
0.3499910831451416,240,-0.20625
0.35110998153686523,241,-0.2578125
0.3522210121154785,242,-0.4125
0.35332202911376953,243,-0.33515625
0.3545050621032715,244,-0.20625
0.3558981418609619,245,-0.29648437499999997
0.3573319911956787,246,-0.2578125
0.3589150905609131,247,-0.012890625
0.360443115234375,248,-0.02578125
0.36186814308166504,249,-0.270703125
0.3632650375366211,250,-0.580078125
0.36469602584838867,251,-0.928125
0.3668220043182373,252,-1.6371093749999999
0.3688180446624756,253,-0.141796875
0.37032318115234375,254,-0.270703125
0.37172603607177734,255,-0.012890625
0.3735640048980713,256,-0.37382812499999996
0.37537717819213867,257,-0.038671874999999994
0.37673497200012207,258,-0.09023437499999999
0.37795400619506836,259,-0.193359375
0.3791019916534424,260,-0.54140625
0.38022708892822266,261,-0.5671875
0.38135695457458496,262,-1.16015625
0.3824801445007324,263,-1.65
0.3835911750793457,264,-0.103125
0.38477110862731934,265,-0.24492187499999998
0.3861680030822754,266,-0.28359375
0.38765501976013184,267,-0.399609375
0.38922595977783203,268,-0.2578125
0.39081406593322754,269,-0.193359375
0.392254114151001,270,0.0
0.3936910629272461,271,-0.064453125
0.3951129913330078,272,-0.18046874999999998
0.3975090980529785,273,-0.502734375
0.39940595626831055,274,-1.095703125
0.40079808235168457,275,-0.20625
0.4023730754852295,276,-0.29648437499999997
0.40430617332458496,277,-0.270703125
0.4059109687805176,278,-0.12890625
0.40722012519836426,279,-0.02578125
0.40840816497802734,280,-0.012890625
0.40955305099487305,281,-0.0515625
0.4106781482696533,282,-0.20625
0.4117860794067383,283,-0.399609375
0.4129049777984619,284,-0.6187499999999999
0.4140350818634033,285,-0.889453125
0.4152369499206543,286,-1.456640625
0.41663217544555664,287,0.0
0.41807007789611816,288,-0.21914062499999998
0.41951704025268555,289,-0.451171875
0.42103004455566406,290,-0.270703125
0.42246198654174805,291,-0.37382812499999996
0.42386317253112793,292,-0.29648437499999997
0.42534399032592773,293,-0.02578125
0.42719411849975586,294,-0.0515625
0.42955517768859863,295,-0.193359375
0.43111300468444824,296,-0.43828124999999996
0.4324800968170166,297,-1.3921875
0.4341750144958496,298,-0.23203125
0.4360780715942383,299,-0.24492187499999998
0.4375,300,-0.322265625
0.43879199028015137,301,-0.270703125
0.43994808197021484,302,-0.2578125
0.4410741329193115,303,-0.15468749999999998
0.4422130584716797,304,0.012890625
0.44333505630493164,305,-0.0515625
0.44445013999938965,306,-0.270703125
0.4456491470336914,307,-0.554296875
0.4470391273498535,308,-0.580078125
0.44852209091186523,309,-1.198828125
0.4500551223754883,310,-0.7863281249999999
0.45155906677246094,311,-0.2578125
0.45290613174438477,312,-0.29648437499999997
0.454301118850708,313,-0.399609375
0.45626401901245117,314,-0.37382812499999996
0.45843505859375,315,-0.23203125
0.45992398262023926,316,-0.02578125
0.46128201484680176,317,-0.18046874999999998
0.4630589485168457,318,-0.48984374999999997
0.46496009826660156,319,-0.6703125
0.46634507179260254,320,-1.6371093749999999
0.4675321578979492,321,-0.20625
0.46874499320983887,322,-0.4640625
0.4698941707611084,323,-0.23203125
0.47102999687194824,324,-0.21914062499999998
0.4721860885620117,325,-0.33515625
0.47336411476135254,326,-0.38671875
0.4745039939880371,327,-0.193359375
0.4757089614868164,328,-0.012890625
0.4770779609680176,329,-0.103125
0.4785270690917969,330,-0.23203125
0.480039119720459,331,-0.54140625
0.4815950393676758,332,-0.966796875
0.48296117782592773,333,-1.65
0.4842979907989502,334,-0.193359375
0.4862551689147949,335,-0.37382812499999996
0.48847103118896484,336,-0.37382812499999996
0.4899890422821045,337,-0.116015625
0.49147510528564453,338,0.0515625
0.4933750629425049,339,-0.0515625
0.4951291084289551,340,-0.18046874999999998
0.49645209312438965,341,-0.43828124999999996
0.4977281093597412,342,-0.8507812499999999
0.49889612197875977,343,-1.46953125
0.5000190734863281,344,-0.12890625
0.501121997833252,345,-0.2578125
0.5022780895233154,346,-0.476953125
0.5034341812133789,347,-0.322265625
0.5045630931854248,348,-0.21914062499999998
0.5057799816131592,349,-0.33515625
0.5071649551391602,350,-0.36093749999999997
0.5086390972137451,351,-0.012890625
0.5101311206817627,352,-0.038671874999999994
0.511652946472168,353,-0.21914062499999998
0.5130131244659424,354,-0.502734375
0.514376163482666,355,-0.7734375
0.5160660743713379,356,-1.46953125
0.5184211730957031,357,-0.20625
0.5199480056762695,358,-0.322265625
0.5213241577148438,359,-0.2578125
0.5231101512908936,360,-0.23203125
0.5249800682067871,361,-0.103125
0.5263521671295166,362,-0.02578125
0.5275411605834961,363,-0.21914062499999998
0.5287840366363525,364,-0.48984374999999997
0.5299370288848877,365,-0.580078125
0.5310561656951904,366,-1.0828125
0.5321660041809082,367,-1.611328125
0.5332701206207275,368,-0.0515625
0.534372091293335,369,-0.2578125
0.5354771614074707,370,-0.33515625
0.5366630554199219,371,-0.399609375
0.5380611419677734,372,-0.12890625
0.5395050048828125,373,-0.21914062499999998
0.5411040782928467,374,-0.103125
0.5426321029663086,375,-0.012890625
0.543997049331665,376,-0.12890625
0.5453510284423828,377,-0.4640625
0.5472071170806885,378,-0.64453125
0.5495309829711914,379,-1.095703125
0.551016092300415,380,-0.2578125
0.5524470806121826,381,-0.5285156249999999
0.5543320178985596,382,-0.502734375
0.5561649799346924,383,-0.103125
0.5575699806213379,384,0.09023437499999999
0.5588440895080566,385,-0.012890625
0.5599920749664307,386,-0.0515625
0.5611159801483154,387,-0.2578125
0.5622351169586182,388,-0.5671875
0.5633511543273926,389,-0.631640625
0.5644471645355225,390,-1.1214843749999999
0.5655741691589355,391,-1.6371093749999999
0.5667879581451416,392,-0.20625
0.5681390762329102,393,-0.29648437499999997
0.5696041584014893,394,-0.29648437499999997
0.5710029602050781,395,-0.322265625
0.5725469589233398,396,-0.36093749999999997
0.5740010738372803,397,-0.2578125
0.5754621028900146,398,-0.012890625
0.576930046081543,399,-0.064453125
0.5786221027374268,400,-0.21914062499999998
0.5810511112213135,401,-0.515625
0.5827159881591797,402,-1.224609375
0.5840511322021484,403,-0.167578125
0.5855991840362549,404,-0.348046875
0.5874979496002197,405,-0.18046874999999998
0.5892181396484375,406,-0.15468749999999998
0.5905179977416992,407,-0.012890625
0.5916769504547119,408,-0.064453125
0.5927960872650146,409,-0.02578125
0.5939071178436279,410,-0.21914062499999998
0.5950050354003906,411,-0.4125
0.5960931777954102,412,-0.631640625
0.597275972366333,413,-0.8121093749999999
0.5986630916595459,414,-1.4308593749999998
0.6000931262969971,415,-0.064453125
0.6014699935913086,416,-0.23203125
0.6030089855194092,417,-0.4640625
0.6043741703033447,418,-0.30937499999999996
0.6057400703430176,419,-0.36093749999999997
0.6070001125335693,420,-0.4125
0.6086039543151855,421,-0.09023437499999999
0.6101510524749756,422,-0.02578125
0.611670970916748,423,-0.21914062499999998
0.6138570308685303,424,-0.515625
0.6158790588378906,425,-0.9410156249999999
0.6173419952392578,426,-0.167578125
0.6187951564788818,427,-0.28359375
0.6206779479980469,428,-0.36093749999999997
0.622931957244873,429,-0.167578125
0.6243481636047363,430,0.103125
0.6255669593811035,431,-0.02578125
0.6267051696777344,432,-0.0515625
0.6279201507568359,433,-0.2578125
0.6293301582336426,434,-0.580078125
0.6307389736175537,435,-0.631640625
0.6321661472320557,436,-1.405078125
0.6336679458618164,437,-0.116015625
0.6350631713867188,438,-0.2578125
0.6364200115203857,439,-0.167578125
0.6379921436309814,440,-0.399609375
0.6398930549621582,441,-0.322265625
0.6421129703521729,442,-0.23203125
0.6436190605163574,443,-0.02578125
0.6450061798095703,444,-0.193359375
0.6468031406402588,445,-0.502734375
0.6487369537353516,446,-0.8765624999999999
0.6500921249389648,447,-0.928125
0.6512470245361328,448,-0.2578125
0.6523771286010742,449,-0.515625
0.6535060405731201,450,-0.502734375
0.6546189785003662,451,-0.21914062499999998
0.6557400226593018,452,-0.54140625
0.6568410396575928,453,-0.4640625
0.6580400466918945,454,-0.21914062499999998
0.6594829559326172,455,-0.038671874999999994
0.6609389781951904,456,-0.15468749999999998
0.662459135055542,457,-0.451171875
0.6639909744262695,458,-0.5285156249999999
0.6654431819915771,459,-1.2503906249999999
0.6668910980224609,460,-0.103125
0.6683909893035889,461,-0.270703125
0.6706411838531494,462,-0.2578125
0.6725850105285645,463,-0.23203125
0.6741220951080322,464,-0.09023437499999999
0.6754791736602783,465,0.0
0.6770341396331787,466,-0.103125
0.6789150238037109,467,-0.2578125
0.6806001663208008,468,-0.502734375
0.681908130645752,469,-1.21171875
0.6830799579620361,470,-1.00546875
0.6842060089111328,471,-0.167578125
0.6853330135345459,472,-0.38671875
0.6864590644836426,473,-0.42539062499999997
0.6876339912414551,474,-0.23203125
0.6888611316680908,475,-0.399609375
0.690277099609375,476,-0.37382812499999996
0.6917321681976318,477,-0.12890625
0.6932461261749268,478,-0.0515625
0.6947841644287109,479,-0.29648437499999997
0.6962039470672607,480,-0.54140625
0.6976950168609619,481,-0.69609375
0.6991040706634521,482,-1.4308593749999998
0.7011611461639404,483,-0.103125
0.7032430171966553,484,-0.29648437499999997
0.7047359943389893,485,-0.2578125
0.7061941623687744,486,-0.21914062499999998
0.7081739902496338,487,-0.167578125
0.7099201679229736,488,-0.012890625
0.711230993270874,489,-0.167578125
0.7124171257019043,490,-0.5285156249999999
0.7135741710662842,491,-0.515625
0.7147030830383301,492,-1.16015625
0.7158160209655762,493,-1.65
0.7169229984283447,494,-0.103125
0.7180581092834473,495,-0.2578125
0.7192771434783936,496,-0.37382812499999996
0.7206921577453613,497,-0.476953125
0.7221200466156006,498,-0.103125
0.7236411571502686,499,-0.20625
0.7251160144805908,500,0.0
0.7265090942382812,501,-0.0515625
0.727985143661499,502,-0.193359375
0.7294199466705322,503,-0.476953125
0.7316529750823975,504,-0.631640625
0.7335710525512695,505,-1.533984375
0.7349891662597656,506,-0.23203125
0.7365100383758545,507,-0.33515625
0.7385129928588867,508,-0.4125
0.740199089050293,509,-0.103125
0.7414951324462891,510,0.09023437499999999
0.7426841259002686,511,-0.02578125
0.7438249588012695,512,-0.15468749999999998
0.7449681758880615,513,-0.33515625
0.7460851669311523,514,-0.631640625
0.7471930980682373,515,-0.825
0.7483270168304443,516,-1.3921875
0.7495200634002686,517,-1.2890625
0.7509090900421143,518,-0.09023437499999999
0.7523510456085205,519,-0.348046875
0.7537851333618164,520,-0.2578125
0.7553360462188721,521,-0.193359375
0.7567520141601562,522,-0.322265625
0.7581970691680908,523,-0.18046874999999998
0.7596559524536133,524,-0.012890625
0.7617411613464355,525,-0.193359375
0.7638349533081055,526,-0.42539062499999997
0.7653701305389404,527,-1.069921875
0.7667210102081299,528,-0.8765624999999999
0.7685620784759521,529,-0.24492187499999998
0.77040696144104,530,-0.2578125
0.7717821598052979,531,-0.20625
0.7729649543762207,532,-0.33515625
0.7741260528564453,533,-0.322265625
0.7752611637115479,534,-0.012890625
0.7763769626617432,535,-0.116015625
0.7775030136108398,536,-0.28359375
0.7787020206451416,537,-0.5285156249999999
0.7799191474914551,538,-0.6703125
0.7813000679016113,539,-1.147265625
0.7827131748199463,540,-1.65
0.7841160297393799,541,-0.103125
0.7856431007385254,542,-0.2578125
0.787053108215332,543,-0.30937499999999996
0.7885141372680664,544,-0.193359375
0.7900021076202393,545,-0.322265625
0.7921180725097656,546,-0.116015625
0.794180154800415,547,-0.0515625
0.7956531047821045,548,-0.270703125
0.7971081733703613,549,-0.4125
0.7989711761474609,550,-1.0570312499999999
0.8007960319519043,551,-0.15468749999999998
0.8023231029510498,552,-0.21914062499999998
0.8038640022277832,553,-0.28359375
0.8052420616149902,554,-0.02578125
0.8064560890197754,555,-0.270703125
0.8076961040496826,556,-0.23203125
0.8088641166687012,557,-0.02578125
0.8100759983062744,558,-0.07734374999999999
0.8114690780639648,559,-0.21914062499999998
0.8128800392150879,560,-0.554296875
0.8143930435180664,561,-0.734765625
0.8158450126647949,562,-1.46953125
0.8171720504760742,563,0.0
0.8185679912567139,564,-0.2578125
0.8204751014709473,565,-0.2578125
0.8226001262664795,566,-0.28359375
0.8240621089935303,567,-0.103125
0.8257050514221191,568,-0.012890625
0.8277010917663574,569,-0.0515625
0.8291051387786865,570,-0.28359375
0.8302910327911377,571,-0.399609375
0.8314340114593506,572,-1.0828125
0.8325390815734863,573,-1.65
0.8336429595947266,574,0.0
0.8347289562225342,575,-0.36093749999999997
0.8358299732208252,576,-0.4640625
0.8369200229644775,577,-0.38671875
0.8380441665649414,578,-0.20625
0.839177131652832,579,-0.5671875
0.8403580188751221,580,-0.4640625
0.8417210578918457,581,-0.116015625
0.8431360721588135,582,-0.0515625
0.8445510864257812,583,-0.20625
0.8460710048675537,584,-0.4640625
0.8474841117858887,585,-0.6703125
0.8490180969238281,586,-1.405078125
0.85042405128479,587,-0.20625
0.8522541522979736,588,-0.37382812499999996
0.8545000553131104,589,-0.29648437499999997
0.8560431003570557,590,-0.515625
0.8574340343475342,591,-0.21914062499999998
0.8593311309814453,592,-0.012890625
0.8611371517181396,593,-0.12890625
0.8624951839447021,594,-0.4125
0.8637261390686035,595,-0.4640625
0.8649141788482666,596,-1.16015625
0.8660659790039062,597,-1.65
0.8671791553497314,598,-0.116015625
0.8683130741119385,599,-0.193359375
0.8694281578063965,600,-0.348046875
0.8706200122833252,601,-0.4125
0.8719961643218994,602,-0.141796875
0.8734281063079834,603,-0.23203125
0.8749401569366455,604,-0.0515625
0.8764691352844238,605,-0.02578125
0.8779621124267578,606,-0.20625
0.8794000148773193,607,-0.48984374999999997
0.8808021545410156,608,-0.605859375
0.8828380107879639,609,-1.3792968749999999
0.8849451541900635,610,-0.20625
0.8864431381225586,611,-0.322265625
0.8879599571228027,612,-0.322265625
0.8898301124572754,613,-0.37382812499999996
0.891625165939331,614,-0.167578125
0.8929619789123535,615,-0.0515625
0.8941481113433838,616,-0.167578125
0.8952960968017578,617,-0.515625
0.8964200019836426,618,-0.6703125
0.8975429534912109,619,-1.03125
0.898730993270874,620,-1.5597656249999998
0.8998579978942871,621,-0.07734374999999999
0.9010469913482666,622,-0.270703125
0.90242600440979,623,-0.30937499999999996
0.9038770198822021,624,-0.33515625
0.9054310321807861,625,-0.15468749999999998
0.906944990158081,626,-0.29648437499999997
0.908437967300415,627,0.0
0.9098861217498779,628,-0.0515625
0.9112701416015625,629,-0.21914062499999998
0.913546085357666,630,-0.4640625
0.91544508934021,631,-0.79921875
0.9168660640716553,632,-0.476953125
0.9184980392456055,633,-0.4125
0.9204320907592773,634,-0.30937499999999996
0.9220430850982666,635,-0.20625
0.9232959747314453,636,-0.4125
0.9244589805603027,637,-0.20625
0.9256269931793213,638,0.0
0.9267539978027344,639,-0.09023437499999999
0.927901029586792,640,-0.29648437499999997
0.9290339946746826,641,-0.54140625
0.9301531314849854,642,-0.6187499999999999
0.9313461780548096,643,-1.16015625
0.932732105255127,644,-1.65
0.934136152267456,645,-0.12890625
0.9356210231781006,646,-0.2578125
0.9371650218963623,647,-0.30937499999999996
0.9386370182037354,648,-0.193359375
0.9400269985198975,649,-0.29648437499999997
0.9423770904541016,650,-0.103125
0.9447519779205322,651,-0.02578125
0.9463291168212891,652,-0.36093749999999997
0.9477550983428955,653,-0.6187499999999999
0.9495320320129395,654,-1.405078125
0.9513680934906006,655,-0.28359375
0.9527640342712402,656,-0.36093749999999997
0.9539680480957031,657,-0.33515625
0.9551181793212891,658,-0.103125
0.956233024597168,659,-0.4125
0.9573590755462646,660,-0.30937499999999996
0.9584970474243164,661,-0.012890625
0.9596259593963623,662,-0.038671874999999994
0.9607510566711426,663,-0.20625
0.9619419574737549,664,-0.515625
0.9634051322937012,665,-0.6703125
0.964907169342041,666,-1.0828125
0.9663050174713135,667,-1.65
0.9677450656890869,668,-0.167578125
0.9691550731658936,669,-0.36093749999999997
0.9706261157989502,670,-0.42539062499999997
0.9720571041107178,671,-0.12890625
0.9742269515991211,672,-0.322265625
0.9763450622558594,673,0.0
0.9778780937194824,674,-0.103125
0.9793570041656494,675,-0.4125
0.9812860488891602,676,-0.502734375
0.9830210208892822,677,-1.405078125
0.9843499660491943,678,-0.193359375
0.9855690002441406,679,-0.322265625
0.9867141246795654,680,-0.33515625
0.9878599643707275,681,-0.33515625
0.9889850616455078,682,-0.30937499999999996
0.9901151657104492,683,-0.33515625
0.9912240505218506,684,-0.18046874999999998
0.9924349784851074,685,-0.012890625
0.9938421249389648,686,-0.09023437499999999
0.9952800273895264,687,-0.2578125
0.9968230724334717,688,-0.554296875
0.9985160827636719,689,-1.018359375
0.9999420642852783,690,-1.65
1.0013501644134521,691,-0.270703125
1.0028190612792969,692,-0.554296875
1.0052611827850342,693,-0.36093749999999997
1.0069971084594727,694,-0.20625
1.0084660053253174,695,0.09023437499999999
1.0100910663604736,696,-0.038671874999999994
1.0120270252227783,697,-0.20625
1.0135509967803955,698,-0.43828124999999996
1.0148060321807861,699,-1.018359375
1.0159690380096436,700,-1.6371093749999999
1.0171129703521729,701,-0.30937499999999996
1.0182700157165527,702,-0.2578125
1.01938796043396,703,-0.348046875
1.0204980373382568,704,-0.30937499999999996
1.0216259956359863,705,-0.15468749999999998
1.022839069366455,706,-0.36093749999999997
1.0242390632629395,707,-0.30937499999999996
1.0256831645965576,708,-0.012890625
1.0271821022033691,709,-0.0515625
1.0286979675292969,710,-0.270703125
1.0301029682159424,711,-0.54140625
1.031507968902588,712,-1.03125
1.0329890251159668,713,-1.65
1.0350141525268555,714,-0.103125
1.0370850563049316,715,-0.4125
1.0385801792144775,716,-0.29648437499999997
1.0400111675262451,717,-0.322265625
1.041841983795166,718,-0.193359375
1.043661117553711,719,-0.012890625
1.044996976852417,720,-0.12890625
1.04618501663208,721,-0.33515625
1.0473401546478271,722,-0.515625
1.0485100746154785,723,-1.224609375
1.0496411323547363,724,-1.65
1.050739049911499,725,-0.21914062499999998
1.05184006690979,726,-0.322265625
1.053015947341919,727,-0.24492187499999998
1.0543670654296875,728,-0.322265625
1.05582594871521,729,-0.37382812499999996
1.0572471618652344,730,-0.270703125
1.0588290691375732,731,-0.012890625
1.0602760314941406,732,-0.116015625
1.0616090297698975,733,-0.193359375
1.0630371570587158,734,-0.515625
1.06520414352417,735,-0.734765625
1.0671601295471191,736,-1.6371093749999999
1.068655014038086,737,-0.270703125
1.0700819492340088,738,-0.270703125
1.0716991424560547,739,-0.21914062499999998
1.0735881328582764,740,-0.4640625
1.075343132019043,741,-0.0515625
1.0766489505767822,742,-0.0515625
1.0778591632843018,743,-0.167578125
1.0790190696716309,744,-0.476953125
1.0801420211791992,745,-0.515625
1.0812671184539795,746,-1.10859375
1.082381010055542,747,-1.65
1.083564043045044,748,-0.193359375
1.0849370956420898,749,-0.270703125
1.0863850116729736,750,-0.29648437499999997
1.0878989696502686,751,-0.30937499999999996
1.0895020961761475,752,-0.36093749999999997
1.0909709930419922,753,-0.15468749999999998
1.0923891067504883,754,0.0
1.0941541194915771,755,-0.103125
1.0965461730957031,756,-0.28359375
1.0980861186981201,757,-0.6832031249999999
1.0997509956359863,758,-1.52109375
1.1017670631408691,759,-0.193359375
1.1031901836395264,760,-0.476953125
1.1043720245361328,761,-0.2578125
1.1055190563201904,762,-0.30937499999999996
1.1066391468048096,763,-0.36093749999999997
1.1077830791473389,764,-0.23203125
1.108901023864746,765,-0.012890625
1.110016107559204,766,-0.103125
1.1111211776733398,767,-0.270703125
1.1122181415557861,768,-0.5671875
1.1133151054382324,769,-0.6187499999999999
1.1145169734954834,770,-1.1214843749999999
1.1159260272979736,771,-1.6371093749999999
1.1173620223999023,772,-0.103125
1.1190550327301025,773,-0.2578125
1.1205530166625977,774,-0.33515625
1.122002124786377,775,-0.167578125
1.1234140396118164,776,-0.24492187499999998
1.125694990158081,777,-0.07734374999999999
1.1277720928192139,778,-0.02578125
1.1292190551757812,779,-0.322265625
1.1311190128326416,780,-0.37382812499999996
1.1329619884490967,781,-1.276171875
1.1342310905456543,782,-0.193359375
1.1353871822357178,783,-0.33515625
1.1365151405334473,784,-0.30937499999999996
1.137714147567749,785,-0.42539062499999997
1.1388611793518066,786,-0.38671875
1.1399731636047363,787,-0.37382812499999996
1.1410901546478271,788,-0.23203125
1.1421921253204346,789,-0.012890625
1.1433000564575195,790,-0.0515625
1.1444940567016602,791,-0.21914062499999998
1.1459009647369385,792,-0.631640625
1.1473209857940674,793,-0.580078125
1.149294137954712,794,-1.327734375
1.151097059249878,795,-0.116015625
1.1527631282806396,796,-0.33515625
1.1544630527496338,797,-0.37382812499999996
1.1565780639648438,798,-0.37382812499999996
1.1593620777130127,799,-0.167578125
1.1612391471862793,800,-0.07734374999999999
1.1629230976104736,801,-0.322265625
1.1651380062103271,802,-0.5671875
1.16731595993042,803,-1.5726562499999999
1.1690280437469482,804,-0.2578125
1.1705069541931152,805,-0.30937499999999996
1.171942949295044,806,-0.20625
1.1733150482177734,807,-0.33515625
1.1747779846191406,808,-0.12890625
1.1764261722564697,809,-0.02578125
1.1781420707702637,810,-0.193359375
1.1798491477966309,811,-0.48984374999999997
1.1816411018371582,812,-0.7476562499999999
1.183218002319336,813,-1.611328125
1.1847560405731201,814,-0.15468749999999998
1.1863830089569092,815,-0.476953125
1.1892821788787842,816,-0.322265625
1.1914591789245605,817,-0.116015625
1.1931259632110596,818,-0.038671874999999994
1.1948721408843994,819,-0.2578125
1.1970629692077637,820,-0.476953125
1.1992771625518799,821,-0.90234375
1.20090913772583,822,-0.12890625
1.2023279666900635,823,-0.29648437499999997
1.2037320137023926,824,-0.33515625
1.2052171230316162,825,-0.193359375
1.2069101333618164,826,-0.4640625
1.2086570262908936,827,-0.116015625
1.2104780673980713,828,-0.0515625
1.2122390270233154,829,-0.21914062499999998
1.2138481140136719,830,-0.43828124999999996
1.2154309749603271,831,-1.1214843749999999
1.2173290252685547,832,-0.9796874999999999
1.2201740741729736,833,-0.20625
1.222048044204712,834,-0.24492187499999998
1.223680019378662,835,-0.322265625
1.2254929542541504,836,0.02578125
1.2277350425720215,837,-0.0515625
1.229820966720581,838,-0.30937499999999996
1.2314059734344482,839,-0.631640625
1.2328250408172607,840,-1.533984375
1.2341880798339844,841,-0.141796875
1.235666036605835,842,-0.4125
1.2373220920562744,843,-0.322265625
1.2391681671142578,844,-0.167578125
1.2410860061645508,845,-0.103125
1.2428920269012451,846,-0.02578125
1.244476079940796,847,-0.12890625
1.246088981628418,848,-0.399609375
1.2482271194458008,849,-0.515625
1.2508361339569092,850,-1.353515625
1.2523930072784424,851,-0.270703125
1.253791093826294,852,-0.30937499999999996
1.255645990371704,853,-0.193359375
1.257573127746582,854,-0.2578125
1.2589709758758545,855,0.0
1.2601351737976074,856,-0.07734374999999999
1.2612910270690918,857,-0.23203125
1.2624120712280273,858,-0.4640625
1.263517141342163,859,-0.4640625
1.2646150588989258,860,-1.0570312499999999
1.2658369541168213,861,-1.5597656249999998
1.2672381401062012,862,-0.2578125
1.268676996231079,863,-0.42539062499999997
1.2702500820159912,864,-0.2578125
1.2717571258544922,865,-0.2578125
