time,count,voltage
0.004302024841308594,1,-0.103125
0.0056760311126708984,2,0.0
0.006829977035522461,3,-0.012890625
0.007951021194458008,4,-0.012890625
0.009054899215698242,5,-0.2578125
0.010155916213989258,6,-0.43828124999999996
0.011534929275512695,7,-0.8765624999999999
0.013037919998168945,8,-1.533984375
0.01462697982788086,9,0.0
0.016047954559326172,10,-0.116015625
0.01744389533996582,11,-0.24492187499999998
0.01867985725402832,12,-0.15468749999999998
0.019832849502563477,13,-0.37382812499999996
0.02096700668334961,14,-0.270703125
0.02210402488708496,15,-0.012890625
0.023228883743286133,16,0.0
0.024470806121826172,17,-0.02578125
0.025627851486206055,18,-0.20625
0.026872873306274414,19,-0.37382812499999996
0.02829885482788086,20,-0.8507812499999999
0.029773950576782227,21,-1.546875
0.03130388259887695,22,0.0
0.03282499313354492,23,-0.0515625
0.03425288200378418,24,-0.2578125
0.035809993743896484,25,-0.116015625
0.03728485107421875,26,-0.193359375
0.03910684585571289,27,0.07734374999999999
0.041635990142822266,28,-0.012890625
0.043547868728637695,29,-0.167578125
0.0449678897857666,30,-0.5671875
0.04665994644165039,31,-1.4437499999999999
0.048616886138916016,32,0.0
0.05003094673156738,33,-0.15468749999999998
0.051225900650024414,34,-0.29648437499999997
0.0523679256439209,35,-0.270703125
0.05350184440612793,36,-0.322265625
0.054643869400024414,37,-0.167578125
0.05575394630432129,38,0.0
0.05684995651245117,39,0.0
0.057945966720581055,40,-0.02578125
0.05904889106750488,41,-0.30937499999999996
0.06015181541442871,42,-0.42539062499999997
0.06124997138977051,43,-0.8765624999999999
0.062352895736694336,44,-1.4953124999999998
0.06344795227050781,45,0.0
0.06454300880432129,46,0.0
0.06563591957092285,47,-0.09023437499999999
0.06673192977905273,48,-0.167578125
0.0678260326385498,49,-0.23203125
0.06892800331115723,50,-0.167578125
0.07002592086791992,51,-0.29648437499999997
0.0711209774017334,52,-0.18046874999999998
0.07221388816833496,53,0.012890625
0.07329583168029785,54,0.0
0.07436990737915039,55,-0.038671874999999994
0.07563400268554688,56,-0.21914062499999998
0.07685399055480957,57,-0.43828124999999996
0.07825183868408203,58,-0.8765624999999999
0.07968902587890625,59,-1.5597656249999998
0.08119583129882812,60,0.0
0.08270382881164551,61,-0.02578125
0.08414697647094727,62,-0.2578125
0.08567380905151367,63,-0.167578125
0.0881798267364502,64,-0.28359375
0.08985686302185059,65,0.012890625
0.09128594398498535,66,-0.02578125
0.0932459831237793,67,-0.20625
0.09499883651733398,68,-0.399609375
0.09636783599853516,69,-1.4437499999999999
0.09755897521972656,70,0.0
0.09868788719177246,71,-0.09023437499999999
0.09980297088623047,72,-0.012890625
0.10094499588012695,73,-0.2578125
0.10206484794616699,74,-0.21914062499999998
0.10317802429199219,75,-0.33515625
0.1042778491973877,76,-0.270703125
0.10547089576721191,77,0.0
0.10663700103759766,78,0.0
0.10800886154174805,79,-0.02578125
0.10946488380432129,80,-0.23203125
0.11093688011169434,81,-0.37382812499999996
0.1125040054321289,82,-1.10859375
0.11394286155700684,83,0.0
0.11539196968078613,84,0.012890625
0.11750602722167969,85,-0.116015625
0.11958003044128418,86,-0.141796875
0.12103390693664551,87,0.0
0.1227729320526123,88,-0.012890625
0.12467789649963379,89,0.0
0.12602496147155762,90,-0.20625
0.12722992897033691,91,-0.29648437499999997
0.12837982177734375,92,-0.992578125
0.12950396537780762,93,-1.6371093749999999
0.1306159496307373,94,0.0
0.13173699378967285,95,0.0
0.13289093971252441,96,-0.0515625
0.1340019702911377,97,-0.30937499999999996
0.13516497611999512,98,-0.12890625
0.13634300231933594,99,-0.37382812499999996
0.1424708366394043,100,-0.2578125
0.14413785934448242,101,-0.20625
0.1457509994506836,102,-0.9796874999999999
0.1474018096923828,103,0.0
0.15030193328857422,104,0.0
0.15187287330627441,105,-0.2578125
0.15395593643188477,106,-0.193359375
0.15614986419677734,107,0.038671874999999994
0.15761089324951172,108,0.0
0.15894198417663574,109,-0.103125
0.1602020263671875,110,-0.399609375
0.16143584251403809,111,-0.7863281249999999
0.16267180442810059,112,-1.5082031249999999
0.16394400596618652,113,0.0
0.16522002220153809,114,-0.012890625
0.16647696495056152,115,-0.02578125
0.1723778247833252,116,-0.30937499999999996
0.1745758056640625,117,-0.20625
0.17660093307495117,118,-0.0515625
0.17903590202331543,119,-0.322265625
0.18143486976623535,120,-1.340625
0.18339896202087402,121,-0.064453125
0.1858048439025879,122,-0.2578125
0.18752288818359375,123,-0.0515625
0.18891382217407227,124,0.2578125
0.19023489952087402,125,-0.012890625
0.19149994850158691,126,-0.012890625
0.19273900985717773,127,-0.2578125
0.19396090507507324,128,-0.36093749999999997
0.19524502754211426,129,-1.018359375
0.19652891159057617,130,-1.65
0.20230698585510254,131,0.0
0.20497894287109375,132,-0.0515625
0.20737600326538086,133,0.0
0.21012401580810547,134,-0.0515625
0.21219396591186523,135,-0.23203125
0.21422195434570312,136,-1.46953125
0.21650481224060059,137,-0.012890625
0.21799588203430176,138,-0.28359375
0.21929287910461426,139,-0.20625
0.22056889533996582,140,-0.15468749999999998
0.2220308780670166,141,0.038671874999999994
0.22329282760620117,142,0.012890625
0.22469401359558105,143,-0.02578125
0.2261810302734375,144,-0.24492187499999998
0.2274630069732666,145,-0.322265625
0.23376083374023438,146,-1.0828125
0.23594880104064941,147,-1.65
0.23795199394226074,148,-0.837890625
0.2396869659423828,149,0.0
0.24259495735168457,150,-0.012890625
0.24475693702697754,151,-0.2578125
0.2467479705810547,152,-1.147265625
0.2490098476409912,153,0.0
0.250499963760376,154,-0.0515625
0.2518749237060547,155,-0.20625
0.253173828125,156,-0.399609375
0.25453782081604004,157,-0.23203125
0.2558169364929199,158,0.012890625
0.2570669651031494,159,0.0
0.2582979202270508,160,-0.012890625
0.26160597801208496,161,-0.322265625
0.26331090927124023,162,-0.38671875
0.2648189067840576,163,0.0
0.2662467956542969,164,-0.193359375
0.272216796875,165,-0.29648437499999997
0.27433085441589355,166,0.012890625
0.2764108180999756,167,-0.09023437499999999
0.2787809371948242,168,-0.30937499999999996
0.2803318500518799,169,-1.456640625
0.2816579341888428,170,0.0
0.2829158306121826,171,-0.15468749999999998
0.28418803215026855,172,-0.270703125
0.28550195693969727,173,-0.167578125
0.28679680824279785,174,-0.322265625
0.28804588317871094,175,-0.12890625
0.28926897048950195,176,-0.012890625
0.29527783393859863,177,-0.02578125
0.2974720001220703,178,-0.02578125
0.2993779182434082,179,0.012890625
0.30219388008117676,180,-0.141796875
0.3046889305114746,181,-0.103125
0.3066599369049072,182,0.0
0.30895280838012695,183,-0.012890625
0.31055593490600586,184,-0.29648437499999997
0.3119008541107178,185,-0.9152343749999999
0.31317782402038574,186,-1.65
0.3145170211791992,187,0.0
0.3158149719238281,188,-0.103125
0.31708693504333496,189,-0.193359375
0.31841182708740234,190,-0.193359375
0.3196439743041992,191,-0.2578125
0.3260958194732666,192,-0.193359375
0.32829880714416504,193,-0.012890625
0.33052492141723633,194,-1.0828125
0.33336496353149414,195,0.0
0.33551597595214844,196,-0.15468749999999998
0.33767080307006836,197,-0.12890625
0.3400249481201172,198,0.18046874999999998
0.34155988693237305,199,-0.02578125
0.3429529666900635,200,-0.270703125
0.34427380561828613,201,-0.399609375
0.3456439971923828,202,-1.173046875
0.3468968868255615,203,0.0
0.34815096855163574,204,-0.0515625
0.34941983222961426,205,-0.116015625
0.3506598472595215,206,-0.270703125
0.3567829132080078,207,-0.23203125
0.35900187492370605,208,-0.451171875
0.3609960079193115,209,-0.270703125
0.3634459972381592,210,-0.928125
0.36597299575805664,211,0.0
0.36778783798217773,212,-0.15468749999999998
0.3700978755950928,213,-0.167578125
0.3717799186706543,214,0.064453125
0.3731818199157715,215,0.0
0.3745698928833008,216,-0.0515625
0.37590694427490234,217,-0.24492187499999998
0.3771858215332031,218,-0.37382812499999996
0.37843799591064453,219,-0.992578125
0.3796958923339844,220,-1.65
0.38099193572998047,221,0.0
0.38690900802612305,222,-0.064453125
0.3900279998779297,223,-0.141796875
0.39225292205810547,224,-0.012890625
0.3950808048248291,225,-0.322265625
0.39693284034729004,226,-1.2503906249999999
0.3994779586791992,227,0.0
0.40125083923339844,228,-0.20625
0.4026148319244385,229,-0.103125
0.4041249752044678,230,-0.103125
0.4054689407348633,231,0.0
0.4067368507385254,232,-0.012890625
0.40801191329956055,233,-0.038671874999999994
0.40927886962890625,234,-0.322265625
0.4105110168457031,235,-0.4125
0.41175389289855957,236,-1.03125
0.4251518249511719,237,-1.65
0.42719101905822754,238,0.012890625
0.42918896675109863,239,-0.6703125
0.431506872177124,240,-1.65
0.4331059455871582,241,-0.103125
0.43451786041259766,242,-0.23203125
0.4358339309692383,243,-0.20625
0.43710994720458984,244,-0.193359375
0.43836402893066406,245,0.012890625
0.43958592414855957,246,0.0
0.44080495834350586,247,-0.012890625
0.44202589988708496,248,-0.103125
0.4549679756164551,249,-0.37382812499999996
0.4567840099334717,250,-0.6832031249999999
0.4581758975982666,251,-0.012890625
0.4599268436431885,252,-0.28359375
0.46189093589782715,253,-0.476953125
0.46329593658447266,254,-1.5984375
0.46457791328430176,255,0.012890625
0.46573400497436523,256,-0.18046874999999998
0.4668569564819336,257,-0.270703125
0.46796488761901855,258,-0.15468749999999998
0.46909499168395996,259,-0.36093749999999997
0.47020697593688965,260,-0.36093749999999997
0.4713129997253418,261,-0.167578125
0.47241902351379395,262,0.012890625
0.4735109806060791,263,-0.012890625
0.47472381591796875,264,-0.064453125
0.47615480422973633,265,-0.322265625
0.4776268005371094,266,-0.36093749999999997
0.4791839122772217,267,-1.224609375
0.4806809425354004,268,0.0
0.48207592964172363,269,0.012890625
0.48346781730651855,270,-0.116015625
0.4851047992706299,271,-0.20625
0.48764681816101074,272,-0.30937499999999996
0.48925089836120605,273,0.0
0.4906468391418457,274,-0.012890625
0.49251890182495117,275,-0.09023437499999999
0.4943528175354004,276,-0.37382812499999996
0.4957699775695801,277,-1.198828125
0.4969489574432373,278,-0.02578125
0.4980738162994385,279,0.0
0.4991798400878906,280,-0.0515625
0.5002880096435547,281,-0.23203125
0.501446008682251,282,-0.23203125
0.5025889873504639,283,-0.29648437499999997
0.5037109851837158,284,-0.29648437499999997
0.5049529075622559,285,-0.02578125
0.506328821182251,286,0.0
0.5077519416809082,287,0.0
0.5092549324035645,288,-0.20625
0.5108168125152588,289,-0.4125
0.5122148990631104,290,-1.147265625
0.5135989189147949,291,0.0
0.5149309635162354,292,0.0
0.5173108577728271,293,-0.12890625
0.5192430019378662,294,-0.193359375
0.5207529067993164,295,-0.167578125
0.5224518775939941,296,0.012890625
0.5244309902191162,297,-0.012890625
0.5258479118347168,298,-0.09023437499999999
0.5270578861236572,299,-0.322265625
0.528195858001709,300,-0.992578125
0.5293078422546387,301,-1.5984375
0.5304160118103027,302,0.0
0.5315098762512207,303,0.0
0.5326089859008789,304,-0.116015625
0.5337109565734863,305,-0.29648437499999997
0.5349588394165039,306,-0.15468749999999998
0.5363869667053223,307,-0.270703125
0.537883996963501,308,-0.167578125
0.5393660068511963,309,0.0
0.5409219264984131,310,-0.012890625
0.542356014251709,311,-0.15468749999999998
0.5438129901885986,312,-0.322265625
0.54520583152771,313,-0.9796874999999999
0.5476830005645752,314,-1.65
0.5521249771118164,315,0.0
0.5541629791259766,316,-0.09023437499999999
0.5560038089752197,317,0.0
0.5572319030761719,318,-0.012890625
0.5583798885345459,319,-0.09023437499999999
0.5595028400421143,320,-0.38671875
0.560600996017456,321,-0.502734375
0.5616929531097412,322,-1.198828125
0.5627849102020264,323,-1.65
0.5638740062713623,324,0.0
0.5651118755340576,325,-0.0515625
0.5664989948272705,326,-0.038671874999999994
0.5679500102996826,327,-0.28359375
0.5694849491119385,328,-0.37382812499999996
0.5710508823394775,329,-0.20625
0.5723559856414795,330,-0.012890625
0.5736780166625977,331,-0.012890625
0.5755288600921631,332,-0.02578125
0.5778980255126953,333,-0.37382812499999996
0.5794539451599121,334,-1.2503906249999999
0.5809319019317627,335,0.0
0.5828649997711182,336,-0.0515625
0.584648847579956,337,-0.20625
0.585953950881958,338,-0.29648437499999997
0.587122917175293,339,-0.167578125
0.5882840156555176,340,0.0
0.5893998146057129,341,0.012890625
0.5905208587646484,342,-0.012890625
0.5916290283203125,343,-0.064453125
0.5927319526672363,344,-0.399609375
0.5938279628753662,345,-0.502734375
0.5950849056243896,346,-1.134375
0.5964930057525635,347,-1.65
0.5979518890380859,348,0.0
0.5994298458099365,349,-0.20625
0.6010079383850098,350,-0.24492187499999998
0.6023948192596436,351,-0.167578125
0.6037390232086182,352,-0.193359375
0.60565185546875,353,0.064453125
0.6078808307647705,354,0.0
0.6092929840087891,355,-0.167578125
0.6110408306121826,356,-0.322265625
0.6129739284515381,357,-1.134375
0.6143050193786621,358,0.012890625
0.615548849105835,359,-0.193359375
0.6166889667510986,360,-0.103125
0.617805004119873,361,-0.21914062499999998
0.6189188957214355,362,-0.348046875
0.6200249195098877,363,-0.37382812499999996
0.6211349964141846,364,-0.20625
0.6222398281097412,365,0.012890625
0.6233289241790771,366,-0.012890625
0.6244659423828125,367,-0.012890625
0.625648021697998,368,-0.270703125
0.6270549297332764,369,-0.38671875
0.6285178661346436,370,-0.9796874999999999
0.6300458908081055,371,-1.65
0.6315579414367676,372,0.0
0.6329188346862793,373,-0.116015625
0.6343069076538086,374,-0.270703125
0.6357288360595703,375,-0.09023437499999999
0.6381118297576904,376,-0.12890625
0.6400368213653564,377,0.012890625
0.6414840221405029,378,-0.0515625
0.6431360244750977,379,-0.322265625
0.6451330184936523,380,-0.42539062499999997
0.6465888023376465,381,-1.546875
0.6477899551391602,382,0.0
0.648939847946167,383,-0.103125
0.6500639915466309,384,-0.322265625
0.6511738300323486,385,-0.21914062499999998
0.6522848606109619,386,-0.38671875
0.6533868312835693,387,-0.399609375
0.6545639038085938,388,-0.20625
0.6557509899139404,389,0.012890625
0.6571478843688965,390,0.0
0.6585819721221924,391,-0.0515625
0.6601529121398926,392,-0.37382812499999996
0.6617460250854492,393,-0.7218749999999999
0.6631958484649658,394,-1.65
0.6647160053253174,395,-0.012890625
0.6664888858795166,396,-0.116015625
0.6689069271087646,397,-0.29648437499999997
0.6706109046936035,398,0.038671874999999994
0.672083854675293,399,0.0
0.6739678382873535,400,0.0
0.6756718158721924,401,-0.02578125
0.6769819259643555,402,-0.322265625
0.67818284034729,403,-0.928125
0.6793208122253418,404,-1.611328125
0.6804368495941162,405,0.012890625
0.6815378665924072,406,0.0
0.6826329231262207,407,-0.103125
0.6837329864501953,408,-0.270703125
0.6849198341369629,409,-0.23203125
0.6861310005187988,410,-0.36093749999999997
0.6875569820404053,411,-0.28359375
0.6889908313751221,412,0.0
0.6905050277709961,413,0.0
0.6920008659362793,414,-0.0515625
0.6934278011322021,415,-0.30937499999999996
0.6948878765106201,416,-0.7476562499999999
0.696220874786377,417,-1.5082031249999999
0.6984429359436035,418,0.0
0.7004148960113525,419,-0.193359375
0.7018778324127197,420,-0.20625
0.7034988403320312,421,-0.36093749999999997
0.7055468559265137,422,-0.0515625
0.706981897354126,423,0.0
0.7082018852233887,424,-0.02578125
0.7093648910522461,425,-0.21914062499999998
0.7105038166046143,426,-0.2578125
0.7116248607635498,427,-1.03125
0.7127377986907959,428,-1.6371093749999999
0.7138388156890869,429,0.0
0.7150149345397949,430,-0.0515625
0.7161970138549805,431,-0.116015625
0.7175908088684082,432,-0.21914062499999998
0.7191288471221924,433,-0.064453125
0.720649003982544,434,-0.116015625
0.7221808433532715,435,0.012890625
0.7235908508300781,436,0.0
0.7256720066070557,437,-0.02578125
0.7285349369049072,438,-0.33515625
0.7306168079376221,439,-1.0828125
0.7328979969024658,440,-0.0515625
0.7352359294891357,441,-0.103125
0.7369608879089355,442,-0.20625
0.7384350299835205,443,0.116015625
0.7396910190582275,444,0.012890625
0.7409830093383789,445,-0.02578125
0.7422709465026855,446,-0.21914062499999998
0.743520975112915,447,-0.4125
0.7448058128356934,448,-0.9152343749999999
