time,count,voltage
0.005278110504150391,1,-0.20625
0.006844997406005859,2,-0.09023437499999999
0.008301973342895508,3,-0.193359375
0.009839057922363281,4,-0.012890625
0.011255979537963867,5,-0.0515625
0.012902021408081055,6,-0.30937499999999996
0.01470804214477539,7,-0.476953125
0.016389131546020508,8,-0.8765624999999999
0.018169164657592773,9,-1.65
0.019895076751708984,10,-0.270703125
0.021630048751831055,11,-0.348046875
0.023104190826416016,12,-0.167578125
0.02451300621032715,13,-0.33515625
0.025897979736328125,14,-0.193359375
0.02727198600769043,15,-0.038671874999999994
0.028861045837402344,16,-0.167578125
0.030726194381713867,17,-0.43828124999999996
0.03244900703430176,18,-0.5285156249999999
0.0342710018157959,19,-1.405078125
0.036103010177612305,20,-0.21914062499999998
0.037870168685913086,21,-0.43828124999999996
0.039637088775634766,22,-0.167578125
0.041300058364868164,23,-0.4125
0.04301309585571289,24,-0.09023437499999999
0.045339107513427734,25,-0.0515625
0.04813504219055176,26,-0.322265625
0.050071001052856445,27,-0.708984375
0.051702022552490234,28,-1.65
0.053646087646484375,29,-0.322265625
0.05588412284851074,30,-0.322265625
0.05795907974243164,31,-0.37382812499999996
0.059606075286865234,32,0.07734374999999999
0.061071157455444336,33,-0.038671874999999994
0.06253218650817871,34,-0.21914062499999998
0.06394410133361816,35,-0.502734375
0.06534600257873535,36,-0.580078125
0.06672000885009766,37,-1.2890625
0.06808614730834961,38,-0.4125
0.0695199966430664,39,-0.28359375
0.07133698463439941,40,-0.348046875
0.07289719581604004,41,-0.29648437499999997
0.07433319091796875,42,-0.43828124999999996
0.07573914527893066,43,-0.2578125
0.07713913917541504,44,-0.038671874999999994
0.07855606079101562,45,-0.15468749999999998
0.07999205589294434,46,-0.37382812499999996
0.0814981460571289,47,-0.5285156249999999
0.08306407928466797,48,-1.0570312499999999
0.0847930908203125,49,-1.65
0.0865170955657959,50,-0.2578125
0.0883491039276123,51,-0.20625
0.09026908874511719,52,-0.193359375
0.09196305274963379,53,-0.23203125
0.09347009658813477,54,-0.012890625
0.09532809257507324,55,-0.09023437499999999
0.09771299362182617,56,-0.322265625
0.09939408302307129,57,-0.476953125
0.10081720352172852,58,-1.456640625
0.10266709327697754,59,-0.12890625
0.10463118553161621,60,-0.43828124999999996
0.10603809356689453,61,-0.23203125
0.10723710060119629,62,-0.399609375
0.10840916633605957,63,-0.37382812499999996
0.10972404479980469,64,-0.09023437499999999
0.11101412773132324,65,-0.116015625
0.11247110366821289,66,-0.33515625
0.11394500732421875,67,-0.54140625
0.1154780387878418,68,-0.580078125
0.11707019805908203,69,-1.327734375
0.11855697631835938,70,-0.18046874999999998
0.12006306648254395,71,-0.29648437499999997
0.12148714065551758,72,-0.322265625
0.12382817268371582,73,-0.193359375
0.12591814994812012,74,-0.23203125
0.12740397453308105,75,-0.0515625
0.12913918495178223,76,-0.167578125
0.1311659812927246,77,-0.48984374999999997
0.13267803192138672,78,-0.64453125
0.1339421272277832,79,-1.546875
0.13511919975280762,80,-0.167578125
0.13632416725158691,81,-0.322265625
0.13747501373291016,82,-0.37382812499999996
0.13861703872680664,83,-0.322265625
0.13978004455566406,84,-0.103125
0.1410200595855713,85,-0.399609375
0.14247918128967285,86,-0.37382812499999996
0.14397120475769043,87,-0.012890625
0.14552998542785645,88,-0.15468749999999998
0.14708900451660156,89,-0.4125
0.14856910705566406,90,-0.43828124999999996
0.15010404586791992,91,-1.16015625
0.1514899730682373,92,-0.38671875
0.15372014045715332,93,-0.2578125
0.15579819679260254,94,-0.193359375
0.1573200225830078,95,-0.38671875
0.158966064453125,96,-0.20625
0.16106820106506348,97,-0.012890625
0.1626729965209961,98,-0.193359375
0.1639561653137207,99,-0.4125
0.16517210006713867,100,-0.580078125
0.16633200645446777,101,-1.2503906249999999
0.16747617721557617,102,-1.65
0.16862010955810547,103,-0.193359375
0.1697859764099121,104,-0.43828124999999996
0.1710360050201416,105,-0.23203125
0.17249703407287598,106,-0.193359375
0.17400503158569336,107,-0.322265625
0.17558717727661133,108,-0.20625
0.17712712287902832,109,-0.012890625
0.1786041259765625,110,-0.141796875
0.18015408515930176,111,-0.4125
0.18174099922180176,112,-0.515625
0.18431615829467773,113,-1.1214843749999999
0.1860361099243164,114,-0.2578125
0.18743205070495605,115,-0.4640625
0.18935298919677734,116,-0.270703125
0.1913151741027832,117,-0.4125
0.19272398948669434,118,0.038671874999999994
0.19395208358764648,119,-0.02578125
0.19511818885803223,120,-0.23203125
0.1962909698486328,121,-0.42539062499999997
0.19744610786437988,122,-0.5929687499999999
0.1985921859741211,123,-0.7734375
0.1997520923614502,124,-1.3921875
0.20098519325256348,125,-1.3019531249999998
0.20241904258728027,126,-0.20625
0.2038869857788086,127,-0.4640625
0.20549702644348145,128,-0.348046875
0.20712709426879883,129,-0.0515625
0.20868611335754395,130,-0.0515625
0.21019315719604492,131,-0.012890625
0.21175599098205566,132,-0.064453125
0.21437406539916992,133,-0.322265625
0.21609902381896973,134,-0.37382812499999996
0.21751809120178223,135,-1.456640625
0.21927309036254883,136,-0.09023437499999999
0.22134709358215332,137,-0.4125
0.2228560447692871,138,-0.30937499999999996
0.2241370677947998,139,-0.42539062499999997
0.22532415390014648,140,-0.30937499999999996
0.22646808624267578,141,-0.012890625
0.2276010513305664,142,-0.038671874999999994
0.22875213623046875,143,-0.2578125
0.22993111610412598,144,-0.502734375
0.2311851978302002,145,-0.6187499999999999
0.23264098167419434,146,-1.03125
0.23413515090942383,147,-1.6371093749999999
0.23572707176208496,148,-0.20625
0.2373499870300293,149,-0.37382812499999996
0.23882198333740234,150,-0.2578125
0.24038910865783691,151,-0.270703125
0.24201416969299316,152,-0.24492187499999998
0.24460101127624512,153,-0.012890625
0.24631309509277344,154,-0.23203125
0.24770617485046387,155,-0.42539062499999997
0.2495269775390625,156,-0.7476562499999999
0.25148916244506836,157,-1.456640625
0.2528951168060303,158,-0.270703125
0.2541370391845703,159,-0.36093749999999997
0.2553131580352783,160,-0.167578125
0.2564671039581299,161,-0.167578125
0.25760817527770996,162,-0.322265625
0.25873613357543945,163,-0.28359375
0.2598869800567627,164,-0.02578125
0.2611420154571533,165,-0.116015625
0.2625870704650879,166,-0.322265625
0.2640571594238281,167,-0.5285156249999999
0.26565098762512207,168,-0.6703125
0.26720213890075684,169,-1.405078125
0.2686641216278076,170,-0.2578125
0.27021217346191406,171,-0.322265625
0.27199220657348633,172,-0.4125
0.2744929790496826,173,-0.116015625
0.2761220932006836,174,0.15468749999999998
0.2775380611419678,175,-0.012890625
0.27939605712890625,176,-0.2578125
0.2813911437988281,177,-0.476953125
0.28284406661987305,178,-0.7863281249999999
0.28407907485961914,179,-1.5984375
0.28527212142944336,180,-0.193359375
0.2864561080932617,181,-0.322265625
0.2876009941101074,182,-0.36093749999999997
0.28875303268432617,183,-0.193359375
0.2899661064147949,184,-0.33515625
0.2912290096282959,185,-0.37382812499999996
0.29268717765808105,186,-0.322265625
0.2941761016845703,187,-0.02578125
0.29573702812194824,188,-0.20625
0.2972869873046875,189,-0.4640625
0.29866600036621094,190,-0.515625
0.30014801025390625,191,-1.3148437499999999
0.30182409286499023,192,-0.37382812499999996
0.30439209938049316,193,-0.24492187499999998
0.30611300468444824,194,-0.30937499999999996
0.30752110481262207,195,-0.193359375
0.30945611000061035,196,-0.103125
0.31141114234924316,197,0.0
0.31282806396484375,198,-0.193359375
0.3140571117401123,199,-0.43828124999999996
0.31539297103881836,200,-0.605859375
0.3168821334838867,201,-1.3019531249999998
0.3184521198272705,202,-0.21914062499999998
0.31980204582214355,203,-0.30937499999999996
0.3210411071777344,204,-0.28359375
0.32233715057373047,205,-0.2578125
0.32381606101989746,206,-0.36093749999999997
0.32532715797424316,207,-0.38671875
0.3269190788269043,208,-0.02578125
0.32845211029052734,209,-0.0515625
0.32999205589294434,210,-0.29648437499999997
0.33147501945495605,211,-0.476953125
0.334395170211792,212,-1.03125
0.3363971710205078,213,-0.348046875
0.3378720283508301,214,-0.30937499999999996
0.3395709991455078,215,-0.20625
0.3416330814361572,216,-0.23203125
0.34325313568115234,217,0.09023437499999999
0.3445570468902588,218,-0.09023437499999999
0.34575414657592773,219,-0.28359375
0.34708714485168457,220,-0.580078125
0.34825706481933594,221,-0.580078125
0.34944915771484375,222,-1.198828125
0.35077619552612305,223,-1.65
0.35637807846069336,224,-0.20625
0.3603951930999756,225,-0.29648437499999997
0.3620340824127197,226,-0.012890625
0.36379313468933105,227,-0.36093749999999997
0.3661341667175293,228,-0.43828124999999996
0.3677680492401123,229,-1.3792968749999999
0.369218111038208,230,-0.193359375
0.37100911140441895,231,-0.476953125
0.3728950023651123,232,-0.193359375
0.37433314323425293,233,-0.12890625
0.37555503845214844,234,-0.012890625
0.37670111656188965,235,-0.012890625
0.3778390884399414,236,-0.07734374999999999
0.3789811134338379,237,-0.33515625
0.38021111488342285,238,-0.580078125
0.3813459873199463,239,-0.5285156249999999
0.38247013092041016,240,-1.095703125
0.3837141990661621,241,-1.611328125
0.3851501941680908,242,-0.038671874999999994
0.3865931034088135,243,-0.29648437499999997
0.3881402015686035,244,-0.28359375
0.3897860050201416,245,-0.20625
0.39124202728271484,246,-0.322265625
0.39269399642944336,247,-0.103125
0.3940911293029785,248,-0.02578125
0.39609718322753906,249,-0.193359375
0.39835405349731445,250,-0.42539062499999997
0.39993715286254883,251,-0.889453125
0.40136098861694336,252,-1.65
0.40332603454589844,253,-0.30937499999999996
0.4052131175994873,254,-0.322265625
0.40658116340637207,255,-0.12890625
0.4077751636505127,256,-0.2578125
0.40892601013183594,257,-0.167578125
0.41014719009399414,258,-0.02578125
0.4113011360168457,259,-0.103125
0.41242504119873047,260,-0.30937499999999996
0.4136509895324707,261,-0.631640625
0.4150431156158447,262,-0.5671875
0.41646313667297363,263,-1.198828125
0.41799306869506836,264,-1.4953124999999998
0.41955018043518066,265,-0.270703125
0.4209721088409424,266,-0.4125
0.42238402366638184,267,-0.2578125
0.42383408546447754,268,-0.36093749999999997
0.42602014541625977,269,-0.30937499999999996
0.4280531406402588,270,-0.02578125
0.4295320510864258,271,-0.23203125
0.43103504180908203,272,-0.43828124999999996
0.4329240322113037,273,-0.6832031249999999
0.4346451759338379,274,-1.533984375
0.4359471797943115,275,-0.4125
0.43714308738708496,276,-0.708984375
0.43829798698425293,277,-0.29648437499999997
0.43945813179016113,278,-0.167578125
0.44060802459716797,279,-0.4125
0.4417381286621094,280,-0.38671875
0.4428541660308838,281,-0.103125
0.44405317306518555,282,-0.02578125
0.44545412063598633,283,-0.28359375
0.44690704345703125,284,-0.515625
0.44841599464416504,285,-0.502734375
0.44993019104003906,286,-1.147265625
0.4513430595397949,287,-1.3664062499999998
0.4527931213378906,288,-0.28359375
0.45418310165405273,289,-0.605859375
0.45641398429870605,290,-0.12890625
0.45842909812927246,291,-0.37382812499999996
0.45992398262023926,292,0.15468749999999998
0.46151304244995117,293,-0.0515625
0.4634411334991455,294,-0.28359375
0.46507716178894043,295,-0.4640625
0.46634411811828613,296,-1.1214843749999999
0.4675281047821045,297,-1.65
0.4686751365661621,298,-0.116015625
0.4698500633239746,299,-0.399609375
0.4709889888763428,300,-0.322265625
0.47213006019592285,301,-0.322265625
0.4732630252838135,302,-0.37382812499999996
0.47448110580444336,303,-0.43828124999999996
0.47589898109436035,304,-0.28359375
0.4773540496826172,305,-0.012890625
0.47890305519104004,306,-0.193359375
0.48057007789611816,307,-0.4640625
0.4819340705871582,308,-0.476953125
0.4832901954650879,309,-1.2503906249999999
0.4853041172027588,310,-0.708984375
0.4874742031097412,311,-0.30937499999999996
0.4889190196990967,312,-0.28359375
0.49050211906433105,313,-0.399609375
0.4924430847167969,314,-0.322265625
0.49422311782836914,315,-0.012890625
0.4955720901489258,316,-0.20625
0.4967679977416992,317,-0.4125
0.4979209899902344,318,-0.476953125
0.4991459846496582,319,-0.992578125
0.5003311634063721,320,-1.5597656249999998
0.5015130043029785,321,-0.103125
0.5026571750640869,322,-0.33515625
0.5037779808044434,323,-0.4640625
0.5049841403961182,324,-0.4125
0.506371021270752,325,-0.167578125
0.5078120231628418,326,-0.37382812499999996
0.5094151496887207,327,-0.193359375
0.5109541416168213,328,-0.012890625
0.5124130249023438,329,-0.24492187499999998
0.5140471458435059,330,-0.43828124999999996
0.5156030654907227,331,-0.5285156249999999
0.5181300640106201,332,-1.3148437499999999
0.5199620723724365,333,-0.24492187499999998
0.521381139755249,334,-0.2578125
0.5230340957641602,335,-0.193359375
0.5249960422515869,336,-0.399609375
0.5264840126037598,337,-0.012890625
0.5276989936828613,338,-0.0515625
0.528872013092041,339,-0.322265625
0.5300970077514648,340,-0.5285156249999999
0.5312440395355225,341,-0.5285156249999999
0.532371997833252,342,-1.044140625
0.5335052013397217,343,-1.5597656249999998
0.5346431732177734,344,-0.23203125
0.5358471870422363,345,-0.30937499999999996
0.5372591018676758,346,-0.515625
0.538707971572876,347,-0.270703125
0.5402421951293945,348,-0.270703125
0.541802167892456,349,-0.20625
0.54323410987854,350,0.038671874999999994
0.5449750423431396,351,-0.064453125
0.546748161315918,352,-0.29648437499999997
0.5491831302642822,353,-0.48984374999999997
0.5508260726928711,354,-1.2890625
0.5521831512451172,355,-0.103125
0.5539290904998779,356,-0.4125
0.5558571815490723,357,-0.322265625
0.5572750568389893,358,-0.399609375
0.5584921836853027,359,-0.20625
0.5597360134124756,360,-0.0515625
0.5608952045440674,361,-0.0515625
0.5620310306549072,362,-0.2578125
0.5631611347198486,363,-0.515625
0.5643000602722168,364,-0.605859375
0.5654730796813965,365,-0.928125
0.5666890144348145,366,-1.4953124999999998
0.5681190490722656,367,-0.15468749999999998
0.5695691108703613,368,-0.2578125
0.5711050033569336,369,-0.33515625
0.5726070404052734,370,-0.2578125
0.5739810466766357,371,-0.21914062499999998
0.5754051208496094,372,-0.193359375
0.5774900913238525,373,-0.012890625
0.5795550346374512,374,-0.09023437499999999
0.5810291767120361,375,-0.37382812499999996
0.582449197769165,376,-0.7218749999999999
0.5843551158905029,377,-1.405078125
0.5861451625823975,378,-0.20625
0.5874781608581543,379,-0.322265625
0.5886600017547607,380,-0.21914062499999998
0.5898571014404297,381,-0.20625
0.5910131931304932,382,-0.322265625
0.5921430587768555,383,-0.2578125
0.5932672023773193,384,-0.012890625
0.5943920612335205,385,-0.103125
0.5955111980438232,386,-0.322265625
0.5967020988464355,387,-0.580078125
0.598081111907959,388,-0.64453125
0.5995140075683594,389,-1.147265625
0.6010351181030273,390,-1.65
0.6025700569152832,391,-0.167578125
0.6039490699768066,392,-0.7863281249999999
0.6053581237792969,393,-0.29648437499999997
0.60738205909729,394,-0.12890625
0.6095080375671387,395,-0.167578125
0.6109731197357178,396,-0.012890625
0.6124050617218018,397,-0.28359375
0.6142280101776123,398,-0.4640625
0.6160621643066406,399,-0.5929687499999999
0.6174380779266357,400,-1.52109375
0.6186370849609375,401,-0.0515625
0.619805097579956,402,-0.37382812499999996
0.6209499835968018,403,-0.37382812499999996
0.6220870018005371,404,-0.20625
0.6232249736785889,405,-0.29648437499999997
0.6243581771850586,406,-0.399609375
0.625478982925415,407,-0.30937499999999996
0.626690149307251,408,-0.02578125
0.6280941963195801,409,-0.12890625
0.6295561790466309,410,-0.4125
0.6310760974884033,411,-0.580078125
0.6325531005859375,412,-0.837890625
0.6339030265808105,413,-1.5726562499999999
0.6353011131286621,414,-0.2578125
0.6372430324554443,415,-0.30937499999999996
0.6394801139831543,416,-0.36093749999999997
0.64096999168396,417,-0.167578125
0.6424200534820557,418,-0.012890625
0.6443212032318115,419,-0.012890625
0.6461331844329834,420,-0.193359375
0.6474730968475342,421,-0.43828124999999996
0.6486661434173584,422,-0.605859375
0.6498420238494873,423,-1.2890625
0.6509790420532227,424,-1.3664062499999998
0.6521070003509521,425,-0.193359375
0.6536831855773926,426,-0.399609375
0.6548681259155273,427,-0.322265625
0.6560180187225342,428,-0.20625
0.6572301387786865,429,-0.43828124999999996
0.6586251258850098,430,-0.399609375
0.660088062286377,431,-0.012890625
0.6615991592407227,432,-0.064453125
0.6631021499633789,433,-0.2578125
0.6644690036773682,434,-0.515625
0.665844202041626,435,-0.9152343749999999
0.6677191257476807,436,-1.5597656249999998
0.6699931621551514,437,-0.15468749999999998
0.6714870929718018,438,-0.29648437499999997
0.6728920936584473,439,-0.20625
0.6747250556945801,440,-0.4125
0.6765561103820801,441,-0.141796875
0.6779160499572754,442,-0.064453125
0.6792130470275879,443,-0.2578125
0.6803929805755615,444,-0.5285156249999999
0.6815481185913086,445,-0.605859375
0.6826679706573486,446,-1.198828125
0.6837999820709229,447,-1.65
0.6849122047424316,448,-0.0515625
0.6860361099243164,449,-0.30937499999999996
0.6872711181640625,450,-0.7218749999999999
0.6886930465698242,451,-0.30937499999999996
0.6901581287384033,452,-0.167578125
0.6916840076446533,453,-0.20625
0.6932201385498047,454,0.0
0.6946461200714111,455,-0.02578125
0.696052074432373,456,-0.322265625
0.6974091529846191,457,-0.5285156249999999
0.6997420787811279,458,-0.708984375
0.7016620635986328,459,-1.533984375
0.7030940055847168,460,-0.29648437499999997
0.7046701908111572,461,-0.33515625
0.7066280841827393,462,-0.20625
0.7082300186157227,463,-0.322265625
0.7095320224761963,464,0.0515625
0.7107751369476318,465,-0.09023437499999999
0.7119810581207275,466,-0.2578125
0.7131330966949463,467,-0.502734375
0.7142682075500488,468,-0.605859375
0.7153820991516113,469,-0.9410156249999999
0.7164950370788574,470,-1.456640625
0.7177011966705322,471,-0.167578125
0.7191500663757324,472,-0.18046874999999998
0.7206439971923828,473,-0.5671875
0.722163200378418,474,-0.29648437499999997
0.7237160205841064,475,-0.21914062499999998
0.7251501083374023,476,-0.23203125
0.7266349792480469,477,-0.0515625
0.7280311584472656,478,-0.064453125
0.7305011749267578,479,-0.270703125
0.7323260307312012,480,-0.4640625
0.7337491512298584,481,-1.3019531249999998
0.7353501319885254,482,-0.36093749999999997
0.7372920513153076,483,-0.322265625
0.7389822006225586,484,-0.4640625
0.7406051158905029,485,-0.399609375
0.7421619892120361,486,-0.23203125
0.7436959743499756,487,-0.012890625
0.745164155960083,488,-0.103125
0.7464179992675781,489,-0.33515625
0.7476761341094971,490,-0.5671875
0.7491390705108643,491,-0.8765624999999999
0.7506270408630371,492,-1.533984375
0.7521569728851318,493,-0.09023437499999999
0.7537131309509277,494,-0.322265625
0.7550370693206787,495,-0.322265625
0.7564351558685303,496,-0.167578125
0.7584021091461182,497,-0.33515625
0.7608120441436768,498,-0.103125
0.7623481750488281,499,-0.12890625
0.763761043548584,500,-0.4125
0.765592098236084,501,-0.43828124999999996
0.7674272060394287,502,-1.26328125
0.7687761783599854,503,-0.29648437499999997
0.7699921131134033,504,-0.4640625
0.7711570262908936,505,-0.24492187499999998
0.7723021507263184,506,-0.20625
0.7734420299530029,507,-0.29648437499999997
0.7745749950408936,508,-0.476953125
0.7756991386413574,509,-0.322265625
0.7768161296844482,510,-0.012890625
0.7780191898345947,511,-0.12890625
0.779412031173706,512,-0.37382812499999996
0.7808620929718018,513,-0.580078125
0.7823491096496582,514,-0.7863281249999999
0.7839021682739258,515,-1.46953125
0.7852981090545654,516,-0.167578125
0.7867610454559326,517,-0.29648437499999997
0.7881519794464111,518,-0.322265625
0.7905089855194092,519,-0.18046874999999998
0.7925691604614258,520,-0.167578125
0.794032096862793,521,-0.012890625
0.7956211566925049,522,-0.322265625
0.7975850105285645,523,-0.5285156249999999
0.7992119789123535,524,-0.6703125
0.8005030155181885,525,-1.546875
0.8016941547393799,526,-0.18046874999999998
0.8028481006622314,527,-0.33515625
0.8039720058441162,528,-0.37382812499999996
0.8051090240478516,529,-0.23203125
0.8062400817871094,530,-0.12890625
0.8073651790618896,531,-0.43828124999999996
0.8085861206054688,532,-0.37382812499999996
0.8100161552429199,533,-0.038671874999999994
0.811488151550293,534,-0.0515625
0.8129820823669434,535,-0.30937499999999996
0.8145420551300049,536,-0.5285156249999999
0.8159761428833008,537,-0.889453125
0.8174171447753906,538,-1.5726562499999999
0.8187901973724365,539,-0.116015625
0.8206520080566406,540,-0.37382812499999996
0.8229601383209229,541,-0.2578125
0.8246381282806396,542,-0.167578125
0.8259999752044678,543,0.141796875
0.8277699947357178,544,-0.0515625
0.8296880722045898,545,-0.20625
0.8310971260070801,546,-0.4640625
0.8322939872741699,547,-0.863671875
0.8334991931915283,548,-1.4953124999999998
0.8346610069274902,549,-0.24492187499999998
0.8358011245727539,550,-0.28359375
0.836928129196167,551,-0.515625
0.8380630016326904,552,-0.30937499999999996
0.8392961025238037,553,-0.116015625
0.8407270908355713,554,-0.4640625
0.8421812057495117,555,-0.4125
0.8436570167541504,556,-0.07734374999999999
0.8451831340789795,557,-0.103125
0.8466041088104248,558,-0.322265625
0.8480119705200195,559,-0.515625
0.8494241237640381,560,-1.069921875
0.8515300750732422,561,-1.65
0.8536901473999023,562,-0.21914062499999998
0.8552031517028809,563,-0.37382812499999996
0.8566491603851318,564,-0.21914062499999998
0.8585782051086426,565,-0.2578125
0.8603391647338867,566,0.09023437499999999
0.8617010116577148,567,-0.103125
0.8628921508789062,568,-0.348046875
0.864037036895752,569,-0.515625
0.8651859760284424,570,-0.7218749999999999
0.866314172744751,571,-1.340625
0.8674411773681641,572,-1.65
0.8685510158538818,573,-0.20625
0.8698060512542725,574,-0.37382812499999996
0.8712170124053955,575,-0.4125
0.8726620674133301,576,-0.193359375
0.8741509914398193,577,-0.24492187499999998
0.8756940364837646,578,-0.18046874999999998
0.8771049976348877,579,-0.012890625
0.8785901069641113,580,-0.12890625
0.8800292015075684,581,-0.42539062499999997
0.8822650909423828,582,-0.502734375
0.8841850757598877,583,-1.21171875
0.8856430053710938,584,-0.141796875
0.8871760368347168,585,-0.399609375
0.8891861438751221,586,-0.348046875
0.8908421993255615,587,-0.37382812499999996
0.8921761512756348,588,-0.0515625
0.8933711051940918,589,-0.012890625
0.894538164138794,590,-0.064453125
0.8956761360168457,591,-0.33515625
0.896806001663208,592,-0.5671875
0.8979229927062988,593,-0.5671875
0.8990771770477295,594,-1.134375
0.9003241062164307,595,-1.611328125
0.901745080947876,596,-0.012890625
0.9031951427459717,597,-0.38671875
0.904731035232544,598,-0.29648437499999997
0.9062471389770508,599,-0.193359375
0.9076061248779297,600,-0.4125
0.9089760780334473,601,-0.23203125
0.9107940196990967,602,-0.02578125
0.9131710529327393,603,-0.15468749999999998
0.9147021770477295,604,-0.4125
0.9162440299987793,605,-0.9410156249999999
0.9182600975036621,606,-1.5984375
0.9198830127716064,607,-0.322265625
0.921140193939209,608,-0.2578125
0.9223129749298096,609,-0.23203125
0.9234490394592285,610,-0.322265625
0.9245731830596924,611,-0.37382812499999996
0.9257090091705322,612,-0.23203125
0.926828145980835,613,-0.012890625
0.9279391765594482,614,-0.116015625
0.9291172027587891,615,-0.322265625
0.9303560256958008,616,-0.580078125
0.931739091873169,617,-0.5929687499999999
0.9331710338592529,618,-1.2503906249999999
0.934697151184082,619,-0.515625
0.9362270832061768,620,-0.2578125
0.9376580715179443,621,-0.322265625
0.9391281604766846,622,-0.18046874999999998
0.9405980110168457,623,-0.33515625
0.9430801868438721,624,-0.21914062499999998
0.9449219703674316,625,-0.012890625
0.9463410377502441,626,-0.2578125
0.9479880332946777,627,-0.43828124999999996
0.94999098777771,628,-0.837890625
0.9515171051025391,629,-1.65
0.95278000831604,630,-0.30937499999999996
0.9539601802825928,631,-0.760546875
0.9551060199737549,632,-0.2578125
0.9562311172485352,633,-0.103125
0.9573462009429932,634,-0.42539062499999997
0.9584879875183105,635,-0.37382812499999996
0.9596900939941406,636,-0.0515625
0.9609251022338867,637,-0.02578125
0.9623451232910156,638,-0.322265625
0.9637939929962158,639,-0.580078125
0.9652750492095947,640,-0.54140625
