time,count,voltage
0.006006002426147461,1,-0.23203125
0.0076410770416259766,2,-0.064453125
0.009060144424438477,3,0.193359375
0.010421991348266602,4,0.0
0.011773109436035156,5,-0.012890625
0.01315617561340332,6,-0.20625
0.014500141143798828,7,-0.116015625
0.01607799530029297,8,-0.8765624999999999
0.017796039581298828,9,-1.65
0.019490957260131836,10,-0.0515625
0.021157026290893555,11,-0.20625
0.022761106491088867,12,-0.167578125
0.02444911003112793,13,-0.33515625
0.025921106338500977,14,0.103125
0.027289152145385742,15,-0.012890625
0.02864694595336914,16,-0.012890625
0.03001713752746582,17,-0.18046874999999998
0.031579017639160156,18,-0.20625
0.03327202796936035,19,-1.03125
0.034989118576049805,20,0.0
0.03674197196960449,21,-0.23203125
0.0384371280670166,22,-0.2578125
0.03997611999511719,23,-0.322265625
0.04159402847290039,24,-0.23203125
0.04320502281188965,25,0.012890625
0.04503202438354492,26,-0.012890625
0.04728198051452637,27,-0.18046874999999998
0.050102949142456055,28,-0.322265625
0.052581071853637695,29,-1.65
0.05443000793457031,30,-0.18046874999999998
0.05669999122619629,31,-0.064453125
0.059095144271850586,32,-0.07734374999999999
0.061083078384399414,33,0.012890625
0.06276297569274902,34,-0.0515625
0.06445908546447754,35,-0.103125
0.06603097915649414,36,-0.7476562499999999
0.06763505935668945,37,-1.611328125
0.06921005249023438,38,-0.012890625
0.0707249641418457,39,-0.0515625
0.07228517532348633,40,0.0
0.07383203506469727,41,-0.23203125
0.07540416717529297,42,-0.064453125
0.07855105400085449,43,0.0
0.08020615577697754,44,-0.012890625
0.08192110061645508,45,-0.193359375
0.08371615409851074,46,-1.173046875
0.0855550765991211,47,0.0
0.08724117279052734,48,-0.064453125
0.08888602256774902,49,-0.15468749999999998
0.09052205085754395,50,-0.167578125
0.09238409996032715,51,0.0
0.09534716606140137,52,0.012890625
0.09720897674560547,53,-0.12890625
0.09876394271850586,54,-0.399609375
0.10075497627258301,55,-1.3148437499999999
0.10306096076965332,56,-0.0515625
0.10489010810852051,57,-0.167578125
0.10620498657226562,58,-0.103125
0.10738015174865723,59,-0.18046874999999998
0.10865402221679688,60,-0.09023437499999999
0.11008405685424805,61,0.0
0.11150908470153809,62,-0.0515625
0.11310601234436035,63,-0.18046874999999998
0.11464095115661621,64,-0.167578125
0.11605310440063477,65,-0.9152343749999999
0.11755895614624023,66,-1.65
0.11901211738586426,67,0.0
0.12137603759765625,68,-0.07734374999999999
0.1232450008392334,69,-0.0515625
0.12472414970397949,70,-0.0515625
0.1262810230255127,71,0.012890625
0.12820100784301758,72,0.0
0.1297910213470459,73,-0.12890625
0.1310560703277588,74,-0.0515625
0.13224005699157715,75,-0.837890625
0.1335430145263672,76,-1.5082031249999999
0.13470911979675293,77,0.0
0.1358330249786377,78,-0.193359375
0.13694405555725098,79,-0.18046874999999998
0.13805699348449707,80,-0.18046874999999998
0.13924694061279297,81,0.0
0.14063715934753418,82,-0.29648437499999997
0.14212894439697266,83,-0.141796875
0.14369416236877441,84,0.0
0.14527297019958496,85,-0.012890625
0.14663100242614746,86,-0.20625
0.1480250358581543,87,-0.167578125
0.14947795867919922,88,-0.992578125
0.15198802947998047,89,-1.65
0.15366506576538086,90,-0.21914062499999998
0.15502595901489258,91,-0.23203125
0.15677213668823242,92,-0.33515625
0.1587519645690918,93,-0.23203125
0.16018009185791016,94,-0.012890625
0.16136908531188965,95,-0.02578125
0.16251206398010254,96,-0.21914062499999998
0.1636819839477539,97,-0.23203125
0.16482901573181152,98,-0.515625
0.16595697402954102,99,-1.224609375
0.16707515716552734,100,-1.546875
0.16818714141845703,101,0.0
0.16937494277954102,102,-0.167578125
0.17075800895690918,103,-0.18046874999999998
0.17220306396484375,104,-0.12890625
0.17378497123718262,105,-0.29648437499999997
0.17533397674560547,106,-0.116015625
0.17670416831970215,107,0.0
0.17804908752441406,108,-0.0515625
0.17953896522521973,109,-0.167578125
0.18205904960632324,110,-0.21914062499999998
0.18378496170043945,111,-1.147265625
0.18515396118164062,112,0.0
0.18686795234680176,113,-0.07734374999999999
0.18874311447143555,114,-0.167578125
0.19014811515808105,115,-0.30937499999999996
0.19138216972351074,116,-0.12890625
0.1925511360168457,117,0.012890625
0.19368505477905273,118,0.0
0.19479608535766602,119,-0.02578125
0.19591498374938965,120,-0.20625
0.19703197479248047,121,-0.21914062499999998
0.19815611839294434,122,-0.580078125
0.19933509826660156,123,-1.2374999999999998
0.2007300853729248,124,-1.198828125
0.2021770477294922,125,-0.0515625
0.20371508598327637,126,0.0
0.20524001121520996,127,-0.167578125
0.2066481113433838,128,-0.322265625
0.20803308486938477,129,-0.2578125
0.20972299575805664,130,0.0
0.212083101272583,131,-0.012890625
0.21370506286621094,132,-0.167578125
0.21511101722717285,133,-0.33515625
0.2169179916381836,134,-1.224609375
0.21872496604919434,135,0.0
0.2200641632080078,136,-0.09023437499999999
0.22124910354614258,137,-0.12890625
0.2223961353302002,138,-0.0515625
0.22354912757873535,139,-0.36093749999999997
0.22467899322509766,140,-0.29648437499999997
0.22579097747802734,141,0.0
0.22689604759216309,142,0.0
0.2279961109161377,143,-0.038671874999999994
0.22911596298217773,144,-0.21914062499999998
0.23029208183288574,145,-0.20625
0.2316911220550537,146,-0.43828124999999996
0.23317694664001465,147,-1.2374999999999998
0.2346940040588379,148,0.0
0.23618102073669434,149,-0.103125
0.23756194114685059,150,-0.2578125
0.23893094062805176,151,-0.103125
0.24078607559204102,152,-0.4125
0.24310016632080078,153,-0.20625
0.24465394020080566,154,-0.012890625
0.24607110023498535,155,-0.167578125
0.24741697311401367,156,-0.18046874999999998
0.24919605255126953,157,-0.7218749999999999
0.251054048538208,158,-1.5726562499999999
0.25243616104125977,159,-0.0515625
0.2536499500274658,160,-0.15468749999999998
0.254802942276001,161,-0.21914062499999998
0.2559340000152588,162,-0.0515625
0.257047176361084,163,-0.322265625
0.2581520080566406,164,-0.20625
0.25925517082214355,165,0.012890625
0.260422945022583,166,-0.012890625
0.26181602478027344,167,0.0
0.26325297355651855,168,-0.270703125
0.26474499702453613,169,-0.15468749999999998
0.2662980556488037,170,-0.9796874999999999
0.2677171230316162,171,-0.141796875
0.26912403106689453,172,-0.02578125
0.27089500427246094,173,-0.103125
0.27323317527770996,174,-0.167578125
0.2747931480407715,175,-0.15468749999999998
0.2762620449066162,176,0.012890625
0.2781181335449219,177,0.0
0.2799241542816162,178,-0.103125
0.2812521457672119,179,-0.064453125
0.28241896629333496,180,-0.889453125
0.28358912467956543,181,-1.611328125
0.2847270965576172,182,0.0
0.28584814071655273,183,-0.21914062499999998
0.28696298599243164,184,-0.07734374999999999
0.2880699634552002,185,-0.18046874999999998
0.2891831398010254,186,-0.02578125
0.29034900665283203,187,-0.322265625
0.2917320728302002,188,-0.24492187499999998
0.29321813583374023,189,0.012890625
0.29465293884277344,190,-0.02578125
0.2962150573730469,191,-0.141796875
0.2975730895996094,192,-0.116015625
0.2990760803222656,193,-0.7734375
0.3005070686340332,194,-1.546875
0.3025021553039551,195,-0.012890625
0.30474209785461426,196,-0.12890625
0.30626797676086426,197,-0.12890625
0.3077230453491211,198,-0.167578125
0.3096029758453369,199,0.012890625
0.31136012077331543,200,-0.012890625
0.31269311904907227,201,-0.12890625
0.3139760494232178,202,-0.103125
0.3151280879974365,203,-0.6832031249999999
0.3162710666656494,204,-1.353515625
0.31738996505737305,205,0.0
0.3185000419616699,206,-0.07734374999999999
0.3196070194244385,207,-0.103125
0.32077598571777344,208,-0.322265625
0.32215404510498047,209,-0.012890625
0.323681116104126,210,-0.24492187499999998
0.32517313957214355,211,-0.103125
0.32672810554504395,212,0.0
0.3281559944152832,213,-0.02578125
0.3296020030975342,214,-0.21914062499999998
0.330963134765625,215,-0.20625
0.3332631587982178,216,-0.837890625
0.3352689743041992,217,-1.65
0.33670711517333984,218,-0.064453125
0.338238000869751,219,-0.30937499999999996
0.3401610851287842,220,0.0
0.3418900966644287,221,0.0
0.3436720371246338,222,0.0
0.34488701820373535,223,-0.012890625
0.34604310989379883,224,-0.2578125
0.3471701145172119,225,-0.23203125
0.3482999801635742,226,-0.6703125
0.34942197799682617,227,-1.3148437499999999
0.35053300857543945,228,-0.322265625
0.35177111625671387,229,-0.0515625
0.35312509536743164,230,0.0
0.35457706451416016,231,-0.28359375
0.3560061454772949,232,0.0
0.35756707191467285,233,-0.322265625
0.36376500129699707,234,-0.0515625
0.36631107330322266,235,0.0
0.3681061267852783,236,-1.46953125
0.3695051670074463,237,-0.15468749999999998
0.3712291717529297,238,-0.20625
0.373258113861084,239,-0.0515625
0.374967098236084,240,-0.193359375
0.3762650489807129,241,0.012890625
0.3774399757385254,242,-0.02578125
0.3785719871520996,243,-0.02578125
0.3796861171722412,244,-0.24492187499999998
0.38080716133117676,245,-0.193359375
0.3820321559906006,246,-0.8121093749999999
0.383465051651001,247,-1.456640625
0.3849301338195801,248,0.0
0.38651204109191895,249,-0.20625
0.38805198669433594,250,-0.270703125
0.38951611518859863,251,-0.0515625
0.39090800285339355,252,-0.21914062499999998
0.39344000816345215,253,0.012890625
0.3953371047973633,254,0.0
0.39684605598449707,255,-0.21914062499999998
0.3988981246948242,256,-0.20625
0.40050196647644043,257,-1.2890625
0.4017350673675537,258,-0.012890625
0.4029550552368164,259,-0.103125
0.4041280746459961,260,-0.29648437499999997
0.4052870273590088,261,0.0
0.4064180850982666,262,-0.2578125
0.40753602981567383,263,-0.322265625
0.4086620807647705,264,-0.15468749999999998
0.4097781181335449,265,0.0
0.4108700752258301,266,-0.038671874999999994
0.41205501556396484,267,-0.09023437499999999
0.4135720729827881,268,-0.29648437499999997
0.4150550365447998,269,-0.36093749999999997
0.4166600704193115,270,-1.2374999999999998
0.41823601722717285,271,-0.20625
0.41963911056518555,272,-0.193359375
0.4210679531097412,273,-0.23203125
0.4236180782318115,274,-0.141796875
0.4255199432373047,275,-0.20625
0.427044153213501,276,0.012890625
0.42914414405822754,277,-0.012890625
0.4307260513305664,278,-0.24492187499999998
0.43195295333862305,279,-0.64453125
0.4331331253051758,280,-1.3921875
0.4342830181121826,281,-0.0515625
0.435405969619751,282,-0.09023437499999999
0.43654394149780273,283,0.0
0.43766117095947266,284,-0.20625
0.43877196311950684,285,-0.15468749999999998
0.4398980140686035,286,-0.4640625
0.4410121440887451,287,-0.4125
0.44220399856567383,288,-0.0515625
0.4436790943145752,289,0.012890625
0.4451601505279541,290,-0.012890625
0.4467201232910156,291,-0.21914062499999998
0.4483211040496826,292,-0.141796875
0.4497110843658447,293,-1.0828125
0.45125913619995117,294,0.0
0.45364809036254883,295,-0.09023437499999999
0.4556159973144531,296,-0.23203125
0.45712900161743164,297,-0.193359375
0.4592399597167969,298,-0.09023437499999999
0.4608571529388428,299,0.0
0.4621009826660156,300,-0.0515625
0.4632840156555176,301,-0.20625
0.46442508697509766,302,-0.23203125
0.46555495262145996,303,-0.95390625
0.46666598320007324,304,-1.5726562499999999
0.4677860736846924,305,0.0
0.46889805793762207,306,-0.09023437499999999
0.4700191020965576,307,-0.103125
0.471127986907959,308,-0.12890625
0.47232604026794434,309,-0.167578125
0.4737989902496338,310,-0.4125
0.475283145904541,311,-0.23203125
0.47685909271240234,312,0.012890625
0.47835707664489746,313,-0.064453125
0.47969794273376465,314,-0.21914062499999998
0.48100709915161133,315,-0.116015625
0.48329615592956543,316,-0.825
0.48536205291748047,317,-1.65
0.48678112030029297,318,-0.103125
0.4888651371002197,319,-0.12890625
0.49062204360961914,320,-0.33515625
0.49197816848754883,321,0.038671874999999994
0.4931931495666504,322,0.012890625
0.4943530559539795,323,-0.012890625
0.49548912048339844,324,-0.103125
0.49660611152648926,325,-0.29648437499999997
0.4977250099182129,326,-0.2578125
0.49883604049682617,327,-0.9796874999999999
0.4999959468841553,328,-1.5726562499999999
0.5011391639709473,329,0.0
0.5023369789123535,330,-0.141796875
0.5037791728973389,331,-0.0515625
0.5052461624145508,332,-0.193359375
0.5068390369415283,333,-0.322265625
0.5084559917449951,334,-0.20625
0.5098700523376465,335,-0.012890625
0.511260986328125,336,-0.012890625
0.5136511325836182,337,-0.12890625
0.5156669616699219,338,-0.12890625
0.517186164855957,339,-1.353515625
0.5192990303039551,340,0.0
0.5209031105041504,341,-0.012890625
0.5221500396728516,342,-0.12890625
0.5233571529388428,343,-0.4640625
0.5245270729064941,344,-0.38671875
0.525676965713501,345,0.0
0.5267970561981201,346,-0.012890625
0.5279030799865723,347,-0.02578125
0.5290091037750244,348,-0.167578125
0.5301239490509033,349,-0.2578125
0.5312361717224121,350,-0.4125
0.5324499607086182,351,-1.095703125
0.5338680744171143,352,-1.65
0.5353341102600098,353,-0.0515625
0.5368411540985107,354,-0.064453125
0.5384361743927002,355,-0.23203125
0.5398321151733398,356,-0.38671875
0.5412900447845459,357,-0.322265625
0.5435349941253662,358,0.0
0.5456900596618652,359,-0.012890625
0.5471580028533936,360,-0.141796875
0.549232006072998,361,-0.4640625
0.5509829521179199,362,-1.456640625
0.5522701740264893,363,-0.012890625
0.5535111427307129,364,0.0
0.5546610355377197,365,-0.167578125
0.5557949542999268,366,-0.0515625
0.5569369792938232,367,-0.33515625
0.5580739974975586,368,-0.2578125
0.5591981410980225,369,0.012890625
0.5603110790252686,370,0.0
0.5614199638366699,371,-0.012890625
0.5626180171966553,372,-0.21914062499999998
0.5641169548034668,373,-0.18046874999999998
0.565593957901001,374,-0.7218749999999999
0.5672070980072021,375,-1.5082031249999999
0.568817138671875,376,0.0
0.5702259540557861,377,0.0
0.5716440677642822,378,-0.21914062499999998
0.5743680000305176,379,-0.23203125
0.5760331153869629,380,0.193359375
0.577625036239624,381,0.012890625
0.5797300338745117,382,-0.02578125
0.581186056137085,383,-0.0515625
0.5823910236358643,384,-0.8765624999999999
0.5835840702056885,385,-1.5726562499999999
0.5847330093383789,386,0.0
0.5858471393585205,387,-0.18046874999999998
0.5869600772857666,388,-0.167578125
0.5880711078643799,389,-0.193359375
0.5892000198364258,390,-0.103125
0.5903191566467285,391,-0.33515625
0.5914299488067627,392,-0.24492187499999998
0.5926380157470703,393,0.0
0.5940821170806885,394,0.0
0.5955319404602051,395,-0.012890625
0.5971410274505615,396,-0.23203125
0.5986981391906738,397,-0.37382812499999996
0.6001169681549072,398,-1.340625
0.6014871597290039,399,-0.012890625
0.6041491031646729,400,-0.18046874999999998
0.6059310436248779,401,-0.141796875
0.6074740886688232,402,-0.37382812499999996
0.609605073928833,403,-0.103125
0.6111130714416504,404,0.0
0.6123480796813965,405,-0.09023437499999999
0.6135549545288086,406,-0.23203125
0.6147100925445557,407,-0.399609375
0.6158511638641357,408,-1.1214843749999999
0.6169750690460205,409,-1.65
0.6180851459503174,410,0.0
0.6191811561584473,411,-0.20625
0.6202960014343262,412,-0.116015625
0.6214160919189453,413,-0.103125
0.6226270198822021,414,-0.0515625
0.6240990161895752,415,-0.322265625
0.6255970001220703,416,-0.116015625
0.627208948135376,417,0.0
0.6287860870361328,418,-0.012890625
0.6302499771118164,419,-0.167578125
0.6316511631011963,420,-0.30937499999999996
0.6342830657958984,421,-1.16015625
0.6360270977020264,422,-0.193359375
0.6376020908355713,423,-0.23203125
0.6396970748901367,424,-0.116015625
0.6412420272827148,425,-0.2578125
0.6424570083618164,426,-0.012890625
0.6436431407928467,427,-0.012890625
0.644798994064331,428,-0.012890625
0.6459331512451172,429,-0.23203125
0.6470530033111572,430,-0.167578125
0.64817214012146,431,-0.580078125
0.6492831707000732,432,-1.224609375
0.650393009185791,433,-1.65
0.651500940322876,434,0.0
0.652691125869751,435,-0.24492187499999998
0.654170036315918,436,-0.2578125
0.6556360721588135,437,-0.064453125
0.6572401523590088,438,-0.399609375
0.6587979793548584,439,-0.20625
0.6602959632873535,440,0.0
0.6617460250854492,441,-0.02578125
0.6642601490020752,442,-0.23203125
0.666175127029419,443,-0.36093749999999997
0.6677050590515137,444,-1.65
0.6697890758514404,445,-0.103125
0.6713471412658691,446,-0.20625
