time,count,voltage
0.005258083343505859,1,0.24492187499999998
0.006802082061767578,2,0.0
0.008289098739624023,3,-0.02578125
0.009685039520263672,4,-0.270703125
0.011054039001464844,5,-0.2578125
0.012686967849731445,6,-0.928125
0.014441967010498047,7,-1.65
0.01616501808166504,8,0.0
0.01782703399658203,9,-0.21914062499999998
0.019581079483032227,10,-0.103125
0.02121901512145996,11,-0.21914062499999998
0.022655963897705078,12,0.0
0.02403092384338379,13,-0.012890625
0.025385141372680664,14,-0.012890625
0.026729106903076172,15,-0.322265625
0.028347015380859375,16,-0.4125
0.030067920684814453,17,-1.198828125
0.03176403045654297,18,0.0
0.03351092338562012,19,-0.20625
0.03532695770263672,20,-0.20625
0.03698992729187012,21,-0.30937499999999996
0.03876900672912598,22,-0.07734374999999999
0.04038500785827637,23,0.0
0.042053937911987305,24,-0.038671874999999994
0.043992042541503906,25,-0.23203125
0.04699206352233887,26,-0.502734375
0.04931807518005371,27,0.0
0.050993919372558594,28,-0.18046874999999998
0.05243992805480957,29,-0.0515625
0.054351091384887695,30,-0.33515625
0.056185007095336914,31,0.012890625
0.05748796463012695,32,0.0
0.05874514579772949,33,-0.0515625
0.059906005859375,34,-0.270703125
0.06103110313415527,35,-0.36093749999999997
0.06216692924499512,36,-1.0570312499999999
0.06327509880065918,37,-1.6242187499999998
0.06443095207214355,38,0.0
0.06557011604309082,39,-0.0515625
0.06666994094848633,40,-0.15468749999999998
0.06778311729431152,41,-0.29648437499999997
0.06891202926635742,42,-0.103125
0.07001709938049316,43,-0.36093749999999997
0.07112503051757812,44,-0.30937499999999996
0.07226800918579102,45,0.012890625
0.07337093353271484,46,0.0
0.07445812225341797,47,-0.038671874999999994
0.0755620002746582,48,-0.20625
0.07665705680847168,49,-0.33515625
0.07787394523620605,50,-0.4125
0.07930612564086914,51,-1.134375
0.08055591583251953,52,-0.4125
0.08179092407226562,53,0.0
0.08323311805725098,54,-0.2578125
0.08468508720397949,55,-0.4125
0.08629894256591797,56,-0.012890625
0.08783197402954102,57,-0.12890625
0.08933305740356445,58,0.012890625
0.09097504615783691,59,0.012890625
0.09345293045043945,60,-0.038671874999999994
0.09493303298950195,61,-0.20625
0.09665894508361816,62,-1.198828125
0.09857392311096191,63,0.0
0.0999300479888916,64,-0.116015625
0.1011199951171875,65,-0.29648437499999997
0.10227513313293457,66,-0.12890625
0.10339593887329102,67,-0.37382812499999996
0.10451602935791016,68,-0.322265625
0.10561203956604004,69,0.0
0.10669708251953125,70,-0.012890625
0.10779404640197754,71,-0.0515625
0.10891413688659668,72,-0.18046874999999998
0.11003494262695312,73,-0.36093749999999997
0.11121702194213867,74,-0.515625
0.11260795593261719,75,-1.1859374999999999
0.11405205726623535,76,-1.327734375
0.11560606956481934,77,-0.012890625
0.11717009544372559,78,0.0
0.11858892440795898,79,-0.103125
0.12002110481262207,80,-0.2578125
0.12231612205505371,81,-0.167578125
0.12420296669006348,82,0.012890625
0.12558197975158691,83,-0.0515625
0.127363920211792,84,-0.2578125
0.12932109832763672,85,-0.5929687499999999
0.13083791732788086,86,-1.65
0.13207292556762695,87,-0.02578125
0.13329792022705078,88,-0.09023437499999999
0.13445305824279785,89,-0.24492187499999998
0.135573148727417,90,-0.09023437499999999
0.1366879940032959,91,-0.37382812499999996
0.13779497146606445,92,-0.322265625
0.1389150619506836,93,0.0
0.14000391960144043,94,0.0
0.1411571502685547,95,-0.0515625
0.1425480842590332,96,-0.20625
0.14397692680358887,97,-0.2578125
0.14544892311096191,98,-0.8121093749999999
0.14696812629699707,99,-1.5082031249999999
0.14848899841308594,100,-0.012890625
0.15007901191711426,101,-0.116015625
0.15152692794799805,102,-0.2578125
0.15407896041870117,103,-0.0515625
0.15578794479370117,104,0.21914062499999998
0.15717291831970215,105,0.012890625
0.15907907485961914,106,-0.0515625
0.1609489917755127,107,-0.28359375
0.16229891777038574,108,-0.8121093749999999
0.1635589599609375,109,-1.6371093749999999
0.16474294662475586,110,0.0
0.16588091850280762,111,-0.20625
0.1669931411743164,112,-0.20625
0.16817593574523926,113,-0.167578125
0.16930913925170898,114,-0.270703125
0.17041397094726562,115,-0.33515625
0.1716160774230957,116,-0.193359375
0.17304110527038574,117,0.0
0.1744699478149414,118,-0.012890625
0.17600011825561523,119,-0.15468749999999998
0.1775650978088379,120,-0.30937499999999996
0.17905902862548828,121,-0.8765624999999999
0.18058514595031738,122,-1.65
0.1822950839996338,123,-0.038671874999999994
0.1847379207611084,124,-0.18046874999999998
0.1863260269165039,125,-0.15468749999999998
0.18781495094299316,126,-0.103125
0.18989109992980957,127,0.012890625
0.19158411026000977,128,-0.012890625
0.19287610054016113,129,-0.21914062499999998
0.19404101371765137,130,-0.2578125
0.1951749324798584,131,-0.8765624999999999
0.19631600379943848,132,-1.4953124999999998
0.19744014739990234,133,0.012890625
0.1986370086669922,134,-0.103125
0.1997699737548828,135,0.0
0.20087504386901855,136,-0.28359375
0.20206093788146973,137,-0.103125
0.2034621238708496,138,-0.4640625
0.20493006706237793,139,-0.322265625
0.2064659595489502,140,0.0
0.20799493789672852,141,-0.012890625
0.20950603485107422,142,-0.167578125
0.21095609664916992,143,-0.270703125
0.2125089168548584,144,-0.9152343749999999
0.21503901481628418,145,-1.65
0.21667695045471191,146,-0.12890625
0.21812891960144043,147,-0.20625
0.22006011009216309,148,-0.09023437499999999
0.22197699546813965,149,-0.012890625
0.22330307960510254,150,0.012890625
0.2244579792022705,151,-0.02578125
0.22557806968688965,152,-0.193359375
0.22669005393981934,153,-0.29648437499999997
0.22781109809875488,154,-0.4640625
0.22895503044128418,155,-1.16015625
0.23006796836853027,156,-1.65
0.23116612434387207,157,0.02578125
0.2323610782623291,158,-0.09023437499999999
0.23375606536865234,159,-0.167578125
0.23520708084106445,160,-0.038671874999999994
0.23677706718444824,161,-0.2578125
0.23836803436279297,162,-0.12890625
0.23983407020568848,163,0.012890625
0.24122214317321777,164,-0.02578125
0.2428450584411621,165,-0.18046874999999998
0.24539804458618164,166,-0.2578125
0.24699997901916504,167,-1.2503906249999999
0.2484290599822998,168,0.0
0.25027894973754883,169,-0.193359375
0.2521519660949707,170,-0.29648437499999997
0.2535400390625,171,-0.15468749999999998
0.2547180652618408,172,-0.02578125
0.25585198402404785,173,0.012890625
0.2569770812988281,174,0.0
0.258134126663208,175,-0.02578125
0.25927114486694336,176,-0.30937499999999996
0.2603890895843506,177,-0.33515625
0.26151013374328613,178,-0.7476562499999999
0.26270604133605957,179,-1.3664062499999998
0.2641911506652832,180,0.0
0.2656369209289551,181,-0.02578125
0.26718902587890625,182,-0.07734374999999999
0.26882195472717285,183,-0.116015625
0.27025508880615234,184,-0.15468749999999998
0.2717559337615967,185,-0.012890625
0.27353596687316895,186,0.012890625
0.27591395378112793,187,-0.012890625
0.27753400802612305,188,-0.2578125
0.2789599895477295,189,-0.837890625
0.28090596199035645,190,-1.6371093749999999
0.2827320098876953,191,-0.07734374999999999
0.2840690612792969,192,-0.193359375
0.28525495529174805,193,-0.20625
0.28640198707580566,194,-0.37382812499999996
0.2875239849090576,195,-0.37382812499999996
0.28872203826904297,196,-0.012890625
0.289837121963501,197,-0.012890625
0.2909400463104248,198,-0.02578125
0.29204392433166504,199,-0.103125
0.29323911666870117,200,-0.322265625
0.2946469783782959,201,-0.399609375
0.2961540222167969,202,-1.16015625
0.29769396781921387,203,-0.038671874999999994
0.29929494857788086,204,0.0
0.3007240295410156,205,-0.23203125
0.3021681308746338,206,-0.09023437499999999
0.3038330078125,207,-0.36093749999999997
0.3062911033630371,208,-0.193359375
0.3079061508178711,209,-0.012890625
0.30959391593933105,210,-0.20625
0.31100010871887207,211,-0.20625
0.31261301040649414,212,-0.95390625
0.3145749568939209,213,-1.65
0.31628894805908203,214,-0.064453125
0.31760692596435547,215,-0.270703125
0.3188049793243408,216,0.0
0.31994199752807617,217,-0.399609375
0.32106900215148926,218,-0.30937499999999996
0.32276296615600586,219,0.0
0.32409095764160156,220,0.0
0.32555413246154785,221,-0.09023437499999999
0.32699012756347656,222,-0.322265625
0.3285839557647705,223,-0.515625
0.33006811141967773,224,-1.3792968749999999
0.33155298233032227,225,0.0
0.33300304412841797,226,-0.18046874999999998
0.33526015281677246,227,-0.33515625
0.33731794357299805,228,-0.064453125
0.33884692192077637,229,0.348046875
0.3406240940093994,230,0.0
0.3425259590148926,231,-0.0515625
0.3439359664916992,232,-0.270703125
0.3451271057128906,233,-0.7734375
0.34626102447509766,234,-1.456640625
0.3473780155181885,235,0.0
0.3485860824584961,236,-0.02578125
0.3497159481048584,237,-0.15468749999999998
0.3508310317993164,238,-0.30937499999999996
0.35193300247192383,239,-0.15468749999999998
0.35303592681884766,240,-0.42539062499999997
0.35420894622802734,241,-0.4125
0.35561299324035645,242,-0.012890625
0.35709714889526367,243,-0.012890625
0.3586289882659912,244,-0.012890625
0.36018896102905273,245,-0.29648437499999997
0.361530065536499,246,-0.4640625
0.3628361225128174,247,-1.2503906249999999
0.3645899295806885,248,-0.116015625
0.3669469356536865,249,0.0
0.3684251308441162,250,-0.193359375
0.3699960708618164,251,-0.30937499999999996
0.3721170425415039,252,-0.23203125
0.3737919330596924,253,0.012890625
0.3750290870666504,254,-0.02578125
0.3762369155883789,255,-0.2578125
0.37737202644348145,256,-0.24492187499999998
0.3785841464996338,257,-0.8765624999999999
0.37975096702575684,258,-1.52109375
0.38086795806884766,259,0.0
0.3820149898529053,260,0.0
0.3831140995025635,261,-0.09023437499999999
0.38430213928222656,262,-0.28359375
0.38570094108581543,263,-0.07734374999999999
0.38722801208496094,264,-0.33515625
0.3889329433441162,265,-0.103125
0.3905370235443115,266,0.012890625
0.3919210433959961,267,-0.02578125
0.3933379650115967,268,-0.2578125
0.39513707160949707,269,-0.37382812499999996
0.3977479934692383,270,-1.1859374999999999
0.399367094039917,271,-0.012890625
0.4009270668029785,272,-0.2578125
0.4028940200805664,273,-0.15468749999999998
0.4046909809112549,274,-0.23203125
0.40600109100341797,275,0.012890625
0.40719103813171387,276,0.0
0.40832996368408203,277,-0.0515625
0.4094679355621338,278,-0.322265625
0.41057705879211426,279,-0.2578125
0.4117259979248047,280,-0.863671875
0.41283106803894043,281,-1.4953124999999998
0.4139590263366699,282,-0.012890625
0.41513609886169434,283,-0.02578125
0.41654205322265625,284,-0.20625
0.4179971218109131,285,-0.322265625
0.41960811614990234,286,-0.02578125
0.42127513885498047,287,-0.103125
0.422745943069458,288,-0.012890625
0.424191951751709,289,-0.012890625
0.4256551265716553,290,-0.07734374999999999
0.4283449649810791,291,-0.33515625
0.43006110191345215,292,-1.018359375
0.43149900436401367,293,0.012890625
0.4334230422973633,294,-0.167578125
0.4352691173553467,295,-0.2578125
0.4366450309753418,296,-0.270703125
0.4378650188446045,297,-0.103125
0.43911314010620117,298,0.012890625
0.4402499198913574,299,-0.012890625
0.44135594367980957,300,-0.012890625
0.44246411323547363,301,-0.2578125
0.4435899257659912,302,-0.36093749999999997
0.4447059631347656,303,-0.708984375
0.44589710235595703,304,-1.327734375
0.4472839832305908,305,0.0
0.4488351345062256,306,-0.0515625
0.4502840042114258,307,-0.103125
0.4519679546356201,308,-0.167578125
0.45339012145996094,309,-0.24492187499999998
0.4548630714416504,310,-0.12890625
0.45674896240234375,311,0.0
0.45913004875183105,312,-0.02578125
0.4607429504394531,313,-0.24492187499999998
0.4623410701751709,314,-0.837890625
0.464324951171875,315,-1.5726562499999999
0.4659290313720703,316,-0.0515625
0.46727895736694336,317,-0.103125
0.46849894523620605,318,-0.103125
0.46990299224853516,319,-0.28359375
0.4711151123046875,320,-0.2578125
0.47225403785705566,321,0.012890625
0.47336792945861816,322,-0.012890625
0.4744679927825928,323,-0.064453125
0.4755871295928955,324,-0.21914062499999998
0.47679996490478516,325,-0.29648437499999997
0.47832703590393066,326,-0.5671875
0.47979092597961426,327,-1.3148437499999999
0.48133397102355957,328,0.0
0.4828500747680664,329,-0.103125
0.4843900203704834,330,-0.2578125
0.48587703704833984,331,-0.064453125
0.4878089427947998,332,-0.2578125
0.4902470111846924,333,-0.064453125
0.49187612533569336,334,-0.02578125
0.49361205101013184,335,-0.270703125
0.4956190586090088,336,-0.322265625
0.49718713760375977,337,-1.456640625
0.4984779357910156,338,0.0
0.49971508979797363,339,-0.116015625
0.5008590221405029,340,-0.4125
0.5020351409912109,341,-0.07734374999999999
0.5032060146331787,342,-0.399609375
0.5043399333953857,343,-0.322265625
0.5054769515991211,344,0.0
0.5065751075744629,345,-0.012890625
0.5078139305114746,346,-0.02578125
0.5094001293182373,347,-0.20625
0.5108990669250488,348,-0.322265625
0.5124490261077881,349,-0.9410156249999999
0.5140600204467773,350,-1.65
0.5155179500579834,351,-0.02578125
0.5169999599456787,352,-0.103125
0.5190069675445557,353,-0.20625
0.5214829444885254,354,-0.23203125
0.5229721069335938,355,0.012890625
0.5247290134429932,356,-0.012890625
0.5267810821533203,357,-0.167578125
0.5282659530639648,358,-0.30937499999999996
0.5294699668884277,359,-1.2503906249999999
0.5306119918823242,360,-0.09023437499999999
0.5317869186401367,361,-0.0515625
0.5329070091247559,362,-0.167578125
0.5340621471405029,363,-0.28359375
0.535207986831665,364,-0.07734374999999999
0.5363249778747559,365,-0.4125
0.5374181270599365,366,-0.37382812499999996
0.5387020111083984,367,-0.0515625
0.5401511192321777,368,-0.012890625
0.5416140556335449,369,-0.0515625
0.5431530475616455,370,-0.24492187499999998
0.5446920394897461,371,-0.23203125
0.5460619926452637,372,-1.1214843749999999
0.5475759506225586,373,0.012890625
0.5489590167999268,374,0.0
0.5515949726104736,375,-0.116015625
0.5533699989318848,376,-0.0515625
0.5548210144042969,377,0.09023437499999999
0.5567610263824463,378,0.0
0.5586121082305908,379,-0.012890625
0.5599479675292969,380,-0.23203125
0.5611240863800049,381,-0.399609375
0.562251091003418,382,-1.147265625
0.5633950233459473,383,-1.65
0.5645351409912109,384,0.0
0.5656681060791016,385,-0.12890625
0.5667750835418701,386,-0.18046874999999998
0.5678811073303223,387,-0.12890625
0.569162130355835,388,0.0
0.5705549716949463,389,-0.21914062499999998
0.572058916091919,390,-0.0515625
0.5736701488494873,391,0.012890625
0.5752129554748535,392,-0.064453125
0.5766191482543945,393,-0.29648437499999997
0.5781090259552002,394,-0.322265625
0.5795600414276123,395,-1.198828125
0.5824849605560303,396,-0.0515625
0.5842580795288086,397,-0.116015625
0.5856289863586426,398,-0.0515625
0.5874979496002197,399,-0.322265625
0.5895090103149414,400,-0.064453125
0.5908629894256592,401,0.012890625
0.5920300483703613,402,-0.103125
0.5931501388549805,403,-0.33515625
0.594257116317749,404,-0.37382812499999996
0.5953900814056396,405,-1.095703125
0.5965120792388916,406,-1.65
0.5976359844207764,407,0.0
0.5987570285797119,408,-0.02578125
0.5999429225921631,409,-0.116015625
0.6013240814208984,410,-0.29648437499999997
0.6027541160583496,411,-0.064453125
0.6044061183929443,412,-0.116015625
0.6060659885406494,413,0.09023437499999999
0.6074481010437012,414,0.012890625
0.6088969707489014,415,-0.0515625
0.6106231212615967,416,-0.29648437499999997
0.6132581233978271,417,-0.515625
0.6148099899291992,418,0.0
0.6163859367370605,419,-0.18046874999999998
0.6184370517730713,420,-0.270703125
0.6201319694519043,421,-0.20625
0.6215910911560059,422,0.103125
0.6227591037750244,423,0.0
0.6238689422607422,424,-0.012890625
0.6249630451202393,425,-0.012890625
0.6260581016540527,426,-0.193359375
0.627169132232666,427,-0.09023437499999999
0.6283149719238281,428,-0.6703125
0.6294739246368408,429,-1.327734375
0.6306660175323486,430,-0.15468749999999998
0.6320879459381104,431,-0.012890625
0.6335129737854004,432,0.0
0.6350071430206299,433,-0.12890625
0.6366150379180908,434,-0.37382812499999996
0.6383020877838135,435,-0.18046874999999998
0.6398611068725586,436,0.0
0.6411681175231934,437,-0.012890625
0.6434321403503418,438,-0.20625
0.6455531120300293,439,-0.20625
