time,count,voltage
0.004246950149536133,1,-1.044140625
0.0056798458099365234,2,-0.554296875
0.006970882415771484,3,-0.20625
0.008236885070800781,4,-0.2578125
0.015315055847167969,5,-0.631640625
0.017101049423217773,6,-0.476953125
0.018476009368896484,7,-0.43828124999999996
0.019778966903686523,8,-0.889453125
0.021064043045043945,9,-1.5597656249999998
0.02230691909790039,10,-0.0515625
0.023540019989013672,11,-0.2578125
0.03975200653076172,12,-0.2578125
0.04587388038635254,13,-0.42539062499999997
0.04735088348388672,14,0.012890625
0.04866600036621094,15,-0.103125
0.0499570369720459,16,-0.23203125
0.05122184753417969,17,-0.54140625
0.05247306823730469,18,-0.760546875
0.05370497703552246,19,-1.4437499999999999
0.054939985275268555,20,-0.116015625
0.056160926818847656,21,-0.116015625
0.057389020919799805,22,-0.348046875
0.0586090087890625,23,-0.33515625
0.05983901023864746,24,-0.29648437499999997
0.06107306480407715,25,-0.30937499999999996
0.062309980392456055,26,-0.28359375
0.0635368824005127,27,0.0
0.06475305557250977,28,-0.0515625
0.06596899032592773,29,-0.23203125
0.0671849250793457,30,-0.515625
0.06840085983276367,31,-0.734765625
0.08080291748046875,32,-1.147265625
0.08358001708984375,33,-1.65
0.08606386184692383,34,-0.42539062499999997
0.08853983879089355,35,-1.3148437499999999
0.09054899215698242,36,-0.2578125
0.09186601638793945,37,-0.167578125
0.09325790405273438,38,-0.348046875
0.09453606605529785,39,-0.36093749999999997
0.09581589698791504,40,-0.33515625
0.0970618724822998,41,-0.0515625
0.09827995300292969,42,-0.038671874999999994
0.09962892532348633,43,-0.193359375
0.10097384452819824,44,-0.48984374999999997
0.10717606544494629,45,-0.64453125
0.10920906066894531,46,-1.3664062499999998
0.11117887496948242,47,-0.29648437499999997
0.11438989639282227,48,-0.2578125
0.11640191078186035,49,-0.038671874999999994
0.11855792999267578,50,-0.322265625
0.12082099914550781,51,-0.6703125
0.12223291397094727,52,0.0
0.12350606918334961,53,-0.29648437499999997
0.12477302551269531,54,-0.167578125
0.12604904174804688,55,-0.37382812499999996
0.12728190422058105,56,-0.23203125
0.12853288650512695,57,-0.270703125
0.12979483604431152,58,-0.116015625
0.13106083869934082,59,-0.012890625
0.13667798042297363,60,-0.12890625
0.1387770175933838,61,-0.33515625
0.1408548355102539,62,-0.20625
0.1430048942565918,63,-0.36093749999999997
0.1459369659423828,64,-0.167578125
0.14793086051940918,65,0.33515625
0.15051603317260742,66,-0.02578125
0.1520678997039795,67,-0.4125
0.1533980369567871,68,-1.0570312499999999
0.1546769142150879,69,-1.65
0.15591096878051758,70,-0.167578125
0.15720701217651367,71,-0.270703125
0.15845084190368652,72,-0.43828124999999996
0.15977191925048828,73,-0.322265625
0.1610100269317627,74,-0.322265625
0.16668295860290527,75,-0.36093749999999997
0.16884899139404297,76,-0.012890625
0.17068696022033691,77,-0.708984375
0.1722118854522705,78,-1.65
0.17507386207580566,79,-0.193359375
0.17701101303100586,80,-0.476953125
0.17914485931396484,81,-0.502734375
0.18142294883728027,82,-0.012890625
0.18286991119384766,83,-0.07734374999999999
0.18425583839416504,84,-0.4125
0.18552684783935547,85,-0.5929687499999999
0.1867809295654297,86,-1.198828125
0.18801188468933105,87,-1.65
0.1892540454864502,88,-0.20625
0.1905989646911621,89,-0.2578125
0.19186687469482422,90,-0.270703125
0.197706937789917,91,-0.4125
0.20023202896118164,92,-0.28359375
0.20218491554260254,93,-0.322265625
0.2051088809967041,94,-0.889453125
0.20699000358581543,95,-0.12890625
0.20907187461853027,96,-0.270703125
0.21129298210144043,97,-0.30937499999999996
0.2128448486328125,98,-0.02578125
0.21438002586364746,99,0.0
0.21575498580932617,100,-0.07734374999999999
0.2170419692993164,101,-0.322265625
0.2183070182800293,102,-0.64453125
0.21961688995361328,103,-1.018359375
0.22091388702392578,104,-1.611328125
0.22218704223632812,105,0.0
0.22794103622436523,106,-0.2578125
0.23015904426574707,107,-0.631640625
0.2321009635925293,108,-0.012890625
0.23476600646972656,109,-0.21914062499999998
0.23700594902038574,110,-0.54140625
0.23896384239196777,111,-1.5984375
0.24131298065185547,112,-0.37382812499999996
0.24282288551330566,113,-0.4125
0.24420595169067383,114,-0.29648437499999997
0.24550986289978027,115,-0.20625
0.2467648983001709,116,-0.0515625
0.24800992012023926,117,-0.012890625
0.24924802780151367,118,-0.167578125
0.25058603286743164,119,-0.4640625
0.25183701515197754,120,-0.734765625
0.2531399726867676,121,-1.1859374999999999
0.25887084007263184,122,-1.65
0.2610468864440918,123,-0.0515625
0.2632720470428467,124,-0.2578125
0.2661449909210205,125,0.0
0.2680690288543701,126,-0.20625
0.2701699733734131,127,-0.54140625
0.2723879814147949,128,-1.5082031249999999
0.2738618850708008,129,-0.28359375
0.27517199516296387,130,-0.2578125
0.2765040397644043,131,-0.37382812499999996
0.277785062789917,132,-0.29648437499999997
0.27902984619140625,133,-0.23203125
0.2802999019622803,134,0.0
0.28153085708618164,135,-0.012890625
0.28276705741882324,136,-0.20625
0.2839958667755127,137,-0.476953125
0.2894749641418457,138,-0.734765625
0.29125094413757324,139,-1.1859374999999999
0.2927210330963135,140,-0.451171875
0.29408788681030273,141,-0.30937499999999996
0.29601192474365234,142,-0.2578125
0.2982819080352783,143,-0.20625
0.2997269630432129,144,-0.12890625
0.30316686630249023,145,-0.476953125
0.3048839569091797,146,-1.353515625
0.3062138557434082,147,-0.167578125
0.30752992630004883,148,-0.4125
0.3088059425354004,149,-0.29648437499999997
0.3102090358734131,150,-0.270703125
0.31150102615356445,151,-0.4125
0.3127739429473877,152,-0.2578125
0.31400489807128906,153,0.0
0.31987905502319336,154,-0.064453125
0.322005033493042,155,-0.29648437499999997
0.3239939212799072,156,-0.15468749999999998
0.32658886909484863,157,-0.4640625
0.32904696464538574,158,-0.167578125
0.3311460018157959,159,0.30937499999999996
0.3334939479827881,160,-0.02578125
0.33501291275024414,161,-0.4125
0.3363640308380127,162,-0.8121093749999999
0.3376469612121582,163,-1.546875
0.33888888359069824,164,-0.15468749999999998
0.34019899368286133,165,-0.21914062499999998
0.34147191047668457,166,-0.30937499999999996
0.34273195266723633,167,-0.5671875
0.34397006034851074,168,-0.270703125
0.3495810031890869,169,-0.28359375
0.3518378734588623,170,-0.09023437499999999
0.35365986824035645,171,-0.5285156249999999
0.35526204109191895,172,-1.5726562499999999
0.35840296745300293,173,-0.30937499999999996
0.36012887954711914,174,-0.4125
0.36263203620910645,175,-0.193359375
0.3645179271697998,176,0.18046874999999998
0.36594104766845703,177,-0.064453125
0.36723899841308594,178,-0.33515625
0.3684999942779541,179,-0.64453125
0.369783878326416,180,-1.0828125
0.37103700637817383,181,-1.65
0.3722689151763916,182,-0.18046874999999998
0.3735499382019043,183,-0.28359375
0.37479186058044434,184,-0.21914062499999998
0.3809208869934082,185,-0.322265625
0.3830380439758301,186,-0.2578125
0.3848600387573242,187,-0.38671875
0.3874020576477051,188,-0.6187499999999999
0.38982295989990234,189,-1.611328125
0.39189887046813965,190,-0.4640625
0.3941218852996826,191,-0.4125
0.3957798480987549,192,-0.348046875
0.3972010612487793,193,-0.012890625
0.39849305152893066,194,-0.09023437499999999
0.39981889724731445,195,-0.2578125
0.4010889530181885,196,-0.580078125
0.40233802795410156,197,-0.7218749999999999
0.4035959243774414,198,-1.405078125
0.40485095977783203,199,-0.4125
0.4107780456542969,200,-0.18046874999999998
0.4134700298309326,201,-0.322265625
0.41535186767578125,202,0.012890625
0.4182109832763672,203,-0.270703125
0.42093896865844727,204,-0.580078125
0.4232339859008789,205,-0.064453125
0.42517685890197754,206,-0.322265625
0.42658305168151855,207,-0.399609375
0.42786502838134766,208,-0.33515625
0.4291958808898926,209,-0.21914062499999998
0.4315359592437744,210,-0.012890625
0.4328608512878418,211,-0.141796875
0.4341268539428711,212,-0.515625
0.4353828430175781,213,-0.6703125
0.4414858818054199,214,-1.21171875
0.44353604316711426,215,-1.65
0.4458310604095459,216,-0.193359375
0.4481048583984375,217,-0.038671874999999994
0.4514288902282715,218,-0.103125
0.45352888107299805,219,-0.4125
0.45584607124328613,220,-1.41796875
0.4573838710784912,221,-0.28359375
0.4587209224700928,222,-0.2578125
0.46010303497314453,223,-0.36093749999999997
0.4614088535308838,224,-0.4640625
0.4626789093017578,225,-0.29648437499999997
0.4639279842376709,226,0.0
0.465364933013916,227,-0.0515625
0.47110986709594727,228,-0.21914062499999998
0.47333502769470215,229,-0.5671875
0.4751429557800293,230,-0.43828124999999996
0.4775278568267822,231,-0.4125
0.4802110195159912,232,-0.2578125
0.48198986053466797,233,-0.012890625
0.48436689376831055,234,-0.193359375
0.48607897758483887,235,-0.5929687499999999
0.48743200302124023,236,-1.3921875
0.4887540340423584,237,-0.012890625
0.4901609420776367,238,-0.2578125
0.4914360046386719,239,-0.4640625
0.4927098751068115,240,-0.37382812499999996
0.4939839839935303,241,-0.28359375
0.4952249526977539,242,-0.21914062499999998
0.49646806716918945,243,-0.09023437499999999
0.49975085258483887,244,-0.012890625
0.5012938976287842,245,-0.103125
0.5027730464935303,246,-0.5671875
0.5041439533233643,247,-1.405078125
0.505457878112793,248,-0.07734374999999999
0.5110030174255371,249,-0.21914062499999998
0.5133299827575684,250,0.038671874999999994
0.5147819519042969,251,-0.02578125
0.5166778564453125,252,-0.167578125
0.5185959339141846,253,-0.515625
0.5200059413909912,254,-1.044140625
0.521204948425293,255,-1.65
0.5223920345306396,256,-0.18046874999999998
0.5235469341278076,257,-0.2578125
0.524677038192749,258,-0.399609375
0.5258040428161621,259,-0.580078125
0.5269219875335693,260,-0.064453125
0.528033971786499,261,-0.29648437499999997
0.529278039932251,262,-0.20625
0.5307798385620117,263,-0.02578125
0.5322380065917969,264,-0.064453125
0.5338778495788574,265,-0.23203125
0.535398006439209,266,-0.6574218749999999
0.5367770195007324,267,-1.1859374999999999
0.5381419658660889,268,-1.65
0.5404610633850098,269,-0.167578125
0.5424058437347412,270,-0.322265625
0.5439510345458984,271,-0.167578125
0.546083927154541,272,-0.2578125
0.5476610660552979,273,0.0
0.5488898754119873,274,-0.07734374999999999
0.5500829219818115,275,-0.30937499999999996
0.5512359142303467,276,-0.631640625
0.5523769855499268,277,-0.8507812499999999
0.5534999370574951,278,-1.456640625
0.5546128749847412,279,-0.09023437499999999
0.5557219982147217,280,-0.07734374999999999
0.5568299293518066,281,-0.322265625
0.5579440593719482,282,-0.30937499999999996
0.5590620040893555,283,-0.43828124999999996
0.5602829456329346,284,-0.2578125
0.5616939067840576,285,-0.33515625
0.563148021697998,286,-0.167578125
0.5647280216217041,287,-0.02578125
0.5663230419158936,288,-0.167578125
0.5677130222320557,289,-0.502734375
0.5691180229187012,290,-0.6832031249999999
0.5713379383087158,291,-1.405078125
0.5734169483184814,292,-0.116015625
0.5748889446258545,293,-0.4640625
0.5769238471984863,294,-0.322265625
0.5786919593811035,295,-0.141796875
0.5800590515136719,296,0.23203125
0.5812299251556396,297,-0.02578125
0.5823659896850586,298,-0.20625
0.5834879875183105,299,-0.4640625
0.5846068859100342,300,-0.7218749999999999
0.5857150554656982,301,-0.928125
0.5868179798126221,302,-1.533984375
0.5879249572753906,303,-0.09023437499999999
0.5890288352966309,304,-0.12890625
0.5902278423309326,305,-0.37382812499999996
0.5916528701782227,306,-0.29648437499999997
0.5931339263916016,307,-0.476953125
0.5946929454803467,308,-0.2578125
0.5962779521942139,309,-0.12890625
0.5977039337158203,310,-0.02578125
0.5990829467773438,311,-0.064453125
0.6011359691619873,312,-0.36093749999999997
0.6033680438995361,313,-0.6703125
0.6048388481140137,314,-1.65
0.6067628860473633,315,-0.322265625
0.6085669994354248,316,-0.36093749999999997
0.6098730564117432,317,-0.33515625
0.6110599040985107,318,-0.399609375
0.6122019290924072,319,-0.29648437499999997
0.6133389472961426,320,0.0
0.6144490242004395,321,-0.0515625
0.6155610084533691,322,-0.15468749999999998
0.6166830062866211,323,-0.37382812499999996
0.617790937423706,324,-0.6703125
0.6189029216766357,325,-0.863671875
0.6200299263000488,326,-1.4437499999999999
0.6212170124053955,327,-0.515625
0.6225919723510742,328,-0.193359375
0.6240408420562744,329,-0.30937499999999996
0.6256070137023926,330,-0.28359375
0.6271729469299316,331,-0.30937499999999996
0.6285488605499268,332,-0.30937499999999996
0.6300749778747559,333,-0.0515625
0.6324169635772705,334,-0.02578125
0.6344318389892578,335,-0.21914062499999998
0.635936975479126,336,-0.515625
0.6380529403686523,337,-1.340625
0.6397089958190918,338,-0.12890625
0.6409690380096436,339,-0.4125
0.6421349048614502,340,-0.42539062499999997
0.6432619094848633,341,-0.20625
0.6443839073181152,342,-0.451171875
0.645521879196167,343,-0.37382812499999996
0.6466598510742188,344,0.0
0.6477680206298828,345,-0.0515625
0.6488900184631348,346,-0.12890625
0.6500239372253418,347,-0.4125
0.6512210369110107,348,-0.6703125
0.6526329517364502,349,-0.8765624999999999
0.6541080474853516,350,-1.5597656249999998
0.6557178497314453,351,0.0
0.6572170257568359,352,-0.18046874999999998
0.658560037612915,353,-0.43828124999999996
0.6599948406219482,354,-0.270703125
0.662431001663208,355,-0.270703125
0.664315938949585,356,0.116015625
0.6658408641815186,357,-0.0515625
0.6679120063781738,358,-0.37382812499999996
0.6695418357849121,359,-0.54140625
0.6707968711853027,360,-1.4953124999999998
0.6719570159912109,361,-0.038671874999999994
0.6730940341949463,362,-0.23203125
0.6742138862609863,363,-0.43828124999999996
0.6753299236297607,364,-0.43828124999999996
0.6764428615570068,365,-0.23203125
0.6775610446929932,366,-0.4125
0.6786699295043945,367,-0.37382812499999996
0.679797887802124,368,-0.103125
0.6809189319610596,369,-0.02578125
0.6821129322052002,370,-0.064453125
0.6835119724273682,371,-0.322265625
0.6849658489227295,372,-0.6703125
0.6865789890289307,373,-1.00546875
0.6881279945373535,374,-1.65
0.6895289421081543,375,-0.167578125
0.6909739971160889,376,-0.37382812499999996
0.6934669017791748,377,-0.42539062499999997
0.6953198909759521,378,-0.4125
0.6968898773193359,379,0.193359375
0.6990048885345459,380,-0.0515625
0.7005939483642578,381,-0.167578125
0.7018189430236816,382,-0.554296875
0.7029778957366943,383,-1.0828125
0.7041120529174805,384,-1.65
0.7052619457244873,385,0.0
0.7063970565795898,386,-0.2578125
0.7075269222259521,387,-0.38671875
0.7086560726165771,388,-0.399609375
0.7097959518432617,389,-0.29648437499999997
0.7109239101409912,390,-0.4125
0.7121329307556152,391,-0.37382812499999996
0.71356201171875,392,-0.012890625
0.7150280475616455,393,-0.103125
0.7165918350219727,394,-0.20625
0.7181639671325684,395,-0.515625
0.7196018695831299,396,-0.8507812499999999
0.7210969924926758,397,-1.5597656249999998
0.723207950592041,398,-0.02578125
0.7253799438476562,399,-0.322265625
0.7268469333648682,400,-0.29648437499999997
0.7289118766784668,401,-0.4125
0.7307009696960449,402,-0.09023437499999999
0.7319760322570801,403,-0.064453125
0.733151912689209,404,-0.2578125
0.7343020439147949,405,-0.631640625
0.7354369163513184,406,-0.7863281249999999
0.7365579605102539,407,-1.3792968749999999
0.7376708984375,408,-1.65
0.738771915435791,409,-0.103125
0.7399439811706543,410,-0.24492187499999998
0.7410769462585449,411,-0.5929687499999999
0.7422828674316406,412,-0.4125
0.7436950206756592,413,-0.193359375
0.7451610565185547,414,-0.322265625
0.7467799186706543,415,-0.0515625
0.7482788562774658,416,-0.012890625
0.749687910079956,417,-0.20625
0.7511179447174072,418,-0.54140625
0.7535500526428223,419,-0.69609375
0.7553188800811768,420,-1.65
0.7568490505218506,421,-0.21914062499999998
0.7589850425720215,422,-0.322265625
0.7606220245361328,423,-0.2578125
0.7618539333343506,424,-0.28359375
0.7629990577697754,425,-0.09023437499999999
0.7641260623931885,426,-0.02578125
0.7652480602264404,427,-0.07734374999999999
0.7663729190826416,428,-0.322265625
0.7674839496612549,429,-0.64453125
0.7685928344726562,430,-0.760546875
0.7697150707244873,431,-1.2890625
0.7708330154418945,432,-1.65
0.77193284034729,433,-0.064453125
0.7731070518493652,434,-0.2578125
