time,count,voltage
0.005593776702880859,1,-0.20625
0.007264852523803711,2,0.24492187499999998
0.008977890014648438,3,-0.012890625
0.010426998138427734,4,-0.012890625
0.011847972869873047,5,-0.37382812499999996
0.01326894760131836,6,-0.580078125
0.014658927917480469,7,-1.405078125
0.0160369873046875,8,0.0
0.017538785934448242,9,-0.09023437499999999
0.019145965576171875,10,-0.116015625
0.02091193199157715,11,-0.193359375
0.022603988647460938,12,-0.322265625
0.024426937103271484,13,0.07734374999999999
0.02603292465209961,14,-0.012890625
0.02772998809814453,15,-0.07734374999999999
0.029259920120239258,16,-0.38671875
0.03068399429321289,17,-0.992578125
0.03207087516784668,18,-1.65
0.03342700004577637,19,-0.012890625
0.035008907318115234,20,-0.21914062499999998
0.03673887252807617,21,-0.36093749999999997
0.03849482536315918,22,-0.30937499999999996
0.040248870849609375,23,-0.02578125
0.04210400581359863,24,0.0
0.043745994567871094,25,-0.02578125
0.045471906661987305,26,-0.29648437499999997
0.04709482192993164,27,-0.6187499999999999
0.04890894889831543,28,-1.5597656249999998
0.05076193809509277,29,-0.012890625
0.05341482162475586,30,-0.12890625
0.05632591247558594,31,-0.18046874999999998
0.05827188491821289,32,0.116015625
0.05990791320800781,33,-0.02578125
0.0618898868560791,34,-0.2578125
0.0640869140625,35,-0.4125
0.06614398956298828,36,-1.5726562499999999
0.06779098510742188,37,-0.02578125
0.06925797462463379,38,-0.30937499999999996
0.07068085670471191,39,-0.12890625
0.07205390930175781,40,-0.30937499999999996
0.0734260082244873,41,-0.103125
0.07477998733520508,42,0.012890625
0.07612991333007812,43,-0.02578125
0.07760477066040039,44,-0.18046874999999998
0.07930278778076172,45,-0.38671875
0.08083486557006836,46,-0.992578125
0.08223891258239746,47,-0.605859375
0.08359885215759277,48,-0.0515625
0.08497190475463867,49,-0.167578125
0.08633589744567871,50,-0.54140625
0.08769798278808594,51,-0.0515625
0.0892188549041748,52,-0.103125
0.0907278060913086,53,0.09023437499999999
0.09244394302368164,54,-0.012890625
0.0941770076751709,55,-0.012890625
0.09601879119873047,56,-0.37382812499999996
0.09781384468078613,57,-0.9410156249999999
0.09978389739990234,58,0.0
0.10191082954406738,59,-0.167578125
0.10475683212280273,60,-0.38671875
0.10705399513244629,61,0.0
0.1089169979095459,62,0.012890625
0.11102581024169922,63,-0.012890625
0.11336779594421387,64,-0.36093749999999997
0.11522984504699707,65,-1.198828125
0.11674189567565918,66,0.0
0.11831998825073242,67,-0.141796875
0.1198568344116211,68,-0.36093749999999997
0.12133193016052246,69,-0.23203125
0.12283086776733398,70,-0.15468749999999998
0.12451481819152832,71,0.0
0.12604594230651855,72,-0.012890625
0.12755799293518066,73,-0.103125
0.12920689582824707,74,-0.37382812499999996
0.13182878494262695,75,-0.95390625
0.1334528923034668,76,0.012890625
0.13501787185668945,77,-0.18046874999999998
0.13710689544677734,78,-0.4125
0.1387169361114502,79,-0.29648437499999997
0.13997888565063477,80,0.09023437499999999
0.141157865524292,81,0.0
0.1422889232635498,82,-0.012890625
0.1434187889099121,83,-0.0515625
0.14453482627868652,84,-0.348046875
0.14564895629882812,85,-0.4125
0.14679694175720215,86,-1.00546875
0.1479649543762207,87,-1.611328125
0.14918780326843262,88,0.0
0.15059685707092285,89,-0.0515625
0.15204977989196777,90,0.0
0.15359282493591309,91,-0.21914062499999998
0.1551058292388916,92,-0.322265625
0.15643882751464844,93,-0.012890625
0.15784478187561035,94,0.0
0.15971779823303223,95,-0.012890625
0.1620769500732422,96,-0.103125
0.16363191604614258,97,-0.515625
0.16512489318847656,98,-1.52109375
0.1670517921447754,99,0.0
0.16882586479187012,100,-0.15468749999999998
0.17012977600097656,101,-0.103125
0.1713089942932129,102,-0.23203125
0.17245984077453613,103,-0.193359375
0.17362189292907715,104,0.0
0.17473483085632324,105,0.0
0.1758418083190918,106,-0.012890625
0.1769568920135498,107,-0.103125
0.1780848503112793,108,-0.43828124999999996
0.1793079376220703,109,-0.476953125
0.1807239055633545,110,-1.147265625
0.18218684196472168,111,-0.7734375
0.18370294570922852,112,-0.0515625
0.1852269172668457,113,-0.064453125
0.18663382530212402,114,-0.4125
0.1882028579711914,115,-0.37382812499999996
0.1901259422302246,116,-0.18046874999999998
0.1925499439239502,117,0.012890625
0.19407200813293457,118,-0.012890625
0.19566679000854492,119,-0.37382812499999996
0.19784188270568848,120,-0.7863281249999999
0.19940686225891113,121,-0.5285156249999999
0.2006378173828125,122,-0.103125
0.20180487632751465,123,-0.064453125
0.20293092727661133,124,-0.502734375
0.20405793190002441,125,-0.103125
0.20519685745239258,126,-0.23203125
0.2063448429107666,127,-0.15468749999999998
0.20749378204345703,128,0.0
0.20859193801879883,129,0.0
0.20976686477661133,130,-0.012890625
0.2111659049987793,131,-0.270703125
0.21263384819030762,132,-0.4125
0.21419286727905273,133,-1.0570312499999999
0.21572589874267578,134,-1.224609375
0.21723198890686035,135,-0.0515625
0.2188129425048828,136,-0.0515625
0.22058987617492676,137,-0.167578125
0.22310185432434082,138,-0.23203125
0.22469878196716309,139,0.012890625
0.22620892524719238,140,-0.038671874999999994
0.2283468246459961,141,-0.15468749999999998
0.2300260066986084,142,-0.29648437499999997
0.23130393028259277,143,-1.3664062499999998
0.23247194290161133,144,0.0
0.23357677459716797,145,-0.103125
0.23469281196594238,146,-0.116015625
0.2358238697052002,147,-0.37382812499999996
0.23694491386413574,148,-0.12890625
0.23809599876403809,149,-0.399609375
0.2392117977142334,150,-0.29648437499999997
0.24047088623046875,151,0.012890625
0.2418818473815918,152,0.012890625
0.24334287643432617,153,-0.012890625
0.2449049949645996,154,-0.322265625
0.24643993377685547,155,-0.322265625
0.2478809356689453,156,-1.2503906249999999
0.2493138313293457,157,-0.09023437499999999
0.2507507801055908,158,-0.0515625
0.2532680034637451,159,-0.103125
0.25499391555786133,160,-0.167578125
0.2564089298248291,161,0.116015625
0.25836896896362305,162,0.0
0.26024484634399414,163,0.0
0.2615978717803955,164,-0.322265625
0.26278090476989746,165,-0.502734375
0.2639179229736328,166,-1.2503906249999999
0.26504087448120117,167,-1.2503906249999999
0.26614880561828613,168,0.0
0.2672398090362549,169,-0.0515625
0.26845693588256836,170,-0.103125
0.2695939540863037,171,-0.64453125
0.27080488204956055,172,0.0
0.2722198963165283,173,-0.167578125
0.2737088203430176,174,0.0
0.27525997161865234,175,-0.012890625
0.27681493759155273,176,-0.02578125
0.27831077575683594,177,-0.33515625
0.2797229290008545,178,-0.515625
0.2812669277191162,179,-1.3148437499999999
0.28371095657348633,180,-0.038671874999999994
0.28534579277038574,181,-0.20625
0.2867739200592041,182,-0.2578125
0.28867483139038086,183,-0.322265625
0.29051685333251953,184,-0.02578125
0.2918667793273926,185,0.0
0.29305100440979004,186,-0.0515625
0.2941899299621582,187,-0.2578125
0.29531097412109375,188,-0.42539062499999997
0.2964298725128174,189,-0.8765624999999999
0.2975759506225586,190,-1.456640625
0.298691987991333,191,0.0
0.29979491233825684,192,0.0
0.30100488662719727,193,-0.270703125
0.30243682861328125,194,-0.20625
0.30390191078186035,195,-0.167578125
0.305452823638916,196,-0.37382812499999996
0.3069889545440674,197,-0.116015625
0.30860280990600586,198,0.0
0.31018495559692383,199,-0.012890625
0.3120110034942627,200,-0.30937499999999996
0.3143959045410156,201,-0.42539062499999997
0.31592488288879395,202,-0.02578125
0.317673921585083,203,-0.0515625
0.31973886489868164,204,-0.167578125
0.32131195068359375,205,-0.167578125
0.32259488105773926,206,0.012890625
0.3237788677215576,207,0.0
0.3249228000640869,208,0.0
0.3260378837585449,209,-0.02578125
0.3271458148956299,210,-0.20625
0.32835984230041504,211,-0.42539062499999997
0.32948994636535645,212,-0.605859375
0.33060598373413086,213,-1.3148437499999999
0.33182597160339355,214,-0.43828124999999996
0.333251953125,215,0.0
0.33469700813293457,216,-0.23203125
0.33628177642822266,217,-0.399609375
0.3378458023071289,218,-0.064453125
0.33930397033691406,219,-0.103125
0.34139180183410645,220,0.012890625
0.34339284896850586,221,-0.012890625
0.3457019329071045,222,-0.23203125
0.34720492362976074,223,-0.7218749999999999
0.3489258289337158,224,-1.65
0.3508927822113037,225,0.0
0.3524808883666992,226,-0.07734374999999999
0.3537468910217285,227,0.0
0.3549048900604248,228,-0.348046875
0.35604286193847656,229,-0.24492187499999998
0.35718297958374023,230,0.012890625
0.35839295387268066,231,-0.02578125
0.35952091217041016,232,-0.012890625
0.36063599586486816,233,-0.2578125
0.36188578605651855,234,-0.476953125
0.36341094970703125,235,-0.760546875
0.3648979663848877,236,-1.5597656249999998
0.3664579391479492,237,0.0
0.3680698871612549,238,-0.20625
0.36951684951782227,239,-0.30937499999999996
0.3709437847137451,240,-0.103125
0.37274599075317383,241,-0.21914062499999998
0.37512779235839844,242,0.012890625
0.37669992446899414,243,-0.0515625
0.37829089164733887,244,-0.29648437499999997
0.3803517818450928,245,-0.43828124999999996
0.38203883171081543,246,-1.46953125
0.38330578804016113,247,0.0
0.3844728469848633,248,-0.28359375
0.38559889793395996,249,-0.322265625
0.3867189884185791,250,-0.038671874999999994
0.38792991638183594,251,-0.23203125
0.389070987701416,252,-0.20625
0.3902139663696289,253,-0.012890625
0.3913249969482422,254,0.0
0.3924989700317383,255,-0.012890625
0.3939359188079834,256,-0.12890625
0.39542388916015625,257,-0.37382812499999996
0.39699387550354004,258,-0.8121093749999999
0.39864277839660645,259,-1.5984375
0.40004396438598633,260,0.0
0.4014418125152588,261,-0.21914062499999998
0.4031858444213867,262,-0.399609375
0.40572190284729004,263,-0.15468749999999998
0.4073619842529297,264,0.399609375
0.40892887115478516,265,0.012890625
0.41092395782470703,266,-0.02578125
0.41262197494506836,267,-0.322265625
0.4139089584350586,268,-1.018359375
0.4150829315185547,269,-1.65
0.4162118434906006,270,0.0
0.4173729419708252,271,-0.15468749999999998
0.41852498054504395,272,-0.18046874999999998
0.419658899307251,273,-0.515625
0.4207777976989746,274,-0.103125
0.4218888282775879,275,-0.193359375
0.42311692237854004,276,-0.12890625
0.4245328903198242,277,-0.012890625
0.42606496810913086,278,0.0
0.427717924118042,279,-0.167578125
0.4293029308319092,280,-0.4125
0.43073296546936035,281,-1.0828125
0.4321329593658447,282,-0.0515625
0.43372583389282227,283,-0.02578125
0.4361720085144043,284,-0.02578125
0.4378058910369873,285,-0.21914062499999998
0.4392738342285156,286,-0.12890625
0.44119787216186523,287,0.012890625
0.4430217742919922,288,-0.012890625
0.44435691833496094,289,-0.21914062499999998
0.4455738067626953,290,-0.43828124999999996
0.44672584533691406,291,-0.95390625
0.44794392585754395,292,-1.6371093749999999
0.4490978717803955,293,0.0
0.4501979351043701,294,-0.09023437499999999
0.4513089656829834,295,-0.02578125
0.4524219036102295,296,-0.42539062499999997
0.4536879062652588,297,-0.116015625
0.45508599281311035,298,-0.36093749999999997
0.45659589767456055,299,-0.20625
0.4582078456878662,300,0.012890625
0.4597439765930176,301,-0.02578125
0.46111488342285156,302,-0.2578125
0.4624629020690918,303,-0.4125
0.46433496475219727,304,-1.03125
0.46646881103515625,305,-1.65
0.4680368900299072,306,-0.28359375
0.4697608947753906,307,-0.2578125
0.47176694869995117,308,-0.20625
0.47323083877563477,309,0.064453125
0.47470879554748535,310,0.012890625
0.4762859344482422,311,-0.012890625
0.4779088497161865,312,-0.24492187499999998
0.47938084602355957,313,-0.38671875
0.4806249141693115,314,-1.147265625
0.4817678928375244,315,-0.8765624999999999
0.4828958511352539,316,0.0
0.4841029644012451,317,-0.23203125
0.48554182052612305,318,-0.20625
0.4869859218597412,319,-0.09023437499999999
0.4885709285736084,320,-0.12890625
0.490095853805542,321,0.0
0.49145984649658203,322,0.0
0.4927988052368164,323,-0.02578125
0.49517393112182617,324,-0.21914062499999998
0.4969658851623535,325,-0.322265625
0.4983937740325928,326,-1.533984375
0.500234842300415,327,0.0
0.5021569728851318,328,-0.193359375
0.5035018920898438,329,-0.09023437499999999
0.504680871963501,330,-0.21914062499999998
0.505821943283081,331,-0.193359375
0.5069308280944824,332,0.0
0.5080738067626953,333,0.0
0.5092117786407471,334,-0.038671874999999994
0.5103459358215332,335,-0.18046874999999998
0.5114669799804688,336,-0.43828124999999996
0.5125889778137207,337,-0.5671875
0.5136878490447998,338,-1.2374999999999998
0.5148839950561523,339,-1.65
0.5162677764892578,340,0.0
0.517725944519043,341,-0.167578125
0.5192809104919434,342,-0.2578125
0.5207607746124268,343,-0.064453125
0.5221049785614014,344,-0.20625
0.5235588550567627,345,-0.012890625
0.5261077880859375,346,-0.012890625
0.5278468132019043,347,-0.02578125
0.5292367935180664,348,-0.36093749999999997
0.5310249328613281,349,-1.044140625
0.5329427719116211,350,0.0
0.5343058109283447,351,-0.12890625
0.5354969501495361,352,-0.29648437499999997
0.5366358757019043,353,-0.20625
0.5377838611602783,354,-0.270703125
0.5389018058776855,355,-0.2578125
0.5400447845458984,356,-0.064453125
0.5411698818206787,357,0.0
0.542273998260498,358,-0.02578125
0.5434298515319824,359,-0.0515625
0.544583797454834,360,-0.322265625
0.5457818508148193,361,-0.451171875
0.5471878051757812,362,-1.095703125
0.548771858215332,363,-1.65
0.5502967834472656,364,-0.0515625
0.551764965057373,365,-0.12890625
0.5530989170074463,366,-0.2578125
0.5544149875640869,367,-0.270703125
0.5567078590393066,368,-0.2578125
0.558722972869873,369,0.0
0.560128927230835,370,0.0
0.5617659091949463,371,-0.30937499999999996
0.5637948513031006,372,-0.4640625
0.5652468204498291,373,-1.5597656249999998
0.5664567947387695,374,0.0
0.5676219463348389,375,-0.02578125
0.568748950958252,376,-0.322265625
0.5698649883270264,377,-0.09023437499999999
0.5709788799285889,378,-0.28359375
0.5720949172973633,379,-0.2578125
0.5732369422912598,380,-0.15468749999999998
0.5743529796600342,381,0.0
0.5754477977752686,382,-0.012890625
0.5766448974609375,383,-0.0515625
0.5781409740447998,384,-0.37382812499999996
0.5796258449554443,385,-0.4125
0.5811939239501953,386,-1.2890625
0.5826737880706787,387,0.0
0.5839939117431641,388,-0.064453125
0.5853328704833984,389,-0.2578125
0.5875988006591797,390,-0.09023437499999999
0.5897188186645508,391,-0.103125
0.591162919998169,392,0.0
0.5929718017578125,393,-0.012890625
0.5948858261108398,394,-0.167578125
0.5962748527526855,395,-0.36093749999999997
0.5975139141082764,396,-1.26328125
0.5986709594726562,397,-0.0515625
0.5997858047485352,398,0.0
0.6008918285369873,399,-0.07734374999999999
0.6020028591156006,400,-0.270703125
0.6031057834625244,401,-0.167578125
0.6042149066925049,402,-0.30937499999999996
0.6053328514099121,403,-0.33515625
0.606475830078125,404,-0.167578125
0.6076858043670654,405,-0.012890625
0.6091039180755615,406,-0.012890625
0.6105999946594238,407,-0.0515625
0.6121869087219238,408,-0.38671875
0.6137149333953857,409,-0.8121093749999999
0.6150457859039307,410,-1.65
0.6163299083709717,411,0.0
0.6180229187011719,412,-0.20625
0.6204049587249756,413,-0.23203125
0.6219899654388428,414,-0.193359375
0.6239638328552246,415,0.038671874999999994
0.6258409023284912,416,-0.012890625
0.6271259784698486,417,-0.064453125
0.6284120082855225,418,-0.38671875
0.6296069622039795,419,-0.708984375
0.6307468414306641,420,-1.3664062499999998
0.6318728923797607,421,0.0
0.6329808235168457,422,0.0
0.6340789794921875,423,-0.15468749999999998
0.6351897716522217,424,-0.20625
0.6363158226013184,425,-0.20625
0.6374938488006592,426,-0.30937499999999996
0.638725996017456,427,-0.37382812499999996
0.64015793800354,428,-0.12890625
0.6416440010070801,429,0.012890625
0.6432688236236572,430,-0.038671874999999994
0.6449458599090576,431,-0.2578125
0.6464419364929199,432,-0.476953125
0.6478488445281982,433,-1.340625
0.6502969264984131,434,0.0
0.6520118713378906,435,-0.20625
0.6536519527435303,436,-0.12890625
0.6558859348297119,437,-0.20625
0.6574099063873291,438,0.28359375
0.6586399078369141,439,0.0
0.6597988605499268,440,-0.02578125
0.660942792892456,441,-0.348046875
0.6620779037475586,442,-0.399609375
0.6631989479064941,443,-0.9410156249999999
