time,count,voltage
0.005488157272338867,1,-0.2578125
0.0071370601654052734,2,0.0
0.008591175079345703,3,0.0
0.009979009628295898,4,-0.322265625
0.011370182037353516,5,-0.36093749999999997
0.012757062911987305,6,-1.147265625
0.014130115509033203,7,0.0
0.015722036361694336,8,-0.103125
0.017718076705932617,9,-0.02578125
0.019445180892944336,10,-0.270703125
0.021233081817626953,11,-0.36093749999999997
0.02281498908996582,12,0.012890625
0.024500131607055664,13,0.012890625
0.025977134704589844,14,-0.0515625
0.027515172958374023,15,-0.33515625
0.028954029083251953,16,-0.837890625
0.030349016189575195,17,-1.65
0.03188300132751465,18,0.0
0.033590078353881836,19,-0.23203125
0.03533816337585449,20,-0.30937499999999996
0.03713703155517578,21,-0.36093749999999997
0.03909111022949219,22,-0.0515625
0.04078817367553711,23,-0.012890625
0.042440176010131836,24,-0.012890625
0.044039011001586914,25,-0.322265625
0.045762062072753906,26,-0.6703125
0.04751920700073242,27,-1.611328125
0.05041313171386719,28,-0.0515625
0.05260109901428223,29,-0.30937499999999996
0.0543980598449707,30,-0.064453125
0.05609917640686035,31,0.29648437499999997
0.0579981803894043,32,0.0
0.06015419960021973,33,-0.09023437499999999
0.062418222427368164,34,-0.2578125
0.06415200233459473,35,-1.4308593749999998
0.06564903259277344,36,-0.038671874999999994
0.06708812713623047,37,-0.07734374999999999
0.06852507591247559,38,-0.36093749999999997
0.07001519203186035,39,-0.37382812499999996
0.07152009010314941,40,-0.18046874999999998
0.07295703887939453,41,0.012890625
0.0743410587310791,42,0.0
0.07569122314453125,43,-0.09023437499999999
0.07709407806396484,44,-0.399609375
0.07857203483581543,45,-0.580078125
0.08004117012023926,46,-1.46953125
0.08171820640563965,47,0.0
0.08344912528991699,48,-0.15468749999999998
0.08518409729003906,49,-0.322265625
0.08733510971069336,50,-0.29648437499999997
0.08923602104187012,51,0.0515625
0.09078216552734375,52,0.0
0.09238815307617188,53,-0.012890625
0.09510207176208496,54,-0.36093749999999997
0.0969541072845459,55,-0.992578125
0.09849214553833008,56,0.0
0.1005401611328125,57,-0.20625
0.10217118263244629,58,-0.30937499999999996
0.10342121124267578,59,-0.20625
0.10460805892944336,60,-0.103125
0.1057431697845459,61,0.012890625
0.10693717002868652,62,-0.012890625
0.10807919502258301,63,-0.02578125
0.10928702354431152,64,-0.20625
0.11072921752929688,65,-0.42539062499999997
0.1122121810913086,66,-0.837890625
0.11378717422485352,67,-1.6371093749999999
0.11524200439453125,68,0.0
0.11660218238830566,69,-0.0515625
0.11819911003112793,70,-0.348046875
0.1206362247467041,71,-0.20625
0.12242507934570312,72,0.09023437499999999
0.1239631175994873,73,0.0
0.12609100341796875,74,-0.02578125
0.12766218185424805,75,-0.28359375
0.1288762092590332,76,-0.928125
0.1300191879272461,77,-1.611328125
0.13113617897033691,78,0.0
0.13225412368774414,79,-0.0515625
0.1333770751953125,80,-0.0515625
0.13448715209960938,81,-0.2578125
0.13559317588806152,82,-0.103125
0.13669204711914062,83,-0.4125
0.1378781795501709,84,-0.322265625
0.13902807235717773,85,0.0
0.14020204544067383,86,0.0
0.14159822463989258,87,-0.07734374999999999
0.14306902885437012,88,-0.2578125
0.1446990966796875,89,-0.322265625
0.14621305465698242,90,-1.069921875
0.14763903617858887,91,0.0
0.14909005165100098,92,-0.103125
0.15157198905944824,93,-0.0515625
0.15330004692077637,94,-0.18046874999999998
0.15494012832641602,95,0.012890625
0.15714311599731445,96,0.012890625
0.15860509872436523,97,-0.0515625
0.15979504585266113,98,-0.33515625
0.16093015670776367,99,-0.399609375
0.16204309463500977,100,-0.9796874999999999
0.16315817832946777,101,-1.65
0.16426610946655273,102,0.0
0.16538715362548828,103,-0.0515625
0.16650009155273438,104,-0.12890625
0.16765904426574707,105,-0.37382812499999996
0.1688401699066162,106,-0.116015625
0.16996407508850098,107,-0.4125
0.1711440086364746,108,-0.30937499999999996
0.17252302169799805,109,0.0
0.17400217056274414,110,-0.02578125
0.17554402351379395,111,-0.012890625
0.17708611488342285,112,-0.36093749999999997
0.17861413955688477,113,-0.605859375
0.18006610870361328,114,-1.4953124999999998
0.18236899375915527,115,0.0
0.18439912796020508,116,-0.23203125
0.18589019775390625,117,-0.15468749999999998
0.18804001808166504,118,-0.399609375
0.1896970272064209,119,0.0
0.19093012809753418,120,0.0
0.19208407402038574,121,-0.02578125
0.19321417808532715,122,-0.33515625
0.19432401657104492,123,-0.37382812499999996
0.19544219970703125,124,-1.0570312499999999
0.19656705856323242,125,-1.65
0.19776701927185059,126,0.0
0.19890117645263672,127,-0.12890625
0.20002007484436035,128,-0.02578125
0.20118117332458496,129,-0.30937499999999996
0.20256900787353516,130,-0.116015625
0.20402812957763672,131,-0.33515625
0.2056291103363037,132,-0.0515625
0.20775508880615234,133,-0.012890625
0.2095952033996582,134,-0.02578125
0.2122790813446045,135,-0.270703125
0.21439003944396973,136,-0.992578125
0.21637916564941406,137,-0.012890625
0.21868419647216797,138,-0.15468749999999998
0.22038722038269043,139,-0.21914062499999998
0.2218770980834961,140,0.0515625
0.22327804565429688,141,0.0
0.2245171070098877,142,-0.012890625
0.22575616836547852,143,-0.12890625
0.2270510196685791,144,-0.37382812499999996
0.2283182144165039,145,-0.5285156249999999
0.2295820713043213,146,-1.353515625
0.23569512367248535,147,0.0
0.23824119567871094,148,-0.0515625
0.2403430938720703,149,0.48984374999999997
0.24306321144104004,150,-0.012890625
0.24503207206726074,151,-0.28359375
0.24717402458190918,152,-1.147265625
0.24941515922546387,153,0.0
0.25087404251098633,154,-0.12890625
0.2522130012512207,155,-0.20625
0.2535111904144287,156,-0.29648437499999997
0.2549300193786621,157,-0.167578125
0.2561759948730469,158,0.012890625
0.2575230598449707,159,-0.012890625
0.2587912082672119,160,-0.02578125
0.2600550651550293,161,-0.37382812499999996
0.2662210464477539,162,-0.4125
0.26833510398864746,163,-1.16015625
0.2702460289001465,164,-0.103125
0.27233314514160156,165,-0.02578125
0.27519822120666504,166,0.012890625
0.2770981788635254,167,-0.103125
0.2794492244720459,168,-0.399609375
0.28144121170043945,169,-1.533984375
0.28287315368652344,170,-0.103125
0.28418612480163574,171,-0.20625
0.2854650020599365,172,-0.0515625
0.2867860794067383,173,-0.2578125
0.2882540225982666,174,-0.193359375
0.2895040512084961,175,0.0
0.29073500633239746,176,-0.012890625
0.2968730926513672,177,-0.012890625
0.298969030380249,178,-0.29648437499999997
0.3009071350097656,179,-0.23203125
0.3032221794128418,180,-0.21914062499999998
0.3057901859283447,181,-0.37382812499999996
0.3076770305633545,182,-0.012890625
0.3098571300506592,183,-0.012890625
0.3113210201263428,184,-0.23203125
0.31253910064697266,185,-1.0828125
0.31367921829223633,186,-1.456640625
0.3148012161254883,187,0.0
0.31590914726257324,188,-0.18046874999999998
0.3170590400695801,189,-0.23203125
0.3181781768798828,190,-0.12890625
0.31928205490112305,191,-0.116015625
0.32038402557373047,192,-0.2578125
0.321505069732666,193,-0.15468749999999998
0.32262206077575684,194,0.0
0.3238050937652588,195,0.0
0.32523107528686523,196,-0.012890625
0.32671022415161133,197,-0.322265625
0.3284280300140381,198,-0.4640625
0.32993102073669434,199,-1.327734375
0.3313560485839844,200,0.012890625
0.3327209949493408,201,-0.116015625
0.3350830078125,202,-0.21914062499999998
0.33703017234802246,203,-0.0515625
0.3384721279144287,204,0.193359375
0.34033703804016113,205,0.0
0.34221816062927246,206,-0.012890625
0.34357619285583496,207,-0.322265625
0.3447592258453369,208,-0.580078125
0.3459010124206543,209,-1.3019531249999998
0.3470451831817627,210,-0.012890625
0.3481571674346924,211,0.0
0.3492882251739502,212,-0.18046874999999998
0.35045313835144043,213,-0.20625
0.3515620231628418,214,-0.30937499999999996
0.3526639938354492,215,-0.21914062499999998
0.35384607315063477,216,-0.322265625
0.35520505905151367,217,-0.12890625
0.3566751480102539,218,0.012890625
0.35834503173828125,219,-0.02578125
0.3598949909210205,220,-0.21914062499999998
0.36128807067871094,221,-0.322265625
0.3636620044708252,222,-1.134375
0.36617302894592285,223,0.0
0.3677840232849121,224,-0.193359375
0.369232177734375,225,-0.12890625
0.371204137802124,226,-0.37382812499999996
0.37293100357055664,227,0.09023437499999999
0.3742330074310303,228,0.0
0.3754122257232666,229,-0.064453125
0.3766810894012451,230,-0.33515625
0.37796902656555176,231,-0.399609375
0.3791050910949707,232,-1.2374999999999998
0.38030409812927246,233,-1.16015625
0.3814060688018799,234,0.0
0.3826620578765869,235,-0.15468749999999998
0.38854408264160156,236,-0.193359375
0.3904280662536621,237,-0.167578125
0.3919870853424072,238,-0.0515625
0.3934910297393799,239,-0.322265625
0.3959331512451172,240,-0.476953125
0.39815211296081543,241,-1.4953124999999998
0.40009307861328125,242,-0.103125
0.4022951126098633,243,-0.29648437499999997
0.4040250778198242,244,-0.30937499999999996
0.4055612087249756,245,0.07734374999999999
0.40691518783569336,246,-0.012890625
0.40822315216064453,247,-0.012890625
0.40949320793151855,248,-0.2578125
0.41073012351989746,249,-0.37382812499999996
0.41199612617492676,250,-0.8765624999999999
0.41330504417419434,251,-1.585546875
0.41950201988220215,252,0.0
0.4220139980316162,253,-0.0515625
0.4239311218261719,254,0.0
0.42661619186401367,255,-0.012890625
0.42873716354370117,256,-0.322265625
0.4310340881347656,257,-1.327734375
0.4331400394439697,258,0.0
0.4345691204071045,259,-0.21914062499999998
0.43596506118774414,260,-0.103125
0.43735408782958984,261,-0.36093749999999997
0.43877506256103516,262,-0.064453125
0.4400160312652588,263,0.012890625
0.44124722480773926,264,-0.02578125
0.44246816635131836,265,-0.12890625
0.44368410110473633,266,-0.42539062499999997
0.44985508918762207,267,-0.631640625
0.45194220542907715,268,-1.353515625
0.45429301261901855,269,-0.09023437499999999
0.4567091464996338,270,0.103125
0.45963120460510254,271,-0.012890625
0.4614391326904297,272,-0.2578125
0.4638071060180664,273,-0.992578125
0.4656040668487549,274,0.0
0.46706199645996094,275,-0.12890625
0.46850109100341797,276,-0.23203125
0.46984410285949707,277,-0.322265625
0.47108912467956543,278,-0.23203125
0.47249317169189453,279,-0.012890625
0.4737241268157959,280,0.012890625
0.4797251224517822,281,-0.02578125
0.48184704780578613,282,-0.29648437499999997
0.4838080406188965,283,-0.167578125
0.48607707023620605,284,-0.33515625
0.4890282154083252,285,-0.30937499999999996
0.4908881187438965,286,0.012890625
0.4933810234069824,287,-0.012890625
0.4949531555175781,288,-0.24492187499999998
0.4962780475616455,289,-1.173046875
0.4975612163543701,290,0.0
0.49880504608154297,291,0.012890625
0.5000660419464111,292,-0.116015625
0.5013880729675293,293,-0.43828124999999996
0.5026991367340088,294,-0.0515625
0.5039651393890381,295,-0.2578125
0.5099592208862305,296,-0.02578125
0.5120770931243896,297,0.012890625
0.5141420364379883,298,-1.134375
0.51593017578125,299,0.012890625
0.5190291404724121,300,0.0
0.5210351943969727,301,-0.36093749999999997
0.5235950946807861,302,0.15468749999999998
0.5252971649169922,303,0.0
0.5266330242156982,304,-0.29648437499999997
0.5280201435089111,305,-0.451171875
0.5294320583343506,306,-1.147265625
0.5313820838928223,307,0.0
0.5326640605926514,308,-0.103125
0.5339372158050537,309,-0.141796875
0.5396461486816406,310,-0.20625
0.5419390201568604,311,-0.36093749999999997
0.5437841415405273,312,-0.18046874999999998
0.5457370281219482,313,-0.37382812499999996
0.5486299991607666,314,-1.405078125
0.5504200458526611,315,-0.103125
0.5530791282653809,316,-0.270703125
0.5549361705780029,317,0.038671874999999994
0.5563561916351318,318,0.0
0.5577161312103271,319,0.0
0.5589821338653564,320,-0.07734374999999999
0.5602290630340576,321,-0.348046875
0.5614621639251709,322,-0.580078125
0.5626821517944336,323,-1.276171875
0.5639631748199463,324,-0.0515625
0.5697600841522217,325,-0.02578125
0.5723202228546143,326,-0.15468749999999998
0.5743491649627686,327,0.012890625
0.5765480995178223,328,-0.02578125
0.5790460109710693,329,-0.322265625
0.5810191631317139,330,-1.4437499999999999
0.5835192203521729,331,-0.0515625
0.5851352214813232,332,-0.30937499999999996
0.5868501663208008,333,-0.322265625
0.588386058807373,334,-0.09023437499999999
0.589709997177124,335,0.012890625
0.5909581184387207,336,-0.012890625
0.5921881198883057,337,-0.0515625
0.5934100151062012,338,-0.399609375
0.5946362018585205,339,-0.5285156249999999
0.6009690761566162,340,-1.224609375
0.6029431819915771,341,-0.038671874999999994
0.6053721904754639,342,-0.2578125
0.6072561740875244,343,0.012890625
0.6101419925689697,344,-0.0515625
0.6121962070465088,345,-0.30937499999999996
0.62152099609375,346,-1.405078125
0.6231460571289062,347,0.0
0.6244711875915527,348,-0.012890625
0.6370470523834229,349,-0.103125
0.6393392086029053,350,-0.36093749999999997
0.6408321857452393,351,-0.012890625
0.6427021026611328,352,-0.0515625
0.6446361541748047,353,-0.322265625
0.6459760665893555,354,-1.095703125
0.6471772193908691,355,0.0
0.6483371257781982,356,-0.0515625
0.6494600772857666,357,-0.064453125
0.6505751609802246,358,-0.270703125
0.6516849994659424,359,-0.116015625
0.6528151035308838,360,-0.36093749999999997
0.6539380550384521,361,-0.33515625
0.6550400257110596,362,-0.15468749999999998
0.6561360359191895,363,0.0
0.6574192047119141,364,-0.012890625
0.6588630676269531,365,-0.0515625
0.6603121757507324,366,-0.36093749999999997
0.6619541645050049,367,-0.5929687499999999
0.6634411811828613,368,-1.5082031249999999
0.6648530960083008,369,0.0
0.6661391258239746,370,-0.103125
0.668485164642334,371,-0.322265625
0.6705610752105713,372,-0.15468749999999998
0.6719841957092285,373,0.33515625
0.6740210056304932,374,0.012890625
0.67582106590271,375,-0.02578125
0.6771562099456787,376,-0.322265625
0.6783461570739746,377,-0.6703125
0.6794910430908203,378,-1.4308593749999998
0.6806161403656006,379,0.0
0.6817200183868408,380,-0.02578125
0.6828181743621826,381,-0.116015625
0.6839702129364014,382,-0.29648437499999997
0.6851520538330078,383,-0.322265625
0.6862850189208984,384,-0.270703125
0.6874880790710449,385,-0.2578125
0.6889050006866455,386,0.0
0.6903719902038574,387,0.0
0.6919920444488525,388,-0.02578125
0.6936361789703369,389,-0.23203125
0.6951000690460205,390,-0.42539062499999997
0.6965711116790771,391,-1.3019531249999998
0.698883056640625,392,-0.012890625
0.7010371685028076,393,-0.15468749999999998
0.7026522159576416,394,-0.2578125
0.7042520046234131,395,-0.322265625
0.7063560485839844,396,0.012890625
0.7081420421600342,397,-0.012890625
0.7094089984893799,398,-0.193359375
0.7105832099914551,399,-0.37382812499999996
0.711726188659668,400,-0.8507812499999999
0.712846040725708,401,-1.5082031249999999
0.7139592170715332,402,0.0
0.7150530815124512,403,-0.064453125
0.7161581516265869,404,-0.116015625
0.7173421382904053,405,-0.28359375
0.7185962200164795,406,-0.167578125
0.7200300693511963,407,-0.29648437499999997
0.7215240001678467,408,-0.167578125
0.7230420112609863,409,0.012890625
0.7245872020721436,410,-0.012890625
0.725999116897583,411,-0.15468749999999998
0.7275710105895996,412,-0.322265625
0.7301502227783203,413,-0.928125
0.7317860126495361,414,0.0
0.7334051132202148,415,-0.02578125
0.7355191707611084,416,-0.399609375
0.737030029296875,417,-0.29648437499999997
0.7382550239562988,418,-0.012890625
0.7393929958343506,419,0.0
0.7405281066894531,420,0.0
0.7416470050811768,421,-0.012890625
0.742746114730835,422,-0.33515625
0.743859052658081,423,-0.4125
0.7449641227722168,424,-0.8765624999999999
0.7460629940032959,425,-1.533984375
0.7471780776977539,426,0.0
0.7482850551605225,427,0.0
0.7494750022888184,428,-0.23203125
0.7508962154388428,429,-0.36093749999999997
0.7523760795593262,430,-0.15468749999999998
0.7539441585540771,431,-0.37382812499999996
0.7554831504821777,432,-0.064453125
0.7569370269775391,433,0.012890625
0.7584660053253174,434,-0.02578125
0.7609810829162598,435,-0.322265625
0.7627091407775879,436,-0.6574218749999999
0.7643141746520996,437,0.0
0.7664980888366699,438,-0.09023437499999999
0.7680401802062988,439,-0.2578125
0.7692492008209229,440,-0.012890625
