time,count,voltage
0.0057299137115478516,1,-0.23203125
0.00774383544921875,2,-0.21914062499999998
0.009663820266723633,3,0.0
0.011230945587158203,4,0.0
0.012778997421264648,5,-0.064453125
0.022433996200561523,6,-0.37382812499999996
0.024567842483520508,7,-0.38671875
0.0262448787689209,8,-0.064453125
0.027966976165771484,9,0.0
0.04674196243286133,10,-0.09023437499999999
0.057530879974365234,11,-0.36093749999999997
0.05927681922912598,12,0.038671874999999994
0.06073784828186035,13,0.0
0.06213188171386719,14,-0.103125
0.06350088119506836,15,-0.23203125
0.06486701965332031,16,-0.48984374999999997
0.06624603271484375,17,-0.8765624999999999
0.06781291961669922,18,-1.546875
0.06911993026733398,19,-0.12890625
0.07025289535522461,20,-0.37382812499999996
0.07137584686279297,21,-0.28359375
0.07263302803039551,22,-0.28359375
0.07407999038696289,23,-0.399609375
0.07553696632385254,24,-0.322265625
0.07712602615356445,25,0.0
0.07876896858215332,26,-0.012890625
0.0802299976348877,27,-0.167578125
0.08168482780456543,28,-0.4640625
0.08305501937866211,29,-0.928125
0.08525991439819336,30,-1.611328125
0.08751296997070312,31,-0.21914062499999998
0.08899688720703125,32,-0.37382812499999996
0.09093499183654785,33,-0.103125
0.09294295310974121,34,-0.07734374999999999
0.09428000450134277,35,-0.02578125
0.09545397758483887,36,-0.09023437499999999
0.0966789722442627,37,-0.33515625
0.09783387184143066,38,-0.5929687499999999
0.09895992279052734,39,-0.7476562499999999
0.10006880760192871,40,-1.3792968749999999
0.10119295120239258,41,-0.37382812499999996
0.10232090950012207,42,-0.103125
0.10352087020874023,43,-0.2578125
0.10487103462219238,44,-0.2578125
0.10631895065307617,45,-0.270703125
0.1079099178314209,46,-0.23203125
0.10943388938903809,47,-0.103125
0.11072397232055664,48,-0.02578125
0.11202597618103027,49,-0.064453125
0.11358189582824707,50,-0.23203125
0.11602902412414551,51,-0.5285156249999999
0.11759781837463379,52,-1.353515625
0.11901998519897461,53,-0.0515625
0.12093281745910645,54,-0.193359375
0.12267780303955078,55,-0.29648437499999997
0.1239919662475586,56,-0.36093749999999997
0.12517786026000977,57,-0.30937499999999996
0.12631583213806152,58,-0.09023437499999999
0.12753891944885254,59,0.0
0.12865781784057617,60,-0.103125
0.12977385520935059,61,-0.23203125
0.13088297843933105,62,-0.5285156249999999
0.13199591636657715,63,-0.64453125
0.1331038475036621,64,-1.2374999999999998
0.1342778205871582,65,-1.65
0.13563799858093262,66,-0.193359375
0.13705801963806152,67,-0.30937499999999996
0.1385660171508789,68,-0.2578125
0.14012885093688965,69,-0.28359375
0.14150786399841309,70,-0.4125
0.14288997650146484,71,-0.167578125
0.1442098617553711,72,0.0
0.14662480354309082,73,-0.12890625
0.14847183227539062,74,-0.348046875
0.14989280700683594,75,-0.8765624999999999
0.1516427993774414,76,-1.6371093749999999
0.15353798866271973,77,-0.20625
0.15492486953735352,78,-0.20625
0.15611696243286133,79,-0.20625
0.15733981132507324,80,-0.322265625
0.1585090160369873,81,-0.33515625
0.15963387489318848,82,-0.141796875
0.16076087951660156,83,-0.012890625
0.16187500953674316,84,-0.103125
0.16302990913391113,85,-0.2578125
0.1642148494720459,86,-0.515625
0.16559886932373047,87,-0.631640625
0.16707897186279297,88,-1.327734375
0.16868901252746582,89,-0.012890625
0.17017698287963867,90,-0.23203125
0.17149090766906738,91,-0.270703125
0.17284893989562988,92,-0.193359375
0.17495489120483398,93,-0.43828124999999996
0.17699289321899414,94,-0.18046874999999998
0.17841792106628418,95,-0.02578125
0.1799929141998291,96,-0.18046874999999998
0.18203401565551758,97,-0.580078125
0.18356680870056152,98,-0.9796874999999999
0.18482685089111328,99,-0.6187499999999999
0.18597698211669922,100,-0.15468749999999998
0.18718290328979492,101,-0.4125
0.18833589553833008,102,-0.36093749999999997
0.18946290016174316,103,-0.15468749999999998
0.1905829906463623,104,-0.2578125
0.19169187545776367,105,-0.322265625
0.1928260326385498,106,-0.18046874999999998
0.19395780563354492,107,-0.064453125
0.19513297080993652,108,-0.0515625
0.19649195671081543,109,-0.193359375
0.1980278491973877,110,-0.502734375
0.19957900047302246,111,-0.734765625
0.20108485221862793,112,-1.4953124999999998
0.20239996910095215,113,-0.02578125
0.20370101928710938,114,-0.2578125
0.20563197135925293,115,-0.37382812499999996
0.20782685279846191,116,-0.2578125
0.2093348503112793,117,0.012890625
0.2108449935913086,118,-0.012890625
0.2128279209136963,119,-0.064453125
0.21446990966796875,120,-0.28359375
0.21575403213500977,121,-0.54140625
0.21695685386657715,122,-1.3148437499999999
0.21809983253479004,123,-0.2578125
0.2192699909210205,124,-0.20625
0.22042298316955566,125,-0.33515625
0.22155499458312988,126,-0.4125
0.22267699241638184,127,-0.23203125
0.2237858772277832,128,-0.348046875
0.22488999366760254,129,-0.399609375
0.22604584693908691,130,-0.24492187499999998
0.22745585441589355,131,0.0
0.22890400886535645,132,-0.09023437499999999
0.2304699420928955,133,-0.23203125
0.23199701309204102,134,-0.4640625
0.23331093788146973,135,-1.0570312499999999
0.2346658706665039,136,-1.65
0.23677301406860352,137,-0.167578125
0.2388629913330078,138,-0.33515625
0.2403249740600586,139,-0.12890625
0.24190902709960938,140,-0.2578125
0.24386000633239746,141,-0.0515625
0.24541401863098145,142,-0.02578125
0.24673891067504883,143,-0.167578125
0.247938871383667,144,-0.4125
0.2491300106048584,145,-0.734765625
0.25029683113098145,146,-1.3664062499999998
0.25142598152160645,147,-0.064453125
0.2525498867034912,148,-0.141796875
0.25366687774658203,149,-0.322265625
0.25478291511535645,150,-0.2578125
0.25589799880981445,151,-0.348046875
0.2571558952331543,152,-0.37382812499999996
0.25856590270996094,153,-0.37382812499999996
0.2600739002227783,154,-0.09023437499999999
0.2616438865661621,155,-0.0515625
0.2631518840789795,156,-0.167578125
0.26450681686401367,157,-0.451171875
0.26582789421081543,158,-0.6187499999999999
0.26823997497558594,159,-1.3664062499999998
0.27019381523132324,160,-0.399609375
0.271683931350708,161,-0.322265625
0.2737908363342285,162,-0.18046874999999998
0.2754700183868408,163,-0.30937499999999996
0.276777982711792,164,0.0
0.27794981002807617,165,-0.02578125
0.27909398078918457,166,-0.12890625
0.280228853225708,167,-0.42539062499999997
0.2813589572906494,168,-0.580078125
0.28246593475341797,169,-0.95390625
0.28357791900634766,170,-1.5082031249999999
0.2847108840942383,171,0.0
0.28581786155700684,172,-0.193359375
0.28707003593444824,173,-0.270703125
0.28845882415771484,174,-0.2578125
0.2899470329284668,175,-0.270703125
0.2914159297943115,176,-0.4125
0.2930619716644287,177,-0.20625
0.29448485374450684,178,-0.012890625
0.2958498001098633,179,-0.12890625
0.29766082763671875,180,-0.36093749999999997
0.3001279830932617,181,-0.54140625
0.3016068935394287,182,-1.65
0.3031449317932129,183,-0.322265625
0.30512094497680664,184,-0.2578125
0.30666685104370117,185,-0.29648437499999997
0.307905912399292,186,-0.6703125
0.30907702445983887,187,-0.36093749999999997
0.31023383140563965,188,0.0
0.31134796142578125,189,-0.0515625
0.3124668598175049,190,-0.20625
0.31358885765075684,191,-0.43828124999999996
0.3147099018096924,192,-0.5929687499999999
0.31583380699157715,193,-0.992578125
0.3171548843383789,194,-1.52109375
0.318544864654541,195,-0.103125
0.3199949264526367,196,-0.21914062499999998
0.3214528560638428,197,-0.270703125
0.32300901412963867,198,-0.23203125
0.32445788383483887,199,-0.270703125
0.3260188102722168,200,-0.167578125
0.32747387886047363,201,-0.012890625
0.3297908306121826,202,-0.103125
0.3317379951477051,203,-0.322265625
0.33321380615234375,204,-0.7863281249999999
0.33481884002685547,205,-1.611328125
0.3367948532104492,206,-0.193359375
0.3384058475494385,207,-0.28359375
0.3396759033203125,208,-0.20625
0.3408520221710205,209,-0.4125
0.341998815536499,210,-0.348046875
0.343120813369751,211,-0.012890625
0.34424901008605957,212,-0.012890625
0.34537196159362793,213,-0.103125
0.34648990631103516,214,-0.33515625
0.3477649688720703,215,-0.6187499999999999
0.3491518497467041,216,-0.7476562499999999
0.35113000869750977,217,-1.456640625
0.3526608943939209,218,-0.09023437499999999
0.3542158603668213,219,-0.42539062499999997
0.35556602478027344,220,-0.5285156249999999
0.3569300174713135,221,-0.12890625
0.3587009906768799,222,-0.37382812499999996
0.361130952835083,223,-0.116015625
0.36271190643310547,224,-0.12890625
0.3641200065612793,225,-0.4125
0.36599183082580566,226,-0.4125
0.36786890029907227,227,-1.3019531249999998
0.3692460060119629,228,-0.103125
0.3704249858856201,229,-0.43828124999999996
0.3715689182281494,230,-0.2578125
0.3726928234100342,231,-0.28359375
0.37382984161376953,232,-0.30937499999999996
0.3749678134918213,233,-0.451171875
0.376101016998291,234,-0.20625
0.3772428035736084,235,-0.012890625
0.3784170150756836,236,-0.0515625
0.37981486320495605,237,-0.193359375
0.3812568187713623,238,-0.515625
0.3827548027038574,239,-0.7734375
0.3843510150909424,240,-1.5082031249999999
0.3857259750366211,241,-0.116015625
0.3871009349822998,242,-0.29648437499999997
0.38900184631347656,243,-0.2578125
0.39128589630126953,244,-0.23203125
0.39274096488952637,245,0.12890625
0.39440083503723145,246,-0.012890625
0.396345853805542,247,-0.09023437499999999
0.39784884452819824,248,-0.322265625
0.3990600109100342,249,-0.6187499999999999
0.40021181106567383,250,-1.340625
0.4013550281524658,251,-0.167578125
0.40247392654418945,252,-0.167578125
0.40358591079711914,253,-0.38671875
0.4046928882598877,254,-0.2578125
0.405803918838501,255,-0.20625
0.40692996978759766,256,-0.36093749999999997
0.40805482864379883,257,-0.451171875
0.40922999382019043,258,-0.29648437499999997
0.4106109142303467,259,-0.012890625
0.4120488166809082,260,-0.09023437499999999
0.4134948253631592,261,-0.2578125
0.4150218963623047,262,-0.4640625
0.4164738655090332,263,-0.992578125
0.41796398162841797,264,-1.65
0.41938281059265137,265,-0.167578125
0.4215719699859619,266,-0.322265625
0.4236478805541992,267,-0.24492187499999998
0.4251229763031006,268,-0.30937499999999996
0.42673802375793457,269,0.02578125
0.4287099838256836,270,-0.02578125
0.4303748607635498,271,-0.167578125
0.4316549301147461,272,-0.4125
0.4328320026397705,273,-1.018359375
0.4339768886566162,274,-1.5984375
0.4351069927215576,275,-0.02578125
0.4362208843231201,276,-0.23203125
0.43737101554870605,277,-0.29648437499999997
0.43850088119506836,278,-0.37382812499999996
0.43968701362609863,279,-0.18046874999999998
0.44107794761657715,280,-0.4640625
0.4425199031829834,281,-0.29648437499999997
0.4440009593963623,282,0.0
0.44554996490478516,283,-0.0515625
0.4470789432525635,284,-0.2578125
0.44848084449768066,285,-0.476953125
0.44991493225097656,286,-1.00546875
0.4518108367919922,287,-1.65
0.4540438652038574,288,-0.18046874999999998
0.455596923828125,289,-0.24492187499999998
0.45702600479125977,290,-0.0515625
0.4588778018951416,291,-0.322265625
0.4607229232788086,292,-0.012890625
0.4620828628540039,293,-0.0515625
0.46326780319213867,294,-0.20625
0.46445393562316895,295,-0.502734375
0.46563196182250977,296,-0.69609375
0.4667940139770508,297,-1.353515625
0.4679229259490967,298,-0.270703125
0.4690389633178711,299,-0.28359375
0.47020697593688965,300,-0.322265625
0.47158002853393555,301,-0.193359375
0.47303295135498047,302,-0.33515625
0.4744880199432373,303,-0.21914062499999998
0.4760890007019043,304,-0.23203125
0.4776120185852051,305,-0.012890625
0.47907280921936035,306,-0.103125
0.4804718494415283,307,-0.29648437499999997
0.4826819896697998,308,-0.54140625
0.4846940040588379,309,-1.2503906249999999
0.48615097999572754,310,-0.12890625
0.48766303062438965,311,-0.322265625
0.48960280418395996,312,-0.38671875
0.49129700660705566,313,-0.4125
0.49260401725769043,314,-0.15468749999999998
0.49379587173461914,315,0.0
0.49494194984436035,316,-0.07734374999999999
0.4960789680480957,317,-0.193359375
0.49724698066711426,318,-0.502734375
0.49837303161621094,319,-0.5285156249999999
0.4994969367980957,320,-1.095703125
0.5006709098815918,321,-1.65
0.502039909362793,322,0.0
0.5034530162811279,323,-0.20625
0.504925012588501,324,-0.30937499999999996
0.5064828395843506,325,-0.18046874999999998
0.5080568790435791,326,-0.37382812499999996
0.5094959735870361,327,-0.12890625
0.5108938217163086,328,-0.012890625
0.5130438804626465,329,-0.103125
0.515117883682251,330,-0.36093749999999997
0.5166540145874023,331,-0.863671875
0.5182168483734131,332,-1.65
0.5201058387756348,333,-0.348046875
0.5217628479003906,334,-0.2578125
0.523054838180542,335,-0.23203125
0.524237871170044,336,-0.42539062499999997
0.5254008769989014,337,-0.322265625
0.5266029834747314,338,0.0
0.5277528762817383,339,-0.02578125
0.5288870334625244,340,-0.141796875
0.5300049781799316,341,-0.399609375
0.5311799049377441,342,-0.6187499999999999
0.5325608253479004,343,-0.8121093749999999
0.5340149402618408,344,-1.482421875
0.5354738235473633,345,-0.103125
0.5370578765869141,346,-0.2578125
0.5385339260101318,347,-0.15468749999999998
0.5400028228759766,348,-0.20625
0.5414338111877441,349,-0.399609375
0.5437099933624268,350,-0.193359375
0.545651912689209,351,-0.02578125
0.5471780300140381,352,-0.2578125
0.5487639904022217,353,-0.4640625
0.5507159233093262,354,-1.044140625
0.5523529052734375,355,-0.167578125
0.5536220073699951,356,-0.30937499999999996
0.5548009872436523,357,-0.2578125
0.5559778213500977,358,-0.38671875
0.5572218894958496,359,-0.33515625
0.5583808422088623,360,-0.322265625
0.5595078468322754,361,-0.116015625
0.5606298446655273,362,-0.012890625
0.5618109703063965,363,-0.103125
0.5631890296936035,364,-0.20625
0.5646448135375977,365,-0.515625
0.5661108493804932,366,-0.7863281249999999
0.567720890045166,367,-1.5082031249999999
0.5691859722137451,368,-0.02578125
0.5705759525299072,369,-0.33515625
0.5719709396362305,370,-0.2578125
0.5740578174591064,371,-0.167578125
0.576340913772583,372,-0.30937499999999996
0.5779500007629395,373,-0.012890625
0.5794928073883057,374,-0.15468749999999998
0.5814948081970215,375,-0.37382812499999996
0.5831918716430664,376,-0.6832031249999999
0.5844919681549072,377,-1.65
0.5856618881225586,378,-0.167578125
0.5868070125579834,379,-0.28359375
0.5879428386688232,380,-0.24492187499999998
0.5890829563140869,381,-0.20625
0.5902059078216553,382,-0.30937499999999996
0.5913248062133789,383,-0.38671875
0.5925168991088867,384,-0.270703125
0.5938827991485596,385,-0.02578125
0.5953459739685059,386,-0.0515625
0.5968098640441895,387,-0.23203125
0.5984029769897461,388,-0.476953125
0.5998549461364746,389,-0.9796874999999999
0.6012790203094482,390,-1.65
0.6026339530944824,391,-0.23203125
0.6051499843597412,392,-0.322265625
0.606895923614502,393,-0.116015625
0.6082849502563477,394,-0.29648437499999997
0.6099739074707031,395,-0.038671874999999994
0.6119518280029297,396,-0.0515625
0.6134119033813477,397,-0.15468749999999998
0.6146337985992432,398,-0.43828124999999996
0.6158008575439453,399,-0.825
0.616966962814331,400,-1.456640625
0.6181008815765381,401,-0.064453125
0.6192209720611572,402,-0.193359375
0.6203339099884033,403,-0.29648437499999997
0.6214568614959717,404,-0.28359375
0.6226358413696289,405,-0.29648437499999997
0.6240389347076416,406,-0.36093749999999997
0.6254968643188477,407,-0.399609375
0.6271660327911377,408,0.0
0.6290309429168701,409,-0.064453125
0.6309418678283691,410,-0.20625
0.6327419281005859,411,-0.37382812499999996
0.6352448463439941,412,-1.26328125
0.6368529796600342,413,-0.270703125
0.638312816619873,414,-0.24492187499999998
0.6402068138122559,415,-0.2578125
0.6421170234680176,416,-0.33515625
0.6436038017272949,417,0.141796875
0.6448509693145752,418,-0.0515625
0.6460349559783936,419,-0.12890625
0.6472158432006836,420,-0.5285156249999999
0.6483700275421143,421,-0.554296875
0.6494958400726318,422,-1.0828125
0.6506400108337402,423,-1.6371093749999999
0.6517739295959473,424,-0.0515625
0.652946949005127,425,-0.33515625
0.654296875,426,-0.33515625
0.6557879447937012,427,-0.37382812499999996
0.6573059558868408,428,-0.012890625
0.6589930057525635,429,-0.103125
0.6603798866271973,430,-0.012890625
0.6617858409881592,431,-0.064453125
0.6634759902954102,432,-0.2578125
0.6663780212402344,433,-0.54140625
0.6679658889770508,434,-1.4953124999999998
0.6693778038024902,435,-0.167578125
0.6712419986724854,436,-0.4125
0.6730778217315674,437,-0.2578125
0.6744189262390137,438,-0.18046874999999998
0.6756408214569092,439,-0.103125
0.6768019199371338,440,-0.012890625
0.6779630184173584,441,-0.0515625
0.6791069507598877,442,-0.21914062499999998
0.6802358627319336,443,-0.502734375
0.6813569068908691,444,-0.5929687499999999
0.6824758052825928,445,-1.018359375
0.6836528778076172,446,-1.533984375
0.6850168704986572,447,-0.103125
0.6864500045776367,448,-0.2578125
0.6879599094390869,449,-0.2578125
0.6895608901977539,450,-0.23203125
0.6909568309783936,451,-0.270703125
0.6922919750213623,452,-0.167578125
0.693699836730957,453,-0.012890625
0.6962649822235107,454,-0.012890625
0.6980829238891602,455,-0.4125
0.6994569301605225,456,-0.6832031249999999
0.7011668682098389,457,-1.46953125
0.7030298709869385,458,-0.24492187499999998
0.7046480178833008,459,-0.37382812499999996
0.7059009075164795,460,-0.38671875
0.7071638107299805,461,-0.36093749999999997
0.7083139419555664,462,-0.33515625
0.7094459533691406,463,-0.167578125
0.7105748653411865,464,0.0
0.7116878032684326,465,-0.103125
0.7128069400787354,466,-0.20625
0.7140038013458252,467,-0.54140625
0.715385913848877,468,-0.580078125
0.7168669700622559,469,-1.224609375
0.7183139324188232,470,-0.12890625
0.7198758125305176,471,-0.2578125
0.7212920188903809,472,-0.29648437499999997
0.722700834274292,473,-0.399609375
0.7244629859924316,474,-0.48984374999999997
0.7268919944763184,475,-0.399609375
0.7284200191497803,476,-0.103125
0.7298448085784912,477,-0.167578125
0.7317609786987305,478,-0.48984374999999997
0.7335889339447021,479,-0.8507812499999999
0.7349309921264648,480,-1.1214843749999999
0.7361140251159668,481,-0.2578125
0.7372808456420898,482,-0.38671875
0.7384099960327148,483,-0.30937499999999996
0.7395319938659668,484,-0.24492187499999998
0.7406539916992188,485,-0.42539062499999997
0.7417778968811035,486,-0.42539062499999997
0.7428958415985107,487,-0.20625
0.744081974029541,488,-0.012890625
0.7454760074615479,489,-0.103125
0.7469429969787598,490,-0.30937499999999996
0.7484970092773438,491,-0.54140625
0.7500488758087158,492,-1.044140625
0.7513718605041504,493,-1.65
0.7527439594268799,494,-0.20625
0.7545828819274902,495,-0.4125
0.7569239139556885,496,-0.37382812499999996
0.7584488391876221,497,-0.167578125
0.7598409652709961,498,0.09023437499999999
0.7617499828338623,499,-0.103125
0.7636318206787109,500,-0.193359375
0.7650599479675293,501,-0.43828124999999996
0.766319990158081,502,-0.992578125
0.767582893371582,503,-1.611328125
0.7687358856201172,504,-0.0515625
0.7698628902435303,505,-0.23203125
0.771000862121582,506,-0.29648437499999997
0.7721748352050781,507,-0.399609375
0.773331880569458,508,-0.103125
0.774526834487915,509,-0.33515625
0.7759368419647217,510,-0.2578125
0.7774629592895508,511,-0.02578125
0.7789578437805176,512,-0.12890625
0.7806060314178467,513,-0.4125
0.7820949554443359,514,-0.515625
0.7834968566894531,515,-1.1859374999999999
0.7852749824523926,516,-0.837890625
0.7876219749450684,517,-0.37382812499999996
0.789160966873169,518,-0.4125
0.7905638217926025,519,-0.29648437499999997
0.7924020290374756,520,-0.2578125
0.794252872467041,521,-0.012890625
0.7956318855285645,522,-0.0515625
0.7968640327453613,523,-0.322265625
0.7980489730834961,524,-0.5285156249999999
0.7991888523101807,525,-0.966796875
0.800311803817749,526,-1.546875
0.8014349937438965,527,-0.15468749999999998
0.8025538921356201,528,-0.2578125
0.8036580085754395,529,-0.30937499999999996
0.804847002029419,530,-0.270703125
0.806229829788208,531,-0.322265625
0.8077588081359863,532,-0.2578125
0.8093438148498535,533,-0.12890625
0.8108828067779541,534,-0.012890625
0.8122498989105225,535,-0.12890625
0.8137109279632568,536,-0.29648437499999997
0.8158869743347168,537,-0.554296875
0.8181319236755371,538,-1.198828125
0.8195669651031494,539,-0.2578125
0.8210859298706055,540,-0.38671875
0.8230528831481934,541,-0.4125
0.8247568607330322,542,-0.322265625
0.8260579109191895,543,0.0
0.8272449970245361,544,-0.012890625
0.8284029960632324,545,-0.064453125
0.829542875289917,546,-0.2578125
0.8306658267974854,547,-0.5671875
0.8317749500274658,548,-0.631640625
0.8328900337219238,549,-1.21171875
0.8339970111846924,550,-1.65
0.8351798057556152,551,-0.012890625
0.8366110324859619,552,-0.2578125
0.8382480144500732,553,-0.30937499999999996
0.8400609493255615,554,-0.28359375
0.8416519165039062,555,-0.37382812499999996
0.8430109024047852,556,-0.0515625
0.8443789482116699,557,-0.012890625
0.8461558818817139,558,-0.167578125
0.8486080169677734,559,-0.43828124999999996
0.8501889705657959,560,-0.889453125
0.8516068458557129,561,-1.4437499999999999
0.8534300327301025,562,-0.36093749999999997
0.8553659915924072,563,-0.29648437499999997
0.8568089008331299,564,-0.167578125
0.8580219745635986,565,-0.30937499999999996
0.8591818809509277,566,-0.193359375
0.860325813293457,567,-0.012890625
0.8614559173583984,568,-0.064453125
0.8625738620758057,569,-0.30937499999999996
0.863839864730835,570,-0.5671875
0.8675839900970459,571,-0.6187499999999999
0.8689999580383301,572,-0.23203125
0.8705599308013916,573,-0.4125
0.8719449043273926,574,-0.37382812499999996
0.8733458518981934,575,-0.167578125
0.8755519390106201,576,-0.38671875
0.8783149719238281,577,-0.167578125
0.8799848556518555,578,-0.07734374999999999
0.8820779323577881,579,-0.4125
0.8840608596801758,580,-0.8121093749999999
0.8855228424072266,581,-0.167578125
0.8869199752807617,582,-0.167578125
0.8882269859313965,583,-0.20625
0.8894858360290527,584,-0.36093749999999997
0.8907339572906494,585,-0.29648437499999997
0.891974925994873,586,-0.270703125
0.8932099342346191,587,-0.064453125
0.8990709781646729,588,-0.038671874999999994
0.901108980178833,589,-0.167578125
0.9028959274291992,590,-0.33515625
0.9050488471984863,591,-0.38671875
0.9076669216156006,592,-0.348046875
0.9095568656921387,593,-0.193359375
0.9118349552154541,594,-0.012890625
0.9136738777160645,595,-0.12890625
0.915064811706543,596,-0.43828124999999996
0.9163618087768555,597,-0.9410156249999999
0.9177448749542236,598,-1.5597656249999998
0.9190239906311035,599,-0.141796875
0.9202628135681152,600,-0.399609375
0.9214990139007568,601,-0.23203125
0.9227299690246582,602,-0.29648437499999997
0.9239668846130371,603,-0.33515625
0.9298980236053467,604,-0.322265625
0.9319829940795898,605,-0.0515625
0.9338469505310059,606,-0.631640625
0.9358270168304443,607,-1.5597656249999998
0.9384768009185791,608,-0.29648437499999997
0.9402058124542236,609,-0.23203125
0.9421110153198242,610,-0.37382812499999996
0.9443249702453613,611,0.0
0.9458589553833008,612,-0.064453125
0.9472789764404297,613,-0.348046875
0.9485609531402588,614,-0.4125
0.9498348236083984,615,-1.03125
0.9510798454284668,616,-1.65
0.9523169994354248,617,-0.15468749999999998
0.9535558223724365,618,-0.28359375
0.9547848701477051,619,-0.28359375
0.9604818820953369,620,-0.322265625
0.9633808135986328,621,-0.36093749999999997
0.9651939868927002,622,-0.37382812499999996
0.9673769474029541,623,-0.8121093749999999
0.9699699878692627,624,-1.65
0.97163987159729,625,-0.322265625
0.9741289615631104,626,-0.33515625
0.9763569831848145,627,-0.21914062499999998
0.9779379367828369,628,0.0
0.9792468547821045,629,-0.15468749999999998
0.9805328845977783,630,-0.42539062499999997
0.9818089008331299,631,-0.5285156249999999
0.9830639362335205,632,-1.0570312499999999
0.9843118190765381,633,-1.65
0.9855408668518066,634,-0.141796875
1.0044219493865967,635,-0.30937499999999996
1.0060548782348633,636,-0.20625
1.0073189735412598,637,-0.29648437499999997
1.008495807647705,638,-0.28359375
1.0096290111541748,639,-0.103125
1.0107438564300537,640,-0.0515625
1.011857032775879,641,-0.167578125
1.0129659175872803,642,-0.322265625
1.0140810012817383,643,-0.580078125
1.0151879787445068,644,-0.6703125
1.0162978172302246,645,-1.26328125
1.0174109935760498,646,-1.65
1.018651008605957,647,-0.02578125
1.0200629234313965,648,-0.2578125
