time,count,voltage
0.005418062210083008,1,0.348046875
0.007155895233154297,2,-0.012890625
0.008697986602783203,3,0.0
0.010092020034790039,4,-0.29648437499999997
0.011471033096313477,5,-0.54140625
0.012830972671508789,6,-1.3792968749999999
0.014215946197509766,7,0.0
0.015538930892944336,8,-0.012890625
0.016901016235351562,9,-0.103125
0.02654290199279785,10,-0.2578125
0.028244972229003906,11,-0.09023437499999999
0.029664993286132812,12,-1.2503906249999999
0.031043052673339844,13,0.0
0.03237104415893555,14,-0.0515625
0.05737709999084473,15,-0.193359375
0.05912303924560547,16,-0.103125
0.06068706512451172,17,-0.270703125
0.062258005142211914,18,-0.8765624999999999
0.06380605697631836,19,-1.65
0.06533503532409668,20,-0.02578125
0.06703591346740723,21,-0.012890625
0.06869101524353027,22,-0.322265625
0.0703580379486084,23,-0.167578125
0.07219290733337402,24,0.07734374999999999
0.07414793968200684,25,0.0
0.07589197158813477,26,-0.012890625
0.07761907577514648,27,-0.29648437499999997
0.07918810844421387,28,-0.928125
0.0807180404663086,29,-0.7863281249999999
0.08223295211791992,30,-0.103125
0.08372998237609863,31,-0.103125
0.08523201942443848,32,-0.167578125
0.08690190315246582,33,-0.270703125
0.08907508850097656,34,-0.07734374999999999
0.09042191505432129,35,0.012890625
0.09185504913330078,36,-0.012890625
0.09328603744506836,37,-0.29648437499999997
0.09494209289550781,38,-0.4640625
0.09638404846191406,39,-1.3792968749999999
0.09786510467529297,40,0.0
0.09919309616088867,41,-0.0515625
0.10174989700317383,42,-0.20625
0.10342288017272949,43,-0.09023437499999999
0.10494494438171387,44,0.24492187499999998
0.10700011253356934,45,0.0
0.10858988761901855,46,-0.012890625
0.10985398292541504,47,-0.29648437499999997
0.11100602149963379,48,-0.4125
0.11212611198425293,49,-1.198828125
0.11323404312133789,50,-1.65
0.11432695388793945,51,0.0
0.11541199684143066,52,0.0
0.1165010929107666,53,-0.012890625
0.11768198013305664,54,-0.2578125
0.11878490447998047,55,-0.116015625
0.11996006965637207,56,-0.33515625
0.12132501602172852,57,-0.20625
0.12273907661437988,58,0.0
0.12429094314575195,59,0.0
0.1257779598236084,60,-0.07734374999999999
0.12717795372009277,61,-0.29648437499999997
0.1285688877105713,62,-0.837890625
0.12984395027160645,63,-1.611328125
0.13204193115234375,64,0.0
0.1340329647064209,65,-0.103125
0.13546991348266602,66,-0.02578125
0.13707590103149414,67,-0.348046875
0.13902688026428223,68,-0.103125
0.14058303833007812,69,0.0
0.14181208610534668,70,-0.02578125
0.14296507835388184,71,-0.399609375
0.14407610893249512,72,-0.33515625
0.1451880931854248,73,-1.044140625
0.14628195762634277,74,-1.65
0.14740300178527832,75,0.012890625
0.14850211143493652,76,-0.012890625
0.14959311485290527,77,-0.012890625
0.15076398849487305,78,-0.348046875
0.15215110778808594,79,-0.141796875
0.153580904006958,80,-0.37382812499999996
0.15507292747497559,81,-0.09023437499999999
0.1566019058227539,82,0.0
0.15808796882629395,83,-0.012890625
0.159498929977417,84,-0.28359375
0.16103792190551758,85,-0.37382812499999996
0.16353392601013184,86,-1.069921875
0.16516804695129395,87,-0.02578125
0.166517972946167,88,-0.09023437499999999
0.16845393180847168,89,-0.37382812499999996
0.17030000686645508,90,-0.399609375
0.17165708541870117,91,0.064453125
0.1728959083557129,92,0.012890625
0.17405009269714355,93,-0.012890625
0.17517399787902832,94,-0.103125
0.17627906799316406,95,-0.36093749999999997
0.17740201950073242,96,-0.36093749999999997
0.17850089073181152,97,-1.069921875
0.17959189414978027,98,-1.65
0.18077492713928223,99,0.0
0.18216395378112793,100,0.0
0.18358707427978516,101,-0.09023437499999999
0.18511605262756348,102,-0.167578125
0.18669390678405762,103,-0.30937499999999996
0.18808603286743164,104,-0.064453125
0.1895129680633545,105,0.0
0.1910080909729004,106,0.0
0.193464994430542,107,-0.09023437499999999
0.19510197639465332,108,-0.2578125
0.1964879035949707,109,-1.3921875
0.19843196868896484,110,0.0
0.20027804374694824,111,-0.012890625
0.20161795616149902,112,-0.0515625
0.2027759552001953,113,-0.30937499999999996
0.2039179801940918,114,-0.2578125
0.20502090454101562,115,-0.038671874999999994
0.20616698265075684,116,0.012890625
0.2073349952697754,117,0.0
0.20844292640686035,118,-0.0515625
0.20953989028930664,119,-0.4125
0.21062898635864258,120,-0.33515625
0.21179604530334473,121,-1.03125
0.21318602561950684,122,-1.65
0.21464109420776367,123,0.0
0.21617507934570312,124,-0.02578125
0.21771597862243652,125,-0.270703125
0.21912097930908203,126,-0.15468749999999998
0.22055602073669434,127,-0.23203125
0.22202801704406738,128,0.038671874999999994
0.22450709342956543,129,0.012890625
0.22612905502319336,130,-0.0515625
0.22751092910766602,131,-0.322265625
0.22933101654052734,132,-1.018359375
0.23121190071105957,133,-0.02578125
0.23255300521850586,134,0.012890625
0.233720064163208,135,-0.24492187499999998
0.23483610153198242,136,-0.193359375
0.23593807220458984,137,-0.33515625
0.2370610237121582,138,-0.33515625
0.23821806907653809,139,-0.15468749999999998
0.23932290077209473,140,0.0
0.240401029586792,141,0.0
0.24147701263427734,142,-0.02578125
0.24264788627624512,143,-0.37382812499999996
0.24404311180114746,144,-0.4125
0.24548006057739258,145,-1.018359375
0.2470099925994873,146,-1.65
0.24852609634399414,147,0.0
0.2499079704284668,148,-0.0515625
0.2513110637664795,149,-0.33515625
0.252626895904541,150,-0.064453125
0.2549450397491455,151,-0.141796875
0.2568349838256836,152,0.012890625
0.2582390308380127,153,-0.02578125
0.25995588302612305,154,-0.29648437499999997
0.2619059085845947,155,-0.33515625
0.2632930278778076,156,-1.456640625
0.26447105407714844,157,-0.012890625
0.265592098236084,158,-0.12890625
0.2667689323425293,159,-0.18046874999999998
0.2678968906402588,160,-0.28359375
0.2689990997314453,161,-0.20625
0.270097017288208,162,-0.29648437499999997
0.27437400817871094,163,-0.193359375
0.27596402168273926,164,-0.103125
0.27768993377685547,165,-0.29648437499999997
0.27927207946777344,166,-1.018359375
0.28064608573913574,167,0.0
0.28198909759521484,168,0.0
0.2840158939361572,169,0.0
0.2867419719696045,170,-0.20625
0.28824305534362793,171,0.103125
0.28971099853515625,172,0.012890625
0.29174089431762695,173,0.0
0.29340696334838867,174,-0.24492187499999998
0.2947559356689453,175,-0.43828124999999996
0.29590511322021484,176,-1.3664062499999998
0.2970459461212158,177,0.0
0.29816699028015137,178,0.0
0.299285888671875,179,-0.103125
0.30040407180786133,180,-0.29648437499999997
0.3015329837799072,181,0.0
0.30263209342956543,182,-0.322265625
0.30381107330322266,183,-0.33515625
0.30518198013305664,184,-0.116015625
0.3065910339355469,185,0.0
0.3083059787750244,186,-0.02578125
0.3098630905151367,187,-0.322265625
0.31122398376464844,188,-0.4125
0.31258296966552734,189,-1.26328125
0.3143188953399658,190,0.0
0.3168630599975586,191,0.0
0.318450927734375,192,-0.33515625
0.3199748992919922,193,-0.21914062499999998
0.32189106941223145,194,-0.12890625
0.3235149383544922,195,0.0
0.32482194900512695,196,-0.012890625
0.3259921073913574,197,-0.322265625
0.3272230625152588,198,-0.37382812499999996
0.3283579349517822,199,-0.95390625
0.32947301864624023,200,-1.6371093749999999
0.3305799961090088,201,0.0
0.33170294761657715,202,-0.02578125
0.33281993865966797,203,-0.038671874999999994
0.3340189456939697,204,-0.33515625
0.33539390563964844,205,-0.167578125
0.33692502975463867,206,-0.36093749999999997
0.33844804763793945,207,-0.103125
0.3400390148162842,208,0.0
0.34148311614990234,209,-0.02578125
0.34296393394470215,210,-0.2578125
0.3448638916015625,211,-0.322265625
0.3471550941467285,212,-1.1214843749999999
0.3488640785217285,213,0.0
0.35037708282470703,214,-0.02578125
0.3523099422454834,215,-0.21914062499999998
0.3540220260620117,216,-0.09023437499999999
0.3553459644317627,217,0.30937499999999996
0.35652804374694824,218,0.0
0.3578159809112549,219,-0.012890625
0.35893797874450684,220,-0.23203125
0.36007189750671387,221,-0.37382812499999996
0.3611760139465332,222,-0.6703125
0.36226511001586914,223,-1.340625
0.3633759021759033,224,-0.193359375
0.3650219440460205,225,0.0
0.36652398109436035,226,-0.20625
0.36803698539733887,227,-0.28359375
0.3695809841156006,228,-0.02578125
0.37105393409729004,229,-0.0515625
0.37250709533691406,230,0.0
0.37396907806396484,231,0.0
0.37592411041259766,232,-0.02578125
0.37819600105285645,233,-0.37382812499999996
0.37973904609680176,234,-1.2503906249999999
0.3815178871154785,235,0.0
0.38353490829467773,236,-0.07734374999999999
0.3850870132446289,237,-0.33515625
0.38632893562316895,238,-0.29648437499999997
0.38751888275146484,239,-0.18046874999999998
0.38870906829833984,240,0.012890625
0.38983893394470215,241,0.0
0.3909459114074707,242,-0.012890625
0.3920578956604004,243,-0.193359375
0.39314699172973633,244,-0.42539062499999997
0.3942430019378662,245,-0.502734375
0.3954451084136963,246,-1.21171875
0.39696407318115234,247,-1.65
0.39846301078796387,248,0.0
0.39998292922973633,249,-0.103125
0.40144801139831543,250,-0.42539062499999997
0.4028201103210449,251,-0.2578125
0.40425801277160645,252,-0.167578125
0.4057760238647461,253,0.0
0.40839695930480957,254,-0.02578125
0.41002607345581055,255,-0.23203125
0.4114949703216553,256,-0.4640625
0.4135270118713379,257,-1.3148437499999999
0.41535305976867676,258,0.0
0.41669607162475586,259,-0.0515625
0.41788697242736816,260,-0.33515625
0.41901206970214844,261,-0.02578125
0.42017197608947754,262,-0.270703125
0.42134904861450195,263,-0.141796875
0.42244911193847656,264,0.0
0.42352890968322754,265,0.0
0.4246408939361572,266,-0.012890625
0.42582106590270996,267,-0.29648437499999997
0.42726802825927734,268,-0.399609375
0.4287850856781006,269,-0.928125
0.430372953414917,270,-1.65
0.4318408966064453,271,0.0
0.43317294120788574,272,-0.15468749999999998
0.43457889556884766,273,-0.33515625
0.43640708923339844,274,-0.12890625
0.4389030933380127,275,-0.12890625
0.440540075302124,276,0.0
0.44192004203796387,277,0.0
0.4438309669494629,278,-0.30937499999999996
0.44569897651672363,279,-0.605859375
0.447019100189209,280,-1.65
0.44817495346069336,281,-0.0515625
0.4492959976196289,282,-0.20625
0.4503929615020752,283,-0.29648437499999997
0.45151305198669434,284,-0.103125
0.45264410972595215,285,-0.30937499999999996
0.45377492904663086,286,-0.322265625
0.454862117767334,287,-0.103125
0.45602893829345703,288,-0.012890625
0.4574909210205078,289,-0.012890625
0.45891404151916504,290,-0.0515625
0.4604830741882324,291,-0.322265625
0.4620780944824219,292,-0.6832031249999999
0.4634521007537842,293,-1.65
0.4648630619049072,294,0.0
0.46660399436950684,295,-0.09023437499999999
0.4692409038543701,296,-0.37382812499999996
0.4708991050720215,297,0.0
0.47249293327331543,298,0.012890625
0.4744410514831543,299,0.0
0.4760560989379883,300,-0.09023437499999999
0.47740793228149414,301,-0.270703125
0.4785881042480469,302,-0.9796874999999999
0.47992396354675293,303,-1.65
0.48122596740722656,304,0.0
0.48238396644592285,305,0.0
0.4835019111633301,306,-0.15468749999999998
0.48462605476379395,307,-0.322265625
0.48575401306152344,308,-0.064453125
0.4869399070739746,309,-0.21914062499999998
0.48836803436279297,310,-0.103125
0.4898219108581543,311,0.012890625
0.4914419651031494,312,-0.012890625
0.49300098419189453,313,-0.23203125
0.4944489002227783,314,-0.322265625
0.4958479404449463,315,-1.134375
0.49724698066711426,316,0.012890625
0.4997680187225342,317,-0.15468749999999998
0.5016210079193115,318,-0.167578125
0.5029981136322021,319,-0.36093749999999997
0.5048999786376953,320,-0.193359375
0.5067770481109619,321,0.012890625
0.5081250667572021,322,-0.012890625
0.5093820095062256,323,-0.29648437499999997
0.51055908203125,324,-0.38671875
0.5116748809814453,325,-0.95390625
0.5127780437469482,326,-1.5726562499999999
0.5138750076293945,327,0.0
0.5149519443511963,328,-0.02578125
0.5160439014434814,329,-0.103125
0.5173749923706055,330,-0.30937499999999996
0.51882004737854,331,-0.09023437499999999
0.5203070640563965,332,-0.348046875
0.5218009948730469,333,-0.103125
0.5233080387115479,334,0.012890625
0.524744987487793,335,-0.012890625
0.5261290073394775,336,-0.2578125
0.5276370048522949,337,-0.37382812499999996
0.530102014541626,338,-0.992578125
0.5317630767822266,339,0.0
0.5331189632415771,340,-0.167578125
0.5349490642547607,341,-0.29648437499999997
0.5369830131530762,342,0.0
0.5383090972900391,343,0.24492187499999998
0.5395050048828125,344,0.012890625
0.540661096572876,345,-0.012890625
0.5418000221252441,346,-0.0515625
0.5472140312194824,347,-0.36093749999999997
0.5488970279693604,348,-0.29648437499999997
0.5504229068756104,349,-0.103125
0.5518500804901123,350,-0.116015625
0.5533878803253174,351,-0.2578125
0.5547769069671631,352,-0.02578125
0.5561530590057373,353,0.0
0.5575909614562988,354,0.0
0.5595130920410156,355,-0.103125
0.5617220401763916,356,-0.37382812499999996
0.5632050037384033,357,-1.353515625
0.5647261142730713,358,0.0
0.5667629241943359,359,-0.116015625
0.5683989524841309,360,-0.37382812499999996
0.5696620941162109,361,-0.36093749999999997
0.5708119869232178,362,-0.193359375
0.5719521045684814,363,0.012890625
0.5730769634246826,364,0.0
0.5741729736328125,365,0.0
0.5752589702606201,366,-0.103125
0.576348066329956,367,-0.4125
0.5774760246276855,368,-0.4125
0.5786600112915039,369,-1.095703125
0.5800619125366211,370,-1.65
0.5815129280090332,371,0.0
0.5830609798431396,372,-0.0515625
0.584528923034668,373,-0.322265625
0.5858640670776367,374,-0.116015625
0.5873169898986816,375,-0.2578125
0.5896248817443848,376,0.038671874999999994
0.5915629863739014,377,-0.012890625
0.5930399894714355,378,-0.2578125
0.5951099395751953,379,-0.322265625
0.5968430042266846,380,-1.3019531249999998
0.598085880279541,381,0.0
0.5992279052734375,382,-0.116015625
0.6003470420837402,383,-0.23203125
0.6014881134033203,384,-0.02578125
0.6025938987731934,385,-0.33515625
0.6036911010742188,386,-0.37382812499999996
0.6047980785369873,387,-0.193359375
0.6059210300445557,388,-0.012890625
0.6070349216461182,389,0.012890625
0.6081290245056152,390,-0.012890625
0.6093029975891113,391,-0.30937499999999996
0.610706090927124,392,-0.399609375
0.6121571063995361,393,-0.9796874999999999
0.6136460304260254,394,-1.65
0.6151349544525146,395,0.0
0.6165580749511719,396,0.0
0.6181728839874268,397,-0.2578125
0.620048999786377,398,-0.20625
0.6223659515380859,399,-0.09023437499999999
0.6238698959350586,400,-0.012890625
0.6256229877471924,401,-0.012890625
0.6276609897613525,402,-0.322265625
0.6289980411529541,403,-0.966796875
0.6301729679107666,404,-1.546875
0.6312909126281738,405,0.0
0.6323890686035156,406,-0.0515625
0.63348388671875,407,-0.193359375
0.6345748901367188,408,-0.103125
0.6356580257415771,409,0.0
0.6368119716644287,410,-0.2578125
0.6379148960113525,411,-0.167578125
0.6390030384063721,412,0.0
0.6401510238647461,413,0.0
0.641516923904419,414,-0.012890625
0.6429429054260254,415,-0.30937499999999996
0.6444880962371826,416,-0.29648437499999997
0.6459751129150391,417,-1.069921875
0.6474759578704834,418,-0.02578125
0.6489119529724121,419,0.02578125
0.6513469219207764,420,0.0
0.6531369686126709,421,-0.0515625
0.6547350883483887,422,0.09023437499999999
0.6568610668182373,423,-0.012890625
0.6583089828491211,424,0.0
0.6594879627227783,425,-0.37382812499999996
0.660628080368042,426,-0.36093749999999997
0.6617588996887207,427,-0.9796874999999999
0.6628708839416504,428,-1.611328125
0.6639668941497803,429,0.0
0.6650478839874268,430,0.0
0.6661279201507568,431,-0.103125
0.6672871112823486,432,-0.322265625
0.668402910232544,433,-0.21914062499999998
0.669511079788208,434,-0.2578125
0.6706728935241699,435,-0.270703125
0.6720249652862549,436,-0.012890625
0.6734750270843506,437,-0.012890625
0.6750080585479736,438,-0.0515625
0.6764740943908691,439,-0.29648437499999997
0.678109884262085,440,-0.33515625
0.6795980930328369,441,-1.2890625
0.6817729473114014,442,0.0
0.683906078338623,443,-0.012890625
0.6853389739990234,444,-0.20625
0.687175989151001,445,-0.2578125
0.6890718936920166,446,0.012890625
0.6903519630432129,447,0.0
0.6915059089660645,448,-0.012890625
0.6926391124725342,449,-0.29648437499999997
0.6937611103057861,450,-0.36093749999999997
