time,count,voltage
0.005505800247192383,1,-0.20625
0.007040977478027344,2,-0.02578125
0.008455991744995117,3,-0.0515625
0.009933948516845703,4,-0.07734374999999999
0.011772871017456055,5,-0.15468749999999998
0.013553857803344727,6,-0.54140625
0.01526188850402832,7,-1.353515625
0.017030954360961914,8,-0.21914062499999998
0.01872086524963379,9,-0.23203125
0.020444869995117188,10,-0.12890625
0.02195000648498535,11,-0.270703125
0.023345947265625,12,-0.116015625
0.024713993072509766,13,-0.012890625
0.026072978973388672,14,-0.116015625
0.02742791175842285,15,-0.23203125
0.029031991958618164,16,-0.064453125
0.030900001525878906,17,-0.889453125
0.03261995315551758,18,-1.65
0.03442788124084473,19,-0.33515625
0.03623199462890625,20,-0.193359375
0.0378270149230957,21,-0.322265625
0.039700984954833984,22,-0.167578125
0.04134798049926758,23,0.012890625
0.042961835861206055,24,-0.09023437499999999
0.045735836029052734,25,-0.193359375
0.04801797866821289,26,-0.4640625
0.04974198341369629,27,-1.5597656249999998
0.051481008529663086,28,-0.23203125
0.05365490913391113,29,-0.103125
0.05586695671081543,30,-0.2578125
0.05749678611755371,31,0.116015625
0.05895590782165527,32,-0.0515625
0.060373783111572266,33,-0.167578125
0.06175589561462402,34,-0.116015625
0.06311583518981934,35,-0.6703125
0.06448483467102051,36,-1.3921875
0.06583380699157715,37,-0.54140625
0.06718087196350098,38,-0.29648437499999997
0.06854081153869629,39,-0.2578125
0.0699927806854248,40,-0.167578125
0.07137393951416016,41,-0.43828124999999996
0.0727388858795166,42,-0.270703125
0.07407593727111816,43,-0.012890625
0.07541584968566895,44,-0.064453125
0.0767519474029541,45,-0.116015625
0.07810187339782715,46,-0.167578125
0.07947278022766113,47,-0.515625
0.08090901374816895,48,-1.2890625
0.08241486549377441,49,-1.65
0.08412694931030273,50,-0.322265625
0.08582496643066406,51,-0.23203125
0.08765101432800293,52,-0.09023437499999999
0.08963298797607422,53,-0.12890625
0.09124588966369629,54,-0.012890625
0.09291982650756836,55,-0.103125
0.0952918529510498,56,-0.15468749999999998
0.09778499603271484,57,-0.348046875
0.0996239185333252,58,-1.6371093749999999
0.10136699676513672,59,-0.322265625
0.10351395606994629,60,-0.15468749999999998
0.10578179359436035,61,-0.103125
0.10742592811584473,62,0.21914062499999998
0.10891199111938477,63,-0.0515625
0.1103219985961914,64,-0.167578125
0.11188483238220215,65,-0.0515625
0.1136019229888916,66,-0.7218749999999999
0.11533188819885254,67,-1.46953125
0.11718297004699707,68,-0.21914062499999998
0.11919879913330078,69,-0.23203125
0.1209859848022461,70,-0.09023437499999999
0.12271881103515625,71,-0.02578125
0.12448287010192871,72,0.07734374999999999
0.12748980522155762,73,-0.064453125
0.12955689430236816,74,-0.0515625
0.13118481636047363,75,-1.044140625
0.13288378715515137,76,-1.5984375
0.13498377799987793,77,-0.29648437499999997
0.13724780082702637,78,-0.18046874999999998
0.13905787467956543,79,-0.30937499999999996
0.1405777931213379,80,0.02578125
0.1422138214111328,81,-0.0515625
0.14396190643310547,82,-0.103125
0.1456589698791504,83,-0.0515625
0.1475238800048828,84,-0.837890625
0.14966297149658203,85,-1.611328125
0.1515347957611084,86,-0.270703125
0.15303587913513184,87,-0.21914062499999998
0.1545429229736328,88,-0.2578125
0.15703392028808594,89,-0.21914062499999998
0.15897178649902344,90,-0.02578125
0.16040778160095215,91,-0.12890625
0.162125825881958,92,-0.09023437499999999
0.16408085823059082,93,-0.734765625
0.1655128002166748,94,-1.65
0.16669678688049316,95,-0.29648437499999997
0.16786789894104004,96,-0.193359375
0.1690208911895752,97,-0.18046874999999998
0.1701488494873047,98,-0.167578125
0.1712629795074463,99,-0.399609375
0.1724867820739746,100,-0.348046875
0.17389893531799316,101,-0.12890625
0.1753218173980713,102,-0.0515625
0.17684698104858398,103,-0.103125
0.17837190628051758,104,-0.116015625
0.17989182472229004,105,-0.631640625
0.1813359260559082,106,-1.3921875
0.18310999870300293,107,-0.37382812499999996
0.18555092811584473,108,-0.33515625
0.18714189529418945,109,-0.09023437499999999
0.18870878219604492,110,-0.20625
0.19065499305725098,111,-0.116015625
0.19228887557983398,112,-0.012890625
0.19356489181518555,113,-0.167578125
0.19472384452819824,114,-0.103125
0.19586682319641113,115,-0.554296875
0.19699883460998535,116,-1.198828125
0.1981208324432373,117,-1.65
0.1992638111114502,118,-0.167578125
0.20038080215454102,119,-0.2578125
0.20148992538452148,120,-0.29648437499999997
0.20269393920898438,121,0.0
0.20410394668579102,122,-0.30937499999999996
0.20557880401611328,123,-0.322265625
0.2070939540863037,124,-0.15468749999999998
0.2086479663848877,125,-0.012890625
0.21009588241577148,126,-0.103125
0.21149682998657227,127,-0.167578125
0.21337580680847168,128,-0.502734375
0.2157750129699707,129,-1.2890625
0.2173140048980713,130,-0.167578125
0.21889591217041016,131,-0.33515625
0.22088980674743652,132,-0.02578125
0.2226088047027588,133,-0.116015625
0.22387290000915527,134,0.038671874999999994
0.22503995895385742,135,-0.064453125
0.22617292404174805,136,-0.064453125
0.22730183601379395,137,-0.28359375
0.2284247875213623,138,-0.12890625
0.22963595390319824,139,-0.7863281249999999
0.23076701164245605,140,-1.3792968749999999
0.2318868637084961,141,-1.095703125
0.23309087753295898,142,-0.103125
0.23452997207641602,143,-0.12890625
0.23601794242858887,144,-0.18046874999999998
0.23762083053588867,145,-0.36093749999999997
0.23932790756225586,146,-0.33515625
0.24076080322265625,147,-0.0515625
0.24215292930603027,148,-0.0515625
0.2438199520111084,149,-0.116015625
0.2463228702545166,150,-0.167578125
0.24794888496398926,151,-1.0828125
0.24941396713256836,152,-0.54140625
0.25130486488342285,153,-0.270703125
0.25314998626708984,154,-0.18046874999999998
0.25448083877563477,155,-0.20625
0.2556469440460205,156,-0.12890625
0.2567729949951172,157,-0.116015625
0.25788283348083496,158,-0.038671874999999994
0.25902891159057617,159,-0.064453125
0.2601618766784668,160,-0.23203125
0.26128697395324707,161,-0.20625
0.26240086555480957,162,-0.5671875
0.26360583305358887,163,-1.16015625
0.2650578022003174,164,-1.6371093749999999
0.266510009765625,165,-0.20625
0.2680327892303467,166,-0.193359375
0.2696218490600586,167,-0.167578125
0.2710399627685547,168,-0.270703125
0.272446870803833,169,-0.20625
0.2741999626159668,170,-0.103125
0.2766389846801758,171,-0.02578125
0.27820301055908203,172,-0.103125
0.27970290184020996,173,-0.580078125
0.28163790702819824,174,-1.327734375
0.2833409309387207,175,-0.43828124999999996
0.2846369743347168,176,-0.20625
0.285808801651001,177,0.012890625
0.2869389057159424,178,-0.322265625
0.288057804107666,179,-0.451171875
0.2892320156097412,180,-0.399609375
0.2903439998626709,181,-0.0515625
0.2914469242095947,182,-0.02578125
0.2925558090209961,183,-0.09023437499999999
0.2937788963317871,184,-0.29648437499999997
0.2952108383178711,185,-0.12890625
0.2966639995574951,186,-0.7863281249999999
0.2982189655303955,187,-1.482421875
0.2998178005218506,188,-0.4125
0.30121779441833496,189,-0.193359375
0.30263590812683105,190,-0.167578125
0.30449581146240234,191,-0.36093749999999997
0.3068859577178955,192,-0.37382812499999996
0.3084118366241455,193,-0.012890625
0.31006598472595215,194,-0.0515625
0.31203389167785645,195,-0.20625
0.31363582611083984,196,-0.64453125
0.3149068355560303,197,-1.533984375
0.31607699394226074,198,-0.270703125
0.3172328472137451,199,-0.18046874999999998
0.3183867931365967,200,-0.270703125
0.3196258544921875,201,-0.167578125
0.3207669258117676,202,-0.48984374999999997
0.32189083099365234,203,-0.4640625
0.32300400733947754,204,-0.322265625
0.3242058753967285,205,-0.0515625
0.3256509304046631,206,-0.09023437499999999
0.3271160125732422,207,-0.167578125
0.328718900680542,208,-0.116015625
0.33026599884033203,209,-0.7476562499999999
0.33168697357177734,210,-1.533984375
0.3331308364868164,211,-0.21914062499999998
0.3348569869995117,212,-0.02578125
0.33726000785827637,213,-0.20625
0.3389549255371094,214,-0.270703125
0.34064698219299316,215,0.038671874999999994
0.34337401390075684,216,-0.0515625
0.3447098731994629,217,-0.0515625
0.34589385986328125,218,-0.515625
0.3470449447631836,219,-1.1859374999999999
0.34820985794067383,220,-1.65
0.3493947982788086,221,-0.20625
0.3505368232727051,222,-0.30937499999999996
0.35166478157043457,223,-0.2578125
0.3530910015106201,224,-0.15468749999999998
0.3543579578399658,225,-0.42539062499999997
0.35581183433532715,226,-0.399609375
0.35727977752685547,227,-0.167578125
0.3589179515838623,228,-0.02578125
0.3605308532714844,229,-0.12890625
0.3619399070739746,230,-0.02578125
0.36336493492126465,231,-0.7863281249999999
0.3656628131866455,232,-1.456640625
0.3677527904510498,233,-0.451171875
0.36931681632995605,234,-0.15468749999999998
0.37128591537475586,235,-0.322265625
0.37310290336608887,236,-0.18046874999999998
0.37436795234680176,237,-0.012890625
0.37554383277893066,238,-0.07734374999999999
0.37668585777282715,239,-0.20625
0.37780094146728516,240,-0.23203125
0.3789370059967041,241,-0.42539062499999997
0.3800849914550781,242,-1.095703125
0.38120484352111816,243,-1.611328125
0.3823277950286865,244,-0.33515625
0.38343191146850586,245,-0.322265625
0.38462185859680176,246,-0.193359375
0.38604283332824707,247,-0.0515625
0.3874938488006592,248,-0.33515625
0.3897287845611572,249,-0.28359375
0.39151787757873535,250,-0.141796875
0.39330482482910156,251,-0.0515625
0.3960859775543213,252,-0.193359375
0.39808177947998047,253,-0.580078125
0.4000709056854248,254,-0.95390625
0.4022648334503174,255,-0.23203125
0.40376996994018555,256,-0.12890625
0.4051039218902588,257,-0.30937499999999996
0.40639591217041016,258,-0.193359375
0.40764880180358887,259,-0.012890625
0.40892601013183594,260,-0.09023437499999999
0.4101748466491699,261,-0.167578125
0.41141581535339355,262,-0.20625
0.4126749038696289,263,-0.554296875
0.4185459613800049,264,-1.224609375
0.420665979385376,265,-1.65
0.42255187034606934,266,-0.8765624999999999
0.4249739646911621,267,-0.33515625
0.42726588249206543,268,-0.0515625
0.4292888641357422,269,-0.0515625
0.4315519332885742,270,-0.7863281249999999
0.43309497833251953,271,-0.54140625
0.43442296981811523,272,-0.20625
0.4356977939605713,273,-0.167578125
0.4369668960571289,274,-0.09023437499999999
0.4382359981536865,275,-0.29648437499999997
0.4395279884338379,276,-0.2578125
0.4407680034637451,277,-0.012890625
0.4419999122619629,278,-0.103125
0.4432408809661865,279,-0.12890625
0.4491457939147949,280,-0.18046874999999998
0.45124387741088867,281,-0.33515625
0.4531428813934326,282,-0.2578125
0.4557018280029297,283,-0.322265625
0.4579157829284668,284,-0.0515625
0.45990681648254395,285,-0.0515625
0.4621849060058594,286,-0.193359375
0.46373796463012695,287,-0.6832031249999999
0.4650568962097168,288,-1.546875
0.4663388729095459,289,-0.15468749999999998
0.467602014541626,290,-0.20625
0.46889281272888184,291,-0.2578125
0.4701650142669678,292,-0.0515625
0.4714169502258301,293,-0.33515625
0.4726569652557373,294,-0.2578125
0.47388386726379395,295,-0.02578125
0.4797649383544922,296,-0.0515625
0.48188090324401855,297,-0.064453125
0.48377084732055664,298,-0.95390625
0.48628997802734375,299,-0.20625
0.48888683319091797,300,-0.064453125
0.4908897876739502,301,0.29648437499999997
0.49311399459838867,302,-0.0515625
0.4946258068084717,303,-0.193359375
0.4959449768066406,304,-0.322265625
0.4972259998321533,305,-1.1214843749999999
0.4984879493713379,306,-1.65
0.49983978271484375,307,-0.29648437499999997
0.5011608600616455,308,-0.103125
0.5024518966674805,309,-0.167578125
0.5037269592285156,310,-0.270703125
0.5049707889556885,311,-0.37382812499999996
0.5110008716583252,312,-0.28359375
0.513037919998169,313,-0.012890625
0.5148777961730957,314,-1.018359375
0.5170199871063232,315,-0.580078125
0.5197958946228027,316,-0.29648437499999997
0.5215439796447754,317,-0.322265625
0.5238659381866455,318,-0.07734374999999999
0.5255789756774902,319,-0.02578125
0.5272798538208008,320,-0.12890625
0.5290689468383789,321,-0.02578125
0.5305027961730957,322,-0.8507812499999999
0.5318210124969482,323,-1.5726562499999999
0.5331089496612549,324,-0.20625
0.5344460010528564,325,-0.23203125
0.5357379913330078,326,-0.167578125
0.5388998985290527,327,-0.167578125
0.5403718948364258,328,-0.28359375
0.5418648719787598,329,-0.038671874999999994
0.543287992477417,330,-0.09023437499999999
0.5445787906646729,331,-0.116015625
0.5459067821502686,332,-0.4125
0.5479350090026855,333,-1.1859374999999999
0.5502309799194336,334,-1.65
0.5516149997711182,335,-0.23203125
0.5533537864685059,336,-0.0515625
0.555171012878418,337,-0.322265625
0.556459903717041,338,-0.02578125
0.5575969219207764,339,-0.012890625
0.558837890625,340,-0.09023437499999999
0.5599958896636963,341,-0.193359375
0.561119794845581,342,-0.20625
0.5622348785400391,343,-0.4125
0.5633509159088135,344,-1.0828125
0.5644609928131104,345,-1.611328125
0.5655748844146729,346,-0.28359375
0.5666778087615967,347,-0.20625
0.5677728652954102,348,-0.15468749999999998
0.5689477920532227,349,-0.20625
0.5703418254852295,350,0.0
0.5717818737030029,351,-0.270703125
0.5732588768005371,352,-0.12890625
0.5747799873352051,353,-0.02578125
0.5762729644775391,354,-0.038671874999999994
0.5777649879455566,355,-0.20625
0.5797150135040283,356,-0.2578125
0.5820889472961426,357,-1.147265625
0.5836639404296875,358,-0.4640625
0.585075855255127,359,-0.193359375
0.5869038105010986,360,-0.193359375
0.5887808799743652,361,-0.4125
0.5901157855987549,362,-0.02578125
0.5912768840789795,363,-0.02578125
0.592397928237915,364,-0.09023437499999999
0.5935158729553223,365,-0.20625
0.5996699333190918,366,-0.20625
0.6012568473815918,367,-0.631640625
0.6026809215545654,368,-0.15468749999999998
0.6042039394378662,369,-0.322265625
0.6057329177856445,370,-0.33515625
0.6071128845214844,371,-0.09023437499999999
0.608651876449585,372,-0.064453125
0.6105189323425293,373,-0.103125
0.6128277778625488,374,-0.103125
0.614372968673706,375,-1.044140625
0.6157598495483398,376,-0.580078125
0.617595911026001,377,-0.270703125
0.6195158958435059,378,-0.23203125
0.6208407878875732,379,-0.29648437499999997
0.6220409870147705,380,-0.2578125
0.6231679916381836,381,-0.167578125
0.6242618560791016,382,-0.02578125
0.6253578662872314,383,-0.09023437499999999
0.6264629364013672,384,-0.23203125
0.6275618076324463,385,-0.28359375
0.628760814666748,386,-0.322265625
0.6299688816070557,387,-1.018359375
0.63136887550354,388,-1.5597656249999998
0.6327838897705078,389,-0.270703125
0.6342909336090088,390,-0.23203125
0.6358277797698975,391,-0.20625
0.6372489929199219,392,-0.33515625
0.6388318538665771,393,-0.322265625
0.6414189338684082,394,-0.167578125
0.643129825592041,395,-0.0515625
0.6451900005340576,396,-0.12890625
0.6474988460540771,397,-0.33515625
0.6490418910980225,398,-1.52109375
0.6503729820251465,399,-0.29648437499999997
0.6516478061676025,400,-0.20625
0.6529078483581543,401,-0.116015625
0.6542079448699951,402,-0.37382812499999996
0.6554470062255859,403,-0.322265625
0.656667947769165,404,-0.20625
0.6578760147094727,405,-0.02578125
0.6689198017120361,406,-0.0515625
0.6708369255065918,407,-0.193359375
0.6726858615875244,408,-0.116015625
0.6744649410247803,409,0.0
0.6764059066772461,410,-0.064453125
0.6781399250030518,411,-0.167578125
0.6796488761901855,412,-0.42539062499999997
0.6815469264984131,413,-1.2890625
0.6835799217224121,414,-0.29648437499999997
0.6850419044494629,415,-0.21914062499999998
0.6862859725952148,416,-0.09023437499999999
0.6874358654022217,417,-0.451171875
0.6886279582977295,418,-0.4640625
0.6897749900817871,419,-0.322265625
0.6910269260406494,420,-0.012890625
0.6926028728485107,421,-0.103125
0.6940629482269287,422,-0.167578125
0.6957449913024902,423,-0.064453125
0.6972639560699463,424,-0.9152343749999999
0.6987059116363525,425,-1.6242187499999998
0.700279951095581,426,-0.37382812499999996
0.7029969692230225,427,-0.21914062499999998
0.7047069072723389,428,-0.36093749999999997
0.7061219215393066,429,-0.0515625
0.707939863204956,430,0.012890625
0.7099080085754395,431,-0.07734374999999999
0.7113189697265625,432,-0.103125
