time,count,voltage
0.005403041839599609,1,-0.37382812499999996
0.007206916809082031,2,0.0
0.008720874786376953,3,-0.012890625
0.010133028030395508,4,-0.02578125
0.011536836624145508,5,-0.24492187499999998
0.012927055358886719,6,-0.4640625
0.014308929443359375,7,-1.2374999999999998
0.015677928924560547,8,-0.2578125
0.017052888870239258,9,-0.15468749999999998
0.026319026947021484,10,-0.103125
0.02890491485595703,11,-0.18046874999999998
0.030424833297729492,12,-0.5929687499999999
0.03182697296142578,13,-1.46953125
0.03320002555847168,14,-0.103125
0.037225961685180664,15,-0.167578125
0.03889298439025879,16,-0.0515625
0.04045987129211426,17,0.12890625
0.041951894760131836,18,0.0
0.04347586631774902,19,-0.0515625
0.04499387741088867,20,-0.21914062499999998
0.0566709041595459,21,-0.4640625
0.059517860412597656,22,-1.3019531249999998
0.06172585487365723,23,-0.103125
0.06336092948913574,24,-0.37382812499999996
0.06507587432861328,25,-1.327734375
0.06729292869567871,26,-0.12890625
0.06946992874145508,27,-0.167578125
0.07117199897766113,28,-0.02578125
0.07269406318664551,29,-0.012890625
0.07409501075744629,30,-0.012890625
0.07545995712280273,31,0.0
0.07691597938537598,32,-0.064453125
0.07831788063049316,33,-0.23203125
0.07969284057617188,34,-0.554296875
0.08106303215026855,35,-1.327734375
0.08243083953857422,36,-0.21914062499999998
0.08379006385803223,37,-0.18046874999999998
0.0851449966430664,38,-0.20625
0.08649682998657227,39,-0.20625
0.08794903755187988,40,-0.23203125
0.08956599235534668,41,-0.21914062499999998
0.09128904342651367,42,0.0
0.09296894073486328,43,-0.0515625
0.09478092193603516,44,-0.23203125
0.09656000137329102,45,-0.29648437499999997
0.09818506240844727,46,-1.26328125
0.09981489181518555,47,-0.038671874999999994
0.10144805908203125,48,-0.116015625
0.10413885116577148,49,-0.21914062499999998
0.10660290718078613,50,-0.064453125
0.10831284523010254,51,0.0
0.11008095741271973,52,-0.038671874999999994
0.11190199851989746,53,-0.20625
0.11397886276245117,54,-0.54140625
0.11623096466064453,55,-1.52109375
0.11802196502685547,56,-0.15468749999999998
0.1197359561920166,57,-0.21914062499999998
0.12145805358886719,58,-0.36093749999999997
0.1231539249420166,59,-0.15468749999999998
0.12514805793762207,60,0.012890625
0.12722206115722656,61,-0.02578125
0.1290290355682373,62,-0.09023437499999999
0.13046002388000488,63,-0.8507812499999999
0.13174891471862793,64,-1.611328125
0.13397693634033203,65,-0.012890625
0.13597488403320312,66,-0.064453125
0.13749384880065918,67,0.0
0.1390700340270996,68,-0.116015625
0.1410079002380371,69,0.0
0.14264798164367676,70,-0.02578125
0.14392805099487305,71,-0.20625
0.14509105682373047,72,-0.167578125
0.1462719440460205,73,-0.734765625
0.14741301536560059,74,-1.353515625
0.1486518383026123,75,-0.502734375
0.1500389575958252,76,-0.0515625
0.15148496627807617,77,-0.167578125
0.15298986434936523,78,-0.21914062499999998
0.15452885627746582,79,-0.322265625
0.15616989135742188,80,-0.21914062499999998
0.15774083137512207,81,0.0
0.15911197662353516,82,-0.0515625
0.1614549160003662,83,-0.18046874999999998
0.16336297988891602,84,-0.116015625
0.16481900215148926,85,-1.26328125
0.16648197174072266,86,-0.12890625
0.1684708595275879,87,-0.09023437499999999
0.17003893852233887,88,-0.20625
0.17130804061889648,89,-0.451171875
0.1725139617919922,90,-0.33515625
0.17366385459899902,91,0.0
0.17478704452514648,92,0.012890625
0.1759028434753418,93,-0.0515625
0.1771068572998047,94,-0.21914062499999998
0.1782369613647461,95,-0.2578125
0.17944097518920898,96,-0.708984375
0.1808478832244873,97,-1.3148437499999999
0.1823258399963379,98,-0.21914062499999998
0.18380093574523926,99,-0.20625
0.1853468418121338,100,-0.20625
0.1868889331817627,101,-0.116015625
0.18841791152954102,102,-0.38671875
0.18985390663146973,103,-0.18046874999999998
0.19216489791870117,104,0.0
0.1940619945526123,105,-0.038671874999999994
0.19553399085998535,106,-0.103125
0.1971268653869629,107,-0.837890625
0.19907593727111816,108,-1.546875
0.2006988525390625,109,-0.15468749999999998
0.20197701454162598,110,-0.2578125
0.20314288139343262,111,-0.103125
0.20429205894470215,112,-0.4125
0.205427885055542,113,-0.42539062499999997
0.2066490650177002,114,-0.20625
0.20777583122253418,115,0.0
0.20888185501098633,116,-0.07734374999999999
0.21008801460266113,117,-0.15468749999999998
0.21149802207946777,118,-0.2578125
0.21297597885131836,119,-0.476953125
0.2144758701324463,120,-1.3019531249999998
0.2161109447479248,121,0.0
0.21765804290771484,122,-0.23203125
0.21914887428283691,123,-0.28359375
0.2205638885498047,124,-0.103125
0.22234487533569336,125,-0.2578125
0.2247169017791748,126,-0.09023437499999999
0.2263810634613037,127,-0.038671874999999994
0.2278149127960205,128,-0.2578125
0.2296428680419922,129,-0.20625
0.23154401779174805,130,-1.16015625
0.23291683197021484,131,-0.2578125
0.23409700393676758,132,-0.23203125
0.23523783683776855,133,-0.322265625
0.2363729476928711,134,-0.09023437499999999
0.23751187324523926,135,-0.30937499999999996
0.23864293098449707,136,-0.36093749999999997
0.2397618293762207,137,-0.20625
0.24094200134277344,138,-0.012890625
0.24234294891357422,139,-0.0515625
0.24379897117614746,140,-0.12890625
0.24533891677856445,141,-0.23203125
0.2469959259033203,142,-0.7734375
0.24846982955932617,143,-1.611328125
0.2499098777770996,144,-0.116015625
0.2512969970703125,145,0.0
0.2536039352416992,146,-0.23203125
0.25550198554992676,147,-0.2578125
0.2569408416748047,148,0.18046874999999998
0.2586350440979004,149,-0.02578125
0.26062703132629395,150,-0.02578125
0.2621140480041504,151,-0.167578125
0.26337599754333496,152,-0.825
0.2645740509033203,153,-1.52109375
0.26577305793762207,154,-0.116015625
0.2669408321380615,155,-0.141796875
0.26807188987731934,156,-0.18046874999999998
0.2692148685455322,157,-0.193359375
0.27033400535583496,158,-0.167578125
0.27152299880981445,159,-0.37382812499999996
0.27292394638061523,160,-0.29648437499999997
0.27438783645629883,161,0.012890625
0.275892972946167,162,-0.0515625
0.2775540351867676,163,-0.167578125
0.27901697158813477,164,-0.167578125
0.28051090240478516,165,-0.928125
0.28185296058654785,166,-1.65
0.2833240032196045,167,0.0
0.2848498821258545,168,-0.103125
0.2863779067993164,169,-0.20625
0.28871893882751465,170,-0.30937499999999996
0.2905690670013428,171,-0.0515625
0.29202890396118164,172,-0.012890625
0.2936818599700928,173,-0.0515625
0.2956428527832031,174,-0.21914062499999998
0.2973968982696533,175,-0.837890625
0.2987549304962158,176,-1.65
0.2999570369720459,177,-0.12890625
0.30111002922058105,178,-0.167578125
0.30232906341552734,179,-0.2578125
0.30372095108032227,180,-0.12890625
0.3051738739013672,181,-0.322265625
0.30683398246765137,182,-0.12890625
0.3084099292755127,183,0.0
0.309877872467041,184,-0.064453125
0.3113079071044922,185,-0.28359375
0.3128829002380371,186,-0.322265625
0.3153839111328125,187,-1.173046875
0.31704187393188477,188,-0.29648437499999997
0.31842684745788574,189,-0.193359375
0.32007288932800293,190,-0.103125
0.32201504707336426,191,-0.21914062499999998
0.3234748840332031,192,0.07734374999999999
0.32469987869262695,193,0.0
0.32585787773132324,194,-0.0515625
0.32708287239074707,195,-0.24492187499999998
0.3282430171966553,196,-0.28359375
0.3293728828430176,197,-0.6832031249999999
0.33054089546203613,198,-1.3019531249999998
0.33167099952697754,199,-0.837890625
0.3329160213470459,200,-0.15468749999999998
0.3343360424041748,201,-0.141796875
0.3357870578765869,202,-0.29648437499999997
0.33741283416748047,203,-0.167578125
0.3389859199523926,204,-0.20625
0.3404078483581543,205,0.09023437499999999
0.3418309688568115,206,-0.012890625
0.3439610004425049,207,-0.012890625
0.3461019992828369,208,-0.20625
0.3475978374481201,209,-1.03125
0.34918999671936035,210,-0.20625
0.35112500190734863,211,-0.064453125
0.3527388572692871,212,-0.270703125
0.3539910316467285,213,-0.38671875
0.35515403747558594,214,-0.4125
0.3563418388366699,215,-0.2578125
0.3574850559234619,216,0.0
0.3586008548736572,217,-0.02578125
0.3597300052642822,218,-0.064453125
0.36138391494750977,219,-0.270703125
0.3625800609588623,220,-0.4640625
0.3638439178466797,221,-1.16015625
0.3652520179748535,222,-1.65
0.36681103706359863,223,-0.103125
0.3683018684387207,224,-0.02578125
0.36980605125427246,225,-0.12890625
0.3711869716644287,226,-0.23203125
0.37257885932922363,227,-0.21914062499999998
0.37433505058288574,228,0.0
0.376723051071167,229,-0.012890625
0.3782508373260498,230,-0.18046874999999998
0.37961602210998535,231,-0.476953125
0.381458044052124,232,-1.26328125
0.3833580017089844,233,-0.064453125
0.38474583625793457,234,-0.12890625
0.38594889640808105,235,-0.103125
0.38716983795166016,236,-0.30937499999999996
0.3883378505706787,237,-0.36093749999999997
0.38947486877441406,238,-0.2578125
0.39067697525024414,239,0.0
0.39186787605285645,240,-0.02578125
0.39301395416259766,241,-0.064453125
0.39422106742858887,242,-0.30937499999999996
0.39562201499938965,243,-0.193359375
0.39708900451660156,244,-0.9796874999999999
0.39865899085998535,245,-1.65
0.4001748561859131,246,0.0
0.4015369415283203,247,-0.103125
0.4028589725494385,248,-0.167578125
0.40485191345214844,249,-0.322265625
0.4070620536804199,250,-0.21914062499999998
0.40854501724243164,251,0.0
0.41001200675964355,252,-0.0515625
0.41196584701538086,253,-0.29648437499999997
0.4137270450592041,254,-0.554296875
0.41504788398742676,255,-1.5984375
0.4162459373474121,256,-0.064453125
0.41739892959594727,257,-0.193359375
0.41852688789367676,258,-0.28359375
0.4196460247039795,259,-0.167578125
0.42076992988586426,260,-0.322265625
0.4218919277191162,261,-0.38671875
0.4230308532714844,262,-0.23203125
0.4242210388183594,263,-0.012890625
0.4256398677825928,264,-0.0515625
0.42710185050964355,265,-0.103125
0.4286160469055176,266,-0.21914062499999998
0.4302079677581787,267,-0.760546875
0.4316229820251465,268,-1.585546875
0.43294692039489746,269,-0.103125
0.43470096588134766,270,-0.24492187499999998
0.4371039867401123,271,-0.270703125
0.4386889934539795,272,-0.0515625
0.44011998176574707,273,0.103125
0.4419729709625244,274,0.0
0.44379305839538574,275,-0.02578125
0.4451580047607422,276,-0.167578125
0.44637489318847656,277,-0.7476562499999999
0.44754505157470703,278,-1.3664062499999998
0.4486818313598633,279,-0.103125
0.44979000091552734,280,-0.09023437499999999
0.45090293884277344,281,-0.0515625
0.45201683044433594,282,-0.2578125
0.45313000679016113,283,-0.09023437499999999
0.4543190002441406,284,-0.451171875
0.4557318687438965,285,-0.43828124999999996
0.45729994773864746,286,-0.0515625
0.4588449001312256,287,0.0
0.4603588581085205,288,-0.07734374999999999
0.4618558883666992,289,-0.167578125
0.46335792541503906,290,-0.708984375
0.46467089653015137,291,-1.46953125
0.4668848514556885,292,0.012890625
0.4688999652862549,293,-0.103125
0.47034597396850586,294,-0.18046874999999998
0.4718639850616455,295,-0.322265625
0.47382092475891113,296,-0.167578125
0.4755280017852783,297,0.012890625
0.4768519401550293,298,-0.103125
0.478039026260376,299,-0.23203125
0.47917985916137695,300,-0.4640625
0.4802968502044678,301,-1.173046875
0.48140883445739746,302,-1.65
0.4825119972229004,303,-0.0515625
0.48362183570861816,304,-0.193359375
0.4848198890686035,305,-0.167578125
0.48627495765686035,306,-0.20625
0.4877288341522217,307,-0.37382812499999996
0.4892568588256836,308,-0.24492187499999998
0.4908409118652344,309,0.0
0.4923250675201416,310,-0.02578125
0.49382805824279785,311,-0.167578125
0.49526500701904297,312,-0.21914062499999998
0.4977898597717285,313,-0.79921875
0.4995708465576172,314,-1.65
0.5009629726409912,315,-0.20625
0.5025589466094971,316,-0.2578125
0.5044958591461182,317,-0.0515625
0.5061960220336914,318,-0.0515625
0.507490873336792,319,0.0
0.5086698532104492,320,-0.0515625
0.5098199844360352,321,-0.09023437499999999
0.5109539031982422,322,-0.322265625
0.5120718479156494,323,-0.322265625
0.5131828784942627,324,-0.9796874999999999
0.514293909072876,325,-1.546875
0.5154879093170166,326,0.012890625
0.5169210433959961,327,-0.012890625
0.5183939933776855,328,-0.12890625
0.5198588371276855,329,-0.12890625
0.5214049816131592,330,-0.23203125
0.5228710174560547,331,-0.15468749999999998
0.5243129730224609,332,-0.012890625
0.5259299278259277,333,-0.0515625
0.528378963470459,334,-0.141796875
0.5302548408508301,335,-0.322265625
0.5316760540008545,336,-1.456640625
0.5332930088043213,337,-0.15468749999999998
0.535243034362793,338,-0.21914062499999998
0.5368778705596924,339,-0.18046874999999998
0.5381438732147217,340,-0.37382812499999996
0.5393228530883789,341,-0.2578125
0.5404739379882812,342,0.012890625
0.5416100025177002,343,-0.012890625
0.5427298545837402,344,-0.038671874999999994
0.5438499450683594,345,-0.29648437499999997
0.5449750423431396,346,-0.20625
0.5462279319763184,347,-0.7734375
0.5476438999176025,348,-1.3664062499999998
0.5491058826446533,349,-0.15468749999999998
0.5506260395050049,350,-0.12890625
0.5522029399871826,351,-0.193359375
0.5535769462585449,352,-0.12890625
0.5549159049987793,353,-0.36093749999999997
0.5564680099487305,354,-0.23203125
0.5589020252227783,355,0.0
0.5605418682098389,356,-0.038671874999999994
0.5619158744812012,357,-0.103125
0.5636789798736572,358,-0.7476562499999999
0.5656380653381348,359,-1.546875
0.5670700073242188,360,-0.09023437499999999
0.5682849884033203,361,-0.167578125
0.5694329738616943,362,-0.141796875
0.570551872253418,363,-0.322265625
0.5717060565948486,364,-0.4125
0.5728960037231445,365,-0.29648437499999997
0.574044942855835,366,0.0
0.5751559734344482,367,-0.012890625
0.576361894607544,368,-0.0515625
0.5777709484100342,369,-0.30937499999999996
0.5792310237884521,370,-0.29648437499999997
0.5808038711547852,371,-1.1214843749999999
0.5823149681091309,372,-0.7863281249999999
0.5836939811706543,373,-0.15468749999999998
0.5850789546966553,374,-0.167578125
0.5871970653533936,375,-0.20625
0.589339017868042,376,-0.103125
0.5907540321350098,377,0.012890625
0.592526912689209,378,-0.012890625
0.5944199562072754,379,-0.116015625
0.5957310199737549,380,-0.18046874999999998
0.5969319343566895,381,-0.992578125
0.5980908870697021,382,-1.65
0.5992128849029541,383,-0.09023437499999999
0.6003389358520508,384,-0.20625
0.6014509201049805,385,-0.21914062499999998
0.6025609970092773,386,-0.167578125
0.6036620140075684,387,-0.322265625
0.6047749519348145,388,-0.4640625
0.605881929397583,389,-0.33515625
0.6071429252624512,390,0.0
0.6085498332977295,391,-0.012890625
0.6100258827209473,392,-0.0515625
0.6115279197692871,393,-0.20625
0.613090991973877,394,-0.476953125
0.614555835723877,395,-1.3019531249999998
0.6160109043121338,396,-0.116015625
0.6175079345703125,397,-0.23203125
0.619438886642456,398,-0.21914062499999998
0.6217629909515381,399,-0.15468749999999998
0.6233170032501221,400,0.193359375
0.624830961227417,401,-0.012890625
0.6268038749694824,402,-0.0515625
0.6284990310668945,403,-0.167578125
0.6298160552978516,404,-0.6574218749999999
0.6309950351715088,405,-1.405078125
0.6321349143981934,406,0.0
0.6332590579986572,407,-0.103125
0.6343739032745361,408,-0.15468749999999998
0.6354899406433105,409,-0.07734374999999999
0.6366908550262451,410,-0.103125
0.6379070281982422,411,-0.399609375
0.639319896697998,412,-0.33515625
0.6407730579376221,413,0.012890625
0.6422898769378662,414,-0.0515625
0.6438770294189453,415,-0.116015625
0.6453719139099121,416,-0.141796875
0.6469738483428955,417,-0.8121093749999999
0.648339033126831,418,-1.5984375
0.650629997253418,419,-0.012890625
0.6525518894195557,420,-0.15468749999999998
0.6539919376373291,421,0.0
0.6555650234222412,422,-0.141796875
0.6575288772583008,423,-0.012890625
0.6591289043426514,424,-0.012890625
0.6604418754577637,425,-0.20625
0.6616179943084717,426,-0.2578125
0.6627688407897949,427,-0.734765625
0.663895845413208,428,-1.3664062499999998
0.6650209426879883,429,-0.8507812499999999
0.666226863861084,430,-0.116015625
0.6673629283905029,431,-0.167578125
0.6685519218444824,432,-0.28359375
0.6699459552764893,433,-0.116015625
0.67140793800354,434,-0.38671875
0.6728599071502686,435,-0.23203125
0.6744270324707031,436,-0.012890625
