time,count,voltage
0.005248069763183594,1,-0.064453125
0.006820201873779297,2,-0.4125
0.008352041244506836,3,-0.992578125
0.009746074676513672,4,-1.65
0.011117219924926758,5,-0.038671874999999994
0.012755155563354492,6,-0.12890625
0.014500141143798828,7,-0.37382812499999996
0.016224145889282227,8,-0.36093749999999997
0.018063068389892578,9,-0.0515625
0.019628047943115234,10,0.0
0.021397113800048828,11,-0.012890625
0.02303910255432129,12,-0.36093749999999997
0.02454519271850586,13,-0.631640625
0.025901079177856445,14,-1.533984375
0.027383089065551758,15,0.0
0.02874016761779785,16,-0.12890625
0.030237197875976562,17,-0.30937499999999996
0.03176617622375488,18,-0.2578125
0.03322720527648926,19,-0.37382812499999996
0.03472304344177246,20,-0.0515625
0.03632807731628418,21,0.0
0.038105010986328125,22,-0.012890625
0.03966712951660156,23,-0.322265625
0.058463096618652344,24,-0.64453125
0.06009721755981445,25,-1.65
0.0616300106048584,26,-0.0515625
0.06316304206848145,27,-0.20625
0.06479001045227051,28,-0.15468749999999998
0.06648111343383789,29,-0.15468749999999998
0.06821703910827637,30,0.103125
0.07001304626464844,31,0.0
0.07173609733581543,32,-0.012890625
0.07345199584960938,33,-0.36093749999999997
0.07526016235351562,34,-0.8765624999999999
0.07715821266174316,35,-1.4437499999999999
0.07879900932312012,36,0.0
0.08117198944091797,37,-0.322265625
0.08268213272094727,38,-0.4125
0.08419418334960938,39,-0.103125
0.08565902709960938,40,0.0
0.08708405494689941,41,0.0
0.0885000228881836,42,-0.15468749999999998
0.08996319770812988,43,-0.43828124999999996
0.09155011177062988,44,-0.928125
0.09337902069091797,45,-1.65
0.09505200386047363,46,-0.09023437499999999
0.09688019752502441,47,-0.103125
0.09865808486938477,48,-0.116015625
0.1005392074584961,49,-0.24492187499999998
0.10213613510131836,50,0.0
0.10501217842102051,51,-0.012890625
0.10717320442199707,52,-0.2578125
0.10892009735107422,53,-0.9410156249999999
0.11085200309753418,54,-0.116015625
0.11301803588867188,55,-0.12890625
0.11511802673339844,56,-0.37382812499999996
0.11684107780456543,57,-0.116015625
0.11841917037963867,58,0.28359375
0.11992001533508301,59,-0.012890625
0.12197113037109375,60,-0.02578125
0.12380504608154297,61,-0.33515625
0.1257162094116211,62,-1.0828125
0.1275770664215088,63,-0.064453125
0.12924909591674805,64,-0.2578125
0.13083505630493164,65,-0.36093749999999997
0.13277220726013184,66,-0.23203125
0.1359109878540039,67,-0.0515625
0.13803505897521973,68,0.0
0.13973712921142578,69,-0.30937499999999996
0.14192509651184082,70,-0.6703125
0.14354801177978516,71,-1.65
0.14476799964904785,72,-0.103125
0.14592504501342773,73,-0.09023437499999999
0.1472001075744629,74,-0.4640625
0.14836812019348145,75,-0.103125
0.14964604377746582,76,-0.270703125
0.1511530876159668,77,-0.103125
0.15262603759765625,78,0.0
0.1542360782623291,79,-0.012890625
0.15581321716308594,80,-0.29648437499999997
0.15735602378845215,81,-0.38671875
0.15869402885437012,82,-1.2374999999999998
0.16113018989562988,83,-0.02578125
0.16274118423461914,84,-0.12890625
0.16447806358337402,85,-0.605859375
0.1665501594543457,86,-0.30937499999999996
0.16804003715515137,87,0.193359375
0.1692821979522705,88,-0.012890625
0.1704261302947998,89,-0.02578125
0.1716001033782959,90,-0.2578125
0.17271208763122559,91,-0.502734375
0.17383813858032227,92,-0.6703125
0.17493820190429688,93,-1.353515625
0.17603516578674316,94,0.012890625
0.17720913887023926,95,0.0
0.17832398414611816,96,-0.07734374999999999
0.17946410179138184,97,-0.141796875
0.18066120147705078,98,-0.43828124999999996
0.18208813667297363,99,-0.103125
0.1836531162261963,100,-0.167578125
0.1852099895477295,101,0.0
0.18669819831848145,102,0.0
0.1882021427154541,103,-0.038671874999999994
0.1897571086883545,104,-0.4125
0.19151616096496582,105,-0.7734375
0.19385409355163574,106,-1.5597656249999998
0.19540905952453613,107,-0.012890625
0.19691705703735352,108,-0.29648437499999997
0.19917511940002441,109,-0.21914062499999998
0.20082712173461914,110,-0.103125
0.2020862102508545,111,0.012890625
0.20326709747314453,112,-0.012890625
0.20441508293151855,113,-0.038671874999999994
0.20555806159973145,114,-0.37382812499999996
0.20667314529418945,115,-0.4125
0.20780515670776367,116,-1.0570312499999999
0.20891618728637695,117,-1.65
0.2100071907043457,118,0.0
0.2112259864807129,119,-0.02578125
0.21266818046569824,120,-0.103125
0.2141871452331543,121,-0.29648437499999997
0.2157900333404541,122,-0.322265625
0.2173781394958496,123,-0.167578125
0.21883201599121094,124,0.012890625
0.2203512191772461,125,0.012890625
0.22221899032592773,126,-0.12890625
0.22450804710388184,127,-0.399609375
0.22600221633911133,128,-1.405078125
0.22751402854919434,129,0.0
0.22960209846496582,130,-0.167578125
0.23124098777770996,131,-0.37382812499999996
0.23285913467407227,132,-0.20625
0.2340240478515625,133,0.07734374999999999
0.23518013954162598,134,0.0
0.2362840175628662,135,-0.012890625
0.23748302459716797,136,-0.02578125
0.23862600326538086,137,-0.33515625
0.23974299430847168,138,-0.42539062499999997
0.24085307121276855,139,-0.9410156249999999
0.2420511245727539,140,-1.5597656249999998
0.24345707893371582,141,0.012890625
0.244981050491333,142,0.0
0.24652910232543945,143,-0.141796875
0.24809813499450684,144,-0.30937499999999996
0.24948811531066895,145,-0.21914062499999998
0.25083303451538086,146,0.0
0.25224900245666504,147,0.012890625
0.2547421455383301,148,0.0
0.25656914710998535,149,-0.2578125
0.2579991817474365,150,-0.7734375
0.25966811180114746,151,-1.6242187499999998
0.26172900199890137,152,0.0
0.26316308975219727,153,-0.116015625
0.2643890380859375,154,-0.20625
0.2655181884765625,155,-0.20625
0.2666351795196533,156,-0.21914062499999998
0.2677650451660156,157,0.0
0.2688910961151123,158,0.0
0.2700002193450928,159,-0.012890625
0.2711000442504883,160,-0.064453125
0.27227306365966797,161,-0.43828124999999996
0.2736661434173584,162,-0.4640625
0.27518200874328613,163,-1.173046875
0.276792049407959,164,0.0
0.27840709686279297,165,-0.0515625
0.27996015548706055,166,-0.15468749999999998
0.2813720703125,167,-0.28359375
0.28341007232666016,168,-0.37382812499999996
0.28565001487731934,169,-0.12890625
0.2871360778808594,170,-0.012890625
0.28873705863952637,171,-0.167578125
0.29071521759033203,172,-0.42539062499999997
0.29241514205932617,173,-1.1859374999999999
0.29367613792419434,174,0.0
0.2948341369628906,175,-0.167578125
0.2960021495819092,176,-0.167578125
0.2971971035003662,177,-0.28359375
0.29832005500793457,178,-0.09023437499999999
0.30295300483703613,179,-0.29648437499999997
0.30461812019348145,180,-0.15468749999999998
0.3060421943664551,181,-0.348046875
0.30763912200927734,182,-0.580078125
0.309171199798584,183,-1.456640625
0.3105771541595459,184,0.0
0.311967134475708,185,-0.103125
0.3141920566558838,186,-0.2578125
0.31638121604919434,187,-0.0515625
0.31797218322753906,188,0.29648437499999997
0.31968212127685547,189,0.0
0.32155299186706543,190,-0.038671874999999994
0.3230280876159668,191,-0.37382812499999996
0.3242650032043457,192,-0.7863281249999999
0.3254661560058594,193,-1.5082031249999999
0.3265981674194336,194,0.0
0.32778215408325195,195,-0.0515625
0.3289031982421875,196,-0.0515625
0.33005213737487793,197,-0.580078125
0.3312191963195801,198,-0.064453125
0.3323500156402588,199,-0.42539062499999997
0.3336031436920166,200,-0.30937499999999996
0.33504509925842285,201,0.0
0.3364441394805908,202,0.0
0.3381311893463135,203,-0.012890625
0.33968400955200195,204,-0.4125
0.3411400318145752,205,-0.7218749999999999
0.3424370288848877,206,-1.5597656249999998
0.3448150157928467,207,0.0
0.3466010093688965,208,-0.12890625
0.34806013107299805,209,-0.02578125
0.3499760627746582,210,-0.270703125
0.35182905197143555,211,0.103125
0.3531510829925537,212,-0.012890625
0.35430908203125,213,-0.02578125
0.35549402236938477,214,-0.42539062499999997
0.356626033782959,215,-0.4640625
0.35779404640197754,216,-1.044140625
0.35892701148986816,217,-1.65
0.3600590229034424,218,0.0
0.36115407943725586,219,-0.07734374999999999
0.362260103225708,220,-0.012890625
0.3639562129974365,221,-0.43828124999999996
0.3655121326446533,222,-0.064453125
0.36707615852355957,223,-0.103125
0.3686940670013428,224,0.012890625
0.3700850009918213,225,0.0
0.3714461326599121,226,-0.0515625
0.37317609786987305,227,-0.399609375
0.3756899833679199,228,-0.6832031249999999
0.3772430419921875,229,-0.038671874999999994
0.37886619567871094,230,-0.18046874999999998
0.38108015060424805,231,-0.29648437499999997
0.38257908821105957,232,-0.322265625
0.3838050365447998,233,0.0
0.3849360942840576,234,0.012890625
0.38604211807250977,235,-0.012890625
0.38727402687072754,236,-0.02578125
0.38843202590942383,237,-0.28359375
0.38958311080932617,238,-0.451171875
0.39069199562072754,239,-0.889453125
0.3917961120605469,240,-1.4953124999999998
0.39290404319763184,241,-0.02578125
0.39409399032592773,242,-0.0515625
0.3954939842224121,243,-0.23203125
0.39699816703796387,244,-0.322265625
0.39867305755615234,245,-0.12890625
0.4001941680908203,246,-0.167578125
0.4014871120452881,247,0.012890625
0.4027700424194336,248,0.0
0.4048349857330322,249,-0.038671874999999994
0.4072251319885254,250,-0.322265625
0.40873003005981445,251,-1.095703125
0.41043615341186523,252,-0.02578125
0.41248106956481934,253,-0.012890625
0.4139080047607422,254,-0.33515625
0.41509008407592773,255,-0.0515625
0.41622400283813477,256,-0.193359375
0.41739702224731445,257,-0.0515625
0.4185161590576172,258,0.0
0.419647216796875,259,-0.012890625
0.4207441806793213,260,-0.012890625
0.42186498641967773,261,-0.37382812499999996
0.42299509048461914,262,-0.515625
0.4241921901702881,263,-0.9410156249999999
0.42561817169189453,264,-1.5984375
0.4273049831390381,265,0.0
0.4293210506439209,266,-0.038671874999999994
0.4308290481567383,267,-0.33515625
0.43221116065979004,268,-0.36093749999999997
0.43357419967651367,269,-0.21914062499999998
0.4357180595397949,270,0.0
0.4379410743713379,271,0.0
0.4394230842590332,272,-0.322265625
0.4410390853881836,273,-0.631640625
0.44304609298706055,274,-1.456640625
0.444627046585083,275,0.0
0.44586610794067383,276,0.0
0.44701099395751953,277,-0.36093749999999997
0.4482290744781494,278,-0.07734374999999999
0.4493520259857178,279,-0.30937499999999996
0.4504730701446533,280,-0.20625
0.4516301155090332,281,0.012890625
0.4527311325073242,282,0.012890625
0.4538462162017822,283,-0.02578125
0.4550631046295166,284,-0.270703125
0.4564690589904785,285,-0.48984374999999997
0.457935094833374,286,-0.95390625
0.45951318740844727,287,-1.65
0.4611060619354248,288,0.0
0.4624650478363037,289,-0.116015625
0.4655590057373047,290,-0.4125
0.46826720237731934,291,0.09023437499999999
0.46985507011413574,292,0.0
0.47147703170776367,293,-0.02578125
0.47348499298095703,294,-0.37382812499999996
0.47513914108276367,295,-0.90234375
0.476452112197876,296,0.0
0.4777359962463379,297,0.0
0.478870153427124,298,-0.193359375
0.4799830913543701,299,-0.42539062499999997
0.481093168258667,300,-0.15468749999999998
0.4821910858154297,301,-0.37382812499999996
0.48328709602355957,302,-0.322265625
0.4844040870666504,303,-0.012890625
0.4856400489807129,304,0.0
0.48711705207824707,305,-0.012890625
0.4886331558227539,306,-0.167578125
0.4901771545410156,307,-0.399609375
0.4917771816253662,308,-1.03125
0.49332213401794434,309,0.0
0.4948091506958008,310,0.0
0.49631619453430176,311,-0.0515625
0.4987661838531494,312,-0.48984374999999997
0.5006110668182373,313,-0.103125
0.5020949840545654,314,0.0
0.5040390491485596,315,0.012890625
0.5057651996612549,316,-0.20625
0.5071971416473389,317,-0.38671875
0.5084240436553955,318,-1.224609375
0.5095951557159424,319,0.0
0.5107111930847168,320,0.0
0.511817216873169,321,-0.23203125
0.5129210948944092,322,-0.2578125
0.5140171051025391,323,-0.36093749999999997
0.5151619911193848,324,-0.29648437499999997
0.5163540840148926,325,-0.37382812499999996
0.5179421901702881,326,-0.103125
0.5194170475006104,327,-0.012890625
0.5209619998931885,328,0.0
0.5224640369415283,329,-0.348046875
0.52394700050354,330,-0.476953125
0.525691032409668,331,-1.327734375
0.5274481773376465,332,0.0
0.5297861099243164,333,-0.064453125
0.5313751697540283,334,-0.2578125
0.5328621864318848,335,-0.36093749999999997
0.5348770618438721,336,-0.09023437499999999
0.5366730690002441,337,-0.012890625
0.5379819869995117,338,-0.02578125
0.5394120216369629,339,-0.42539062499999997
0.5406200885772705,340,-0.708984375
0.5417580604553223,341,-1.405078125
0.5428740978240967,342,-0.02578125
0.5439801216125488,343,0.012890625
0.5450780391693115,344,-0.2578125
0.546173095703125,345,-0.20625
0.5473611354827881,346,-0.2578125
0.5488061904907227,347,-0.36093749999999997
0.5503020286560059,348,-0.29648437499999997
0.5518860816955566,349,0.0
0.5533661842346191,350,-0.012890625
0.5547521114349365,351,-0.07734374999999999
0.5562450885772705,352,-0.399609375
0.5581371784210205,353,-0.7218749999999999
0.5604732036590576,354,-1.5726562499999999
0.5620310306549072,355,-0.012890625
0.5635290145874023,356,-0.37382812499999996
0.5656580924987793,357,-0.167578125
0.5674431324005127,358,-0.15468749999999998
0.5687260627746582,359,0.012890625
0.5698730945587158,360,-0.012890625
0.5710182189941406,361,-0.064453125
0.5721871852874756,362,-0.4125
0.5733180046081543,363,-0.37382812499999996
0.5744531154632568,364,-1.0828125
0.5755560398101807,365,-1.65
0.5766470432281494,366,0.0
0.5778300762176514,367,-0.0515625
0.5792860984802246,368,-0.064453125
0.580787181854248,369,-0.4125
0.5823750495910645,370,-0.37382812499999996
0.583989143371582,371,-0.193359375
0.5853760242462158,372,0.012890625
0.5867180824279785,373,0.0
0.5881621837615967,374,-0.103125
0.5908181667327881,375,-0.43828124999999996
0.5924601554870605,376,-1.1859374999999999
0.5938301086425781,377,0.0
0.5956840515136719,378,-0.167578125
0.5976240634918213,379,-0.30937499999999996
0.5989751815795898,380,-0.36093749999999997
0.6002302169799805,381,-0.12890625
0.6013720035552979,382,0.0
0.6024720668792725,383,-0.012890625
0.6036100387573242,384,-0.012890625
0.6047160625457764,385,-0.20625
0.605816125869751,386,-0.48984374999999997
0.6069180965423584,387,-0.64453125
0.60819411277771,388,-1.2890625
0.6095960140228271,389,0.012890625
0.611079216003418,390,0.0
0.6126821041107178,391,0.0
0.6142392158508301,392,-0.38671875
0.6157681941986084,393,-0.36093749999999997
0.6173660755157471,394,-0.167578125
0.6192221641540527,395,0.012890625
0.6217219829559326,396,-0.012890625
0.6232600212097168,397,-0.322265625
0.624737024307251,398,-0.928125
0.6266801357269287,399,-1.65
0.6285200119018555,400,-0.0515625
0.6298131942749023,401,-0.167578125
0.6309750080108643,402,-0.012890625
0.6322422027587891,403,-0.24492187499999998
0.63338303565979,404,-0.20625
0.6344971656799316,405,0.0
0.6356391906738281,406,0.012890625
0.6367380619049072,407,-0.0515625
0.6382369995117188,408,-0.15468749999999998
0.6395411491394043,409,-0.399609375
0.6409740447998047,410,-0.7863281249999999
0.6424059867858887,411,-1.533984375
0.6441221237182617,412,0.0
0.6456780433654785,413,-0.23203125
0.6471550464630127,414,-0.2578125
0.6486520767211914,415,-0.103125
0.6508572101593018,416,-0.12890625
0.6529781818389893,417,0.012890625
0.6544351577758789,418,-0.012890625
0.656170129776001,419,-0.399609375
0.6582090854644775,420,-0.54140625
0.6596701145172119,421,-1.65
0.6608572006225586,422,0.0
0.6620321273803711,423,-0.12890625
0.6631731986999512,424,-0.43828124999999996
0.6642820835113525,425,-0.18046874999999998
0.6653881072998047,426,-0.24492187499999998
0.666485071182251,427,-0.270703125
0.6677370071411133,428,-0.09023437499999999
0.6688740253448486,429,0.0
0.670098066329956,430,-0.02578125
0.6714980602264404,431,-0.15468749999999998
0.6729462146759033,432,-0.451171875
0.674476146697998,433,-0.7863281249999999
0.6760880947113037,434,-1.5726562499999999
0.6775810718536377,435,0.0
0.6790411472320557,436,0.0
0.6807010173797607,437,-0.4125
0.6832079887390137,438,-0.103125
0.6848461627960205,439,0.322265625
0.6863629817962646,440,-0.012890625
0.6883270740509033,441,-0.012890625
0.6899960041046143,442,-0.399609375
0.6913092136383057,443,-0.9796874999999999
