time,count,voltage
0.005316972732543945,1,-0.103125
0.006866931915283203,2,-0.167578125
0.008275032043457031,3,-0.37382812499999996
0.00963902473449707,4,-0.20625
0.01101994514465332,5,0.012890625
0.012578010559082031,6,-0.012890625
0.014304876327514648,7,-0.167578125
0.015963077545166016,8,-0.30937499999999996
0.01770186424255371,9,-1.044140625
0.01924300193786621,10,-0.20625
0.020961999893188477,11,-0.064453125
0.022422075271606445,12,-0.30937499999999996
0.02380990982055664,13,-0.0515625
0.025166988372802734,14,-0.36093749999999997
0.026510953903198242,15,-0.12890625
0.028053998947143555,16,0.0
0.02980494499206543,17,-0.02578125
0.031759023666381836,18,-0.322265625
0.03344106674194336,19,-0.5285156249999999
0.0352170467376709,20,-1.482421875
0.03689098358154297,21,0.0
0.03851199150085449,22,-0.07734374999999999
0.040335893630981445,23,-0.322265625
0.042163848876953125,24,-0.167578125
0.043905019760131836,25,0.167578125
0.046881914138793945,26,-0.012890625
0.04887199401855469,27,-0.270703125
0.05054306983947754,28,-0.760546875
0.05247306823730469,29,-1.65
0.054656982421875,30,-0.103125
0.05642986297607422,31,-0.33515625
0.057882070541381836,32,-0.399609375
0.059259891510009766,33,-0.2578125
0.06085991859436035,34,0.0
0.0622868537902832,35,-0.012890625
0.06366705894470215,36,-0.09023437499999999
0.06502389907836914,37,-0.38671875
0.06635689735412598,38,-0.708984375
0.06769394874572754,39,-1.405078125
0.0690310001373291,40,0.0
0.07037687301635742,41,-0.15468749999999998
0.07172799110412598,42,-0.09023437499999999
0.07306790351867676,43,-0.270703125
0.07439589500427246,44,-0.37382812499999996
0.07573485374450684,45,-0.322265625
0.07706904411315918,46,-0.012890625
0.07840299606323242,47,-0.012890625
0.07972502708435059,48,-0.012890625
0.08106493949890137,49,-0.322265625
0.08238697052001953,50,-0.33515625
0.08373188972473145,51,-1.0570312499999999
0.08507895469665527,52,-1.65
0.08646893501281738,53,-0.02578125
0.0878438949584961,54,-0.270703125
0.08945488929748535,55,-0.36093749999999997
0.0912010669708252,56,-0.12890625
0.09302091598510742,57,-0.0515625
0.09483098983764648,58,0.0
0.09649300575256348,59,-0.0515625
0.09815788269042969,60,-0.33515625
0.10022902488708496,61,-0.4125
0.10303902626037598,62,-1.405078125
0.1050560474395752,63,-0.064453125
0.10667896270751953,64,-0.33515625
0.10834693908691406,65,-0.2578125
0.11173105239868164,66,-0.064453125
0.11369204521179199,67,-0.02578125
0.1152639389038086,68,-0.322265625
0.11678099632263184,69,-0.7218749999999999
0.11851096153259277,70,-1.546875
0.12039589881896973,71,0.0
0.12211084365844727,72,-0.0515625
0.12404704093933105,73,-0.23203125
0.12584400177001953,74,-0.33515625
0.1275620460510254,75,0.0
0.12943696975708008,76,-0.012890625
0.132720947265625,77,-0.141796875
0.13473796844482422,78,-0.6832031249999999
0.13639593124389648,79,0.0
0.13816094398498535,80,-0.02578125
0.1405479907989502,81,-0.399609375
0.1427440643310547,82,-0.270703125
0.14432096481323242,83,0.012890625
0.14573407173156738,84,-0.012890625
0.1475539207458496,85,-0.116015625
0.14981293678283691,86,-0.37382812499999996
0.151763916015625,87,-1.10859375
0.1536269187927246,88,0.012890625
0.15549993515014648,89,-0.064453125
0.15729093551635742,90,-0.167578125
0.15898489952087402,91,-0.36093749999999997
0.16112685203552246,92,0.07734374999999999
0.16406989097595215,93,-0.012890625
0.16588306427001953,94,-0.2578125
0.1672830581665039,95,-1.03125
0.16904687881469727,96,-1.5726562499999999
0.17106199264526367,97,-0.12890625
0.17247700691223145,98,-0.33515625
0.17366385459899902,99,-0.20625
0.17479991912841797,100,-0.37382812499999996
0.17592692375183105,101,-0.2578125
0.17713189125061035,102,0.012890625
0.17854905128479004,103,-0.012890625
0.1801469326019287,104,-0.0515625
0.1817789077758789,105,-0.33515625
0.1833510398864746,106,-0.6187499999999999
0.18482685089111328,107,-1.46953125
0.18630194664001465,108,0.0
0.1882610321044922,109,-0.20625
0.19068503379821777,110,-0.4125
0.19230890274047852,111,0.012890625
0.19376492500305176,112,0.29648437499999997
0.19576787948608398,113,0.012890625
0.19760799407958984,114,-0.09023437499999999
0.19893598556518555,115,-0.2578125
0.20019006729125977,116,-0.9796874999999999
0.20135807991027832,117,-1.6371093749999999
0.2024829387664795,118,-0.012890625
0.20361089706420898,119,-0.09023437499999999
0.20475506782531738,120,-0.141796875
0.20589184761047363,121,-0.4640625
0.20711207389831543,122,-0.116015625
0.20849990844726562,123,-0.33515625
0.20996403694152832,124,-0.103125
0.21154093742370605,125,0.0
0.21325898170471191,126,-0.012890625
0.21468496322631836,127,-0.37382812499999996
0.21616601943969727,128,-0.48984374999999997
0.217911958694458,129,-1.327734375
0.2204148769378662,130,-0.20625
0.22193098068237305,131,-0.103125
0.22342586517333984,132,-0.21914062499999998
0.22538495063781738,133,-0.2578125
0.22713398933410645,134,0.09023437499999999
0.2284688949584961,135,-0.012890625
0.22964096069335938,136,-0.02578125
0.23080992698669434,137,-0.36093749999999997
0.232011079788208,138,-0.4125
0.23312807083129883,139,-0.9796874999999999
0.2342360019683838,140,-1.5726562499999999
0.2353808879852295,141,0.0
0.23648405075073242,142,-0.07734374999999999
0.23768186569213867,143,-0.12890625
0.23910093307495117,144,-0.4125
0.2405550479888916,145,-0.141796875
0.24207687377929688,146,-0.322265625
0.2437598705291748,147,-0.0515625
0.24529695510864258,148,-0.012890625
0.24730896949768066,149,-0.038671874999999994
0.24947786331176758,150,-0.30937499999999996
0.25174689292907715,151,-0.9796874999999999
0.25325798988342285,152,0.0
0.2548089027404785,153,-0.20625
0.25675201416015625,154,-0.322265625
0.25834107398986816,155,-0.30937499999999996
0.25964999198913574,156,0.012890625
0.2609260082244873,157,0.012890625
0.26206302642822266,158,-0.012890625
0.2631840705871582,159,-0.09023437499999999
0.2643270492553711,160,-0.4125
0.26542186737060547,161,-0.399609375
0.2665140628814697,162,-1.0570312499999999
0.26770997047424316,163,-1.6242187499999998
0.2691688537597656,164,0.0
0.2706480026245117,165,-0.103125
0.27219605445861816,166,-0.28359375
0.27375197410583496,167,-0.167578125
0.2753009796142578,168,-0.348046875
0.2770099639892578,169,-0.0515625
0.2793099880218506,170,-0.02578125
0.28146886825561523,171,-0.0515625
0.28302907943725586,172,-0.37382812499999996
0.28469300270080566,173,-1.327734375
0.28662800788879395,174,0.0
0.28818202018737793,175,-0.15468749999999998
0.2894408702850342,176,-0.476953125
0.2906839847564697,177,-0.28359375
0.2918989658355713,178,-0.322265625
0.2930610179901123,179,-0.12890625
0.2942190170288086,180,-0.012890625
0.2953639030456543,181,-0.02578125
0.29651594161987305,182,-0.064453125
0.2977159023284912,183,-0.43828124999999996
0.2992069721221924,184,-0.451171875
0.3007938861846924,185,-1.173046875
0.3023650646209717,186,-0.193359375
0.3038790225982666,187,-0.064453125
0.3053100109100342,188,-0.193359375
0.30675506591796875,189,-0.116015625
0.30873990058898926,190,-0.322265625
0.3114309310913086,191,-0.09023437499999999
0.3129689693450928,192,-0.02578125
0.3144099712371826,193,-0.322265625
0.31643199920654297,194,-0.38671875
0.31817102432250977,195,-1.2503906249999999
0.3194410800933838,196,0.0
0.32068300247192383,197,-0.23203125
0.32183003425598145,198,-0.270703125
0.32300400733947754,199,-0.15468749999999998
0.32413697242736816,200,-0.322265625
0.32529687881469727,201,-0.37382812499999996
0.3264138698577881,202,-0.15468749999999998
0.3275279998779297,203,0.0
0.32871007919311523,204,-0.02578125
0.33016490936279297,205,-0.09023437499999999
0.3316988945007324,206,-0.37382812499999996
0.33332204818725586,207,-0.708984375
0.33490705490112305,208,-1.4953124999999998
0.33632993698120117,209,0.0
0.33785486221313477,210,-0.193359375
0.33982300758361816,211,-0.30937499999999996
0.3424549102783203,212,-0.038671874999999994
0.3439970016479492,213,0.476953125
0.3455789089202881,214,-0.012890625
0.34751200675964355,215,-0.0515625
0.34914302825927734,216,-0.30937499999999996
0.35047388076782227,217,-1.1214843749999999
0.3521418571472168,218,-1.21171875
0.3533289432525635,219,-0.141796875
0.35446786880493164,220,-0.15468749999999998
0.35561299324035645,221,-0.43828124999999996
0.3570420742034912,222,-0.167578125
0.358227014541626,223,-0.30937499999999996
0.3594670295715332,224,-0.193359375
0.3609590530395508,225,0.0
0.3623819351196289,226,-0.012890625
0.36400699615478516,227,-0.167578125
0.36568593978881836,228,-0.38671875
0.36713385581970215,229,-1.03125
0.3685729503631592,230,-1.0570312499999999
0.36991000175476074,231,-0.064453125
0.37270593643188477,232,-0.141796875
0.374431848526001,233,-0.193359375
0.3758878707885742,234,0.0
0.3776669502258301,235,0.0
0.3795468807220459,236,-0.012890625
0.3810429573059082,237,-0.270703125
0.3822598457336426,238,-0.36093749999999997
0.3834059238433838,239,-1.0828125
0.38452887535095215,240,-1.65
0.3856320381164551,241,0.0
0.38672900199890137,242,-0.0515625
0.3878819942474365,243,-0.12890625
0.3890190124511719,244,-0.4125
0.3902709484100342,245,-0.167578125
0.39173197746276855,246,-0.4125
0.3931849002838135,247,-0.12890625
0.394711971282959,248,0.012890625
0.39639806747436523,249,-0.02578125
0.39789295196533203,250,-0.322265625
0.3993799686431885,251,-0.4640625
0.4011249542236328,252,-1.2503906249999999
0.4035639762878418,253,-0.103125
0.40520286560058594,254,-0.167578125
0.4066429138183594,255,-0.167578125
0.40856194496154785,256,-0.322265625
0.4104499816894531,257,-0.0515625
0.41178297996520996,258,-0.012890625
0.41301798820495605,259,-0.02578125
0.41415905952453613,260,-0.36093749999999997
0.4152848720550537,261,-0.399609375
0.41639184951782227,262,-0.992578125
0.41748785972595215,263,-1.5726562499999999
0.4185810089111328,264,0.0
0.41967296600341797,265,-0.103125
0.42093706130981445,266,-0.193359375
0.4223520755767822,267,-0.348046875
0.4237818717956543,268,-0.167578125
0.4252920150756836,269,-0.322265625
0.42681407928466797,270,-0.064453125
0.4283878803253174,271,0.0
0.42986202239990234,272,-0.02578125
0.4316680431365967,273,-0.33515625
0.43409299850463867,274,-0.515625
0.43578290939331055,275,-1.65
0.4372079372406006,276,-0.12890625
0.4391670227050781,277,-0.2578125
0.44107794761657715,278,-0.193359375
0.4424409866333008,279,-0.012890625
0.4436640739440918,280,0.012890625
0.44487786293029785,281,-0.012890625
0.44599390029907227,282,-0.0515625
0.44710707664489746,283,-0.33515625
0.44820594787597656,284,-0.4125
0.4492979049682617,285,-0.79921875
0.4504098892211914,286,-1.405078125
0.451617956161499,287,0.0
0.45305490493774414,288,-0.064453125
0.45477795600891113,289,-0.21914062499999998
0.45641398429870605,290,-0.42539062499999997
0.4579639434814453,291,-0.36093749999999997
0.4595818519592285,292,-0.12890625
0.46127796173095703,293,0.012890625
0.46337103843688965,294,-0.0515625
0.4655308723449707,295,-0.30937499999999996
0.46711087226867676,296,-0.8121093749999999
0.4687199592590332,297,-1.65
0.47066187858581543,298,-0.12890625
0.47232604026794434,299,-0.21914062499999998
0.47359800338745117,300,-0.12890625
0.4747488498687744,301,-0.37382812499999996
0.47594189643859863,302,-0.21914062499999998
0.47708988189697266,303,0.012890625
0.47823190689086914,304,0.0
0.4793260097503662,305,-0.012890625
0.48044800758361816,306,-0.322265625
0.48166990280151367,307,-0.451171875
0.4831359386444092,308,-0.889453125
0.4846179485321045,309,-1.5597656249999998
0.48619699478149414,310,0.0
0.487886905670166,311,-0.20625
0.489346981048584,312,-0.36093749999999997
0.4910409450531006,313,-0.0515625
0.4933898448944092,314,-0.09023437499999999
0.4955148696899414,315,0.0
0.496967077255249,316,-0.0515625
0.4984719753265381,317,-0.33515625
0.5005879402160645,318,-0.734765625
0.5022330284118652,319,-1.65
0.5035159587860107,320,-0.012890625
0.504680871963501,321,-0.167578125
0.5058069229125977,322,-0.2578125
0.5069360733032227,323,-0.103125
0.5080618858337402,324,-0.322265625
0.5091948509216309,325,-0.21914062499999998
0.5103490352630615,326,0.012890625
0.5114500522613525,327,-0.012890625
0.5126309394836426,328,-0.0515625
0.5140159130096436,329,-0.33515625
0.5155029296875,330,-0.37382812499999996
0.5171499252319336,331,-1.03125
0.5187129974365234,332,-1.65
0.5202229022979736,333,-0.064453125
0.5217099189758301,334,-0.064453125
0.5235998630523682,335,-0.15468749999999998
0.5262629985809326,336,-0.21914062499999998
0.5278229713439941,337,-0.012890625
0.5292809009552002,338,-0.0515625
0.5314099788665771,339,-0.2578125
0.5331459045410156,340,-0.322265625
0.5344560146331787,341,-1.4308593749999998
0.5356218814849854,342,0.0
0.5367388725280762,343,-0.12890625
0.5378458499908447,344,-0.12890625
0.5389719009399414,345,-0.580078125
0.5401718616485596,346,-0.167578125
0.541348934173584,347,-0.4125
0.5424580574035645,348,-0.2578125
0.5436480045318604,349,0.012890625
0.5450348854064941,350,-0.012890625
0.5464720726013184,351,-0.012890625
0.5480420589447021,352,-0.37382812499999996
0.5496959686279297,353,-0.502734375
0.5511949062347412,354,-1.456640625
0.5526819229125977,355,0.0
0.554832935333252,356,-0.167578125
0.5574550628662109,357,-0.399609375
0.5590598583221436,358,-0.012890625
0.5605330467224121,359,0.012890625
0.5624649524688721,360,0.0
0.564215898513794,361,-0.116015625
0.5655820369720459,362,-0.33515625
0.5669128894805908,363,-1.069921875
0.5680909156799316,364,-1.65
0.5692000389099121,365,-0.0515625
0.5703179836273193,366,-0.193359375
0.5714988708496094,367,-0.21914062499999998
0.572613000869751,368,-0.20625
0.5738298892974854,369,-0.30937499999999996
0.5752229690551758,370,-0.399609375
0.5766839981079102,371,-0.15468749999999998
0.5782220363616943,372,0.0
0.5798418521881104,373,-0.02578125
0.5814690589904785,374,-0.322265625
0.5830590724945068,375,-0.580078125
0.5847599506378174,376,-1.405078125
0.5871729850769043,377,0.0
0.5887808799743652,378,-0.07734374999999999
0.5902519226074219,379,-0.12890625
0.5920519828796387,380,-0.38671875
0.5938849449157715,381,-0.0515625
0.5952279567718506,382,-0.012890625
0.5964479446411133,383,-0.064453125
0.5975868701934814,384,-0.37382812499999996
0.5987119674682617,385,-0.4125
0.5998518466949463,386,-1.0828125
0.60099196434021,387,-1.65
0.6021099090576172,388,0.0
0.6032090187072754,389,-0.103125
0.6044719219207764,390,-0.103125
0.6059188842773438,391,-0.399609375
0.6073529720306396,392,-0.103125
0.6088778972625732,393,-0.15468749999999998
0.6104538440704346,394,0.07734374999999999
0.6119790077209473,395,-0.012890625
0.6135299205780029,396,-0.0515625
0.6155619621276855,397,-0.37382812499999996
0.6178789138793945,398,-0.7218749999999999
0.6194179058074951,399,-0.09023437499999999
0.6210329532623291,400,-0.167578125
0.6230318546295166,401,-0.399609375
0.624708890914917,402,-0.322265625
0.6259880065917969,403,0.0
0.627173900604248,404,0.012890625
0.6283349990844727,405,0.0
0.629472017288208,406,-0.02578125
0.6306710243225098,407,-0.4125
0.6318109035491943,408,-0.42539062499999997
0.6329278945922852,409,-0.9796874999999999
0.6340320110321045,410,-1.5726562499999999
0.6352260112762451,411,0.012890625
0.636646032333374,412,-0.103125
0.638153076171875,413,-0.116015625
0.6396839618682861,414,-0.30937499999999996
0.6412429809570312,415,-0.33515625
0.6427569389343262,416,-0.12890625
0.6444389820098877,417,-0.012890625
0.6463789939880371,418,-0.012890625
0.6487250328063965,419,-0.270703125
0.6503379344940186,420,-0.7476562499999999
0.651939868927002,421,-1.65
0.6539609432220459,422,-0.15468749999999998
0.6555759906768799,423,-0.18046874999999998
0.656851053237915,424,-0.12890625
0.6580078601837158,425,-0.399609375
0.6591629981994629,426,-0.24492187499999998
0.6603429317474365,427,0.0
0.6614859104156494,428,-0.012890625
0.6625919342041016,429,-0.02578125
0.663733959197998,430,-0.322265625
0.6648969650268555,431,-0.4125
0.6660950183868408,432,-0.8765624999999999
0.6675329208374023,433,-1.482421875
0.6690430641174316,434,-0.038671874999999994
0.6705970764160156,435,-0.012890625
0.6721639633178711,436,-0.167578125
0.6736328601837158,437,-0.15468749999999998
0.6752779483795166,438,-0.36093749999999997
0.6773219108581543,439,-0.09023437499999999
0.6802470684051514,440,-0.012890625
0.6817159652709961,441,-0.29648437499999997
0.6833930015563965,442,-0.7863281249999999
0.685492992401123,443,-1.5082031249999999
0.6869418621063232,444,0.0
0.6881449222564697,445,-0.20625
0.6892838478088379,446,-0.18046874999999998
0.690432071685791,447,-0.322265625
0.6915938854217529,448,-0.4125
0.6927368640899658,449,-0.23203125
0.6939098834991455,450,0.012890625
0.6950399875640869,451,-0.012890625
0.6962289810180664,452,-0.038671874999999994
0.6976308822631836,453,-0.38671875
0.6991450786590576,454,-0.36093749999999997
0.7007429599761963,455,-1.1859374999999999
0.7022650241851807,456,0.012890625
0.7036678791046143,457,0.0
0.7051348686218262,458,-0.167578125
0.7068789005279541,459,-0.20625
0.7095909118652344,460,-0.322265625
0.7112150192260742,461,0.0
0.7126920223236084,462,-0.012890625
0.7145829200744629,463,-0.322265625
0.7164468765258789,464,-0.37382812499999996
0.7177579402923584,465,-1.456640625
0.718940019607544,466,0.0
0.7201130390167236,467,-0.02578125
0.7212519645690918,468,-0.15468749999999998
0.7223720550537109,469,-0.4640625
0.7235238552093506,470,0.0
0.7246298789978027,471,-0.30937499999999996
0.7257580757141113,472,-0.23203125
0.72701096534729,473,0.012890625
0.7284209728240967,474,-0.02578125
0.7298619747161865,475,-0.012890625
0.7315070629119873,476,-0.38671875
0.7331559658050537,477,-0.605859375
0.7346088886260986,478,-1.52109375
0.7360138893127441,479,0.0
0.7376439571380615,480,-0.2578125
0.7403450012207031,481,-0.322265625
0.7420239448547363,482,-0.2578125
0.7435140609741211,483,0.24492187499999998
0.7454278469085693,484,-0.012890625
0.7472469806671143,485,-0.0515625
0.7485878467559814,486,-0.30937499999999996
0.7497940063476562,487,-0.928125
0.7509438991546631,488,-1.5726562499999999
0.7520558834075928,489,0.0
0.7531468868255615,490,-0.02578125
0.7542400360107422,491,-0.116015625
0.7554149627685547,492,-0.37382812499999996
0.7566149234771729,493,-0.167578125
0.7578480243682861,494,-0.399609375
0.7592439651489258,495,-0.30937499999999996
0.7608249187469482,496,0.0
0.7627170085906982,497,-0.02578125
0.7644009590148926,498,-0.2578125
0.7658519744873047,499,-0.322265625
0.7673490047454834,500,-1.1859374999999999
0.7698080539703369,501,-0.103125
0.7715630531311035,502,-0.116015625
0.7730329036712646,503,-0.20625
0.7749888896942139,504,-0.2578125
0.7768650054931641,505,-0.02578125
0.778174877166748,506,0.012890625
0.7793569564819336,507,-0.0515625
0.7806270122528076,508,-0.36093749999999997
0.7817959785461426,509,-0.33515625
0.7829129695892334,510,-0.928125
0.7840120792388916,511,-1.5597656249999998
0.7851228713989258,512,0.0
0.7862339019775391,513,-0.07734374999999999
0.787337064743042,514,-0.15468749999999998
0.7885699272155762,515,-0.42539062499999997
0.7900059223175049,516,-0.15468749999999998
0.7915849685668945,517,-0.4125
0.7931208610534668,518,-0.103125
0.7946648597717285,519,0.0
0.7962210178375244,520,-0.0515625
0.7977919578552246,521,-0.36093749999999997
0.7998290061950684,522,-0.42539062499999997
0.8021159172058105,523,-1.2890625
0.8036720752716064,524,-0.0515625
0.8053970336914062,525,-0.23203125
0.807466983795166,526,-0.116015625
0.8090710639953613,527,-0.2578125
0.8103358745574951,528,0.0
0.8115890026092529,529,-0.012890625
0.8127329349517822,530,-0.012890625
0.8139019012451172,531,-0.37382812499999996
0.8150138854980469,532,-0.4125
0.8161180019378662,533,-0.928125
0.8174600601196289,534,-1.5082031249999999
0.8189849853515625,535,0.0
0.8205690383911133,536,-0.12890625
0.8219940662384033,537,-0.270703125
0.8234858512878418,538,-0.15468749999999998
0.8249468803405762,539,-0.4125
0.8264179229736328,540,-0.103125
0.8280549049377441,541,0.0
0.8296120166778564,542,-0.02578125
0.8311870098114014,543,-0.2578125
0.8327388763427734,544,-0.23203125
0.835345983505249,545,-1.0828125
0.8370490074157715,546,-0.24492187499999998
0.8384580612182617,547,-0.141796875
0.8403160572052002,548,-0.116015625
0.8422548770904541,549,-0.2578125
0.8436949253082275,550,0.09023437499999999
0.8449549674987793,551,-0.012890625
0.8464250564575195,552,-0.0515625
0.847883939743042,553,-0.322265625
0.8491799831390381,554,-0.476953125
0.8503649234771729,555,-1.2890625
0.8517119884490967,556,-0.322265625
0.8532118797302246,557,-0.103125
0.8546669483184814,558,-0.103125
0.8563108444213867,559,-0.28359375
0.8578469753265381,560,-0.36093749999999997
0.8593380451202393,561,-0.141796875
0.8613910675048828,562,0.0
0.8637049198150635,563,-0.038671874999999994
0.8656730651855469,564,-0.322265625
0.8671998977661133,565,-1.018359375
0.8688449859619141,566,-0.64453125
0.8708350658416748,567,-0.0515625
0.8723690509796143,568,-0.33515625
0.8736019134521484,569,-0.12890625
0.8747470378875732,570,-0.270703125
0.8758950233459473,571,-0.15468749999999998
0.8770618438720703,572,0.0
0.878166913986206,573,-0.012890625
0.8792660236358643,574,-0.02578125
0.8803858757019043,575,-0.37382812499999996
0.8815948963165283,576,-0.43828124999999996
0.8830559253692627,577,-0.8765624999999999
0.8845720291137695,578,-1.5726562499999999
0.8861038684844971,579,0.0
0.8876280784606934,580,-0.193359375
0.8890378475189209,581,-0.38671875
0.8905298709869385,582,-0.038671874999999994
0.8926279544830322,583,-0.20625
0.894989013671875,584,0.09023437499999999
0.8965129852294922,585,-0.012890625
0.8979880809783936,586,-0.36093749999999997
0.9001870155334473,587,-0.515625
0.9018919467926025,588,-1.546875
0.9031479358673096,589,-0.0515625
0.9043309688568115,590,-0.012890625
0.9054579734802246,591,-0.399609375
0.9065618515014648,592,-0.15468749999999998
0.9076900482177734,593,-0.451171875
0.9088189601898193,594,-0.33515625
0.9099400043487549,595,0.0
0.9111108779907227,596,0.0
0.9123060703277588,597,-0.02578125
0.9136960506439209,598,-0.21914062499999998
0.9152119159698486,599,-0.4125
0.9167978763580322,600,-0.928125
0.9183619022369385,601,-1.65
0.9198009967803955,602,-0.09023437499999999
0.9213109016418457,603,-0.103125
0.923210859298706,604,-0.33515625
0.9257009029388428,605,-0.37382812499999996
0.9272918701171875,606,0.30937499999999996
0.9287149906158447,607,-0.02578125
0.9305648803710938,608,-0.103125
0.9324748516082764,609,-0.30937499999999996
0.9338178634643555,610,-1.134375
0.9350190162658691,611,-0.21914062499999998
0.9361538887023926,612,-0.116015625
0.9372570514678955,613,-0.270703125
0.9383659362792969,614,-0.4125
0.9394810199737549,615,-0.12890625
0.9406778812408447,616,-0.30937499999999996
0.9418270587921143,617,-0.322265625
0.9430239200592041,618,-0.103125
0.9444329738616943,619,0.012890625
0.9458730220794678,620,-0.02578125
0.9474079608917236,621,-0.29648437499999997
0.9489989280700684,622,-0.36093749999999997
0.9504389762878418,623,-1.095703125
0.9519410133361816,624,-0.23203125
0.9534480571746826,625,-0.09023437499999999
0.9559869766235352,626,-0.07734374999999999
0.9577798843383789,627,-0.15468749999999998
0.9592339992523193,628,0.09023437499999999
0.961137056350708,629,0.0
0.962993860244751,630,-0.0515625
0.9643959999084473,631,-0.322265625
0.9656059741973877,632,-0.43828124999999996
0.9667539596557617,633,-1.224609375
0.9679138660430908,634,-1.65
0.9690070152282715,635,-0.012890625
0.9701700210571289,636,-0.20625
0.9714009761810303,637,-0.064453125
0.9725830554962158,638,-0.4125
0.9738240242004395,639,-0.38671875
0.9752449989318848,640,-0.37382812499999996
0.9766879081726074,641,-0.02578125
0.9782428741455078,642,0.0
0.9798998832702637,643,-0.012890625
0.9816460609436035,644,-0.322265625
0.9831249713897705,645,-0.6574218749999999
0.9855039119720459,646,-1.52109375
0.9873950481414795,647,-0.103125
0.9887900352478027,648,-0.28359375
0.9910378456115723,649,-0.167578125
0.992872953414917,650,-0.02578125
0.9941890239715576,651,0.012890625
0.9953639507293701,652,-0.0515625
0.996527910232544,653,-0.12890625
0.9976499080657959,654,-0.399609375
0.9987690448760986,655,-0.5285156249999999
0.9999229907989502,656,-1.173046875
1.0011088848114014,657,-1.65
1.002213954925537,658,0.0
1.0033140182495117,659,-0.103125
1.0045299530029297,660,-0.0515625
