time,count,voltage
0.004261970520019531,1,-0.36093749999999997
0.005671977996826172,2,-0.0515625
0.006893157958984375,3,0.0
0.008042097091674805,4,-0.012890625
0.00917506217956543,5,-0.103125
0.01032710075378418,6,-0.42539062499999997
0.011504173278808594,7,-0.580078125
0.012632131576538086,8,-1.2890625
0.01394200325012207,9,-0.734765625
0.015417098999023438,10,0.012890625
0.016885042190551758,11,-0.167578125
0.018305063247680664,12,-0.37382812499999996
0.019759178161621094,13,-0.21914062499999998
0.021053075790405273,14,-0.2578125
0.02222299575805664,15,0.038671874999999994
0.02336907386779785,16,0.012890625
0.02449512481689453,17,-0.012890625
0.025604963302612305,18,-0.07734374999999999
0.02671504020690918,19,-0.4125
0.027866125106811523,20,-0.502734375
0.02918410301208496,21,-1.1214843749999999
0.03073906898498535,22,-1.65
0.03216910362243652,23,0.0
0.03371906280517578,24,-0.167578125
0.035189151763916016,25,-0.33515625
0.03659701347351074,26,-0.0515625
0.038082122802734375,27,-0.116015625
0.03956317901611328,28,0.012890625
0.04145312309265137,29,0.012890625
0.04404902458190918,30,-0.02578125
0.045617103576660156,31,-0.399609375
0.04709005355834961,32,-1.4953124999999998
0.049044132232666016,33,0.0
0.05070614814758301,34,-0.103125
0.05194211006164551,35,-0.33515625
0.05313301086425781,36,-0.29648437499999997
0.054290056228637695,37,-0.322265625
0.055442094802856445,38,-0.103125
0.0565640926361084,39,-0.012890625
0.05766415596008301,40,0.0
0.05875802040100098,41,-0.012890625
0.05992412567138672,42,-0.33515625
0.061045169830322266,43,-0.515625
0.062168121337890625,44,-1.044140625
0.06327605247497559,45,-1.65
0.06439614295959473,46,0.0
0.06549406051635742,47,0.0
0.06658816337585449,48,-0.20625
0.06768298149108887,49,-0.2578125
0.06878805160522461,50,-0.23203125
0.06995296478271484,51,-0.37382812499999996
0.07107996940612793,52,-0.33515625
0.07218408584594727,53,-0.103125
0.07328104972839355,54,0.012890625
0.07437705993652344,55,-0.02578125
0.07607197761535645,56,-0.038671874999999994
0.07792210578918457,57,-0.36093749999999997
0.07972216606140137,58,-0.7476562499999999
0.08135604858398438,59,0.0
0.08284997940063477,60,-0.012890625
0.0842599868774414,61,-0.15468749999999998
0.08567309379577637,62,-0.23203125
0.08792495727539062,63,-0.2578125
0.0899820327758789,64,0.09023437499999999
0.09139394760131836,65,0.0
0.09323596954345703,66,-0.09023437499999999
0.0951540470123291,67,-0.38671875
0.09656906127929688,68,-1.198828125
0.09776616096496582,69,0.0
0.0988931655883789,70,0.0
0.10010313987731934,71,-0.18046874999999998
0.10128903388977051,72,-0.33515625
0.10244297981262207,73,-0.193359375
0.10356807708740234,74,-0.38671875
0.10468411445617676,75,-0.270703125
0.10592317581176758,76,0.0
0.10735702514648438,77,-0.012890625
0.10880899429321289,78,-0.02578125
0.11039900779724121,79,-0.322265625
0.11198711395263672,80,-0.43828124999999996
0.11338400840759277,81,-1.405078125
0.11475610733032227,82,0.0
0.11653614044189453,83,0.0
0.1190791130065918,84,-0.064453125
0.12081217765808105,85,-0.33515625
0.12227702140808105,86,0.15468749999999998
0.1241610050201416,87,0.012890625
0.12603306770324707,88,-0.012890625
0.12740111351013184,89,-0.37382812499999996
0.1285851001739502,90,-0.734765625
0.12973999977111816,91,-1.456640625
0.13087701797485352,92,0.0
0.13197708129882812,93,0.0
0.13309717178344727,94,-0.15468749999999998
0.13422012329101562,95,-0.167578125
0.13532495498657227,96,-0.36093749999999997
0.13654708862304688,97,-0.36093749999999997
0.13799309730529785,98,-0.36093749999999997
0.13955116271972656,99,0.0
0.1411130428314209,100,0.0
0.1426541805267334,101,-0.02578125
0.14403605461120605,102,-0.37382812499999996
0.1453690528869629,103,-0.69609375
0.1471099853515625,104,-1.482421875
0.14948511123657227,105,0.0
0.15104103088378906,106,-0.012890625
0.1525721549987793,107,-0.21914062499999998
0.1546320915222168,108,-0.193359375
0.15643095970153809,109,0.15468749999999998
0.15775012969970703,110,-0.012890625
0.15893816947937012,111,-0.012890625
0.16011500358581543,112,-0.36093749999999997
0.1612410545349121,113,-0.4640625
0.1623539924621582,114,-1.134375
0.1634521484375,115,-1.65
0.1645510196685791,116,0.0
0.1656491756439209,117,0.0
0.166823148727417,118,-0.20625
0.16825199127197266,119,-0.28359375
0.16975808143615723,120,-0.20625
0.17129015922546387,121,-0.23203125
0.17287397384643555,122,0.07734374999999999
0.17434215545654297,123,0.0
0.17574214935302734,124,-0.038671874999999994
0.17771100997924805,125,-0.37382812499999996
0.17990398406982422,126,-0.5671875
0.18144011497497559,127,0.0
0.1828601360321045,128,-0.02578125
0.18477416038513184,129,-0.12890625
0.18657898902893066,130,-0.167578125
0.18796014785766602,131,-0.167578125
0.1891641616821289,132,0.0
0.1903209686279297,133,-0.012890625
0.1914520263671875,134,-0.012890625
0.19257211685180664,135,-0.15468749999999998
0.19369196891784668,136,-0.502734375
0.19480299949645996,137,-0.5929687499999999
0.19591808319091797,138,-1.3019531249999998
0.1971290111541748,139,-1.1214843749999999
0.19854307174682617,140,0.0
0.2000889778137207,141,-0.116015625
0.20164203643798828,142,-0.30937499999999996
0.20318102836608887,143,-0.0515625
0.2046511173248291,144,-0.12890625
0.2060849666595459,145,0.0
0.20805597305297852,146,0.0
0.2103431224822998,147,-0.02578125
0.21182608604431152,148,-0.348046875
0.21332097053527832,149,-1.2503906249999999
0.21522998809814453,150,0.0
0.21697211265563965,151,-0.0515625
0.21829009056091309,152,-0.270703125
0.21953797340393066,153,-0.103125
0.22071599960327148,154,-0.33515625
0.22189712524414062,155,-0.12890625
0.22303009033203125,156,0.0
0.22414016723632812,157,-0.012890625
0.22525405883789062,158,-0.012890625
0.22635912895202637,159,-0.29648437499999997
0.22755718231201172,160,-0.515625
0.22897696495056152,161,-0.966796875
0.2304680347442627,162,-1.65
0.23194503784179688,163,0.0
0.23349404335021973,164,-0.116015625
0.23493599891662598,165,-0.270703125
0.2362961769104004,166,-0.29648437499999997
0.23801207542419434,167,-0.322265625
0.24052906036376953,168,-0.09023437499999999
0.24210000038146973,169,-0.02578125
0.24354910850524902,170,-0.28359375
0.24541115760803223,171,-0.43828124999999996
0.24730300903320312,172,-1.340625
0.24867916107177734,173,0.0
0.24988317489624023,174,-0.24492187499999998
0.25104808807373047,175,-0.2578125
0.2521779537200928,176,-0.20625
0.253507137298584,177,-0.30937499999999996
0.2546710968017578,178,-0.20625
0.2558140754699707,179,0.0
0.2569279670715332,180,0.0
0.2581150531768799,181,-0.038671874999999994
0.2596139907836914,182,-0.116015625
0.26111507415771484,183,-0.4125
0.26264405250549316,184,-0.9796874999999999
0.2642021179199219,185,-1.65
0.2655820846557617,186,0.0
0.26689815521240234,187,-0.167578125
0.26865696907043457,188,-0.37382812499999996
0.270550012588501,189,-0.12890625
0.2724571228027344,190,0.167578125
0.27447509765625,191,0.0
0.27594900131225586,192,-0.02578125
0.2775590419769287,193,-0.4125
0.279616117477417,194,-0.6703125
0.28137898445129395,195,-1.65
0.2826650142669678,196,0.0
0.28384900093078613,197,-0.103125
0.285006046295166,198,-0.54140625
0.2861320972442627,199,-0.09023437499999999
0.28724217414855957,200,-0.29648437499999997
0.2884509563446045,201,-0.167578125
0.28988003730773926,202,0.0
0.2913320064544678,203,-0.012890625
0.2927970886230469,204,-0.064453125
0.29435014724731445,205,-0.4640625
0.29576802253723145,206,-0.8765624999999999
0.297199010848999,207,-1.65
0.29854416847229004,208,0.0
0.30085301399230957,209,-0.12890625
0.3029921054840088,210,-0.2578125
0.3045310974121094,211,-0.09023437499999999
0.30611300468444824,212,0.23203125
0.30806708335876465,213,-0.012890625
0.30974817276000977,214,-0.012890625
0.31102800369262695,215,-0.4125
0.3121969699859619,216,-0.9796874999999999
0.3133351802825928,217,-1.611328125
0.31449317932128906,218,0.012890625
0.3156001567840576,219,-0.0515625
0.31670308113098145,220,-0.116015625
0.3178119659423828,221,-0.28359375
0.31900811195373535,222,-0.20625
0.3204340934753418,223,-0.2578125
0.3224911689758301,224,-0.15468749999999998
0.32413601875305176,225,0.012890625
0.3256840705871582,226,-0.012890625
0.3271651268005371,227,-0.322265625
0.32864904403686523,228,-0.5671875
0.33045411109924316,229,-1.405078125
0.33287715911865234,230,0.0
0.3345191478729248,231,0.0
0.3358910083770752,232,-0.193359375
0.3376791477203369,233,-0.30937499999999996
0.3396880626678467,234,-0.02578125
0.34109997749328613,235,0.012890625
0.3423020839691162,236,-0.0515625
0.343433141708374,237,-0.38671875
0.3445620536804199,238,-0.476953125
0.3456721305847168,239,-1.1214843749999999
0.34678101539611816,240,-1.65
0.34791111946105957,241,0.0
0.34909510612487793,242,0.0
0.3505370616912842,243,0.0
0.35212111473083496,244,-0.399609375
0.3536391258239746,245,-0.38671875
0.3552119731903076,246,-0.20625
0.3567070960998535,247,0.012890625
0.3581721782684326,248,-0.012890625
0.36003899574279785,249,-0.103125
0.3624410629272461,250,-0.43828124999999996
0.36405014991760254,251,-1.46953125
0.36543798446655273,252,0.0
0.3672471046447754,253,-0.167578125
0.3691291809082031,254,-0.399609375
0.3705790042877197,255,-0.2578125
0.3718070983886719,256,0.012890625
0.37298107147216797,257,-0.012890625
0.3741321563720703,258,-0.012890625
0.37525510787963867,259,-0.012890625
0.3763899803161621,260,-0.322265625
0.3775050640106201,261,-0.54140625
0.378615140914917,262,-0.966796875
0.3798201084136963,263,-1.5726562499999999
0.38125109672546387,264,0.0
0.382702112197876,265,-0.02578125
0.3841991424560547,266,-0.02578125
0.38574910163879395,267,-0.4640625
0.3871769905090332,268,-0.2578125
0.3886270523071289,269,-0.103125
0.39044713973999023,270,0.012890625
0.39284300804138184,271,0.0
0.3943061828613281,272,-0.36093749999999997
0.39594602584838867,273,-0.90234375
0.3979451656341553,274,-1.65
0.39932894706726074,275,-0.02578125
0.4006221294403076,276,-0.064453125
0.4017641544342041,277,-0.36093749999999997
0.40288209915161133,278,-0.167578125
0.4039921760559082,279,-0.29648437499999997
0.40515995025634766,280,-0.167578125
0.4062831401824951,281,0.0
0.40739011764526367,282,-0.012890625
0.4085121154785156,283,-0.02578125
0.40964198112487793,284,-0.2578125
0.4108409881591797,285,-0.515625
0.41227197647094727,286,-0.95390625
0.4137599468231201,287,-1.6242187499999998
0.415208101272583,288,0.0
0.41670799255371094,289,-0.038671874999999994
0.4181680679321289,290,-0.15468749999999998
0.4196779727935791,291,-0.21914062499999998
0.42110300064086914,292,-0.322265625
0.4233839511871338,293,0.02578125
0.4254331588745117,294,0.0
0.4268960952758789,295,-0.23203125
0.4284660816192627,296,-0.4125
0.43051695823669434,297,-1.224609375
0.4321320056915283,298,0.0
0.43339109420776367,299,-0.141796875
0.43456196784973145,300,-0.33515625
0.43569207191467285,301,-0.20625
0.43684816360473633,302,-0.270703125
0.43799614906311035,303,-0.23203125
0.43910908699035645,304,0.0
0.4402451515197754,305,0.0
0.4414401054382324,306,-0.012890625
0.44286203384399414,307,-0.103125
0.44432997703552246,308,-0.4640625
0.4458441734313965,309,-0.90234375
0.4473869800567627,310,-1.65
0.4487800598144531,311,0.0
0.4502739906311035,312,-0.20625
0.4516630172729492,313,-0.37382812499999996
0.4539501667022705,314,-0.18046874999999998
0.4568970203399658,315,0.02578125
0.45842409133911133,316,0.0
0.46161913871765137,317,-0.193359375
0.46399807929992676,318,-0.69609375
0.46526503562927246,319,0.0
0.4664039611816406,320,-0.012890625
0.46751999855041504,321,-0.116015625
0.4686400890350342,322,-0.37382812499999996
0.4697871208190918,323,-0.322265625
0.4709279537200928,324,-0.37382812499999996
0.4721970558166504,325,-0.12890625
0.47360706329345703,326,0.0
0.4750680923461914,327,-0.0515625
0.4765150547027588,328,-0.167578125
0.47810816764831543,329,-0.4640625
0.4796280860900879,330,-1.1214843749999999
0.48106813430786133,331,-0.103125
0.48279714584350586,332,-0.0515625
0.4851691722869873,333,-0.15468749999999998
0.48664402961730957,334,-0.18046874999999998
0.48827505111694336,335,-0.116015625
0.4904770851135254,336,0.0
0.4918501377105713,337,-0.012890625
0.49304795265197754,338,-0.20625
0.49419212341308594,339,-0.48984374999999997
0.49530601501464844,340,-0.9410156249999999
0.49640607833862305,341,-1.5597656249999998
0.4975001811981201,342,0.0
0.49857306480407715,343,0.0
0.4996781349182129,344,-0.116015625
0.5008111000061035,345,-0.193359375
0.5019640922546387,346,-0.2578125
0.503180980682373,347,-0.322265625
0.5045850276947021,348,-0.29648437499999997
0.5060160160064697,349,0.0
0.5075411796569824,350,0.0
0.5089890956878662,351,-0.038671874999999994
0.5104360580444336,352,-0.30937499999999996
0.5117771625518799,353,-0.451171875
0.5138499736785889,354,-1.3019531249999998
0.5158801078796387,355,-0.0515625
0.5172901153564453,356,-0.23203125
0.5192050933837891,357,-0.6187499999999999
0.5212130546569824,358,-0.399609375
0.5225300788879395,359,0.21914062499999998
0.5237209796905518,360,0.0
0.5248589515686035,361,-0.02578125
0.5260021686553955,362,-0.167578125
0.527116060256958,363,-0.4640625
0.5282189846038818,364,-0.64453125
0.52931809425354,365,-1.340625
0.5304901599884033,366,-0.322265625
0.5316030979156494,367,0.0
0.5326919555664062,368,0.012890625
0.5338730812072754,369,-0.07734374999999999
0.5354511737823486,370,-0.48984374999999997
0.536978006362915,371,-0.2578125
0.5387179851531982,372,-0.012890625
0.5403900146484375,373,-0.012890625
0.5418989658355713,374,-0.02578125
0.5433380603790283,375,-0.23203125
0.5457391738891602,376,-0.4640625
0.547645092010498,377,-1.353515625
0.5490820407867432,378,0.0
0.5509929656982422,379,-0.116015625
0.5529880523681641,380,-0.4125
0.5544099807739258,381,-0.2578125
0.5556161403656006,382,0.116015625
0.5567760467529297,383,0.0
0.5579080581665039,384,-0.012890625
0.5590219497680664,385,-0.0515625
0.560230016708374,386,-0.4125
0.5613789558410645,387,-0.48984374999999997
0.5625030994415283,388,-1.1859374999999999
0.5636081695556641,389,-1.65
0.5647971630096436,390,0.0
0.5662059783935547,391,-0.012890625
0.5676541328430176,392,-0.02578125
0.5691990852355957,393,-0.2578125
0.570904016494751,394,-0.20625
0.5724890232086182,395,0.103125
0.573930025100708,396,0.0
0.5767440795898438,397,-0.02578125
0.5784311294555664,398,-0.270703125
0.5799441337585449,399,-1.1859374999999999
0.5820291042327881,400,0.0
0.5835340023040771,401,-0.193359375
0.5847351551055908,402,-0.29648437499999997
0.5858690738677979,403,-0.064453125
0.5869779586791992,404,-0.4125
0.5880701541900635,405,-0.322265625
0.5891640186309814,406,0.0
0.5902891159057617,407,0.012890625
0.5914011001586914,408,-0.02578125
0.5924899578094482,409,-0.103125
0.5935759544372559,410,-0.399609375
0.594789981842041,411,-0.515625
0.596203088760376,412,-1.2503906249999999
0.597661018371582,413,-0.36093749999999997
0.5991640090942383,414,0.0
0.6009120941162109,415,-0.23203125
0.6023449897766113,416,-0.29648437499999997
0.6037411689758301,417,-0.29648437499999997
0.6063389778137207,418,-0.09023437499999999
0.6080300807952881,419,0.0
0.6096911430358887,420,-0.064453125
0.6118261814117432,421,-0.4125
0.613288164138794,422,-1.147265625
0.614483118057251,423,0.0
0.6156070232391357,424,0.0
0.6167140007019043,425,-0.15468749999999998
0.6178300380706787,426,-0.33515625
0.6189279556274414,427,-0.193359375
0.6200511455535889,428,-0.270703125
0.621157169342041,429,-0.23203125
0.622291088104248,430,-0.012890625
0.6234130859375,431,0.012890625
0.6245050430297852,432,-0.012890625
0.6256849765777588,433,-0.0515625
0.6270890235900879,434,-0.4125
0.6285459995269775,435,-0.515625
0.6301870346069336,436,-1.3921875
0.6317040920257568,437,0.0
0.6330661773681641,438,0.0
0.6343951225280762,439,-0.103125
0.6366920471191406,440,-0.348046875
0.6386861801147461,441,0.038671874999999994
0.6401991844177246,442,0.0
0.6420650482177734,443,-0.012890625
0.6438829898834229,444,-0.15468749999999998
0.6452209949493408,445,-0.37382812499999996
0.6463921070098877,446,-1.2890625
0.647529125213623,447,0.0
0.6486241817474365,448,-0.103125
0.6497430801391602,449,-0.141796875
0.650871992111206,450,-0.24492187499999998
