time,count,voltage
0.005166053771972656,1,-0.23203125
0.006713151931762695,2,-0.992578125
0.008149147033691406,3,-1.4953124999999998
0.009531021118164062,4,-0.2578125
0.011078119277954102,5,-0.37382812499999996
0.01279306411743164,6,-0.2578125
0.01445913314819336,7,-0.193359375
0.016185998916625977,8,-0.012890625
0.017815113067626953,9,-0.02578125
0.019481182098388672,10,-0.30937499999999996
0.02094411849975586,11,-0.54140625
0.02232503890991211,12,-0.7734375
0.02367997169494629,13,-1.4953124999999998
0.025030136108398438,14,-0.12890625
0.02652907371520996,15,-0.141796875
0.0281829833984375,16,-0.30937499999999996
0.029894113540649414,17,-0.29648437499999997
0.031571149826049805,18,-0.33515625
0.03339219093322754,19,-0.012890625
0.0350651741027832,20,-0.02578125
0.03670096397399902,21,-0.20625
0.03847098350524902,22,-0.515625
0.04028916358947754,23,-1.198828125
0.04219317436218262,24,-0.18046874999999998
0.04505205154418945,25,-0.2578125
0.04690217971801758,26,-0.29648437499999997
0.04876518249511719,27,-0.20625
0.050536155700683594,28,-0.012890625
0.052514076232910156,29,-0.09023437499999999
0.05399918556213379,30,-0.36093749999999997
0.05521798133850098,31,-0.605859375
0.056365966796875,32,-1.3019531249999998
0.05748605728149414,33,-1.65
0.058686017990112305,34,-0.167578125
0.059808969497680664,35,-0.30937499999999996
0.060929059982299805,36,-0.20625
0.06203103065490723,37,-0.399609375
0.06312298774719238,38,-0.24492187499999998
0.0642249584197998,39,-0.36093749999999997
0.0653221607208252,40,-0.270703125
0.06641602516174316,41,-0.012890625
0.06750106811523438,42,-0.09023437499999999
0.06865596771240234,43,-0.270703125
0.06976699829101562,44,-0.5285156249999999
0.07087302207946777,45,-0.6832031249999999
0.07198119163513184,46,-0.9796874999999999
0.07308697700500488,47,-1.4953124999999998
0.07418203353881836,48,-0.0515625
0.07527017593383789,49,-0.167578125
0.07636404037475586,50,-0.322265625
0.07745814323425293,51,-0.7476562499999999
0.0786139965057373,52,-0.322265625
0.0798041820526123,53,-0.12890625
0.0810539722442627,54,-0.38671875
0.08247709274291992,55,-0.24492187499999998
0.08386015892028809,56,-0.012890625
0.08542013168334961,57,-0.15468749999999998
0.08703017234802246,58,-0.42539062499999997
0.08856415748596191,59,-0.502734375
0.09050512313842773,60,-1.224609375
0.09290599822998047,61,-0.2578125
0.09454107284545898,62,-0.4125
0.09640312194824219,63,-0.30937499999999996
0.09889411926269531,64,-0.167578125
0.10027599334716797,65,0.0
0.10151100158691406,66,-0.07734374999999999
0.10268497467041016,67,-0.30937499999999996
0.10381817817687988,68,-0.580078125
0.10503506660461426,69,-0.64453125
0.10617518424987793,70,-1.3148437499999999
0.10729598999023438,71,-1.65
0.10842418670654297,72,-0.07734374999999999
0.11433911323547363,73,-0.2578125
0.11594605445861816,74,0.33515625
0.11751317977905273,75,-0.012890625
0.11932015419006348,76,-0.167578125
0.1220090389251709,77,-0.502734375
0.12352299690246582,78,-1.134375
0.12571215629577637,79,-0.2578125
0.1278700828552246,80,-0.21914062499999998
0.12942218780517578,81,-0.322265625
0.13072609901428223,82,-0.2578125
0.1322190761566162,83,-0.20625
0.13353896141052246,84,0.0
0.1347951889038086,85,-0.038671874999999994
0.13605403900146484,86,-0.2578125
0.13730406761169434,87,-0.5285156249999999
0.13855600357055664,88,-0.6703125
0.14447903633117676,89,-1.353515625
0.14657807350158691,90,-0.7218749999999999
0.1486201286315918,91,-0.43828124999999996
0.15117502212524414,92,-0.116015625
0.15341711044311523,93,-0.064453125
0.1552410125732422,94,-0.4125
0.15761804580688477,95,-1.03125
0.15927600860595703,96,-0.348046875
0.1605980396270752,97,-0.5671875
0.1618671417236328,98,-0.322265625
0.16310596466064453,99,-0.18046874999999998
0.16435503959655762,100,-0.322265625
0.16563010215759277,101,-0.30937499999999996
0.16687607765197754,102,0.012890625
0.1681511402130127,103,-0.07734374999999999
0.16941499710083008,104,-0.399609375
0.17525196075439453,105,-0.69609375
0.17742300033569336,106,-0.825
0.17943096160888672,107,-0.4640625
0.18222403526306152,108,-0.399609375
0.1844179630279541,109,0.0515625
0.1862781047821045,110,-0.18046874999999998
0.18892908096313477,111,-0.515625
0.19050216674804688,112,-1.2503906249999999
0.1918179988861084,113,-0.12890625
0.19308209419250488,114,-0.02578125
0.19431614875793457,115,-0.322265625
0.19554495811462402,116,-0.348046875
0.1967911720275879,117,-0.48984374999999997
0.1980600357055664,118,-0.502734375
0.19928908348083496,119,-0.2578125
0.20459699630737305,120,-0.012890625
0.2071850299835205,121,-0.09023437499999999
0.20931506156921387,122,-1.5082031249999999
0.2119741439819336,123,-0.348046875
0.21426916122436523,124,-0.29648437499999997
0.21626710891723633,125,0.038671874999999994
0.2184581756591797,126,-0.012890625
0.21997404098510742,127,-0.23203125
0.22133898735046387,128,-0.5285156249999999
0.22266817092895508,129,-0.992578125
0.22391319274902344,130,-1.65
0.22516703605651855,131,-0.167578125
0.22639012336730957,132,-0.2578125
0.22760415077209473,133,-0.29648437499999997
0.2289440631866455,134,-0.167578125
0.23020005226135254,135,-0.38671875
0.23580312728881836,136,-0.37382812499999996
0.23802804946899414,137,-0.167578125
0.23993802070617676,138,-0.4640625
0.24259400367736816,139,-1.533984375
0.2447671890258789,140,-0.23203125
0.2466731071472168,141,-0.2578125
0.2497560977935791,142,-0.42539062499999997
0.25121402740478516,143,-0.02578125
0.2525031566619873,144,-0.30937499999999996
0.2538340091705322,145,-0.515625
0.255094051361084,146,-0.580078125
0.2563591003417969,147,-1.2890625
0.25757813453674316,148,-1.65
0.2589139938354492,149,-0.20625
0.2601799964904785,150,-0.33515625
0.26572418212890625,151,-0.348046875
0.2678520679473877,152,-0.2578125
0.26986098289489746,153,-0.167578125
0.272258996963501,154,-0.476953125
0.27476000785827637,155,-1.00546875
0.2765631675720215,156,-0.20625
0.2790679931640625,157,-0.476953125
0.28077101707458496,158,-0.0515625
0.28229498863220215,159,-0.02578125
0.28357410430908203,160,-0.012890625
0.28482508659362793,161,-0.02578125
0.2861051559448242,162,-0.29648437499999997
0.28734803199768066,163,-0.580078125
0.288621187210083,164,-0.734765625
0.2898690700531006,165,-1.41796875
0.29109716415405273,166,-0.167578125
0.2966010570526123,167,-0.20625
0.29871296882629395,168,-0.4125
0.3002300262451172,169,-0.012890625
0.30164408683776855,170,-0.064453125
0.30392909049987793,171,-0.29648437499999997
0.3059110641479492,172,-0.515625
0.3092610836029053,173,-1.52109375
0.31137919425964355,174,-0.064453125
0.3128800392150879,175,-0.2578125
0.3141779899597168,176,-0.43828124999999996
0.31544017791748047,177,-0.2578125
0.3166661262512207,178,0.0
0.31798315048217773,179,-0.02578125
0.31925296783447266,180,-0.270703125
0.3204941749572754,181,-0.515625
0.3217790126800537,182,-0.631640625
0.32798218727111816,183,-1.2890625
0.3301970958709717,184,-1.5597656249999998
0.3321671485900879,185,-0.605859375
0.3345210552215576,186,-0.012890625
0.33686399459838867,187,-0.09023437499999999
0.33875107765197754,188,-0.399609375
0.341170072555542,189,-1.147265625
0.34285616874694824,190,-0.37382812499999996
0.344271183013916,191,-0.6187499999999999
0.345566987991333,192,-0.29648437499999997
0.34682512283325195,193,-0.33515625
0.34808802604675293,194,-0.33515625
0.34935998916625977,195,-0.2578125
0.35061216354370117,196,-0.012890625
0.35183215141296387,197,-0.15468749999999998
0.3573460578918457,198,-0.4125
0.35967516899108887,199,-0.6187499999999999
0.3615901470184326,200,-0.42539062499999997
0.36389899253845215,201,-0.20625
0.3665151596069336,202,-0.36093749999999997
0.3684210777282715,203,-0.02578125
0.37073802947998047,204,-0.2578125
0.3724191188812256,205,-0.476953125
0.37386512756347656,206,-1.3664062499999998
0.3751530647277832,207,-0.064453125
0.37642717361450195,208,-0.21914062499999998
0.3777620792388916,209,-0.37382812499999996
0.37906312942504883,210,-0.322265625
0.3803081512451172,211,-0.29648437499999997
0.381580114364624,212,-0.30937499999999996
0.3875269889831543,213,-0.09023437499999999
0.38997697830200195,214,-0.012890625
0.3918910026550293,215,-1.353515625
0.39435505867004395,216,-0.18046874999999998
0.39698314666748047,217,-0.2578125
0.3992471694946289,218,-0.37382812499999996
0.4015209674835205,219,0.012890625
0.40302205085754395,220,-0.23203125
0.40438103675842285,221,-0.4640625
0.4057741165161133,222,-0.7863281249999999
0.40703916549682617,223,-1.4953124999999998
0.40842700004577637,224,-0.02578125
0.4096860885620117,225,-0.2578125
0.410919189453125,226,-0.29648437499999997
0.41225719451904297,227,-0.24492187499999998
0.41785097122192383,228,-0.30937499999999996
0.41999316215515137,229,-0.4125
0.4221019744873047,230,-0.4125
0.42450499534606934,231,-1.044140625
0.4269859790802002,232,-0.064453125
0.4286830425262451,233,-0.2578125
0.4310600757598877,234,-0.2578125
0.43291401863098145,235,0.012890625
0.4342770576477051,236,-0.012890625
0.43555712699890137,237,-0.24492187499999998
0.43686413764953613,238,-0.515625
0.43817710876464844,239,-0.580078125
0.4394199848175049,240,-1.147265625
0.44065403938293457,241,-1.65
0.4418799877166748,242,-0.116015625
0.4430971145629883,243,-0.193359375
0.44892406463623047,244,-0.43828124999999996
0.4510221481323242,245,-0.29648437499999997
0.45299410820007324,246,-0.141796875
0.4557681083679199,247,-0.43828124999999996
0.45801401138305664,248,-1.018359375
0.45992398262023926,249,-0.20625
0.4622640609741211,250,-0.605859375
0.4639439582824707,251,-0.0515625
0.46547603607177734,252,-0.02578125
0.46674203872680664,253,-0.012890625
0.4680061340332031,254,-0.064453125
0.4693160057067871,255,-0.270703125
0.47057318687438965,256,-0.554296875
0.47180604934692383,257,-0.69609375
0.47303318977355957,258,-1.3664062499999998
0.4787709712982178,259,-0.8507812499999999
0.48093605041503906,260,-0.2578125
0.48277997970581055,261,-0.15468749999999998
0.4846491813659668,262,0.0
0.4875061511993408,263,-0.20625
0.48932719230651855,264,-0.37382812499999996
0.49148106575012207,265,-1.3792968749999999
0.49357008934020996,266,-0.103125
0.4950830936431885,267,-0.322265625
0.4964599609375,268,-0.28359375
0.497805118560791,269,-0.36093749999999997
0.49912214279174805,270,-0.20625
0.5003969669342041,271,-0.012890625
0.5017800331115723,272,-0.103125
0.5030341148376465,273,-0.36093749999999997
0.5086061954498291,274,-0.54140625
0.510951042175293,275,-0.8507812499999999
0.5129971504211426,276,-0.33515625
0.5160620212554932,277,-0.270703125
0.5183320045471191,278,0.23203125
0.5203030109405518,279,-0.23203125
0.5225491523742676,280,-0.502734375
0.5242161750793457,281,-1.353515625
0.5255911350250244,282,-0.193359375
0.5269031524658203,283,-0.36093749999999997
0.5282301902770996,284,-0.476953125
0.529487133026123,285,-0.24492187499999998
0.5307340621948242,286,-0.43828124999999996
0.5319671630859375,287,-0.30937499999999996
0.5333051681518555,288,-0.012890625
0.5394120216369629,289,0.0
0.5414550304412842,290,-0.2578125
0.5434081554412842,291,-0.21914062499999998
0.5459861755371094,292,-0.23203125
0.5485410690307617,293,-0.0515625
0.5504679679870605,294,0.399609375
0.5527451038360596,295,-0.02578125
0.554267168045044,296,-0.36093749999999997
0.5555911064147949,297,-0.605859375
0.5568490028381348,298,-1.405078125
0.5581581592559814,299,-0.09023437499999999
0.5594260692596436,300,-0.2578125
0.5606710910797119,301,-0.476953125
0.5619251728057861,302,-0.33515625
0.5631530284881592,303,-0.116015625
0.5699291229248047,304,-0.29648437499999997
0.572357177734375,305,-0.193359375
0.5743169784545898,306,-1.044140625
0.5771269798278809,307,-0.42539062499999997
0.5790979862213135,308,-0.4125
0.5810220241546631,309,-0.36093749999999997
0.5833489894866943,310,-0.193359375
0.584892988204956,311,-0.0515625
0.586205005645752,312,-0.23203125
0.5874650478363037,313,-0.4640625
0.5888140201568604,314,-0.6703125
0.5901010036468506,315,-1.405078125
0.5913350582122803,316,0.0
0.5925600528717041,317,-0.23203125
0.5937860012054443,318,-0.631640625
0.5996320247650146,319,-0.33515625
0.6017711162567139,320,-0.193359375
0.6036651134490967,321,-0.28359375
0.606788158416748,322,-0.476953125
0.6088199615478516,323,-1.2503906249999999
0.6107239723205566,324,-0.322265625
0.6129779815673828,325,-0.4125
0.6147170066833496,326,-0.21914062499999998
0.6160361766815186,327,0.07734374999999999
0.6175880432128906,328,-0.038671874999999994
0.6189751625061035,329,-0.33515625
0.6202349662780762,330,-0.580078125
0.6214981079101562,331,-0.6832031249999999
0.6227371692657471,332,-1.2503906249999999
0.6239700317382812,333,-1.65
0.6300981044769287,334,-0.15468749999999998
0.6326370239257812,335,-0.193359375
0.6345369815826416,336,0.012890625
0.6373400688171387,337,-0.15468749999999998
0.6394240856170654,338,-0.4640625
0.6415159702301025,339,-1.4437499999999999
0.6436910629272461,340,-0.21914062499999998
0.6452641487121582,341,-0.36093749999999997
0.6466090679168701,342,-0.167578125
0.64798903465271,343,-0.38671875
0.6493210792541504,344,-0.193359375
0.6505730152130127,345,-0.038671874999999994
0.651806116104126,346,-0.167578125
0.6530330181121826,347,-0.37382812499999996
0.6543121337890625,348,-0.6187499999999999
0.6604001522064209,349,-0.95390625
0.6625490188598633,350,-1.546875
0.6646020412445068,351,-0.4125
0.6665990352630615,352,-0.116015625
0.6694610118865967,353,-0.02578125
0.6712579727172852,354,-0.322265625
0.6735420227050781,355,-0.7734375
0.6754591464996338,356,-1.65
0.6769430637359619,357,-0.36093749999999997
0.6784319877624512,358,-0.37382812499999996
0.6797239780426025,359,-0.116015625
0.6809999942779541,360,-0.322265625
0.6822390556335449,361,-0.20625
0.6834681034088135,362,0.0
0.6846730709075928,363,-0.02578125
0.6904280185699463,364,-0.33515625
0.692655086517334,365,-0.554296875
0.6946020126342773,366,-0.43828124999999996
0.697303056716919,367,-0.193359375
0.6995429992675781,368,-0.29648437499999997
0.7014410495758057,369,-0.012890625
0.7040121555328369,370,-0.270703125
0.7055861949920654,371,-0.4640625
0.7069029808044434,372,-1.353515625
0.7086341381072998,373,-0.21914062499999998
0.7104470729827881,374,-0.12890625
0.7123720645904541,375,-0.37382812499999996
0.7141010761260986,376,-0.064453125
0.7157859802246094,377,-0.0515625
0.7180001735687256,378,-0.02578125
0.7194490432739258,379,-0.103125
0.7209019660949707,380,-0.4640625
0.7224330902099609,381,-0.734765625
0.7238240242004395,382,-1.5082031249999999
0.7251710891723633,383,-0.15468749999999998
0.7265810966491699,384,-0.2578125
0.728532075881958,385,-0.2578125
0.7307891845703125,386,-0.2578125
0.7322711944580078,387,0.064453125
0.7339611053466797,388,-0.012890625
0.7358729839324951,389,-0.103125
0.7372431755065918,390,-0.37382812499999996
0.7384471893310547,391,-0.6187499999999999
0.7396061420440674,392,-1.3019531249999998
0.7407741546630859,393,-1.65
0.741901159286499,394,-0.15468749999999998
0.7430071830749512,395,-0.30937499999999996
0.744110107421875,396,-0.270703125
0.7452511787414551,397,-0.2578125
0.7463490962982178,398,-0.103125
0.7474400997161865,399,-0.322265625
0.7486281394958496,400,-0.270703125
0.7500441074371338,401,-0.012890625
0.7514619827270508,402,-0.0515625
0.7595210075378418,403,-0.270703125
0.7616941928863525,404,-0.631640625
0.7634880542755127,405,-0.2578125
0.765998125076294,406,-0.322265625
0.7674620151519775,407,0.0
0.7687931060791016,408,-0.23203125
0.7699251174926758,409,-0.515625
0.7710189819335938,410,-0.5929687499999999
0.7721610069274902,411,-1.0570312499999999
0.7733080387115479,412,-1.5597656249999998
0.7744221687316895,413,-0.116015625
0.775529146194458,414,-0.23203125
0.7766520977020264,415,-0.43828124999999996
0.7778100967407227,416,-0.515625
0.7790579795837402,417,-0.399609375
0.7804791927337646,418,-0.30937499999999996
0.7820010185241699,419,-0.23203125
0.7893271446228027,420,-0.012890625
0.7915680408477783,421,-0.928125
0.7930471897125244,422,-0.21914062499999998
0.79482102394104,423,-0.37382812499999996
0.7967569828033447,424,-0.270703125
0.7981221675872803,425,-0.21914062499999998
0.7992980480194092,426,0.038671874999999994
