time,count,voltage
0.0064008235931396484,1,-0.15468749999999998
0.007983922958374023,2,-0.28359375
0.009428977966308594,3,0.07734374999999999
0.01082301139831543,4,-0.012890625
0.012866973876953125,5,-0.012890625
0.014592885971069336,6,-0.21914062499999998
0.016313791275024414,7,-0.7476562499999999
0.018092870712280273,8,-1.65
0.019717931747436523,9,-0.103125
0.0214688777923584,10,-0.193359375
0.022989988327026367,11,-0.103125
0.024388790130615234,12,-0.29648437499999997
0.025758981704711914,13,-0.0515625
0.02718186378479004,14,0.0
0.028764963150024414,15,-0.0515625
0.030460834503173828,16,-0.20625
0.032158851623535156,17,-0.270703125
0.03381180763244629,18,-1.2374999999999998
0.03566598892211914,19,0.0
0.03742694854736328,20,-0.012890625
0.03909492492675781,21,-0.20625
0.04083991050720215,22,-0.270703125
0.0425260066986084,23,-0.0515625
0.04419398307800293,24,0.0
0.04613184928894043,25,-0.02578125
0.04900097846984863,26,-0.20625
0.05106186866760254,27,-1.018359375
0.0527949333190918,28,-0.02578125
0.05489492416381836,29,-0.12890625
0.05745983123779297,30,-0.0515625
0.05967283248901367,31,0.0
0.06147480010986328,32,0.012890625
0.06298398971557617,33,-0.064453125
0.06437182426452637,34,-0.193359375
0.06579780578613281,35,-0.734765625
0.06746387481689453,36,-1.46953125
0.06918978691101074,37,0.012890625
0.07082486152648926,38,-0.167578125
0.07269883155822754,39,-0.18046874999999998
0.0744938850402832,40,-0.116015625
0.07609701156616211,41,0.103125
0.0778508186340332,42,0.0
0.0802149772644043,43,-0.02578125
0.08277297019958496,44,-0.15468749999999998
0.08459186553955078,45,-1.327734375
0.08619379997253418,46,-0.0515625
0.08823180198669434,47,-0.20625
0.09048700332641602,48,-0.15468749999999998
0.09245896339416504,49,0.02578125
0.09396600723266602,50,0.0
0.09534287452697754,51,-0.0515625
0.09682798385620117,52,-0.23203125
0.09874582290649414,53,-0.12890625
0.10040879249572754,54,-1.134375
0.10213184356689453,55,0.0
0.1037299633026123,56,-0.193359375
0.10510396957397461,57,-0.29648437499999997
0.10647892951965332,58,-0.038671874999999994
0.10892987251281738,59,-0.20625
0.11103391647338867,60,0.012890625
0.11243987083435059,61,-0.012890625
0.11448287963867188,62,-0.2578125
0.11628198623657227,63,-0.54140625
0.11770391464233398,64,-1.6371093749999999
0.11888289451599121,65,-0.116015625
0.1200418472290039,66,-0.20625
0.12115287780761719,67,-0.270703125
0.1222538948059082,68,-0.167578125
0.12334179878234863,69,-0.322265625
0.12447285652160645,70,-0.37382812499999996
0.1256258487701416,71,-0.167578125
0.12688493728637695,72,-0.012890625
0.12836384773254395,73,-0.038671874999999994
0.12978291511535645,74,-0.12890625
0.13140392303466797,75,-0.23203125
0.1328577995300293,76,-0.8507812499999999
0.13421082496643066,77,-1.65
0.13548588752746582,78,-0.12890625
0.13777780532836914,79,-0.21914062499999998
0.13965988159179688,80,-0.21914062499999998
0.14121389389038086,81,-0.36093749999999997
0.14330792427062988,82,-0.09023437499999999
0.1448049545288086,83,-0.012890625
0.14599895477294922,84,-0.103125
0.14729595184326172,85,-0.21914062499999998
0.1485137939453125,86,-0.4125
0.14964079856872559,87,-1.21171875
0.1507418155670166,88,-1.611328125
0.1518700122833252,89,0.0
0.15296578407287598,90,-0.20625
0.15405488014221191,91,-0.20625
0.15515494346618652,92,-0.141796875
0.15625,93,-0.193359375
0.15749788284301758,94,-0.30937499999999996
0.15891695022583008,95,-0.21914062499999998
0.1603538990020752,96,0.0
0.16182780265808105,97,-0.064453125
0.16335391998291016,98,-0.167578125
0.16472578048706055,99,-0.18046874999999998
0.16614294052124023,100,-0.9152343749999999
0.16848278045654297,101,-1.6371093749999999
0.17048382759094238,102,-0.038671874999999994
0.17192697525024414,103,-0.21914062499999998
0.17365694046020508,104,-0.21914062499999998
0.1756889820098877,105,-0.167578125
0.1772158145904541,106,-0.012890625
0.17841482162475586,107,-0.0515625
0.17962884902954102,108,-0.20625
0.1807548999786377,109,-0.29648437499999997
0.18189787864685059,110,-0.64453125
0.18302178382873535,111,-1.2890625
0.18412184715270996,112,-0.5285156249999999
0.18522000312805176,113,0.0
0.18630099296569824,114,-0.23203125
0.18754982948303223,115,-0.12890625
0.18906497955322266,116,-0.116015625
0.1905369758605957,117,-0.23203125
0.19210481643676758,118,-0.09023437499999999
0.19358086585998535,119,-0.012890625
0.1948709487915039,120,-0.02578125
0.1963188648223877,121,-0.116015625
0.19863295555114746,122,-0.270703125
0.20077300071716309,123,-0.90234375
0.2022228240966797,124,0.0
0.2038419246673584,125,-0.2578125
0.2059319019317627,126,-0.24492187499999998
0.20743083953857422,127,-0.30937499999999996
0.2086629867553711,128,-0.0515625
0.20981478691101074,129,0.0
0.21091699600219727,130,-0.012890625
0.21210885047912598,131,-0.012890625
0.21321582794189453,132,-0.24492187499999998
0.21433782577514648,133,-0.2578125
0.2154839038848877,134,-0.837890625
0.21657681465148926,135,-1.41796875
0.21776390075683594,136,-0.103125
0.21923089027404785,137,-0.02578125
0.2207169532775879,138,-0.103125
0.2223069667816162,139,-0.193359375
0.22379279136657715,140,-0.36093749999999997
0.2251880168914795,141,-0.20625
0.22656583786010742,142,0.012890625
0.2281348705291748,143,0.0
0.23074078559875488,144,-0.0515625
0.23239493370056152,145,-0.20625
0.23378992080688477,146,-1.276171875
0.23564887046813965,147,0.0
0.23754096031188965,148,-0.28359375
0.23886895179748535,149,-0.193359375
0.24003291130065918,150,-0.2578125
0.2411479949951172,151,-0.322265625
0.24225378036499023,152,-0.15468749999999998
0.24337983131408691,153,0.0
0.24452781677246094,154,-0.012890625
0.2456378936767578,155,-0.07734374999999999
0.2467489242553711,156,-0.270703125
0.2479708194732666,157,-0.193359375
0.24937701225280762,158,-0.928125
0.2508108615875244,159,-1.5984375
0.2524588108062744,160,-0.0515625
0.25395798683166504,161,-0.23203125
0.2553229331970215,162,-0.23203125
0.25668883323669434,163,-0.2578125
0.25811290740966797,164,-0.2578125
0.26078200340270996,165,-0.012890625
0.2624199390411377,166,-0.012890625
0.263812780380249,167,-0.23203125
0.26561498641967773,168,-0.30937499999999996
0.2675039768218994,169,-1.224609375
0.2688438892364502,170,0.0
0.27004289627075195,171,-0.23203125
0.27117180824279785,172,-0.33515625
0.27228379249572754,173,-0.0515625
0.273392915725708,174,-0.270703125
0.27448081970214844,175,-0.322265625
0.27561378479003906,176,-0.167578125
0.27671289443969727,177,-0.012890625
0.2779059410095215,178,-0.02578125
0.27930784225463867,179,-0.0515625
0.28078198432922363,180,-0.29648437499999997
0.28229594230651855,181,-0.515625
0.28391098976135254,182,-1.327734375
0.2853729724884033,183,-0.103125
0.2867908477783203,184,-0.15468749999999998
0.28856587409973145,185,-0.24492187499999998
0.2908968925476074,186,-0.103125
0.2925758361816406,187,0.193359375
0.29404783248901367,188,0.0
0.29596495628356934,189,-0.064453125
0.2979719638824463,190,-0.24492187499999998
0.29931187629699707,191,-0.580078125
0.30053281784057617,192,-1.533984375
0.30165886878967285,193,0.0
0.3027689456939697,194,-0.167578125
0.30386781692504883,195,-0.12890625
0.30495691299438477,196,-0.21914062499999998
0.3060488700866699,197,-0.0515625
0.30722999572753906,198,-0.37382812499999996
0.30848193168640137,199,-0.322265625
0.3098897933959961,200,0.012890625
0.31129980087280273,201,-0.012890625
0.31282997131347656,202,-0.0515625
0.31427884101867676,203,-0.23203125
0.3157060146331787,204,-0.64453125
0.31720590591430664,205,-1.405078125
0.3190009593963623,206,0.0
0.3213539123535156,207,-0.270703125
0.32291698455810547,208,-0.103125
0.32450389862060547,209,-0.30937499999999996
0.3264608383178711,210,-0.09023437499999999
0.3281998634338379,211,-0.012890625
0.329481840133667,212,-0.064453125
0.33063292503356934,213,-0.20625
0.33178186416625977,214,-0.502734375
0.3329179286956787,215,-1.198828125
0.3340418338775635,216,-1.65
0.33513379096984863,217,-0.0515625
0.3362159729003906,218,-0.20625
0.33731889724731445,219,-0.15468749999999998
0.3385169506072998,220,-0.103125
0.34066081047058105,221,-0.167578125
0.34215593338012695,222,0.09023437499999999
0.34377193450927734,223,0.0
0.34516096115112305,224,-0.02578125
0.3465299606323242,225,-0.193359375
0.34793782234191895,226,-0.20625
0.3503439426422119,227,-0.863671875
0.3522608280181885,228,-1.044140625
0.3537108898162842,229,-0.20625
0.3554849624633789,230,-0.270703125
0.35762882232666016,231,-0.012890625
0.35904884338378906,232,0.20625
0.36023783683776855,233,0.0
0.3613579273223877,234,-0.02578125
0.3624579906463623,235,-0.064453125
0.36360597610473633,236,-0.322265625
0.36470794677734375,237,-0.322265625
0.36581897735595703,238,-1.018359375
0.3669137954711914,239,-1.5726562499999999
0.3680868148803711,240,0.0
0.36927199363708496,241,-0.02578125
0.37067079544067383,242,0.0
0.3721468448638916,243,-0.30937499999999996
0.3737959861755371,244,-0.30937499999999996
0.37543487548828125,245,-0.20625
0.37680578231811523,246,0.012890625
0.3782927989959717,247,-0.02578125
0.37995100021362305,248,-0.103125
0.3827018737792969,249,-0.270703125
0.3842649459838867,250,-1.353515625
0.3856978416442871,251,-0.103125
0.3876039981842041,252,-0.2578125
0.38947582244873047,253,-0.20625
0.39077281951904297,254,-0.167578125
0.3919529914855957,255,-0.064453125
0.3930778503417969,256,0.0
0.3941938877105713,257,0.0
0.3952949047088623,258,-0.0515625
0.39644384384155273,259,-0.23203125
0.3977079391479492,260,-0.30937499999999996
0.3988509178161621,261,-0.837890625
0.40004897117614746,262,-1.4437499999999999
0.40146684646606445,263,-0.012890625
0.40290379524230957,264,-0.012890625
0.40454578399658203,265,-0.0515625
0.4061009883880615,266,-0.141796875
0.40752696990966797,267,-0.38671875
0.40889978408813477,268,-0.20625
0.41025686264038086,269,0.012890625
0.4128458499908447,270,-0.0515625
0.41454195976257324,271,-0.167578125
0.415910005569458,272,-0.734765625
0.4177069664001465,273,-1.4953124999999998
0.4195868968963623,274,-0.012890625
0.4209740161895752,275,-0.038671874999999994
0.4221808910369873,276,-0.141796875
0.423306941986084,277,-0.322265625
0.42443299293518066,278,-0.33515625
0.42552685737609863,279,-0.18046874999999998
0.4266347885131836,280,0.012890625
0.4277617931365967,281,-0.012890625
0.42887401580810547,282,-0.0515625
0.4301187992095947,283,-0.30937499999999996
0.4315369129180908,284,-0.21914062499999998
0.43296289443969727,285,-0.9796874999999999
0.43448781967163086,286,-1.65
0.4359757900238037,287,-0.012890625
0.4374518394470215,288,-0.103125
0.4388859272003174,289,-0.20625
0.44069600105285645,290,-0.322265625
0.4431619644165039,291,-0.23203125
0.44472599029541016,292,0.012890625
0.4462718963623047,293,-0.0515625
0.4483489990234375,294,-0.30937499999999996
0.44994187355041504,295,-0.8765624999999999
0.45127081871032715,296,-0.21914062499999998
0.4524648189544678,297,-0.07734374999999999
0.4536290168762207,298,0.0
0.4547410011291504,299,-0.193359375
0.4558568000793457,300,-0.12890625
0.45694994926452637,301,-0.42539062499999997
0.4581179618835449,302,-0.4125
0.45923590660095215,303,-0.012890625
0.4604499340057373,304,-0.012890625
0.4618709087371826,305,-0.038671874999999994
0.46331787109375,306,-0.167578125
0.46483898162841797,307,-0.2578125
0.46630191802978516,308,-0.9152343749999999
0.46784281730651855,309,-1.65
0.4693758487701416,310,-0.09023437499999999
0.4714319705963135,311,0.0
0.4736487865447998,312,-0.193359375
0.47525882720947266,313,-0.09023437499999999
0.47696900367736816,314,0.012890625
0.47907185554504395,315,-0.012890625
0.4804868698120117,316,-0.193359375
0.4816617965698242,317,-0.33515625
0.4828000068664551,318,-1.10859375
0.4839189052581787,319,-1.65
0.485076904296875,320,-0.012890625
0.4861738681793213,321,-0.21914062499999998
0.4874107837677002,322,-0.116015625
0.48854589462280273,323,-0.12890625
0.48965978622436523,324,-0.2578125
0.4908459186553955,325,-0.348046875
0.492372989654541,326,-0.2578125
0.493898868560791,327,0.012890625
0.495485782623291,328,-0.0515625
0.4969639778137207,329,-0.21914062499999998
0.4983799457550049,330,-0.193359375
0.4998958110809326,331,-1.044140625
0.5017910003662109,332,-0.515625
0.5043239593505859,333,-0.07734374999999999
0.5058679580688477,334,-0.167578125
0.5075678825378418,335,-0.20625
0.5096678733825684,336,-0.167578125
0.5111889839172363,337,0.012890625
0.5124099254608154,338,-0.0515625
0.513542890548706,339,-0.29648437499999997
0.5146579742431641,340,-0.20625
0.5157978534698486,341,-0.9410156249999999
0.516934871673584,342,-1.533984375
0.5181319713592529,343,0.0
0.5192358493804932,344,0.0
0.5204498767852783,345,-0.167578125
0.5220589637756348,346,-0.23203125
0.5235369205474854,347,-0.30937499999999996
0.5250039100646973,348,-0.20625
0.5266258716583252,349,0.0
0.5280427932739258,350,0.012890625
0.529411792755127,351,-0.07734374999999999
0.5308449268341064,352,-0.29648437499999997
0.5333499908447266,353,-0.515625
0.5354719161987305,354,-1.5597656249999998
0.536923885345459,355,-0.21914062499999998
0.5387248992919922,356,-0.270703125
0.5409278869628906,357,0.0
0.542334794998169,358,0.21914062499999998
0.5435118675231934,359,0.0
0.5446248054504395,360,-0.02578125
0.5457179546356201,361,-0.0515625
0.5468099117279053,362,-0.322265625
0.54793381690979,363,-0.2578125
0.549095869064331,364,-0.928125
0.5501968860626221,365,-1.546875
0.5512919425964355,366,0.0
0.5525178909301758,367,-0.116015625
0.5539259910583496,368,0.0
0.5553929805755615,369,-0.20625
0.5569708347320557,370,-0.2578125
0.5586748123168945,371,-0.20625
0.5600788593292236,372,0.012890625
0.5614659786224365,373,-0.012890625
0.5632178783416748,374,-0.02578125
0.5657689571380615,375,-0.270703125
0.5673708915710449,376,-1.224609375
0.5688848495483398,377,-0.012890625
0.57080078125,378,-0.270703125
0.5726099014282227,379,-0.21914062499999998
0.5739238262176514,380,-0.193359375
0.5751159191131592,381,-0.116015625
0.5762588977813721,382,0.012890625
0.5773799419403076,383,0.0
0.5784718990325928,384,-0.09023437499999999
0.5796029567718506,385,-0.20625
0.5807039737701416,386,-0.2578125
0.5818049907684326,387,-0.580078125
0.5829949378967285,388,-1.26328125
0.5844278335571289,389,-1.65
0.5858688354492188,390,-0.0515625
0.587507963180542,391,-0.23203125
0.5890638828277588,392,-0.20625
0.5904319286346436,393,-0.30937499999999996
0.591810941696167,394,-0.20625
0.5931448936462402,395,0.0
0.595573902130127,396,0.0
0.5975749492645264,397,-0.07734374999999999
0.5990078449249268,398,-0.37382812499999996
0.6008009910583496,399,-1.3148437499999999
0.6027319431304932,400,-0.18046874999999998
0.6041858196258545,401,-0.12890625
0.6056838035583496,402,-0.15468749999999998
0.6068599224090576,403,-0.2578125
0.607996940612793,404,-0.2578125
0.6091458797454834,405,-0.103125
0.6102550029754639,406,0.0
0.6113448143005371,407,-0.02578125
0.6124579906463623,408,-0.116015625
0.6136929988861084,409,-0.322265625
0.6151578426361084,410,-0.30937499999999996
0.6166419982910156,411,-1.147265625
0.6181759834289551,412,0.0
0.6197249889373779,413,-0.064453125
0.6211609840393066,414,-0.141796875
0.6225860118865967,415,-0.103125
0.6243298053741455,416,-0.270703125
0.6267309188842773,417,-0.193359375
0.6284439563751221,418,0.0
0.6299958229064941,419,-0.116015625
0.6320538520812988,420,-0.270703125
0.6336719989776611,421,-1.0570312499999999
0.6349349021911621,422,-0.20625
0.6361918449401855,423,-0.09023437499999999
0.6373498439788818,424,-0.0515625
0.6384909152984619,425,-0.167578125
0.6395838260650635,426,-0.012890625
0.640678882598877,427,-0.33515625
0.6417679786682129,428,-0.2578125
0.6428759098052979,429,0.012890625
0.6441328525543213,430,0.0
0.6455538272857666,431,-0.064453125
0.6469957828521729,432,-0.21914062499999998
0.6486899852752686,433,-0.20625
0.6501948833465576,434,-1.095703125
0.6515529155731201,435,-0.0515625
0.6529989242553711,436,-0.116015625
0.6547598838806152,437,-0.0515625
0.657202959060669,438,-0.103125
0.6588468551635742,439,-0.064453125
0.6605739593505859,440,0.0
0.6625778675079346,441,-0.0515625
0.6641759872436523,442,-0.193359375
0.6654179096221924,443,-0.451171875
