time,count,voltage
0.00667881965637207,1,0.28359375
0.008219003677368164,2,-0.012890625
0.009619951248168945,3,-0.012890625
0.010982990264892578,4,-0.322265625
0.012594938278198242,5,-0.4640625
0.014417886734008789,6,-1.327734375
0.016108036041259766,7,0.012890625
0.017839908599853516,8,-0.12890625
0.01942896842956543,9,-0.23203125
0.02104783058166504,10,-0.33515625
0.022471904754638672,11,-0.064453125
0.02400994300842285,12,0.0
0.025372028350830078,13,-0.02578125
0.026713848114013672,14,-0.116015625
0.028271913528442383,15,-0.28359375
0.029965877532958984,16,-0.7863281249999999
0.03166985511779785,17,-1.65
0.03339886665344238,18,0.0
0.03519296646118164,19,-0.02578125
0.0369260311126709,20,-0.09023437499999999
0.03868985176086426,21,-0.2578125
0.04031682014465332,22,-0.012890625
0.04206204414367676,23,0.0
0.04408097267150879,24,-0.103125
0.046919822692871094,25,-0.167578125
0.04932284355163574,26,-1.405078125
0.0509798526763916,27,-0.103125
0.05287289619445801,28,-0.20625
0.0550229549407959,29,-0.30937499999999996
0.05707192420959473,30,0.20625
0.05863499641418457,31,0.0
0.06002402305603027,32,-0.103125
0.0613858699798584,33,-0.2578125
0.06281900405883789,34,-0.708984375
0.0642080307006836,35,-1.46953125
0.06554985046386719,36,0.0
0.06686902046203613,37,-0.09023437499999999
0.06821489334106445,38,-0.29648437499999997
0.06956791877746582,39,-0.012890625
0.07118892669677734,40,-0.21914062499999998
0.0726919174194336,41,-0.012890625
0.07427787780761719,42,0.012890625
0.07582783699035645,43,0.0
0.07755899429321289,44,-0.29648437499999997
0.07926392555236816,45,-0.270703125
0.0810539722442627,46,-1.2890625
0.08294296264648438,47,0.0
0.08468794822692871,48,-0.116015625
0.0864419937133789,49,-0.28359375
0.08879995346069336,50,-0.103125
0.09137701988220215,51,0.24492187499999998
0.09313082695007324,52,0.0
0.0947580337524414,53,-0.322265625
0.09678983688354492,54,-0.6187499999999999
0.09899401664733887,55,-1.65
0.10084795951843262,56,0.0
0.10234785079956055,57,-0.33515625
0.10377788543701172,58,-0.0515625
0.10532402992248535,59,-0.103125
0.1070098876953125,60,0.0
0.10871005058288574,61,-0.012890625
0.11045503616333008,62,-0.09023437499999999
0.1122438907623291,63,-0.2578125
0.11408305168151855,64,-1.069921875
0.11602091789245605,65,0.0
0.11819291114807129,66,-0.12890625
0.12099003791809082,67,-0.2578125
0.12288904190063477,68,0.012890625
0.12467598915100098,69,0.012890625
0.1269519329071045,70,-0.02578125
0.12905001640319824,71,-0.20625
0.13059496879577637,72,-1.1214843749999999
0.1320500373840332,73,0.0
0.13353300094604492,74,-0.02578125
0.13501405715942383,75,-0.20625
0.13675594329833984,76,-0.103125
0.13849997520446777,77,-0.270703125
0.14018988609313965,78,0.12890625
0.14204788208007812,79,-0.012890625
0.14391303062438965,80,-0.064453125
0.145582914352417,81,-0.193359375
0.14696097373962402,82,-1.095703125
0.14921784400939941,83,-0.0515625
0.15122199058532715,84,0.0
0.15264296531677246,85,-0.29648437499999997
0.1544790267944336,86,-0.322265625
0.1564009189605713,87,-0.0515625
0.15776395797729492,88,0.012890625
0.1589488983154297,89,-0.02578125
0.16007685661315918,90,-0.29648437499999997
0.16119098663330078,91,-0.37382812499999996
0.1622910499572754,92,-0.708984375
0.16347694396972656,93,-1.3792968749999999
0.1646718978881836,94,0.0
0.16590285301208496,95,-0.0515625
0.1673128604888916,96,-0.09023437499999999
0.1687769889831543,97,-0.33515625
0.1703038215637207,98,0.0
0.17177987098693848,99,-0.20625
0.17413091659545898,100,0.064453125
0.176832914352417,101,-0.012890625
0.1790478229522705,102,-0.270703125
0.18100285530090332,103,-1.03125
0.18344402313232422,104,-0.064453125
0.18497085571289062,105,-0.07734374999999999
0.1862950325012207,106,-0.20625
0.1875598430633545,107,-0.36093749999999997
0.18895196914672852,108,-0.21914062499999998
0.19020891189575195,109,0.012890625
0.19143199920654297,110,0.0
0.1926429271697998,111,-0.02578125
0.1939549446105957,112,-0.29648437499999997
0.20322084426879883,113,-0.29648437499999997
0.20521783828735352,114,-0.9796874999999999
0.20779204368591309,115,0.24492187499999998
0.20937395095825195,116,-0.02578125
0.21098995208740234,117,-0.28359375
0.21314597129821777,118,-0.270703125
0.21453595161437988,119,-1.456640625
0.21571683883666992,120,0.0
0.21683692932128906,121,-0.103125
0.21794795989990234,122,-0.23203125
0.2190408706665039,123,-0.103125
0.2201390266418457,124,-0.30937499999999996
0.22124004364013672,125,-0.37382812499999996
0.2223360538482666,126,-0.20625
0.22348499298095703,127,0.012890625
0.2245800495147705,128,-0.012890625
0.2256639003753662,129,-0.012890625
0.22686505317687988,130,-0.29648437499999997
0.22828984260559082,131,-0.322265625
0.2297379970550537,132,-0.8765624999999999
0.23128604888916016,133,-1.65
0.23284101486206055,134,-0.012890625
0.2343449592590332,135,-0.116015625
0.23581600189208984,136,-0.30937499999999996
0.23802590370178223,137,-0.29648437499999997
0.24014592170715332,138,-0.012890625
0.24158382415771484,139,0.0
0.24345898628234863,140,-0.012890625
0.2453160285949707,141,-0.322265625
0.24660301208496094,142,-1.03125
0.2477550506591797,143,-1.65
0.24886393547058105,144,0.0
0.24995183944702148,145,-0.103125
0.25104188919067383,146,-0.15468749999999998
0.25214385986328125,147,-0.38671875
0.2533299922943115,148,-0.103125
0.25443196296691895,149,-0.2578125
0.25554990768432617,150,-0.141796875
0.2566368579864502,151,0.0
0.25780296325683594,152,0.0
0.2591888904571533,153,-0.012890625
0.2606348991394043,154,-0.29648437499999997
0.2621748447418213,155,-0.30937499999999996
0.26377296447753906,156,-1.0828125
0.26521801948547363,157,-0.0515625
0.2666339874267578,158,-0.02578125
0.26899003982543945,159,-0.02578125
0.27091383934020996,160,-0.116015625
0.27244091033935547,161,0.09023437499999999
0.27457284927368164,162,0.0
0.2761359214782715,163,0.0
0.2773449420928955,164,-0.29648437499999997
0.2785029411315918,165,-0.28359375
0.2796189785003662,166,-1.03125
0.28072595596313477,167,-1.65
0.28181982040405273,168,0.0
0.282930850982666,169,-0.103125
0.2840290069580078,170,0.0
0.28511500358581543,171,-0.33515625
0.2862110137939453,172,-0.12890625
0.2872920036315918,173,-0.42539062499999997
0.28846096992492676,174,-0.38671875
0.28984498977661133,175,-0.012890625
0.2913248538970947,176,0.0
0.2929420471191406,177,-0.02578125
0.2946188449859619,178,-0.29648437499999997
0.2961399555206299,179,-0.5285156249999999
0.29761695861816406,180,-1.4308593749999998
0.300015926361084,181,0.0
0.30187296867370605,182,-0.103125
0.3034188747406006,183,-0.116015625
0.30541491508483887,184,-0.30937499999999996
0.30703091621398926,185,0.012890625
0.30825090408325195,186,-0.012890625
0.3094048500061035,187,-0.02578125
0.31052494049072266,188,-0.36093749999999997
0.31163692474365234,189,-0.29648437499999997
0.3128049373626709,190,-0.9410156249999999
0.3139328956604004,191,-1.5726562499999999
0.31503891944885254,192,0.0
0.316133975982666,193,0.0
0.31728196144104004,194,-0.103125
0.3184678554534912,195,-0.4125
0.31986284255981445,196,-0.09023437499999999
0.3212878704071045,197,-0.322265625
0.32294297218322754,198,-0.09023437499999999
0.32459402084350586,199,0.012890625
0.32602596282958984,200,-0.02578125
0.3274068832397461,201,-0.36093749999999997
0.3299579620361328,202,-0.322265625
0.33167195320129395,203,-1.4953124999999998
0.33324098587036133,204,-0.012890625
0.33533191680908203,205,-0.0515625
0.336824893951416,206,-0.116015625
0.33800387382507324,207,-0.23203125
0.33911895751953125,208,-0.0515625
0.34023284912109375,209,0.0
0.34133195877075195,210,0.0
0.342418909072876,211,-0.02578125
0.34354496002197266,212,-0.348046875
0.34464383125305176,213,-0.43828124999999996
0.3457460403442383,214,-0.889453125
0.34683704376220703,215,-1.4953124999999998
0.3479318618774414,216,0.0
0.3490748405456543,217,0.0
0.3504509925842285,218,-0.02578125
0.35189104080200195,219,-0.2578125
0.3535439968109131,220,-0.0515625
0.35509586334228516,221,-0.322265625
0.3565540313720703,222,0.103125
0.3579850196838379,223,-0.012890625
0.3610670566558838,224,-0.012890625
0.36266398429870605,225,-0.29648437499999997
0.3644230365753174,226,-1.340625
0.3664588928222656,227,0.0
0.3677999973297119,228,0.0
0.36896204948425293,229,-0.29648437499999997
0.3700859546661377,230,-0.141796875
0.37119102478027344,231,-0.29648437499999997
0.3723130226135254,232,-0.18046874999999998
0.37345290184020996,233,0.012890625
0.3745558261871338,234,0.0
0.3756418228149414,235,-0.012890625
0.37672901153564453,236,-0.28359375
0.37781500816345215,237,-0.399609375
0.37890005111694336,238,-0.7476562499999999
0.3800809383392334,239,-1.3664062499999998
0.3814878463745117,240,0.0
0.38300585746765137,241,-0.103125
0.384570837020874,242,-0.064453125
0.3860759735107422,243,-0.2578125
0.3874068260192871,244,-0.322265625
0.3887929916381836,245,-0.193359375
0.3910050392150879,246,0.0
0.3930938243865967,247,0.0
0.3945200443267822,248,-0.322265625
0.3961818218231201,249,-0.580078125
0.3981900215148926,250,-1.4308593749999998
0.3996238708496094,251,0.0
0.40080690383911133,252,-0.012890625
0.40193700790405273,253,-0.38671875
0.40307092666625977,254,-0.116015625
0.4042038917541504,255,-0.4125
0.4053199291229248,256,-0.270703125
0.40644288063049316,257,0.012890625
0.4075448513031006,258,0.0
0.40863895416259766,259,-0.012890625
0.4097330570220947,260,-0.193359375
0.4108920097351074,261,-0.451171875
0.4122920036315918,262,-0.5285156249999999
0.41376185417175293,263,-1.3148437499999999
0.4153120517730713,264,-0.103125
0.41680002212524414,265,0.0
0.4181540012359619,266,-0.167578125
0.4196288585662842,267,-0.2578125
0.42174291610717773,268,-0.21914062499999998
0.423900842666626,269,0.09023437499999999
0.42533087730407715,270,-0.012890625
0.42687201499938965,271,-0.116015625
0.4288358688354492,272,-0.4125
0.43044400215148926,273,-1.0570312499999999
0.4316999912261963,274,-0.103125
0.4329240322113037,275,0.0
0.43405795097351074,276,-0.103125
0.4351668357849121,277,-0.4125
0.4362788200378418,278,-0.103125
0.43738484382629395,279,-0.4125
0.4384799003601074,280,-0.33515625
0.43959999084472656,281,0.012890625
0.44071102142333984,282,-0.012890625
0.4418928623199463,283,-0.02578125
0.4432849884033203,284,-0.103125
0.44474291801452637,285,-0.4125
0.4462878704071045,286,-0.7863281249999999
0.44785404205322266,287,-1.546875
0.44922900199890137,288,0.0
0.45067882537841797,289,-0.0515625
0.45291590690612793,290,-0.33515625
0.45499396324157715,291,-0.09023437499999999
0.4564688205718994,292,0.399609375
0.45807504653930664,293,0.0
0.46003103256225586,294,-0.02578125
0.4615609645843506,295,-0.30937499999999996
0.4628729820251465,296,-0.837890625
0.464061975479126,297,-1.5597656249999998
0.465195894241333,298,0.0
0.4662950038909912,299,-0.0515625
0.46740198135375977,300,-0.012890625
0.4685039520263672,301,-0.348046875
0.4696049690246582,302,-0.064453125
0.4707009792327881,303,-0.4125
0.47186803817749023,304,-0.36093749999999997
0.47327089309692383,305,0.0
0.47470998764038086,306,0.012890625
0.4762089252471924,307,-0.012890625
0.47774291038513184,308,-0.33515625
0.4791450500488281,309,-0.476953125
0.48055505752563477,310,-1.353515625
0.48194003105163574,311,-0.167578125
0.48416900634765625,312,0.0
0.4862680435180664,313,-0.2578125
0.48772096633911133,314,-0.29648437499999997
0.4892878532409668,315,-0.02578125
0.4912879467010498,316,0.012890625
0.49295496940612793,317,-0.012890625
0.49422192573547363,318,-0.33515625
0.49538087844848633,319,-0.4125
0.49649691581726074,320,-1.173046875
0.49759697914123535,321,-1.65
0.4986858367919922,322,0.0
0.4997749328613281,323,0.0
0.5008640289306641,324,-0.103125
0.5020430088043213,325,-0.605859375
0.5035250186920166,326,-0.103125
0.5049738883972168,327,-0.270703125
0.5064940452575684,328,0.038671874999999994
0.5081069469451904,329,0.0
0.5095219612121582,330,-0.012890625
0.5109920501708984,331,-0.37382812499999996
0.5126919746398926,332,-0.4125
0.5151970386505127,333,-1.2890625
0.5167958736419678,334,-0.064453125
0.5181739330291748,335,-0.116015625
0.5200178623199463,336,-0.20625
0.5218849182128906,337,-0.116015625
0.5233290195465088,338,0.322265625
0.5245180130004883,339,0.02578125
0.5256578922271729,340,-0.012890625
0.5267748832702637,341,-0.28359375
0.5278658866882324,342,-0.37382812499999996
0.5289599895477295,343,-0.734765625
0.5300500392913818,344,-1.353515625
0.5311310291290283,345,0.0
0.532289981842041,346,0.0
0.5336999893188477,347,-0.103125
0.5351579189300537,348,-0.193359375
0.5366349220275879,349,-0.23203125
0.5381209850311279,350,-0.399609375
0.5395989418029785,351,-0.07734374999999999
0.5410988330841064,352,0.012890625
0.542503833770752,353,-0.012890625
0.5448930263519287,354,-0.2578125
0.5467648506164551,355,-0.451171875
0.5481829643249512,356,-1.65
0.5498650074005127,357,-0.064453125
0.5518419742584229,358,-0.12890625
0.5533788204193115,359,-0.141796875
0.5545599460601807,360,-0.30937499999999996
0.5556979179382324,361,-0.167578125
0.5568139553070068,362,0.012890625
0.5579228401184082,363,0.012890625
0.559013843536377,364,0.0
0.5600998401641846,365,-0.29648437499999997
0.5611908435821533,366,-0.322265625
0.5623619556427002,367,-0.6832031249999999
0.563762903213501,368,-1.353515625
0.5652120113372803,369,0.0
0.5667269229888916,370,0.012890625
0.5682649612426758,371,-0.0515625
0.5696618556976318,372,-0.09023437499999999
0.5711288452148438,373,-0.20625
0.5729598999023438,374,-0.0515625
0.5754129886627197,375,0.0
0.576995849609375,376,-0.02578125
0.578376054763794,377,-0.23203125
0.5802168846130371,378,-0.8507812499999999
0.5820698738098145,379,-1.65
0.5834629535675049,380,0.0
0.5846419334411621,381,-0.064453125
0.585770845413208,382,-0.21914062499999998
0.5868790149688721,383,-0.29648437499999997
0.5879809856414795,384,-0.37382812499999996
0.5890860557556152,385,-0.18046874999999998
0.5901849269866943,386,0.0
0.5912659168243408,387,0.0
0.5924229621887207,388,0.0
0.5938088893890381,389,-0.322265625
0.5952608585357666,390,-0.37382812499999996
0.5968279838562012,391,-0.992578125
0.5983648300170898,392,-1.533984375
0.5998249053955078,393,0.0
0.6012790203094482,394,-0.02578125
0.6031320095062256,395,-0.322265625
0.605543851852417,396,-0.36093749999999997
0.6071150302886963,397,0.012890625
0.6085469722747803,398,-0.012890625
0.6104588508605957,399,-0.0515625
0.6122150421142578,400,-0.322265625
0.6135580539703369,401,-1.0828125
0.6147499084472656,402,0.0
0.6158740520477295,403,-0.0515625
0.6169848442077637,404,-0.15468749999999998
0.6180968284606934,405,-0.24492187499999998
0.6191928386688232,406,-0.103125
0.620283842086792,407,-0.37382812499999996
0.621384859085083,408,-0.42539062499999997
0.6225588321685791,409,-0.20625
0.6240079402923584,410,0.012890625
0.6254489421844482,411,0.0
0.6269488334655762,412,-0.103125
0.6285488605499268,413,-0.33515625
0.6300480365753174,414,-0.9410156249999999
0.6316299438476562,415,-1.65
0.6331939697265625,416,-0.012890625
0.6356918811798096,417,0.0
0.6373789310455322,418,-0.09023437499999999
0.6387958526611328,419,-0.0515625
0.6405858993530273,420,0.0
0.6424479484558105,421,0.0
0.6439080238342285,422,-0.20625
0.6453268527984619,423,-0.20625
0.6468548774719238,424,-0.95390625
0.6482770442962646,425,-1.353515625
0.6495039463043213,426,-0.012890625
0.6506450176239014,427,-0.167578125
0.6517629623413086,428,-0.399609375
0.6529920101165771,429,-0.12890625
0.6544058322906494,430,-0.33515625
0.6558759212493896,431,-0.167578125
0.6574230194091797,432,0.012890625
0.6589109897613525,433,0.0
0.6602568626403809,434,-0.193359375
0.6616289615631104,435,-0.30937499999999996
0.6637368202209473,436,-0.837890625
0.6659059524536133,437,-1.65
0.6673719882965088,438,-0.12890625
0.6692550182342529,439,-0.399609375
0.6711440086364746,440,-0.103125
0.6724209785461426,441,0.193359375
0.6736190319061279,442,-0.012890625
0.6747748851776123,443,-0.012890625
0.6759078502655029,444,-0.02578125
0.6770329475402832,445,-0.33515625
0.6781439781188965,446,-0.37382812499999996
0.6792459487915039,447,-0.8765624999999999
0.6803488731384277,448,-1.5082031249999999
0.6814448833465576,449,0.012890625
