time,count,voltage
0.004418849945068359,1,-0.02578125
0.00577998161315918,2,-0.141796875
0.007071018218994141,3,-0.18046874999999998
0.008261919021606445,4,-0.631640625
0.009413957595825195,5,-1.276171875
0.010550975799560547,6,-1.65
0.011671066284179688,7,-0.2578125
0.012835979461669922,8,-0.2578125
0.014050006866455078,9,-0.322265625
0.015197992324829102,10,-0.141796875
0.01638007164001465,11,-0.4640625
0.017657041549682617,12,-0.4640625
0.01895594596862793,13,-0.28359375
0.020266056060791016,14,-0.0515625
0.02158188819885254,15,-0.0515625
0.022853851318359375,16,-0.2578125
0.026823997497558594,17,-0.12890625
0.028241872787475586,18,-0.837890625
0.02945399284362793,19,-0.2578125
0.03068685531616211,20,-0.270703125
0.03198885917663574,21,-0.07734374999999999
0.03341794013977051,22,-0.43828124999999996
0.03486990928649902,23,-0.36093749999999997
0.036496877670288086,24,-0.012890625
0.03809404373168945,25,-0.064453125
0.03956198692321777,26,-0.20625
0.04101991653442383,27,-0.103125
0.0424649715423584,28,-0.8507812499999999
0.04460287094116211,29,-1.5726562499999999
0.04698491096496582,30,-0.2578125
0.048451900482177734,31,-0.167578125
0.05031704902648926,32,-0.270703125
0.052165985107421875,33,-0.193359375
0.05344390869140625,34,-0.02578125
0.05469703674316406,35,-0.12890625
0.05586886405944824,36,-0.23203125
0.05702090263366699,37,-0.21914062499999998
0.058145999908447266,38,-0.734765625
0.05926203727722168,39,-1.276171875
0.06070685386657715,40,-1.65
0.06226396560668945,41,-0.20625
0.0638270378112793,42,-0.193359375
0.06548094749450684,43,-0.0515625
0.06700801849365234,44,-0.37382812499999996
0.06854486465454102,45,-0.2578125
0.06979703903198242,46,-0.012890625
0.07095885276794434,47,-0.12890625
0.07210302352905273,48,-0.20625
0.07321405410766602,49,-0.2578125
0.07441091537475586,50,-0.399609375
0.07567191123962402,51,-1.0828125
0.07707905769348145,52,-1.6371093749999999
0.07856392860412598,53,-0.270703125
0.08008790016174316,54,-0.18046874999999998
0.08155083656311035,55,-0.20625
0.08286905288696289,56,-0.33515625
0.08428287506103516,57,-0.36093749999999997
0.08651590347290039,58,-0.20625
0.0887460708618164,59,-0.0515625
0.0901799201965332,60,-0.18046874999999998
0.09225106239318848,61,-0.399609375
0.09405088424682617,62,-1.2890625
0.09533190727233887,63,-0.20625
0.0964820384979248,64,-0.167578125
0.09765291213989258,65,-0.270703125
0.09876704216003418,66,-0.09023437499999999
0.09990501403808594,67,-0.399609375
0.10101890563964844,68,-0.37382812499999996
0.10220098495483398,69,-0.28359375
0.10330390930175781,70,-0.02578125
0.10447001457214355,71,-0.09023437499999999
0.10570096969604492,72,-0.2578125
0.10713005065917969,73,-0.270703125
0.10860705375671387,74,-0.6832031249999999
0.11025404930114746,75,-1.3921875
0.11172294616699219,76,-0.502734375
0.11306095123291016,77,-0.167578125
0.1144559383392334,78,-0.2578125
0.11719799041748047,79,-0.09023437499999999
0.11921191215515137,80,0.103125
0.12090587615966797,81,-0.02578125
0.12290501594543457,82,-0.0515625
0.1245260238647461,83,-0.103125
0.1258089542388916,84,-0.928125
0.1269550323486328,85,-1.5597656249999998
0.12808799743652344,86,-0.28359375
0.12945985794067383,87,-0.33515625
0.13060998916625977,88,-0.20625
0.13179898262023926,89,-0.12890625
0.13292384147644043,90,-0.4640625
0.13408684730529785,91,-0.4640625
0.13521289825439453,92,-0.348046875
0.13639092445373535,93,-0.02578125
0.13779592514038086,94,-0.12890625
0.1392359733581543,95,-0.193359375
0.14085006713867188,96,-0.193359375
0.14248895645141602,97,-0.825
0.14394402503967285,98,-1.585546875
0.14544391632080078,99,-0.20625
0.14747405052185059,100,-0.193359375
0.14988398551940918,101,-0.193359375
0.15145301818847656,102,-0.0515625
0.15321588516235352,103,0.02578125
0.15517306327819824,104,-0.07734374999999999
0.1565868854522705,105,-0.20625
0.15784406661987305,106,-0.30937499999999996
0.15903496742248535,107,-1.069921875
0.16016292572021484,108,-1.611328125
0.16127705574035645,109,-0.2578125
0.16238784790039062,110,-0.322265625
0.16348791122436523,111,-0.270703125
0.16463184356689453,112,-0.167578125
0.16578984260559082,113,-0.322265625
0.16698884963989258,114,-0.4640625
0.16844701766967773,115,-0.36093749999999997
0.16989493370056152,116,0.012890625
0.17142701148986816,117,-0.09023437499999999
0.17299985885620117,118,-0.23203125
0.17459797859191895,119,-0.116015625
0.1759488582611084,120,-0.9796874999999999
0.1783280372619629,121,-1.6371093749999999
0.18013787269592285,122,-0.28359375
0.18161487579345703,123,-0.167578125
0.18391895294189453,124,-0.33515625
0.18550586700439453,125,-0.09023437499999999
0.18673086166381836,126,-0.02578125
0.18792390823364258,127,-0.09023437499999999
0.18909192085266113,128,-0.2578125
0.19024395942687988,129,-0.2578125
0.1913609504699707,130,-0.6703125
0.19246602058410645,131,-1.276171875
0.19356584548950195,132,-1.65
0.19468188285827637,133,-0.21914062499999998
0.19582796096801758,134,-0.2578125
0.19707202911376953,135,-0.21914062499999998
0.19854998588562012,136,-0.12890625
0.20000505447387695,137,-0.29648437499999997
0.2016129493713379,138,-0.21914062499999998
0.2031099796295166,139,0.0
0.20471501350402832,140,-0.103125
0.2062230110168457,141,-0.193359375
0.20816802978515625,142,-0.09023437499999999
0.21043896675109863,143,-0.8765624999999999
0.21201300621032715,144,-0.4640625
0.21372604370117188,145,-0.193359375
0.21599888801574707,146,-0.20625
0.2174830436706543,147,-0.36093749999999997
0.21868491172790527,148,-0.0515625
0.21988701820373535,149,-0.012890625
0.22102904319763184,150,-0.12890625
0.2222139835357666,151,-0.21914062499999998
0.22333192825317383,152,-0.23203125
0.22452497482299805,153,-0.515625
0.22564291954040527,154,-1.147265625
0.22674798965454102,155,-1.65
0.22827506065368652,156,-0.193359375
0.22982287406921387,157,-0.37382812499999996
0.2313239574432373,158,-0.23203125
0.23293805122375488,159,-0.29648437499999997
0.23445391654968262,160,-0.2578125
0.23596787452697754,161,-0.064453125
0.2374248504638672,162,-0.038671874999999994
0.23991894721984863,163,-0.103125
0.24172592163085938,164,-0.0515625
0.2431180477142334,165,-1.0828125
0.24526190757751465,166,-1.65
0.24723005294799805,167,-0.322265625
0.24860286712646484,168,-0.09023437499999999
0.2497859001159668,169,-0.4125
0.25092506408691406,170,-0.38671875
0.2520408630371094,171,-0.29648437499999997
0.2532050609588623,172,-0.012890625
0.25441884994506836,173,-0.103125
0.25554990768432617,174,-0.2578125
0.25665998458862305,175,-0.270703125
0.25777101516723633,176,-0.515625
0.25897789001464844,177,-1.134375
0.26047301292419434,178,-1.65
0.2619938850402832,179,-0.15468749999999998
0.26357102394104004,180,-0.193359375
0.26541900634765625,181,-0.103125
0.26680898666381836,182,-0.4125
0.2682368755340576,183,-0.30937499999999996
0.27062201499938965,184,-0.012890625
0.27258896827697754,185,-0.07734374999999999
0.27410387992858887,186,-0.09023437499999999
0.27590298652648926,187,-0.734765625
0.27803897857666016,188,-1.4953124999999998
0.27945494651794434,189,-0.33515625
0.2806718349456787,190,-0.2578125
0.2818160057067871,191,-0.064453125
0.28293800354003906,192,-0.43828124999999996
0.2840878963470459,193,-0.476953125
0.28523683547973633,194,-0.322265625
0.2863428592681885,195,-0.038671874999999994
0.2874569892883301,196,-0.103125
0.28855085372924805,197,-0.167578125
0.2897369861602783,198,-0.322265625
0.2911369800567627,199,-0.37382812499999996
0.29260993003845215,200,-1.0828125
0.29427194595336914,201,-1.65
0.29586195945739746,202,-0.270703125
0.29729485511779785,203,-0.20625
0.29868102073669434,204,-0.12890625
0.3005330562591553,205,-0.4640625
0.30303001403808594,206,-0.37382812499999996
0.30506300926208496,207,-0.064453125
0.3068959712982178,208,-0.15468749999999998
0.3089299201965332,209,-0.33515625
0.3103618621826172,210,-1.3664062499999998
0.3115530014038086,211,-0.270703125
0.3127329349517822,212,-0.36093749999999997
0.3139328956604004,213,-0.2578125
0.31508493423461914,214,-0.15468749999999998
0.316303014755249,215,-0.4640625
0.31798791885375977,216,-0.451171875
0.31918787956237793,217,-0.02578125
0.32041096687316895,218,-0.0515625
0.32183003425598145,219,-0.103125
0.32326793670654297,220,-0.2578125
0.3248779773712158,221,-0.348046875
0.3265068531036377,222,-1.147265625
0.3280470371246338,223,-0.515625
0.3295419216156006,224,-0.322265625
0.3318018913269043,225,-0.23203125
0.33412694931030273,226,-0.193359375
0.3355839252471924,227,0.24492187499999998
0.3373708724975586,228,-0.012890625
0.33958983421325684,229,-0.064453125
0.34101390838623047,230,-0.012890625
0.34226393699645996,231,-0.889453125
0.34340906143188477,232,-1.533984375
0.3445858955383301,233,-0.42539062499999997
0.34571003913879395,234,-0.348046875
0.3468198776245117,235,-0.23203125
0.3479349613189697,236,-0.23203125
0.3490488529205322,237,-0.322265625
0.35021090507507324,238,-0.4640625
0.3514139652252197,239,-0.36093749999999997
0.3528120517730713,240,-0.012890625
0.3542749881744385,241,-0.064453125
0.35591888427734375,242,-0.15468749999999998
0.3574950695037842,243,-0.20625
0.35936903953552246,244,-0.837890625
0.36154699325561523,245,-1.6371093749999999
0.36406803131103516,246,-0.29648437499999997
0.3655529022216797,247,-0.103125
0.36712002754211426,248,-0.37382812499999996
0.3690810203552246,249,-0.24492187499999998
0.37085604667663574,250,-0.02578125
0.37219905853271484,251,-0.064453125
0.37340497970581055,252,-0.193359375
0.3746168613433838,253,-0.5285156249999999
0.37578892707824707,254,-1.16015625
0.3769218921661377,255,-1.65
0.378032922744751,256,-0.21914062499999998
0.37914299964904785,257,-0.30937499999999996
0.3802988529205322,258,-0.270703125
0.3815019130706787,259,-0.167578125
0.38297605514526367,260,-0.28359375
0.3845078945159912,261,-0.322265625
0.3860499858856201,262,-0.07734374999999999
0.3875088691711426,263,-0.0515625
0.3890349864959717,264,-0.09023437499999999
0.3907339572906494,265,-0.18046874999999998
0.39339494705200195,266,-0.734765625
0.39493894577026367,267,-0.515625
0.3964970111846924,268,-0.4125
0.39866089820861816,269,-0.20625
0.40025997161865234,270,-0.23203125
0.40155696868896484,271,-0.0515625
0.40271496772766113,272,-0.012890625
0.40397191047668457,273,-0.09023437499999999
0.40517687797546387,274,-0.167578125
0.4063539505004883,275,-0.270703125
0.40747690200805664,276,-0.33515625
0.4086120128631592,277,-1.03125
0.40972185134887695,278,-1.5082031249999999
0.4108259677886963,279,-0.09023437499999999
0.4120619297027588,280,-0.24492187499999998
0.41355204582214355,281,-0.21914062499999998
0.41515398025512695,282,-0.18046874999999998
0.4167289733886719,283,-0.29648437499999997
0.41818904876708984,284,-0.20625
0.4195079803466797,285,-0.012890625
0.42090892791748047,286,-0.0515625
0.42360687255859375,287,-0.20625
0.42543506622314453,288,-0.322265625
0.4268980026245117,289,-1.3664062499999998
0.42902398109436035,290,-0.54140625
0.4307899475097656,291,-0.0515625
0.43206787109375,292,-0.0515625
0.4332258701324463,293,-0.399609375
0.4344499111175537,294,-0.37382812499999996
0.43559885025024414,295,-0.18046874999999998
0.4370279312133789,296,-0.02578125
0.4382450580596924,297,-0.064453125
0.43938183784484863,298,-0.30937499999999996
0.4405038356781006,299,-0.15468749999999998
0.44162487983703613,300,-0.8121093749999999
0.4428248405456543,301,-1.353515625
0.4442470073699951,302,-1.2890625
0.44577503204345703,303,-0.270703125
0.4473249912261963,304,-0.193359375
0.4488239288330078,305,-0.103125
0.45016002655029297,306,-0.399609375
0.4514789581298828,307,-0.270703125
0.45412683486938477,308,-0.012890625
0.4559140205383301,309,-0.012890625
0.4573659896850586,310,-0.064453125
0.4592409133911133,311,-0.7476562499999999
0.4611518383026123,312,-1.546875
0.46250200271606445,313,-0.29648437499999997
0.46369290351867676,314,-0.21914062499999998
0.46492886543273926,315,-0.103125
0.466066837310791,316,-0.37382812499999996
0.4671909809112549,317,-0.43828124999999996
0.4683668613433838,318,-0.322265625
0.4694788455963135,319,-0.012890625
0.4706130027770996,320,-0.07734374999999999
0.4717569351196289,321,-0.12890625
0.47297000885009766,322,-0.28359375
0.4743928909301758,323,-0.322265625
0.4759049415588379,324,-1.044140625
0.47751784324645996,325,-1.65
0.4790339469909668,326,-0.20625
0.4803769588470459,327,-0.167578125
0.48180699348449707,328,-0.18046874999999998
0.48361802101135254,329,-0.33515625
0.4862658977508545,330,-0.322265625
0.48779892921447754,331,-0.0515625
0.4893679618835449,332,-0.20625
0.49134206771850586,333,-0.116015625
0.49300599098205566,334,-0.95390625
0.49453091621398926,335,-1.6242187499999998
0.49573802947998047,336,-0.36093749999999997
0.49689483642578125,337,-0.2578125
0.49802088737487793,338,-0.15468749999999998
0.4991438388824463,339,-0.322265625
0.5002799034118652,340,-0.4125
0.5013868808746338,341,-0.36093749999999997
0.5025229454040527,342,-0.012890625
0.5037920475006104,343,-0.0515625
0.5053329467773438,344,-0.103125
0.506788969039917,345,-0.2578125
0.5083339214324951,346,-0.476953125
0.5099358558654785,347,-1.2374999999999998
0.511389970779419,348,-0.43828124999999996
0.5128378868103027,349,-0.29648437499999997
0.5150439739227295,350,-0.29648437499999997
0.5172970294952393,351,-0.18046874999999998
0.5188019275665283,352,0.21914062499999998
0.5205090045928955,353,-0.012890625
0.5224740505218506,354,-0.064453125
0.5240449905395508,355,-0.167578125
0.5253338813781738,356,-0.7734375
0.5264978408813477,357,-1.456640625
0.5276248455047607,358,-0.5671875
0.5287389755249023,359,-0.23203125
0.5298418998718262,360,-0.193359375
0.5309479236602783,361,-0.2578125
0.5320448875427246,362,-0.038671874999999994
0.5331799983978271,363,-0.37382812499999996
0.5345749855041504,364,-0.37382812499999996
0.5360519886016846,365,-0.12890625
0.5375359058380127,366,-0.02578125
0.5391049385070801,367,-0.15468749999999998
0.5406558513641357,368,-0.193359375
0.5420670509338379,369,-0.825
0.5433809757232666,370,-1.4953124999999998
0.5457849502563477,371,-0.37382812499999996
0.5475940704345703,372,-0.103125
0.549217939376831,373,-0.0515625
0.5513260364532471,374,-0.2578125
0.5528900623321533,375,0.07734374999999999
0.5541439056396484,376,-0.09023437499999999
0.5553090572357178,377,-0.15468749999999998
0.5564749240875244,378,-0.2578125
0.5576250553131104,379,-0.4125
0.5587570667266846,380,-1.0828125
0.5598719120025635,381,-1.611328125
0.5609779357910156,382,-0.30937499999999996
0.5620839595794678,383,-0.33515625
0.5631818771362305,384,-0.193359375
0.56449294090271,385,-0.20625
0.5660300254821777,386,-0.29648437499999997
0.5675108432769775,387,-0.36093749999999997
0.5691089630126953,388,-0.12890625
0.5705840587615967,389,-0.02578125
0.5720729827880859,390,-0.103125
0.5735979080200195,391,-0.20625
0.5759658813476562,392,-0.580078125
0.5779428482055664,393,-1.4437499999999999
0.5793979167938232,394,-0.30937499999999996
0.5811648368835449,395,-0.2578125
0.5832090377807617,396,-0.0515625
0.5847320556640625,397,0.0
0.5859160423278809,398,-0.012890625
0.5870490074157715,399,-0.038671874999999994
0.5881819725036621,400,-0.103125
0.5893349647521973,401,-0.33515625
0.5904529094696045,402,-0.167578125
0.5915689468383789,403,-0.837890625
0.5926680564880371,404,-1.3792968749999999
0.5937659740447998,405,-1.6371093749999999
0.5950429439544678,406,-0.21914062499999998
0.5965609550476074,407,-0.15468749999999998
0.5980689525604248,408,-0.24492187499999998
0.5996570587158203,409,-0.33515625
0.6012618541717529,410,-0.29648437499999997
0.6026289463043213,411,-0.0515625
0.6041738986968994,412,-0.012890625
0.6060810089111328,413,-0.103125
0.608522891998291,414,-0.21914062499999998
0.6100640296936035,415,-1.1859374999999999
0.611583948135376,416,-0.502734375
0.6138880252838135,417,-0.2578125
0.6155109405517578,418,-0.12890625
0.6168360710144043,419,-0.36093749999999997
0.6180069446563721,420,-0.23203125
0.619128942489624,421,-0.02578125
0.6202669143676758,422,-0.0515625
0.6213929653167725,423,-0.064453125
0.6225118637084961,424,-0.30937499999999996
0.6236259937286377,425,-0.20625
0.6247520446777344,426,-0.7863281249999999
0.6264598369598389,427,-1.353515625
0.6280210018157959,428,-0.20625
0.6295239925384521,429,-0.322265625
0.6311428546905518,430,-0.270703125
0.6326248645782471,431,-0.103125
0.6341469287872314,432,-0.18046874999999998
0.6355750560760498,433,-0.064453125
0.6384110450744629,434,-0.038671874999999994
0.640049934387207,435,-0.116015625
0.6414699554443359,436,-0.399609375
0.6433758735656738,437,-1.147265625
0.6456170082092285,438,-0.36093749999999997
0.6469888687133789,439,-0.103125
0.6481938362121582,440,-0.0515625
0.6493380069732666,441,-0.36093749999999997
0.6504700183868408,442,-0.42539062499999997
0.651587963104248,443,-0.30937499999999996
0.6527268886566162,444,0.0
0.6539318561553955,445,-0.103125
0.6550910472869873,446,-0.15468749999999998
0.6563160419464111,447,-0.270703125
0.6577320098876953,448,-0.36093749999999997
0.659174919128418,449,-1.10859375
0.6608500480651855,450,-1.65
0.662449836730957,451,-0.23203125
0.6639399528503418,452,-0.2578125
0.6654469966888428,453,-0.116015625
0.6676180362701416,454,-0.36093749999999997
0.6698298454284668,455,-0.12890625
0.6713418960571289,456,-0.09023437499999999
0.6730320453643799,457,-0.23203125
0.6750669479370117,458,-0.116015625
0.6765680313110352,459,-1.147265625
0.6778299808502197,460,-0.5285156249999999
0.6789810657501221,461,-0.37382812499999996
0.6801300048828125,462,-0.29648437499999997
0.6812639236450195,463,-0.193359375
0.6823768615722656,464,-0.322265625
0.6834800243377686,465,-0.43828124999999996
0.6845970153808594,466,-0.37382812499999996
0.685762882232666,467,-0.02578125
0.6869490146636963,468,-0.038671874999999994
0.6883640289306641,469,-0.064453125
0.6898000240325928,470,-0.28359375
0.6913299560546875,471,-0.33515625
0.6928708553314209,472,-1.147265625
0.6944148540496826,473,-1.65
0.6959528923034668,474,-0.29648437499999997
0.6980218887329102,475,-0.2578125
0.7003259658813477,476,-0.12890625
0.7018840312957764,477,0.18046874999999998
0.7035460472106934,478,-0.012890625
0.7056219577789307,479,-0.09023437499999999
0.7070610523223877,480,-0.12890625
0.7082998752593994,481,-0.7218749999999999
0.7094688415527344,482,-1.353515625
0.7106258869171143,483,-1.65
0.7117700576782227,484,-0.2578125
0.7128808498382568,485,-0.09023437499999999
0.7140278816223145,486,-0.21914062499999998
0.7151529788970947,487,-0.15468749999999998
0.7162890434265137,488,-0.43828124999999996
0.7175190448760986,489,-0.43828124999999996
0.7189979553222656,490,-0.29648437499999997
0.7204458713531494,491,-0.038671874999999994
0.7219948768615723,492,-0.064453125
0.7234749794006348,493,-0.193359375
0.7249898910522461,494,-0.515625
0.7265360355377197,495,-1.2503906249999999
0.7284958362579346,496,-0.33515625
0.7308900356292725,497,-0.4125
0.7325060367584229,498,-0.0515625
0.7343339920043945,499,-0.20625
0.7363338470458984,500,-0.07734374999999999
0.7378380298614502,501,-0.064453125
0.7390668392181396,502,-0.20625
0.7402689456939697,503,-0.103125
0.7414329051971436,504,-0.7218749999999999
0.742560863494873,505,-1.3019531249999998
0.7439959049224854,506,-1.65
0.7451930046081543,507,-0.37382812499999996
0.7463409900665283,508,-0.167578125
0.747567892074585,509,-0.2578125
0.7490730285644531,510,-0.116015625
0.7506070137023926,511,-0.24492187499999998
0.752161979675293,512,-0.07734374999999999
0.7536609172821045,513,-0.02578125
0.7551300525665283,514,-0.103125
0.756680965423584,515,-0.2578125
0.759105920791626,516,-0.4125
0.7610979080200195,517,-1.3664062499999998
0.7625479698181152,518,-0.2578125
0.764387845993042,519,-0.28359375
0.7664668560028076,520,-0.0515625
0.7679200172424316,521,0.012890625
0.7691149711608887,522,-0.012890625
0.7702438831329346,523,-0.02578125
0.771359920501709,524,-0.064453125
0.7725038528442383,525,-0.30937499999999996
0.7736568450927734,526,-0.167578125
0.7748830318450928,527,-0.7863281249999999
0.7760200500488281,528,-1.405078125
0.7771520614624023,529,-1.16015625
0.7783510684967041,530,-0.21914062499999998
0.7798230648040771,531,-0.193359375
0.7813529968261719,532,-0.23203125
0.7829508781433105,533,-0.37382812499999996
0.7845799922943115,534,-0.30937499999999996
0.7859640121459961,535,-0.038671874999999994
0.7873618602752686,536,-0.064453125
0.7892389297485352,537,-0.103125
0.7918338775634766,538,-0.24492187499999998
0.7934379577636719,539,-1.1859374999999999
0.7949779033660889,540,-0.708984375
0.7971818447113037,541,-0.20625
0.7988128662109375,542,-0.193359375
0.8000679016113281,543,-0.37382812499999996
0.8012440204620361,544,-0.30937499999999996
0.8023719787597656,545,-0.02578125
0.8034780025482178,546,-0.02578125
0.8046178817749023,547,-0.103125
0.8058218955993652,548,-0.270703125
0.8069489002227783,549,-0.193359375
0.8085160255432129,550,-0.79921875
0.8098769187927246,551,-1.405078125
0.811316967010498,552,-0.23203125
0.8128080368041992,553,-0.399609375
0.8144440650939941,554,-0.23203125
0.8159389495849609,555,-0.103125
0.8173229694366455,556,-0.167578125
0.8186860084533691,557,-0.02578125
0.8210790157318115,558,-0.012890625
0.8230619430541992,559,-0.0515625
0.8246328830718994,560,-0.20625
0.8264520168304443,561,-1.0828125
0.8283679485321045,562,-1.65
0.8297910690307617,563,-0.36093749999999997
0.8309910297393799,564,-0.167578125
0.8321309089660645,565,-0.21914062499999998
0.8332550525665283,566,-0.37382812499999996
0.8344600200653076,567,-0.36093749999999997
0.8355879783630371,568,-0.0515625
0.8367190361022949,569,-0.012890625
0.8378798961639404,570,-0.116015625
0.8389928340911865,571,-0.322265625
0.8402130603790283,572,-0.193359375
0.8418838977813721,573,-0.7476562499999999
0.8433618545532227,574,-1.3921875
0.844998836517334,575,-0.33515625
0.8465678691864014,576,-0.21914062499999998
0.8479659557342529,577,-0.23203125
0.8493690490722656,578,-0.322265625
0.8513450622558594,579,-0.322265625
0.8536598682403564,580,-0.12890625
0.8552858829498291,581,-0.02578125
0.8570289611816406,582,-0.167578125
0.8590199947357178,583,-0.515625
0.8605399131774902,584,-1.46953125
0.8618190288543701,585,-0.270703125
0.8629858493804932,586,-0.116015625
0.8641359806060791,587,-0.2578125
0.865257978439331,588,-0.064453125
0.8663609027862549,589,-0.322265625
0.8674640655517578,590,-0.322265625
0.868567943572998,591,-0.038671874999999994
0.8696889877319336,592,-0.012890625
0.8709049224853516,593,-0.012890625
0.8723528385162354,594,-0.103125
0.8737988471984863,595,-0.02578125
0.8754270076751709,596,-0.64453125
0.8770020008087158,597,-1.3921875
0.8784799575805664,598,-0.734765625
0.87994384765625,599,-0.193359375
0.8818919658660889,600,-0.15468749999999998
0.8843848705291748,601,-0.28359375
0.8859238624572754,602,0.21914062499999998
0.8878529071807861,603,-0.0515625
0.8897950649261475,604,-0.167578125
0.891732931137085,605,-0.193359375
0.8933088779449463,606,-1.147265625
0.8945648670196533,607,-0.580078125
0.8957250118255615,608,-0.37382812499999996
0.896852970123291,609,-0.2578125
0.8979589939117432,610,-0.116015625
0.8990650177001953,611,-0.322265625
0.900169849395752,612,-0.4640625
0.9014098644256592,613,-0.37382812499999996
0.9028489589691162,614,0.0
0.9043419361114502,615,-0.116015625
0.9059069156646729,616,-0.20625
0.9073829650878906,617,-0.15468749999999998
0.9087660312652588,618,-0.8765624999999999
0.9102509021759033,619,-1.533984375
0.9118978977203369,620,-0.23203125
0.9144110679626465,621,-0.21914062499999998
0.9161100387573242,622,-0.116015625
0.917672872543335,623,-0.09023437499999999
0.9196469783782959,624,0.012890625
0.9213900566101074,625,-0.0515625
0.9226779937744141,626,-0.23203125
0.923975944519043,627,-0.116015625
0.9251768589019775,628,-0.837890625
0.9263529777526855,629,-1.456640625
0.9274778366088867,630,-0.37382812499999996
0.9285919666290283,631,-0.29648437499999997
0.9296939373016357,632,-0.20625
0.9307858943939209,633,-0.21914062499999998
0.9320440292358398,634,-0.0515625
0.9334979057312012,635,-0.348046875
0.935032844543457,636,-0.20625
0.9366099834442139,637,-0.012890625
0.9381508827209473,638,-0.103125
0.9395160675048828,639,-0.2578125
0.9409918785095215,640,-0.193359375
0.9429678916931152,641,-0.992578125
