time,count,voltage
0.005368947982788086,1,-0.064453125
0.0068988800048828125,2,-0.2578125
0.008360862731933594,3,-0.48984374999999997
0.009776830673217773,4,-1.327734375
0.01119089126586914,5,-0.012890625
0.012841939926147461,6,0.0
0.014611005783081055,7,-0.12890625
0.016260862350463867,8,-0.15468749999999998
0.01808905601501465,9,-0.2578125
0.019748926162719727,10,0.0
0.021481990814208984,11,0.0
0.02295994758605957,12,-0.12890625
0.024369001388549805,13,-0.38671875
0.02571892738342285,14,-1.03125
0.027070045471191406,15,-1.65
0.02860403060913086,16,0.0
0.030297040939331055,17,-0.167578125
0.03203988075256348,18,-0.37382812499999996
0.033696889877319336,19,-0.37382812499999996
0.03572702407836914,20,-0.064453125
0.0374908447265625,21,0.0
0.03904604911804199,22,-0.012890625
0.04067206382751465,23,-0.37382812499999996
0.04221796989440918,24,-0.6574218749999999
0.04389190673828125,25,-1.5597656249999998
0.04563403129577637,26,0.0
0.04718899726867676,27,-0.15468749999999998
0.04879593849182129,28,-0.451171875
0.0506439208984375,29,-0.348046875
0.05363297462463379,30,-0.02578125
0.056504011154174805,31,0.0
0.05877804756164551,32,-0.33515625
0.061038970947265625,33,-1.276171875
0.0628209114074707,34,-0.02578125
0.06436991691589355,35,-0.167578125
0.06598901748657227,36,-0.20625
0.06754493713378906,37,-0.33515625
0.06901383399963379,38,0.038671874999999994
0.07053399085998535,39,0.012890625
0.07193994522094727,40,-0.02578125
0.0732889175415039,41,-0.29648437499999997
0.07462882995605469,42,-0.4640625
0.07601284980773926,43,-1.16015625
0.0774078369140625,44,-0.064453125
0.07873702049255371,45,-0.02578125
0.0800619125366211,46,-0.18046874999999998
0.08148598670959473,47,-0.37382812499999996
0.08301186561584473,48,-0.167578125
0.08445096015930176,49,-0.2578125
0.08612799644470215,50,0.07734374999999999
0.0878908634185791,51,0.0
0.08953499794006348,52,-0.0515625
0.09149503707885742,53,-0.38671875
0.09322786331176758,54,-1.147265625
0.09482789039611816,55,0.0
0.09630584716796875,56,-0.0515625
0.0991508960723877,57,-0.012890625
0.10222887992858887,58,-0.20625
0.10378003120422363,59,0.012890625
0.10564088821411133,60,-0.038671874999999994
0.10765600204467773,61,-0.29648437499999997
0.1090250015258789,62,-0.825
0.11021590232849121,63,-1.65
0.11141490936279297,64,0.0
0.1126089096069336,65,0.0
0.11398601531982422,66,-0.21914062499999998
0.11549186706542969,67,-0.2578125
0.1171109676361084,68,-0.30937499999999996
0.11856603622436523,69,-0.116015625
0.11997103691101074,70,0.012890625
0.12143802642822266,71,0.0
0.12279200553894043,72,-0.15468749999999998
0.12588000297546387,73,-0.4125
0.1275780200958252,74,-1.198828125
0.12893986701965332,75,0.0
0.13058686256408691,76,-0.12890625
0.13274383544921875,77,-0.4640625
0.13437891006469727,78,-0.167578125
0.13565897941589355,79,0.2578125
0.1368100643157959,80,0.0
0.1379249095916748,81,-0.012890625
0.13902997970581055,82,-0.141796875
0.14016485214233398,83,-0.4640625
0.14136004447937012,84,-0.605859375
0.14259696006774902,85,-1.3148437499999999
0.1440138816833496,86,-0.0515625
0.14543485641479492,87,0.0
0.14702987670898438,88,-0.12890625
0.1485278606414795,89,-0.36093749999999997
0.149946928024292,90,-0.322265625
0.15146088600158691,91,-0.20625
0.15281891822814941,92,0.012890625
0.15535902976989746,93,0.0
0.1571519374847412,94,-0.103125
0.15852689743041992,95,-0.54140625
0.16029000282287598,96,-1.41796875
0.16224884986877441,97,0.0
0.1636059284210205,98,-0.15468749999999998
0.1648390293121338,99,-0.322265625
0.16596388816833496,100,-0.18046874999999998
0.1670999526977539,101,-0.33515625
0.16820693016052246,102,-0.20625
0.16930294036865234,103,0.012890625
0.17047595977783203,104,-0.012890625
0.17159605026245117,105,-0.0515625
0.17282485961914062,106,-0.23203125
0.17424988746643066,107,-0.476953125
0.17568683624267578,108,-1.018359375
0.17719697952270508,109,-1.65
0.17862701416015625,110,0.0
0.18010401725769043,111,-0.103125
0.18162894248962402,112,-0.29648437499999997
0.18360400199890137,113,-0.167578125
0.1859748363494873,114,-0.193359375
0.18756985664367676,115,0.0
0.1892549991607666,116,-0.02578125
0.19136691093444824,117,-0.36093749999999997
0.19291305541992188,118,-0.95390625
0.1941368579864502,119,0.0
0.1953599452972412,120,0.0
0.19648289680480957,121,-0.038671874999999994
0.19762396812438965,122,-0.322265625
0.19874191284179688,123,-0.193359375
0.19984102249145508,124,-0.270703125
0.20095586776733398,125,-0.270703125
0.20205283164978027,126,-0.07734374999999999
0.20325994491577148,127,0.012890625
0.2049388885498047,128,-0.012890625
0.20645904541015625,129,-0.103125
0.20799899101257324,130,-0.38671875
0.20941495895385742,131,-1.0828125
0.21086883544921875,132,-0.0515625
0.21242403984069824,133,0.0
0.21418499946594238,134,-0.07734374999999999
0.21654486656188965,135,-0.399609375
0.21817493438720703,136,-0.20625
0.2198169231414795,137,0.0
0.2219090461730957,138,0.0
0.22349905967712402,139,-0.20625
0.22475886344909668,140,-0.43828124999999996
0.22591686248779297,141,-1.2503906249999999
0.22705984115600586,142,-0.36093749999999997
0.22823596000671387,143,0.012890625
0.22935891151428223,144,-0.02578125
0.2304849624633789,145,-0.141796875
0.2315959930419922,146,-0.476953125
0.23269104957580566,147,-0.12890625
0.23386001586914062,148,-0.30937499999999996
0.23528790473937988,149,-0.167578125
0.2368018627166748,150,0.012890625
0.23831796646118164,151,-0.02578125
0.2397599220275879,152,-0.193359375
0.2411339282989502,153,-0.476953125
0.2425079345703125,154,-1.0570312499999999
0.24396085739135742,155,-1.65
0.24640393257141113,156,0.0
0.24834299087524414,157,-0.103125
0.24977898597717285,158,-0.15468749999999998
0.25147485733032227,159,-0.15468749999999998
0.2535998821258545,160,0.0
0.2549929618835449,161,-0.012890625
0.2561769485473633,162,-0.21914062499999998
0.2573230266571045,163,-0.476953125
0.25843095779418945,164,-0.9410156249999999
0.2595498561859131,165,-1.5082031249999999
0.2607569694519043,166,0.0
0.26186704635620117,167,-0.012890625
0.2629690170288086,168,-0.12890625
0.2642710208892822,169,-0.2578125
0.26563000679016113,170,-0.15468749999999998
0.26714205741882324,171,-0.23203125
0.26908397674560547,172,-0.064453125
0.27066898345947266,173,0.012890625
0.27203989028930664,174,-0.012890625
0.27338600158691406,175,-0.322265625
0.2756829261779785,176,-0.4640625
0.2778358459472656,177,-1.340625
0.2793149948120117,178,0.0
0.28141093254089355,179,-0.064453125
0.28305482864379883,180,-0.23203125
0.2843198776245117,181,-0.167578125
0.28545689582824707,182,0.09023437499999999
0.2866098880767822,183,0.0
0.28771090507507324,184,-0.012890625
0.2888009548187256,185,-0.0515625
0.28989100456237793,186,-0.43828124999999996
0.2910268306732178,187,-0.476953125
0.29215097427368164,188,-1.10859375
0.2932729721069336,189,-1.65
0.2944769859313965,190,0.0
0.2959139347076416,191,0.0
0.2973518371582031,192,-0.103125
0.2989628314971924,193,-0.348046875
0.30058884620666504,194,-0.322265625
0.3021810054779053,195,0.0
0.30364084243774414,196,0.012890625
0.30617189407348633,197,-0.012890625
0.30779099464416504,198,-0.33515625
0.3094909191131592,199,-0.992578125
0.3116459846496582,200,-1.65
0.3130059242248535,201,-0.02578125
0.31417202949523926,202,-0.21914062499999998
0.31543993949890137,203,-0.2578125
0.3166220188140869,204,-0.28359375
0.3177609443664551,205,-0.23203125
0.3188920021057129,206,0.0
0.3200099468231201,207,0.0
0.321120023727417,208,-0.012890625
0.3222229480743408,209,-0.07734374999999999
0.3233649730682373,210,-0.451171875
0.324552059173584,211,-0.580078125
0.3260078430175781,212,-1.198828125
0.3275020122528076,213,-0.15468749999999998
0.32905101776123047,214,0.0
0.3305518627166748,215,-0.09023437499999999
0.332089900970459,216,-0.322265625
0.33357906341552734,217,-0.37382812499999996
0.33609485626220703,218,-0.167578125
0.33766984939575195,219,-0.012890625
0.33907103538513184,220,-0.02578125
0.34117603302001953,221,-0.37382812499999996
0.34314489364624023,222,-0.863671875
0.3444938659667969,223,0.0
0.3456599712371826,224,0.0
0.34738993644714355,225,-0.0515625
0.3486039638519287,226,-0.23203125
0.3497610092163086,227,-0.399609375
0.3509688377380371,228,-0.37382812499999996
0.35213398933410645,229,-0.07734374999999999
0.3532569408416748,230,0.012890625
0.35434389114379883,231,-0.012890625
0.3555409908294678,232,-0.064453125
0.35705995559692383,233,-0.38671875
0.35857701301574707,234,-0.631640625
0.360152006149292,235,-1.5082031249999999
0.36170196533203125,236,0.0
0.3630540370941162,237,-0.116015625
0.3644559383392334,238,-0.2578125
0.3667130470275879,239,-0.20625
0.3686649799346924,240,-0.167578125
0.3700439929962158,241,0.012890625
0.3722269535064697,242,-0.02578125
0.37406396865844727,243,-0.24492187499999998
0.37542200088500977,244,-0.708984375
0.3765890598297119,245,-1.546875
0.3777129650115967,246,0.0
0.3788309097290039,247,0.0
0.37995386123657227,248,-0.116015625
0.38112401962280273,249,-0.38671875
0.38222503662109375,250,-0.116015625
0.38333892822265625,251,-0.4125
0.384429931640625,252,-0.322265625
0.38562488555908203,253,0.012890625
0.3870999813079834,254,0.012890625
0.38857603073120117,255,0.0
0.3901350498199463,256,-0.322265625
0.3916900157928467,257,-0.43828124999999996
0.3930540084838867,258,-1.3019531249999998
0.39443302154541016,259,0.0
0.3963358402252197,260,0.0
0.398723840713501,261,-0.064453125
0.4002549648284912,262,-0.29648437499999997
0.4018678665161133,263,-0.012890625
0.40404605865478516,264,0.012890625
0.4056558609008789,265,-0.012890625
0.40694093704223633,266,-0.38671875
0.40813589096069336,267,-0.605859375
0.4092578887939453,268,-1.340625
0.41043996810913086,269,-0.103125
0.41156601905822754,270,0.0
0.41271090507507324,271,-0.103125
0.41408586502075195,272,-0.193359375
0.415241003036499,273,-0.30937499999999996
0.4164578914642334,274,-0.37382812499999996
0.41788601875305176,275,-0.36093749999999997
0.4194209575653076,276,-0.012890625
0.4211430549621582,277,0.0
0.42256903648376465,278,-0.038671874999999994
0.42397594451904297,279,-0.38671875
0.4253568649291992,280,-0.7734375
0.42715883255004883,281,-1.5082031249999999
0.429656982421875,282,0.0
0.43122196197509766,283,-0.116015625
0.43265700340270996,284,-0.20625
0.43454790115356445,285,-0.37382812499999996
0.4364809989929199,286,0.038671874999999994
0.4378368854522705,287,0.0
0.43900394439697266,288,-0.09023437499999999
0.4401538372039795,289,-0.399609375
0.44136595726013184,290,-0.580078125
0.4424870014190674,291,-1.3148437499999999
0.44359588623046875,292,-1.3019531249999998
0.44477200508117676,293,0.012890625
0.4458768367767334,294,-0.07734374999999999
0.4470820426940918,295,-0.15468749999999998
0.4484720230102539,296,-0.2578125
0.44991087913513184,297,-0.20625
0.4515368938446045,298,-0.09023437499999999
0.45310497283935547,299,0.0
0.45453405380249023,300,-0.012890625
0.4560220241546631,301,-0.09023437499999999
0.4577510356903076,302,-0.399609375
0.4604189395904541,303,-0.825
0.4620089530944824,304,0.0
0.4635028839111328,305,-0.141796875
0.4654090404510498,306,-0.33515625
0.46712589263916016,307,-0.23203125
0.4684638977050781,308,0.09023437499999999
0.46966004371643066,309,0.0
0.4708218574523926,310,-0.012890625
0.4719970226287842,311,-0.012890625
0.47312188148498535,312,-0.38671875
0.4742319583892822,313,-0.476953125
0.47537994384765625,314,-1.044140625
0.4764859676361084,315,-1.65
0.4777040481567383,316,0.0
0.4791090488433838,317,-0.012890625
0.48062705993652344,318,-0.02578125
0.4821460247039795,319,-0.38671875
0.4836909770965576,320,-0.348046875
0.48517704010009766,321,-0.038671874999999994
0.48667192459106445,322,0.012890625
0.4882538318634033,323,-0.012890625
0.49092984199523926,324,-0.12890625
0.4926269054412842,325,-0.5285156249999999
0.4940659999847412,326,-1.65
0.4959268569946289,327,-0.0515625
0.4977378845214844,328,-0.012890625
0.49907898902893066,329,-0.21914062499999998
0.5003738403320312,330,-0.4640625
0.5015759468078613,331,-0.2578125
0.5027298927307129,332,0.012890625
0.5038778781890869,333,0.012890625
0.5049779415130615,334,-0.038671874999999994
0.5060758590698242,335,-0.2578125
0.5071749687194824,336,-0.515625
0.5084118843078613,337,-0.8765624999999999
0.5098679065704346,338,-1.4953124999999998
0.5113379955291748,339,0.0
0.5129058361053467,340,0.0
0.5143630504608154,341,-0.20625
0.5157339572906494,342,-0.18046874999999998
0.5172288417816162,343,-0.322265625
0.5188379287719727,344,-0.12890625
0.5214748382568359,345,0.012890625
0.523123025894165,346,-0.0515625
0.5245978832244873,347,-0.38671875
0.5265388488769531,348,-1.095703125
0.5283198356628418,349,0.0
0.5296158790588379,350,-0.012890625
0.5308408737182617,351,-0.23203125
0.5320339202880859,352,-0.20625
0.5332069396972656,353,-0.29648437499999997
0.5343308448791504,354,-0.270703125
0.5354299545288086,355,-0.02578125
0.5365290641784668,356,0.012890625
0.5376179218292236,357,0.0
0.5388309955596924,358,-0.0515625
0.5402970314025879,359,-0.4125
0.5418460369110107,360,-0.5285156249999999
0.5433690547943115,361,-1.456640625
0.5447909832000732,362,0.0
0.5461709499359131,363,-0.0515625
0.5476658344268799,364,-0.21914062499999998
0.5496609210968018,365,-0.20625
0.5522048473358154,366,-0.33515625
0.5537168979644775,367,0.012890625
0.555305004119873,368,-0.012890625
0.5574219226837158,369,-0.28359375
0.5589699745178223,370,-0.5929687499999999
0.5602109432220459,371,-1.65
0.5614428520202637,372,0.0
0.5625660419464111,373,0.0
0.5636889934539795,374,-0.116015625
0.5648419857025146,375,-0.502734375
0.5659449100494385,376,-0.07734374999999999
0.5670509338378906,377,-0.30937499999999996
0.5681688785552979,378,-0.193359375
0.56939697265625,379,0.012890625
0.5708508491516113,380,-0.012890625
0.572411060333252,381,-0.012890625
0.5739760398864746,382,-0.399609375
0.5754139423370361,383,-0.6832031249999999
0.5767819881439209,384,-1.585546875
0.5781798362731934,385,0.0
0.5796658992767334,386,-0.0515625
0.5822188854217529,387,-0.21914062499999998
0.5840339660644531,388,-0.09023437499999999
0.5866899490356445,389,0.29648437499999997
0.588831901550293,390,0.0
0.5902359485626221,391,-0.2578125
0.5915050506591797,392,-0.5671875
0.5926418304443359,393,-1.327734375
0.5937628746032715,394,0.0
0.594912052154541,395,0.0
0.5960249900817871,396,-0.103125
0.5971729755401611,397,-0.15468749999999998
0.5982818603515625,398,-0.30937499999999996
0.599513053894043,399,-0.116015625
0.6010048389434814,400,-0.2578125
0.6024520397186279,401,0.012890625
0.6040329933166504,402,0.0
0.6055388450622559,403,-0.012890625
0.6068730354309082,404,-0.33515625
0.6082289218902588,405,-0.5285156249999999
0.6095240116119385,406,-1.3019531249999998
0.6122698783874512,407,0.0
0.6140170097351074,408,-0.064453125
0.6154320240020752,409,-0.2578125
0.6172399520874023,410,-0.322265625
0.6192178726196289,411,-0.103125
0.620581865310669,412,0.012890625
0.6218178272247314,413,-0.0515625
0.6231439113616943,414,-0.322265625
0.6242978572845459,415,-0.43828124999999996
0.6254169940948486,416,-1.0828125
0.6265139579772949,417,-1.65
0.6276178359985352,418,0.0
0.6287519931793213,419,-0.0515625
0.6299769878387451,420,-0.09023437499999999
0.6314630508422852,421,-0.36093749999999997
0.6329219341278076,422,-0.167578125
0.6344540119171143,423,-0.20625
0.6359519958496094,424,0.064453125
0.6374678611755371,425,0.0
0.6389038562774658,426,-0.0515625
0.6407139301300049,427,-0.37382812499999996
0.6431849002838135,428,-0.54140625
0.6448140144348145,429,0.0
0.6462860107421875,430,-0.0515625
0.6482288837432861,431,-0.141796875
0.649899959564209,432,-0.18046874999999998
0.6512730121612549,433,-0.0515625
0.6524620056152344,434,0.0
0.653609037399292,435,-0.012890625
0.6547260284423828,436,-0.012890625
0.655829906463623,437,-0.20625
0.6569259166717529,438,-0.515625
0.6580188274383545,439,-0.708984375
0.6591110229492188,440,-1.340625
0.6604540348052979,441,-0.825
0.661931037902832,442,-0.012890625
0.6634559631347656,443,-0.0515625
0.664949893951416,444,-0.28359375
0.6663880348205566,445,-0.193359375
0.6677570343017578,446,-0.20625
0.6693038940429688,447,0.07734374999999999
0.6709139347076416,448,0.012890625
0.6738688945770264,449,-0.02578125
0.6755249500274658,450,-0.4640625
0.6771998405456543,451,-1.52109375
0.6793110370635986,452,0.0
0.6809549331665039,453,-0.064453125
0.6822688579559326,454,-0.21914062499999998
0.6835148334503174,455,-0.2578125
0.6846868991851807,456,-0.167578125
0.6858630180358887,457,0.0
0.6869769096374512,458,-0.012890625
0.6880779266357422,459,-0.0515625
0.6891839504241943,460,-0.167578125
0.6904380321502686,461,-0.4640625
0.6919219493865967,462,-0.734765625
0.693457841873169,463,-1.4953124999999998
0.6950528621673584,464,0.0
0.6965069770812988,465,-0.012890625
0.6978518962860107,466,-0.23203125
0.6992759704589844,467,-0.20625
0.7011148929595947,468,-0.37382812499999996
0.7035770416259766,469,-0.116015625
0.7051339149475098,470,-0.02578125
0.7065730094909668,471,-0.2578125
0.7087299823760986,472,-0.451171875
0.7105469703674316,473,-1.3664062499999998
0.7118990421295166,474,0.0
0.7130780220031738,475,-0.09023437499999999
0.7142109870910645,476,-0.30937499999999996
0.7153520584106445,477,-0.116015625
0.7164700031280518,478,-0.30937499999999996
0.7175920009613037,479,-0.29648437499999997
0.71868896484375,480,-0.103125
0.7197809219360352,481,0.0
0.7210619449615479,482,0.0
0.7224938869476318,483,-0.0515625
0.7239580154418945,484,-0.4125
0.7255768775939941,485,-0.734765625
0.7271418571472168,486,-1.5984375
0.7285349369049072,487,0.0
0.7299120426177979,488,-0.15468749999999998
0.7316460609436035,489,-0.36093749999999997
0.734375,490,-0.103125
0.7358729839324951,491,0.451171875
0.7374179363250732,492,0.0
0.739426851272583,493,-0.02578125
0.7411949634552002,494,-0.37382812499999996
0.7424800395965576,495,-1.03125
0.7436769008636475,496,-1.65
0.744804859161377,497,0.0
0.7459208965301514,498,-0.07734374999999999
0.747053861618042,499,-0.116015625
0.7481808662414551,500,-0.4640625
0.7493178844451904,501,-0.15468749999999998
0.7504868507385254,502,-0.322265625
0.7516989707946777,503,-0.193359375
0.7531380653381348,504,0.012890625
0.7546319961547852,505,0.0
0.7562859058380127,506,-0.09023437499999999
0.7577769756317139,507,-0.4640625
0.7592029571533203,508,-1.044140625
0.7606348991394043,509,-1.65
0.7621829509735107,510,0.012890625
0.7646989822387695,511,-0.103125
0.7663600444793701,512,-0.23203125
0.7677218914031982,513,-0.20625
0.7695660591125488,514,0.07734374999999999
0.7714579105377197,515,-0.012890625
0.7728660106658936,516,-0.09023437499999999
0.7740628719329834,517,-0.4125
0.7752189636230469,518,-0.928125
0.776339054107666,519,-1.533984375
0.777446985244751,520,0.0
0.7785389423370361,521,-0.02578125
0.7796528339385986,522,-0.18046874999999998
0.7808868885040283,523,-0.23203125
0.782120943069458,524,-0.2578125
0.7835769653320312,525,-0.29648437499999997
0.7850589752197266,526,-0.167578125
0.7865979671478271,527,0.012890625
0.78814697265625,528,0.0
0.7895510196685791,529,-0.167578125
0.7911388874053955,530,-0.4125
0.7929909229278564,531,-1.018359375
0.7958729267120361,532,-1.65
0.7977678775787354,533,-0.15468749999999998
0.7999000549316406,534,-0.20625
0.8017518520355225,535,-0.167578125
0.8030998706817627,536,0.0
0.804311990737915,537,0.012890625
0.805448055267334,538,-0.0515625
0.8065609931945801,539,-0.4125
0.8076698780059814,540,-0.4640625
0.8087558746337891,541,-1.1214843749999999
0.809844970703125,542,-1.65
0.8110048770904541,543,0.0
0.8122148513793945,544,-0.012890625
0.8136608600616455,545,-0.167578125
0.8150629997253418,546,-0.42539062499999997
0.8165838718414307,547,-0.167578125
0.8180768489837646,548,-0.103125
0.8199288845062256,549,0.0
0.8215649127960205,550,-0.012890625
0.8233950138092041,551,-0.20625
0.825786828994751,552,-0.4640625
0.8273570537567139,553,-1.5597656249999998
0.8287858963012695,554,-0.02578125
0.8307349681854248,555,-0.12890625
0.8324880599975586,556,-0.4125
0.8337929248809814,557,-0.15468749999999998
0.8350648880004883,558,0.012890625
0.8362429141998291,559,0.012890625
0.8373758792877197,560,-0.012890625
0.8384759426116943,561,-0.012890625
0.839561939239502,562,-0.33515625
0.8406660556793213,563,-0.515625
0.8417830467224121,564,-0.9796874999999999
0.8430469036102295,565,-1.5597656249999998
0.8445019721984863,566,0.0
0.8459539413452148,567,-0.02578125
0.8474400043487549,568,-0.012890625
0.8488039970397949,569,-0.2578125
0.8501420021057129,570,-0.29648437499999997
0.8518669605255127,571,-0.20625
0.8535020351409912,572,0.0
0.8560528755187988,573,-0.012890625
0.8578150272369385,574,-0.270703125
0.8597569465637207,575,-0.928125
0.8624520301818848,576,0.0
0.8641500473022461,577,-0.193359375
0.8654398918151855,578,-0.2578125
0.8665950298309326,579,-0.30937499999999996
0.8677449226379395,580,-0.29648437499999997
0.8689160346984863,581,0.0
0.8700180053710938,582,0.0
0.8711409568786621,583,-0.02578125
0.8722858428955078,584,-0.103125
0.8735029697418213,585,-0.399609375
0.8749909400939941,586,-0.54140625
0.8764820098876953,587,-1.340625
0.8780620098114014,588,0.0
0.8794410228729248,589,-0.0515625
0.8807718753814697,590,-0.193359375
0.882194995880127,591,-0.20625
0.8842558860778809,592,-0.2578125
0.8866069316864014,593,-0.103125
0.8881809711456299,594,0.0
0.8897199630737305,595,-0.167578125
0.891700029373169,596,-0.42539062499999997
0.8934688568115234,597,-1.198828125
0.8947429656982422,598,0.0
0.8958868980407715,599,0.0
0.8969900608062744,600,-0.12890625
0.8980879783630371,601,-0.43828124999999996
0.8991830348968506,602,-0.15468749999999998
0.900385856628418,603,-0.37382812499999996
0.9015278816223145,604,-0.23203125
0.9026739597320557,605,0.012890625
0.9039280414581299,606,0.0
0.9053359031677246,607,-0.012890625
0.9067718982696533,608,-0.33515625
0.9084088802337646,609,-0.42539062499999997
0.9098889827728271,610,-1.327734375
0.9113738536834717,611,0.0
0.9128029346466064,612,-0.0515625
0.9153220653533936,613,-0.193359375
0.9171140193939209,614,-0.20625
0.9187798500061035,615,0.167578125
0.9209349155426025,616,0.012890625
0.9223179817199707,617,0.0
0.9235470294952393,618,-0.37382812499999996
0.924738883972168,619,-0.580078125
0.9258880615234375,620,-1.2890625
0.9269969463348389,621,-0.42539062499999997
0.9280998706817627,622,0.0
0.929189920425415,623,-0.0515625
0.930419921875,624,-0.02578125
0.9315948486328125,625,-0.37382812499999996
0.9327428340911865,626,-0.167578125
0.9339728355407715,627,-0.29648437499999997
0.9354720115661621,628,-0.12890625
0.9369349479675293,629,-0.012890625
0.9384658336639404,630,-0.012890625
0.9399828910827637,631,-0.20625
0.941511869430542,632,-0.4125
0.9428930282592773,633,-1.198828125
0.9452118873596191,634,0.0
0.9471578598022461,635,0.0
0.9486229419708252,636,-0.322265625
0.9506900310516357,637,-0.36093749999999997
0.9524788856506348,638,0.038671874999999994
0.953779935836792,639,0.0
0.9549939632415771,640,-0.012890625
0.9561300277709961,641,-0.20625
0.9572939872741699,642,-0.29648437499999997
0.9584119319915771,643,-0.7476562499999999
0.9595279693603516,644,-1.405078125
0.9606399536132812,645,0.0
0.9617359638214111,646,-0.012890625
0.9628469944000244,647,-0.15468749999999998
0.9640719890594482,648,-0.23203125
0.9658749103546143,649,-0.23203125
0.967430830001831,650,-0.29648437499999997
0.9690299034118652,651,0.07734374999999999
0.970628023147583,652,0.012890625
0.9721260070800781,653,-0.0515625
0.97365403175354,654,-0.322265625
0.9761450290679932,655,-0.476953125
0.9778859615325928,656,-1.585546875
0.9793260097503662,657,-0.038671874999999994
0.9812848567962646,658,-0.116015625
0.9832580089569092,659,-0.18046874999999998
0.9848239421844482,660,-0.167578125
0.9860470294952393,661,0.0
0.9872000217437744,662,-0.012890625
0.9883859157562256,663,-0.02578125
0.9895060062408447,664,-0.30937499999999996
0.990635871887207,665,-0.515625
0.9917469024658203,666,-0.9152343749999999
0.9928510189056396,667,-1.546875
0.9940550327301025,668,0.0
0.9955239295959473,669,-0.02578125
0.9970600605010986,670,-0.12890625
0.9986279010772705,671,-0.43828124999999996
1.0002210140228271,672,-0.28359375
1.0017809867858887,673,-0.064453125
1.0032119750976562,674,0.0
1.005728006362915,675,-0.012890625
