time,count,voltage
0.005949974060058594,1,-0.7218749999999999
0.007589101791381836,2,-1.03125
0.00902700424194336,3,-0.36093749999999997
0.010425090789794922,4,-0.103125
0.011871099472045898,5,-0.167578125
0.013389110565185547,6,-0.28359375
0.014924049377441406,7,-0.103125
0.01634502410888672,8,-0.02578125
0.026044130325317383,9,-0.0515625
0.027626991271972656,10,-0.064453125
0.02904796600341797,11,-0.29648437499999997
0.03043508529663086,12,-0.23203125
0.0317990779876709,13,-0.02578125
0.05548906326293945,14,-0.02578125
0.05723094940185547,15,0.4640625
0.05878710746765137,16,-0.21914062499999998
0.060357093811035156,17,-0.20625
0.061892032623291016,18,0.0
0.06343293190002441,19,-0.167578125
0.06514596939086914,20,0.02578125
0.06678199768066406,21,-0.0515625
0.06841492652893066,22,-0.064453125
0.0700829029083252,23,-0.12890625
0.07190203666687012,24,-0.760546875
0.07365012168884277,25,-1.5984375
0.07529401779174805,26,-0.270703125
0.07686591148376465,27,-0.20625
0.07841110229492188,28,-0.15468749999999998
0.0799560546875,29,-0.36093749999999997
0.08148694038391113,30,-0.116015625
0.0830080509185791,31,-0.0515625
0.08452200889587402,32,-0.0515625
0.08617305755615234,33,-0.12890625
0.08792710304260254,34,-0.37382812499999996
0.08957600593566895,35,-1.327734375
0.09138798713684082,36,-0.43828124999999996
0.09322500228881836,37,-0.15468749999999998
0.09517908096313477,38,-0.167578125
0.09690999984741211,39,-0.29648437499999997
0.0985410213470459,40,0.038671874999999994
0.10051202774047852,41,-0.02578125
0.10353302955627441,42,-0.12890625
0.10540199279785156,43,-0.515625
0.10700702667236328,44,-1.5597656249999998
0.10933208465576172,45,-0.23203125
0.11124300956726074,46,-0.167578125
0.11256599426269531,47,-0.15468749999999998
0.1137549877166748,48,-0.15468749999999998
0.11491799354553223,49,-0.012890625
0.11613106727600098,50,-0.02578125
0.11725711822509766,51,-0.103125
0.11849713325500488,52,-0.2578125
0.11998796463012695,53,-0.15468749999999998
0.12144708633422852,54,-0.837890625
0.1230010986328125,55,-1.546875
0.12462592124938965,56,-0.193359375
0.12617993354797363,57,-0.21914062499999998
0.1275770664215088,58,-0.103125
0.12980198860168457,59,-0.2578125
0.13186001777648926,60,-0.064453125
0.13335490226745605,61,0.0
0.1351621150970459,62,-0.103125
0.13716602325439453,63,-0.167578125
0.1385641098022461,64,-0.928125
0.13982105255126953,65,-1.65
0.14100003242492676,66,-0.141796875
0.14215302467346191,67,-0.116015625
0.14326810836791992,68,-0.30937499999999996
0.14438700675964355,69,-0.15468749999999998
0.14551901817321777,70,-0.476953125
0.1466219425201416,71,-0.4640625
0.1477949619293213,72,-0.270703125
0.14904308319091797,73,0.0
0.15047502517700195,74,-0.07734374999999999
0.15196490287780762,75,-0.20625
0.15354299545288086,76,-0.103125
0.15504908561706543,77,-0.837890625
0.15659093856811523,78,-1.6371093749999999
0.15802001953125,79,-0.20625
0.15998506546020508,80,-0.07734374999999999
0.16222000122070312,81,-0.23203125
0.16384410858154297,82,-0.167578125
0.1657259464263916,83,-0.012890625
0.16767001152038574,84,-0.0515625
0.16910910606384277,85,-0.167578125
0.17031192779541016,86,-0.29648437499999997
0.17146897315979004,87,-1.03125
0.17264890670776367,88,-1.6242187499999998
0.17379498481750488,89,-0.167578125
0.17493200302124023,90,-0.33515625
0.17605304718017578,91,-0.23203125
0.17716598510742188,92,-0.12890625
0.1782820224761963,93,-0.37382812499999996
0.1794750690460205,94,-0.502734375
0.18093490600585938,95,-0.399609375
0.18243789672851562,96,-0.012890625
0.18398189544677734,97,-0.103125
0.1855769157409668,98,-0.167578125
0.18697190284729004,99,-0.12890625
0.188507080078125,100,-0.9410156249999999
0.19029903411865234,101,-1.65
0.19269800186157227,102,-0.21914062499999998
0.1942739486694336,103,-0.167578125
0.1958141326904297,104,-0.2578125
0.1979210376739502,105,-0.23203125
0.19959807395935059,106,0.012890625
0.20087289810180664,107,-0.064453125
0.20204591751098633,108,-0.20625
0.20323896408081055,109,-0.103125
0.20437192916870117,110,-0.837890625
0.20558404922485352,111,-1.4437499999999999
0.20672011375427246,112,-0.20625
0.2078258991241455,113,-0.193359375
0.20893001556396484,114,-0.18046874999999998
0.21019911766052246,115,-0.21914062499999998
0.2116529941558838,116,-0.0515625
0.21317291259765625,117,-0.28359375
0.21481108665466309,118,-0.09023437499999999
0.2164459228515625,119,-0.02578125
0.2178499698638916,120,-0.064453125
0.2193300724029541,121,-0.20625
0.22142410278320312,122,-0.322265625
0.22370195388793945,123,-1.224609375
0.22518706321716309,124,-0.21914062499999998
0.22676396369934082,125,-0.2578125
0.22889089584350586,126,-0.12890625
0.23053908348083496,127,-0.167578125
0.2318129539489746,128,-0.012890625
0.23296904563903809,129,-0.012890625
0.2340850830078125,130,-0.0515625
0.2353041172027588,131,-0.270703125
0.23644495010375977,132,-0.116015625
0.2376420497894287,133,-0.7863281249999999
0.23876404762268066,134,-1.405078125
0.23987197875976562,135,-0.36093749999999997
0.2410731315612793,136,-0.20625
0.24248909950256348,137,-0.15468749999999998
0.24401497840881348,138,-0.193359375
0.2457120418548584,139,-0.33515625
0.247283935546875,140,-0.2578125
0.24869894981384277,141,-0.012890625
0.2500450611114502,142,-0.0515625
0.25177907943725586,143,-0.103125
0.25441408157348633,144,-0.193359375
0.25606703758239746,145,-1.134375
0.25756311416625977,146,-0.38671875
0.25960302352905273,147,-0.322265625
0.26128602027893066,148,-0.20625
0.2625870704650879,149,-0.4125
0.2638070583343506,150,-0.30937499999999996
0.2649719715118408,151,-0.012890625
0.2661120891571045,152,-0.064453125
0.26727890968322754,153,-0.064453125
0.26839208602905273,154,-0.20625
0.26954102516174316,155,-0.167578125
0.2706730365753174,156,-0.708984375
0.2769789695739746,157,-1.3148437499999999
0.278764009475708,158,-0.15468749999999998
0.28040504455566406,159,-0.12890625
0.2820780277252197,160,0.07734374999999999
0.28449106216430664,161,-0.012890625
0.2861499786376953,162,-0.167578125
0.2876560688018799,163,-0.54140625
0.28955507278442383,164,-1.276171875
0.29129505157470703,165,-0.30937499999999996
0.29273200035095215,166,-0.18046874999999998
0.2939329147338867,167,-0.064453125
0.29508090019226074,168,-0.322265625
0.2962799072265625,169,-0.4125
0.2973968982696533,170,-0.270703125
0.29849910736083984,171,-0.012890625
0.29959893226623535,172,-0.0515625
0.30069398880004883,173,-0.103125
0.3019130229949951,174,-0.28359375
0.3033409118652344,175,-0.116015625
0.30483198165893555,176,-0.8507812499999999
0.3063960075378418,177,-1.5597656249999998
0.3078310489654541,178,-0.20625
0.30916404724121094,179,-0.20625
0.31047797203063965,180,-0.23203125
0.3126680850982666,181,-0.2578125
0.3146641254425049,182,-0.167578125
0.3162360191345215,183,-0.02578125
0.31778407096862793,184,-0.02578125
0.31977009773254395,185,-0.23203125
0.32128405570983887,186,-0.515625
0.3225059509277344,187,-1.405078125
0.3236551284790039,188,-0.33515625
0.324876070022583,189,-0.2578125
0.3260359764099121,190,-0.20625
0.3271470069885254,191,-0.20625
0.32824110984802246,192,-0.37382812499999996
0.3293449878692627,193,-0.476953125
0.33043789863586426,194,-0.399609375
0.3315260410308838,195,-0.012890625
0.332690954208374,196,-0.012890625
0.33403992652893066,197,-0.07734374999999999
0.33559393882751465,198,-0.20625
0.33710598945617676,199,-0.193359375
0.3385801315307617,200,-0.992578125
0.33991003036499023,201,-1.65
0.3412349224090576,202,-0.322265625
0.34325289726257324,203,-0.038671874999999994
0.3453369140625,204,-0.15468749999999998
0.3468329906463623,205,-0.15468749999999998
0.3484179973602295,206,0.0515625
0.35033392906188965,207,-0.02578125
0.35187292098999023,208,-0.103125
0.3531200885772705,209,-0.0515625
0.35426998138427734,210,-0.734765625
0.35543203353881836,211,-1.340625
0.35656189918518066,212,-0.36093749999999997
0.35767507553100586,213,-0.103125
0.3587789535522461,214,-0.167578125
0.35987091064453125,215,-0.23203125
0.36097002029418945,216,-0.116015625
0.36206793785095215,217,-0.451171875
0.36377906799316406,218,-0.4640625
0.3652338981628418,219,-0.012890625
0.3666839599609375,220,-0.02578125
0.36812806129455566,221,-0.116015625
0.36959290504455566,222,-0.12890625
0.37089109420776367,223,-0.64453125
0.37218689918518066,224,-1.340625
0.37348198890686035,225,-0.6574218749999999
0.37601709365844727,226,-0.193359375
0.3778049945831299,227,-0.21914062499999998
0.3791840076446533,228,-0.23203125
0.380842924118042,229,-0.15468749999999998
0.38275909423828125,230,0.0
0.3841400146484375,231,-0.0515625
0.38542890548706055,232,-0.167578125
0.38657593727111816,233,-0.12890625
0.38770198822021484,234,-0.8765624999999999
0.3888211250305176,235,-1.4437499999999999
0.389923095703125,236,-0.36093749999999997
0.3910200595855713,237,-0.18046874999999998
0.39211297035217285,238,-0.103125
0.3932809829711914,239,-0.270703125
0.394650936126709,240,0.0
0.39618706703186035,241,-0.37382812499999996
0.39769601821899414,242,-0.15468749999999998
0.39915013313293457,243,0.0
0.400468111038208,244,-0.0515625
0.40178394317626953,245,-0.23203125
0.40401601791381836,246,-0.12890625
0.40588903427124023,247,-0.928125
0.4073050022125244,248,-0.4640625
0.40891003608703613,249,-0.23203125
0.4108450412750244,250,-0.20625
0.4123389720916748,251,-0.38671875
0.4135711193084717,252,-0.20625
0.4147210121154785,253,-0.0515625
0.4159359931945801,254,-0.012890625
0.41710996627807617,255,-0.064453125
0.41825008392333984,256,-0.20625
0.419374942779541,257,-0.167578125
0.4204869270324707,258,-0.64453125
0.42159605026245117,259,-1.2374999999999998
0.4227030277252197,260,-1.65
0.42386507987976074,261,-0.15468749999999998
0.4252610206604004,262,-0.37382812499999996
0.4267079830169678,263,-0.20625
0.4282360076904297,264,-0.193359375
0.4297659397125244,265,-0.37382812499999996
0.43112802505493164,266,-0.103125
0.43242907524108887,267,-0.012890625
0.43454909324645996,268,-0.103125
0.4365880489349365,269,-0.12890625
0.4380319118499756,270,-0.734765625
0.4396219253540039,271,-1.5082031249999999
0.4415719509124756,272,-0.270703125
0.4431309700012207,273,-0.20625
0.4443941116333008,274,-0.09023437499999999
0.4455869197845459,275,-0.43828124999999996
0.44672298431396484,276,-0.399609375
0.44783902168273926,277,-0.193359375
0.44893598556518555,278,-0.012890625
0.4500241279602051,279,-0.167578125
0.4511110782623291,280,-0.20625
0.45219993591308594,281,-0.20625
0.4532930850982666,282,-0.29648437499999997
0.45445799827575684,283,-1.018359375
0.455855131149292,284,-1.546875
0.45729613304138184,285,-0.116015625
0.4588189125061035,286,-0.37382812499999996
0.46032190322875977,287,-0.2578125
0.46167707443237305,288,-0.15468749999999998
0.463054895401001,289,-0.167578125
0.46448802947998047,290,-0.09023437499999999
0.4670119285583496,291,-0.0515625
0.46863889694213867,292,-0.09023437499999999
0.4700150489807129,293,-0.012890625
0.47178101539611816,294,-0.837890625
0.4736449718475342,295,-1.5984375
0.4750230312347412,296,-0.28359375
0.476207971572876,297,-0.20625
0.47735595703125,298,-0.12890625
0.47847604751586914,299,-0.29648437499999997
0.479586124420166,300,-0.37382812499999996
0.48069095611572266,301,-0.24492187499999998
0.48179006576538086,302,-0.012890625
0.48288393020629883,303,-0.02578125
0.48397302627563477,304,-0.038671874999999994
0.48515892028808594,305,-0.20625
0.48656606674194336,306,-0.02578125
0.488008975982666,307,-0.734765625
0.48954105377197266,308,-1.456640625
0.4910299777984619,309,-0.760546875
0.492419958114624,310,-0.37382812499999996
0.4938340187072754,311,-0.30937499999999996
0.4954569339752197,312,-0.322265625
0.4979360103607178,313,-0.30937499999999996
0.49952197074890137,314,-0.02578125
0.5009019374847412,315,-0.012890625
0.5028491020202637,316,-0.20625
0.5047030448913574,317,-0.38671875
0.5065240859985352,318,-1.41796875
0.5079519748687744,319,-0.116015625
0.5092039108276367,320,-0.20625
0.5103321075439453,321,-0.167578125
0.5114409923553467,322,-0.29648437499999997
0.5125539302825928,323,-0.451171875
0.5136559009552002,324,-0.37382812499999996
0.5150589942932129,325,-0.012890625
0.5165860652923584,326,-0.038671874999999994
0.5180199146270752,327,-0.064453125
0.5194680690765381,328,-0.064453125
0.5210258960723877,329,-0.515625
0.5223901271820068,330,-1.327734375
0.5237669944763184,331,-0.270703125
0.5282859802246094,332,-0.37382812499999996
0.5300641059875488,333,-0.20625
0.5315639972686768,334,0.4125
0.5335850715637207,335,-0.02578125
0.5369560718536377,336,-0.07734374999999999
0.5383191108703613,337,-0.02578125
0.5394999980926514,338,-1.4437499999999999
0.540693998336792,339,-0.20625
0.5418179035186768,340,-0.29648437499999997
0.5429511070251465,341,-0.23203125
0.5440571308135986,342,-0.103125
0.545172929763794,343,-0.30937499999999996
0.5463979244232178,344,-0.38671875
0.547921895980835,345,-0.2578125
0.5494320392608643,346,-0.012890625
0.5509600639343262,347,-0.103125
0.5525031089782715,348,-0.20625
0.5538830757141113,349,-0.322265625
0.5554029941558838,350,-1.147265625
0.5569460391998291,351,-1.65
0.5594370365142822,352,-0.23203125
0.5610721111297607,353,-0.2578125
0.562432050704956,354,-0.30937499999999996
0.564424991607666,355,-0.23203125
0.5664019584655762,356,-0.012890625
0.5677609443664551,357,-0.0515625
0.5689411163330078,358,-0.167578125
0.570073127746582,359,-0.2578125
0.5712110996246338,360,-1.00546875
0.5723659992218018,361,-1.5597656249999998
0.5735220909118652,362,-0.2578125
0.5746381282806396,363,-0.21914062499999998
0.5758368968963623,364,-0.167578125
0.5770349502563477,365,-0.167578125
0.5784389972686768,366,-0.270703125
0.5799570083618164,367,-0.28359375
0.5816030502319336,368,-0.0515625
0.583076000213623,369,-0.02578125
0.5844709873199463,370,-0.0515625
0.585906982421875,371,-0.20625
0.587744951248169,372,-0.37382812499999996
0.5902519226074219,373,-1.147265625
0.5917880535125732,374,-0.167578125
0.5932350158691406,375,-0.23203125
0.5953009128570557,376,-0.21914062499999998
0.5970680713653564,377,-0.322265625
0.5983819961547852,378,-0.012890625
0.5995631217956543,379,-0.0515625
0.6006989479064941,380,-0.064453125
0.6018121242523193,381,-0.21914062499999998
0.6029300689697266,382,-0.116015625
0.6040329933166504,383,-0.760546875
0.6052000522613525,384,-1.327734375
0.6063199043273926,385,-0.7218749999999999
0.6075310707092285,386,-0.18046874999999998
0.6089510917663574,387,-0.193359375
0.6103920936584473,388,-0.23203125
0.6119849681854248,389,-0.2578125
0.6135540008544922,390,-0.29648437499999997
0.6150240898132324,391,-0.012890625
0.6165139675140381,392,-0.012890625
0.6182401180267334,393,-0.09023437499999999
0.6207540035247803,394,-0.12890625
0.6223170757293701,395,-1.03125
0.6238100528717041,396,-0.167578125
0.6259150505065918,397,-0.322265625
0.6275529861450195,398,-0.21914062499999998
0.628878116607666,399,-0.23203125
0.6300759315490723,400,-0.20625
0.6312389373779297,401,-0.103125
0.6323609352111816,402,-0.02578125
0.6334710121154785,403,-0.116015625
0.6345720291137695,404,-0.23203125
0.6357970237731934,405,-0.2578125
0.6369099617004395,406,-0.4640625
0.6381239891052246,407,-1.147265625
0.6395230293273926,408,-1.65
0.6409430503845215,409,-0.193359375
0.6424460411071777,410,-0.09023437499999999
0.6440680027008057,411,-0.20625
0.6456639766693115,412,-0.322265625
0.6471021175384521,413,-0.193359375
0.648993968963623,414,-0.012890625
0.6512620449066162,415,-0.02578125
0.6528410911560059,416,-0.12890625
0.6544289588928223,417,-0.54140625
0.6564209461212158,418,-1.327734375
0.658005952835083,419,-0.322265625
0.6593310832977295,420,-0.23203125
0.660538911819458,421,-0.20625
0.6617069244384766,422,-0.36093749999999997
0.6628401279449463,423,-0.4125
0.6639590263366699,424,-0.270703125
0.6650879383087158,425,-0.012890625
0.6662061214447021,426,-0.02578125
0.667335033416748,427,-0.0515625
0.6685431003570557,428,-0.2578125
0.6699690818786621,429,-0.064453125
0.6713941097259521,430,-0.7863281249999999
0.6729030609130859,431,-1.52109375
0.6743860244750977,432,-0.5285156249999999
0.6759068965911865,433,-0.0515625
0.677419900894165,434,-0.20625
