time,count,voltage
0.005486011505126953,1,-0.23203125
0.0070230960845947266,2,-0.2578125
0.008471012115478516,3,-0.09023437499999999
0.009860038757324219,4,0.0
0.011355161666870117,5,-0.012890625
0.012710094451904297,6,-0.0515625
0.014271020889282227,7,-0.4640625
0.015964031219482422,8,-0.6703125
0.017596006393432617,9,-1.6242187499999998
0.01926898956298828,10,-0.064453125
0.020945072174072266,11,-0.37382812499999996
0.022559165954589844,12,-0.4640625
0.023952960968017578,13,-0.322265625
0.02532815933227539,14,-0.20625
0.02666497230529785,15,0.0
0.0279691219329834,16,-0.012890625
0.029415130615234375,17,-0.064453125
0.031037092208862305,18,-0.515625
0.03272700309753418,19,-0.7476562499999999
0.03435015678405762,20,-1.65
0.03610801696777344,21,0.0
0.03775215148925781,22,-0.20625
0.03925800323486328,23,-0.708984375
0.04098010063171387,24,-0.322265625
0.04264497756958008,25,-0.02578125
0.04437398910522461,26,0.012890625
0.04667997360229492,27,-0.0515625
0.0496211051940918,28,-0.4640625
0.05174708366394043,29,-1.4308593749999998
0.053379058837890625,30,-0.18046874999999998
0.055477142333984375,31,-0.270703125
0.0578150749206543,32,-0.20625
0.05953407287597656,33,0.24492187499999998
0.06097412109375,34,-0.012890625
0.062402963638305664,35,-0.02578125
0.06362795829772949,36,-0.48984374999999997
0.06475210189819336,37,-0.5929687499999999
0.06588411331176758,38,-1.147265625
0.06705307960510254,39,-1.65
0.06817412376403809,40,0.012890625
0.06928205490112305,41,-0.116015625
0.07039117813110352,42,-0.36093749999999997
0.07157206535339355,43,-0.515625
0.07267308235168457,44,-0.4640625
0.07376813888549805,45,-0.554296875
0.07487010955810547,46,-0.399609375
0.07599711418151855,47,-0.012890625
0.07717609405517578,48,-0.02578125
0.0783841609954834,49,-0.012890625
0.07979416847229004,50,-0.167578125
0.08130097389221191,51,-0.515625
0.08297395706176758,52,-0.992578125
0.08451604843139648,53,-1.65
0.08594799041748047,54,-0.012890625
0.08729004859924316,55,-0.270703125
0.0897531509399414,56,-0.451171875
0.09150910377502441,57,-0.322265625
0.09310698509216309,58,0.24492187499999998
0.09518313407897949,59,-0.012890625
0.09662699699401855,60,-0.09023437499999999
0.0978090763092041,61,-0.43828124999999996
0.09895515441894531,62,-0.9410156249999999
0.1000821590423584,63,-1.546875
0.10121607780456543,64,-0.012890625
0.10233116149902344,65,-0.116015625
0.10343408584594727,66,-0.12890625
0.10453104972839355,67,-0.399609375
0.10561919212341309,68,-0.30937499999999996
0.106719970703125,69,-0.48984374999999997
0.10788702964782715,70,-0.4125
0.10921597480773926,71,-0.2578125
0.11071896553039551,72,0.0
0.11215996742248535,73,-0.02578125
0.11370611190795898,74,-0.30937499999999996
0.11513304710388184,75,-0.4640625
0.11646819114685059,76,-1.1859374999999999
0.11775517463684082,77,-0.4125
0.12017512321472168,78,-0.07734374999999999
0.12200498580932617,79,-0.09023437499999999
0.12348604202270508,80,-0.103125
0.12557101249694824,81,-0.2578125
0.1271991729736328,82,-0.02578125
0.12840509414672852,83,-0.012890625
0.129547119140625,84,-0.23203125
0.13069605827331543,85,-0.580078125
0.13181209564208984,86,-0.64453125
0.13290905952453613,87,-1.3664062499999998
0.13401103019714355,88,-0.502734375
0.13511109352111816,89,0.0
0.13619518280029297,90,-0.2578125
0.13727498054504395,91,-0.0515625
0.13843297958374023,92,-0.631640625
0.13976716995239258,93,-0.012890625
0.14137911796569824,94,-0.270703125
0.14279413223266602,95,0.07734374999999999
0.1441190242767334,96,-0.012890625
0.14539718627929688,97,-0.0515625
0.14683198928833008,98,-0.322265625
0.14826202392578125,99,-0.580078125
0.15061116218566895,100,-1.147265625
0.15260910987854004,101,0.0
0.1540391445159912,102,-0.2578125
0.1556711196899414,103,-0.476953125
0.15765905380249023,104,-0.038671874999999994
0.15913105010986328,105,0.0515625
0.16033005714416504,106,0.0
0.16152715682983398,107,-0.02578125
0.16265296936035156,108,-0.103125
0.16376113891601562,109,-0.515625
0.1648550033569336,110,-0.54140625
0.1659541130065918,111,-1.1859374999999999
0.16704797744750977,112,-1.65
0.16814398765563965,113,0.0
0.16934704780578613,114,-0.12890625
0.1707761287689209,115,-0.18046874999999998
0.17224597930908203,116,-0.69609375
0.17373895645141602,117,-0.193359375
0.17531108856201172,118,-0.07734374999999999
0.17665410041809082,119,0.012890625
0.17795205116271973,120,-0.012890625
0.17986798286437988,121,-0.07734374999999999
0.18222713470458984,122,-0.4640625
0.18367910385131836,123,-1.327734375
0.18523097038269043,124,0.0
0.1871941089630127,125,-0.20625
0.1887650489807129,126,-0.37382812499999996
0.19004011154174805,127,-0.012890625
0.1912221908569336,128,-0.116015625
0.19233918190002441,129,0.012890625
0.19344305992126465,130,0.012890625
0.19453811645507812,131,-0.02578125
0.1956319808959961,132,-0.064453125
0.19672107696533203,133,-0.451171875
0.1978130340576172,134,-0.580078125
0.19890117645263672,135,-1.03125
0.20006108283996582,136,-1.611328125
0.20139813423156738,137,0.0
0.2028501033782959,138,-0.103125
0.2043161392211914,139,-0.15468749999999998
0.20597004890441895,140,-0.554296875
0.20736217498779297,141,-0.2578125
0.2087540626525879,142,-0.0515625
0.21039199829101562,143,0.012890625
0.2128000259399414,144,-0.012890625
0.21439099311828613,145,-0.322265625
0.21581411361694336,146,-0.6703125
0.2177259922027588,147,-1.5082031249999999
0.21947312355041504,148,-0.012890625
0.2207791805267334,149,-0.20625
0.2219860553741455,150,-0.64453125
0.22312402725219727,151,-0.064453125
0.22423195838928223,152,-0.322265625
0.2253260612487793,153,-0.2578125
0.22641801834106445,154,0.012890625
0.2275071144104004,155,-0.012890625
0.2285909652709961,156,-0.0515625
0.22967910766601562,157,-0.33515625
0.23349809646606445,158,-0.605859375
0.23968505859375,159,-0.825
0.24215006828308105,160,-0.18046874999999998
0.24419403076171875,161,0.2578125
0.24571800231933594,162,-0.0515625
0.2476811408996582,163,-0.399609375
0.24950098991394043,164,-0.64453125
0.2509191036224365,165,-1.65
0.25212717056274414,166,0.012890625
0.253277063369751,167,-0.0515625
0.2543981075286865,168,-0.270703125
0.2554960250854492,169,-0.64453125
0.25663018226623535,170,-0.30937499999999996
0.25772809982299805,171,-0.33515625
0.2588670253753662,172,-0.167578125
0.2599520683288574,173,0.0
0.2612130641937256,174,-0.0515625
0.26269102096557617,175,-0.0515625
0.26412200927734375,176,-0.43828124999999996
0.2656669616699219,177,-0.64453125
0.2672140598297119,178,-1.5082031249999999
0.26851701736450195,179,0.0
0.2698509693145752,180,-0.18046874999999998
0.2723560333251953,181,-0.28359375
0.2743680477142334,182,-0.20625
0.2758519649505615,183,0.28359375
0.27792811393737793,184,0.012890625
0.27948999404907227,185,-0.064453125
0.2807350158691406,186,-0.451171875
0.2819240093231201,187,-0.631640625
0.28309106826782227,188,-1.3921875
0.2841970920562744,189,0.0
0.2853050231933594,190,0.012890625
0.2864081859588623,191,-0.20625
0.28749799728393555,192,-0.270703125
0.28858518600463867,193,-0.69609375
0.2897350788116455,194,-0.116015625
0.29090213775634766,195,-0.24492187499999998
0.29212117195129395,196,-0.103125
0.29360318183898926,197,0.0
0.2950470447540283,198,-0.064453125
0.2965199947357178,199,-0.28359375
0.2981431484222412,200,-0.580078125
0.29954004287719727,201,-1.069921875
0.30105113983154297,202,-1.5984375
0.3024611473083496,203,-0.02578125
0.3047671318054199,204,-0.21914062499999998
0.30674004554748535,205,-0.515625
0.3081240653991699,206,-0.322265625
0.310014009475708,207,0.0
0.3123011589050293,208,-0.012890625
0.31363415718078613,209,-0.29648437499999997
0.3148319721221924,210,-0.4640625
0.31597900390625,211,-1.10859375
0.31709718704223633,212,-1.65
0.31823015213012695,213,0.0
0.3193240165710449,214,-0.21914062499999998
0.32042407989501953,215,-0.20625
0.321613073348999,216,-0.515625
0.3227829933166504,217,-0.322265625
0.32416796684265137,218,-0.4125
0.32576417922973633,219,-0.193359375
0.3273200988769531,220,0.012890625
0.3287680149078369,221,-0.012890625
0.33021116256713867,222,-0.29648437499999997
0.3323400020599365,223,-0.580078125
0.33496999740600586,224,-1.546875
0.3366870880126953,225,-0.09023437499999999
0.3381459712982178,226,-0.23203125
0.3399810791015625,227,-0.30937499999999996
0.3420751094818115,228,-0.322265625
0.34342002868652344,229,0.0
0.3445720672607422,230,-0.038671874999999994
0.34570908546447754,231,-0.09023437499999999
0.3468639850616455,232,-0.502734375
0.34796905517578125,233,-0.631640625
0.34908008575439453,234,-1.173046875
0.3502030372619629,235,-1.65
0.3513209819793701,236,-0.02578125
0.35240912437438965,237,-0.141796875
0.353579044342041,238,-0.270703125
0.3549351692199707,239,-0.399609375
0.3563880920410156,240,-0.2578125
0.3578979969024658,241,-0.30937499999999996
0.3594350814819336,242,-0.0515625
0.3607289791107178,243,-0.012890625
0.36219096183776855,244,-0.0515625
0.3640460968017578,245,-0.36093749999999997
0.36635398864746094,246,-0.580078125
0.3677670955657959,247,-1.65
0.3695950508117676,248,-0.167578125
0.37154412269592285,249,-0.23203125
0.373136043548584,250,-0.28359375
0.3743879795074463,251,-0.48984374999999997
0.3755350112915039,252,-0.103125
0.3766481876373291,253,0.012890625
0.3777430057525635,254,-0.012890625
0.3788630962371826,255,-0.116015625
0.3799619674682617,256,-0.48984374999999997
0.38114118576049805,257,-0.64453125
0.38228607177734375,258,-1.095703125
0.38339805603027344,259,-1.65
0.38456106185913086,260,0.0
0.3859431743621826,261,-0.21914062499999998
0.3874471187591553,262,-0.2578125
0.38903212547302246,263,-0.6574218749999999
0.3907921314239502,264,-0.12890625
0.39235496520996094,265,0.15468749999999998
0.39371514320373535,266,0.0
0.3961169719696045,267,-0.02578125
0.39797306060791016,268,-0.29648437499999997
0.3994719982147217,269,-0.9152343749999999
0.4015820026397705,270,-1.65
0.4033091068267822,271,-0.2578125
0.4045710563659668,272,-0.270703125
0.4057300090789795,273,-0.605859375
0.4068591594696045,274,-0.322265625
0.4079630374908447,275,-0.270703125
0.40908098220825195,276,-0.064453125
0.41019296646118164,277,0.0
0.4113140106201172,278,-0.0515625
0.41241002082824707,279,-0.064453125
0.4135570526123047,280,-0.515625
0.41472697257995605,281,-0.631640625
0.4161059856414795,282,-1.198828125
0.4175701141357422,283,-1.6242187499999998
0.4190840721130371,284,-0.0515625
0.42067813873291016,285,-0.20625
0.42220211029052734,286,-0.502734375
0.42351198196411133,287,-0.193359375
0.42542219161987305,288,-0.167578125
0.4276540279388428,289,-0.012890625
0.4290950298309326,290,-0.0515625
0.4310190677642822,291,-0.399609375
0.4328930377960205,292,-0.708984375
0.4342620372772217,293,-1.65
0.4354360103607178,294,-0.012890625
0.43655896186828613,295,-0.103125
0.43770813941955566,296,-0.2578125
0.43883419036865234,297,-0.399609375
0.4399290084838867,298,-0.322265625
0.44112205505371094,299,-0.322265625
0.4422290325164795,300,-0.116015625
0.44333314895629883,301,0.0
0.4444119930267334,302,0.0
0.44569897651672363,303,-0.103125
0.4470641613006592,304,-0.502734375
0.44854116439819336,305,-0.554296875
0.45001912117004395,306,-1.340625
0.45169496536254883,307,0.0
0.4531700611114502,308,-0.20625
0.4546070098876953,309,-0.2578125
0.4559459686279297,310,-0.322265625
0.45847511291503906,311,-0.33515625
0.46023011207580566,312,0.103125
0.4617621898651123,313,-0.064453125
0.4635751247406006,314,-0.23203125
0.46546006202697754,315,-0.5285156249999999
0.4668271541595459,316,-1.3664062499999998
0.4680061340332031,317,0.0
0.46913719177246094,318,-0.0515625
0.4702939987182617,319,-0.270703125
0.4714939594268799,320,-0.4640625
0.47261810302734375,321,-0.270703125
0.4737210273742676,322,-0.36093749999999997
0.4748501777648926,323,-0.2578125
0.47632813453674316,324,0.0
0.4777979850769043,325,-0.012890625
0.47922611236572266,326,-0.07734374999999999
0.4808039665222168,327,-0.48984374999999997
0.4823770523071289,328,-0.6703125
0.4837679862976074,329,-1.611328125
0.48531198501586914,330,0.0
0.4875011444091797,331,-0.4125
0.4895651340484619,332,-0.476953125
0.49121904373168945,333,-0.30937499999999996
0.4928891658782959,334,-0.012890625
0.4950740337371826,335,-0.012890625
0.49645400047302246,336,-0.09023437499999999
0.49763011932373047,337,-0.502734375
0.4987661838531494,338,-0.8765624999999999
0.4999210834503174,339,-1.533984375
0.5011529922485352,340,0.0
0.5023410320281982,341,-0.103125
0.5034580230712891,342,-0.20625
0.5045661926269531,343,-0.4125
0.5056631565093994,344,-0.6187499999999999
0.5068440437316895,345,-0.322265625
0.5082211494445801,346,-0.270703125
0.5097751617431641,347,0.012890625
0.5113871097564697,348,-0.02578125
0.5128870010375977,349,-0.02578125
0.5143511295318604,350,-0.30937499999999996
0.51580810546875,351,-0.4640625
0.517848014831543,352,-1.3921875
0.5202109813690186,353,-0.103125
0.5218369960784912,354,-0.322265625
0.5235121250152588,355,-0.12890625
0.5260729789733887,356,-0.18046874999999998
0.5275449752807617,357,-0.012890625
0.5287380218505859,358,-0.0515625
0.5298771858215332,359,-0.37382812499999996
0.5311980247497559,360,-0.5671875
0.5323560237884521,361,-1.0570312499999999
0.5335500240325928,362,-1.65
0.5346601009368896,363,0.0
0.5357520580291748,364,-0.116015625
0.5369479656219482,365,-0.30937499999999996
0.5383620262145996,366,-0.4125
0.53981614112854,367,-0.20625
0.54140305519104,368,-0.2578125
0.5430271625518799,369,0.0515625
0.5445210933685303,370,-0.012890625
0.5458850860595703,371,-0.103125
0.5474121570587158,372,-0.476953125
0.5492641925811768,373,-0.580078125
0.5518941879272461,374,-1.405078125
0.5534210205078125,375,-0.167578125
0.5549709796905518,376,-0.36093749999999997
0.5570621490478516,377,-0.23203125
0.5589461326599121,378,-0.167578125
0.5602271556854248,379,0.0
0.5613870620727539,380,-0.0515625
0.5625951290130615,381,-0.09023437499999999
0.5637211799621582,382,-0.5285156249999999
0.5648319721221924,383,-0.515625
0.5659811496734619,384,-1.1859374999999999
0.5671930313110352,385,-1.65
0.5685920715332031,386,-0.064453125
0.5701069831848145,387,-0.37382812499999996
0.5717010498046875,388,-0.29648437499999997
0.5733189582824707,389,-0.167578125
0.574800968170166,390,-0.23203125
0.5761990547180176,391,0.012890625
0.5785341262817383,392,-0.012890625
0.5807759761810303,393,-0.09023437499999999
0.5823631286621094,394,-0.322265625
0.5840201377868652,395,-1.405078125
0.5861070156097412,396,0.0
0.5875670909881592,397,-0.29648437499999997
0.5887651443481445,398,-0.4640625
0.5899651050567627,399,-0.167578125
0.5911111831665039,400,-0.21914062499999998
0.5922470092773438,401,-0.07734374999999999
0.5933530330657959,402,0.0
0.5944581031799316,403,-0.064453125
0.5955569744110107,404,-0.0515625
0.5968270301818848,405,-0.4125
0.5981531143188477,406,-0.5671875
0.5995919704437256,407,-1.134375
0.6010491847991943,408,-1.65
0.6026661396026611,409,-0.141796875
0.6041090488433838,410,-0.270703125
0.6054401397705078,411,-0.4125
0.6068100929260254,412,-0.270703125
0.6090161800384521,413,-0.21914062499999998
0.6110379695892334,414,0.012890625
0.612436056137085,415,-0.07734374999999999
0.6142191886901855,416,-0.4125
0.6161561012268066,417,-0.5285156249999999
0.6175441741943359,418,-1.6371093749999999
0.6187410354614258,419,-0.116015625
0.6198930740356445,420,-0.12890625
0.6211400032043457,421,-0.2578125
0.6223001480102539,422,-0.270703125
0.6234030723571777,423,-0.322265625
0.6245040893554688,424,-0.29648437499999997
0.6256341934204102,425,-0.15468749999999998
0.626737117767334,426,-0.012890625
0.6279079914093018,427,-0.064453125
0.6292901039123535,428,-0.09023437499999999
0.63083815574646,429,-0.515625
0.632390022277832,430,-0.6703125
0.6338779926300049,431,-1.546875
0.6353151798248291,432,0.0
0.636631965637207,433,-0.2578125
0.63897705078125,434,-0.322265625
0.6410121917724609,435,-0.20625
0.6424310207366943,436,0.29648437499999997
0.6441431045532227,437,0.012890625
0.646183967590332,438,-0.038671874999999994
0.6475591659545898,439,-0.4125
0.6487150192260742,440,-0.6703125
0.6498370170593262,441,-1.405078125
0.651108980178833,442,-0.07734374999999999
0.6522400379180908,443,-0.12890625
