time,count,voltage
0.005339145660400391,1,-0.30937499999999996
0.006905078887939453,2,-0.6703125
0.0083160400390625,3,-1.5984375
0.009724140167236328,4,-0.09023437499999999
0.011163949966430664,5,-0.322265625
0.012814998626708984,6,-0.33515625
0.014734983444213867,7,-0.103125
0.016571044921875,8,0.038671874999999994
0.018232107162475586,9,-0.012890625
0.019854068756103516,10,-0.167578125
0.02141404151916504,11,-0.4125
0.022840023040771484,12,-0.64453125
0.024276018142700195,13,-1.4308593749999998
0.0258939266204834,14,-0.116015625
0.027297019958496094,15,-0.2578125
0.028856992721557617,16,-0.28359375
0.030560016632080078,17,-0.270703125
0.032280921936035156,18,-0.451171875
0.03413796424865723,19,0.0
0.03602910041809082,20,-0.02578125
0.03766512870788574,21,-0.23203125
0.03926897048950195,22,-0.48984374999999997
0.04083609580993652,23,-1.198828125
0.04258608818054199,24,-0.064453125
0.044526100158691406,25,-0.33515625
0.047204017639160156,26,-0.29648437499999997
0.04987311363220215,27,-0.29648437499999997
0.05166292190551758,28,-0.012890625
0.05329608917236328,29,-0.103125
0.05548810958862305,30,-0.399609375
0.05774211883544922,31,-0.760546875
0.05973005294799805,32,-0.103125
0.06128096580505371,33,-0.33515625
0.06271004676818848,34,-0.4125
0.06408905982971191,35,-0.167578125
0.06551408767700195,36,-0.29648437499999997
0.0668950080871582,37,0.02578125
0.06825613975524902,38,-0.0515625
0.06961798667907715,39,-0.167578125
0.07097911834716797,40,-0.399609375
0.07233095169067383,41,-0.515625
0.07368612289428711,42,-1.16015625
0.0751640796661377,43,-1.1859374999999999
0.07663106918334961,44,-0.20625
0.07816600799560547,45,-0.348046875
0.07988715171813965,46,-0.43828124999999996
0.08159899711608887,47,-0.36093749999999997
0.08342099189758301,48,-0.064453125
0.08526301383972168,49,-0.0515625
0.08690595626831055,50,-0.12890625
0.08851194381713867,51,-0.42539062499999997
0.09062504768371582,52,-0.8121093749999999
0.09328293800354004,53,-1.611328125
0.09506011009216309,54,-0.37382812499999996
0.09671998023986816,55,-0.33515625
0.09874200820922852,56,-0.167578125
0.10097694396972656,57,0.09023437499999999
0.1028289794921875,58,-0.103125
0.10436010360717773,59,-0.399609375
0.10590195655822754,60,-0.476953125
0.10741114616394043,61,-1.2503906249999999
0.10911011695861816,62,0.0
0.11078500747680664,63,-0.2578125
0.11257505416870117,64,-0.30937499999999996
0.11441898345947266,65,-0.064453125
0.11630797386169434,66,-0.0515625
0.11798095703125,67,-0.0515625
0.12032008171081543,68,-0.103125
0.12285900115966797,69,-0.37382812499999996
0.12474393844604492,70,-1.2503906249999999
0.12684202194213867,71,-0.12890625
0.12894010543823242,72,-0.322265625
0.13035011291503906,73,-0.30937499999999996
0.1315479278564453,74,-0.37382812499999996
0.1327369213104248,75,-0.20625
0.13389801979064941,76,-0.012890625
0.13512206077575684,77,-0.0515625
0.13626408576965332,78,-0.141796875
0.13749194145202637,79,-0.48984374999999997
0.13890314102172852,80,-0.580078125
0.14036011695861816,81,-1.16015625
0.1419520378112793,82,-0.43828124999999996
0.1434769630432129,83,-0.23203125
0.14490795135498047,84,-0.2578125
0.14644598960876465,85,-0.322265625
0.1488339900970459,86,-0.36093749999999997
0.15082502365112305,87,-0.09023437499999999
0.1523139476776123,88,-0.116015625
0.15438294410705566,89,-0.18046874999999998
0.15614795684814453,90,-0.476953125
0.15741205215454102,91,-1.340625
0.15859198570251465,92,-0.09023437499999999
0.159743070602417,93,-0.23203125
0.16087603569030762,94,-0.502734375
0.16199898719787598,95,-0.37382812499999996
0.16312694549560547,96,-0.2578125
0.16425800323486328,97,-0.33515625
0.16541194915771484,98,-0.36093749999999997
0.1665499210357666,99,-0.167578125
0.1677401065826416,100,-0.012890625
0.1691420078277588,101,-0.116015625
0.17060399055480957,102,-0.28359375
0.17214512825012207,103,-0.54140625
0.17358708381652832,104,-1.1214843749999999
0.17505812644958496,105,-1.65
0.1765439510345459,106,-0.0515625
0.17899799346923828,107,-0.37382812499999996
0.18071508407592773,108,-0.23203125
0.18229103088378906,109,-0.20625
0.1842041015625,110,0.0515625
0.18588709831237793,111,-0.0515625
0.18747901916503906,112,-0.2578125
0.18902897834777832,113,-0.476953125
0.19086909294128418,114,-1.147265625
0.19250011444091797,115,0.0
0.1937699317932129,116,-0.28359375
0.19501304626464844,117,-0.29648437499999997
0.19620108604431152,118,-0.193359375
0.19736194610595703,119,-0.33515625
0.19858813285827637,120,-0.348046875
0.20000600814819336,121,-0.15468749999999998
0.20147204399108887,122,-0.02578125
0.20302414894104004,123,-0.116015625
0.20457696914672852,124,-0.42539062499999997
0.2061929702758789,125,-0.54140625
0.20781707763671875,126,-1.405078125
0.21040606498718262,127,-0.167578125
0.21202802658081055,128,-0.193359375
0.21365809440612793,129,-0.2578125
0.2158031463623047,130,-0.43828124999999996
0.21728897094726562,131,0.0
0.2184910774230957,132,-0.0515625
0.2196500301361084,133,-0.15468749999999998
0.22080302238464355,134,-0.5285156249999999
0.22195911407470703,135,-0.64453125
0.22308611869812012,136,-1.147265625
0.2242119312286377,137,-1.65
0.22536993026733398,138,0.0
0.22651910781860352,139,-0.29648437499999997
0.227647066116333,140,-0.270703125
0.22888994216918945,141,-0.38671875
0.23033595085144043,142,-0.21914062499999998
0.23179411888122559,143,-0.37382812499999996
0.23336410522460938,144,-0.09023437499999999
0.23490595817565918,145,-0.038671874999999994
0.23644304275512695,146,-0.141796875
0.23792695999145508,147,-0.4125
0.24053502082824707,148,-0.5929687499999999
0.24216413497924805,149,-1.65
0.24378108978271484,150,-0.322265625
0.24584698677062988,151,-0.103125
0.24726510047912598,152,-0.30937499999999996
0.2484891414642334,153,-0.2578125
0.24967503547668457,154,-0.09023437499999999
0.2508211135864258,155,0.012890625
0.25194597244262695,156,-0.07734374999999999
0.25307607650756836,157,-0.28359375
0.2542150020599365,158,-0.5671875
0.2553679943084717,159,-0.6703125
0.25650811195373535,160,-1.2374999999999998
0.2576479911804199,161,-1.65
0.2588460445404053,162,-0.02578125
0.2602560520172119,163,-0.23203125
0.26171207427978516,164,-0.29648437499999997
0.2632589340209961,165,-0.29648437499999997
0.2648661136627197,166,-0.2578125
0.2663400173187256,167,-0.0515625
0.26778411865234375,168,0.0
0.2700009346008301,169,-0.103125
0.2721729278564453,170,-0.37382812499999996
0.27364611625671387,171,-0.95390625
0.27559995651245117,172,-1.65
0.2774851322174072,173,-0.4125
0.27878808975219727,174,-0.322265625
0.27996301651000977,175,-0.18046874999999998
0.28111910820007324,176,-0.43828124999999996
0.2823030948638916,177,-0.33515625
0.2834439277648926,178,0.012890625
0.28464198112487793,179,-0.064453125
0.2857990264892578,180,-0.15468749999999998
0.28693413734436035,181,-0.37382812499999996
0.28806400299072266,182,-0.64453125
0.28926801681518555,183,-0.837890625
0.29066896438598633,184,-1.46953125
0.29212212562561035,185,-0.038671874999999994
0.29370808601379395,186,-0.20625
0.29529714584350586,187,-0.20625
0.29674506187438965,188,-0.30937499999999996
0.29813694953918457,189,-0.43828124999999996
0.30069613456726074,190,-0.193359375
0.302401065826416,191,-0.02578125
0.3040299415588379,192,-0.20625
0.30619311332702637,193,-0.5285156249999999
0.30759215354919434,194,-1.327734375
0.30880308151245117,195,0.0
0.30995798110961914,196,-0.270703125
0.3110921382904053,197,-0.270703125
0.31223106384277344,198,-0.42539062499999997
0.31336092948913574,199,-0.18046874999999998
0.3145589828491211,200,-0.42539062499999997
0.31572413444519043,201,-0.348046875
0.3168599605560303,202,0.012890625
0.3180100917816162,203,-0.07734374999999999
0.31923699378967285,204,-0.141796875
0.3206520080566406,205,-0.36093749999999997
0.32219696044921875,206,-0.5929687499999999
0.32373499870300293,207,-1.147265625
0.32553911209106445,208,-0.21914062499999998
0.32703399658203125,209,-0.399609375
0.328524112701416,210,-0.20625
0.33092212677001953,211,-0.43828124999999996
0.3329191207885742,212,-0.103125
0.33440613746643066,213,0.0
0.3371739387512207,214,-0.103125
0.33858704566955566,215,-0.399609375
0.3397810459136963,216,-0.992578125
0.3409450054168701,217,-1.6242187499999998
0.3421051502227783,218,-0.09023437499999999
0.3432469367980957,219,-0.29648437499999997
0.34437108039855957,220,-0.348046875
0.3455939292907715,221,-0.33515625
0.3467421531677246,222,-0.064453125
0.3478670120239258,223,-0.37382812499999996
0.34899210929870605,224,-0.30937499999999996
0.35022997856140137,225,0.012890625
0.3516380786895752,226,-0.0515625
0.3530869483947754,227,-0.20625
0.35471010208129883,228,-0.515625
0.35628700256347656,229,-0.6832031249999999
0.3577589988708496,230,-1.5597656249999998
0.3592410087585449,231,-0.103125
0.36173510551452637,232,-0.30937499999999996
0.3633451461791992,233,-0.37382812499999996
0.36503100395202637,234,-0.4640625
0.36714792251586914,235,-0.20625
0.3685469627380371,236,-0.0515625
0.36974096298217773,237,-0.167578125
0.3708939552307129,238,-0.515625
0.37202906608581543,239,-0.5285156249999999
0.37318992614746094,240,-1.16015625
0.3743281364440918,241,-1.65
0.375546932220459,242,-0.15468749999999998
0.37669897079467773,243,-0.270703125
0.37782907485961914,244,-0.23203125
0.3789501190185547,245,-0.605859375
0.38016605377197266,246,-0.12890625
0.38158202171325684,247,-0.4640625
0.3830289840698242,248,-0.20625
0.3846621513366699,249,0.012890625
0.38634800910949707,250,-0.09023437499999999
0.3878800868988037,251,-0.37382812499999996
0.3896911144256592,252,-0.554296875
0.39225006103515625,253,-1.3921875
0.3937981128692627,254,-0.23203125
0.3955700397491455,255,-0.21914062499999998
0.3975999355316162,256,-0.37382812499999996
0.399029016494751,257,-0.167578125
0.4002189636230469,258,0.0
0.40136003494262695,259,-0.012890625
0.40249013900756836,260,-0.167578125
0.40362095832824707,261,-0.37382812499999996
0.40477609634399414,262,-0.631640625
0.4059169292449951,263,-0.9152343749999999
0.4070451259613037,264,-1.4953124999999998
0.4081590175628662,265,-0.012890625
0.40927910804748535,266,-0.12890625
0.4104759693145752,267,-0.502734375
0.41187310218811035,268,-0.28359375
0.4133470058441162,269,-0.2578125
0.4149470329284668,270,-0.36093749999999997
0.41655707359313965,271,-0.15468749999999998
0.4179511070251465,272,0.0
0.4193251132965088,273,-0.167578125
0.4217090606689453,274,-0.38671875
0.42369699478149414,275,-0.6187499999999999
0.42533206939697266,276,-1.26328125
0.4273810386657715,277,-0.23203125
0.4289591312408447,278,-0.30937499999999996
0.4302201271057129,279,-0.167578125
0.4313931465148926,280,-0.33515625
0.4325389862060547,281,-0.21914062499999998
0.43371009826660156,282,0.0
0.43489503860473633,283,-0.0515625
0.43603992462158203,284,-0.2578125
0.43718409538269043,285,-0.515625
0.43831706047058105,286,-0.631640625
0.43945908546447754,287,-1.1214843749999999
0.44069409370422363,288,-1.65
0.44211506843566895,289,0.012890625
0.4435760974884033,290,-0.23203125
0.44513702392578125,291,-0.2578125
0.44669198989868164,292,-0.322265625
0.44807004928588867,293,-0.451171875
0.4494740962982178,294,-0.20625
0.4517951011657715,295,0.0
0.45369696617126465,296,-0.103125
0.4552030563354492,297,-0.43828124999999996
0.4570779800415039,298,-0.966796875
0.45896196365356445,299,-1.65
0.4603259563446045,300,-0.2578125
0.46152806282043457,301,-0.36093749999999997
0.46269798278808594,302,-0.580078125
0.46384596824645996,303,-0.37382812499999996
0.4650909900665283,304,-0.399609375
0.46623802185058594,305,-0.167578125
0.46737194061279297,306,0.0
0.4685080051422119,307,-0.0515625
0.46964097023010254,308,-0.193359375
0.47086405754089355,309,-0.5285156249999999
0.472275972366333,310,-0.605859375
0.4737210273742676,311,-1.2503906249999999
0.47536492347717285,312,-0.0515625
0.47688794136047363,313,-0.2578125
0.4782829284667969,314,-0.141796875
0.47966694831848145,315,-0.37382812499999996
0.4821619987487793,316,-0.322265625
0.4839000701904297,317,0.09023437499999999
0.48547792434692383,318,-0.038671874999999994
0.4875650405883789,319,-0.15468749999999998
0.4891390800476074,320,-0.4640625
0.4903740882873535,321,-1.2503906249999999
0.49153614044189453,322,0.0
0.49267005920410156,323,-0.193359375
0.4938061237335205,324,-0.36093749999999997
0.4950220584869385,325,-0.2578125
0.4961690902709961,326,-0.2578125
0.4973001480102539,327,-0.30937499999999996
0.49842405319213867,328,-0.36093749999999997
0.49955201148986816,329,-0.167578125
0.5006749629974365,330,0.012890625
0.5019140243530273,331,-0.09023437499999999
0.5033390522003174,332,-0.23203125
0.5048120021820068,333,-0.54140625
0.5063951015472412,334,-0.8121093749999999
0.5078909397125244,335,-1.5726562499999999
0.509268045425415,336,0.0
0.5106871128082275,337,-0.322265625
0.5130939483642578,338,-0.37382812499999996
0.5149071216583252,339,-0.193359375
0.5163121223449707,340,0.20625
0.5181419849395752,341,0.0
0.5201089382171631,342,-0.103125
0.5214970111846924,343,-0.4125
0.5226869583129883,344,-0.7863281249999999
0.523841142654419,345,-1.456640625
0.5250720977783203,346,-0.0515625
0.5262329578399658,347,-0.21914062499999998
0.5273740291595459,348,-0.36093749999999997
0.5285091400146484,349,-0.348046875
0.5296361446380615,350,-0.20625
0.5307600498199463,351,-0.322265625
0.5319690704345703,352,-0.30937499999999996
0.5334010124206543,353,-0.064453125
0.5349850654602051,354,-0.02578125
0.5366439819335938,355,-0.141796875
0.538161039352417,356,-0.476953125
0.539557933807373,357,-0.734765625
0.5409820079803467,358,-1.4953124999999998
0.5432620048522949,359,-0.02578125
0.5453290939331055,360,-0.322265625
0.546795129776001,361,-0.167578125
0.5488169193267822,362,-0.37382812499999996
0.5505549907684326,363,0.038671874999999994
0.5518331527709961,364,-0.02578125
0.5530149936676025,365,-0.15468749999999998
0.5541701316833496,366,-0.515625
0.5553240776062012,367,-0.5671875
0.5564529895782471,368,-1.1859374999999999
0.5575940608978271,369,-1.65
0.5587170124053955,370,-0.24492187499999998
0.559844970703125,371,-0.270703125
0.5609631538391113,372,-0.2578125
0.5621719360351562,373,-0.33515625
0.5635890960693359,374,-0.2578125
0.5651309490203857,375,-0.33515625
0.5667059421539307,376,-0.012890625
0.568213939666748,377,-0.012890625
0.5695531368255615,378,-0.23203125
0.5708601474761963,379,-0.4640625
0.5732951164245605,380,-0.515625
0.5750629901885986,381,-1.456640625
0.5764589309692383,382,-0.23203125
0.5781660079956055,383,-0.2578125
0.5801119804382324,384,-0.33515625
0.5815079212188721,385,-0.30937499999999996
0.5827090740203857,386,-0.0515625
0.583853006362915,387,-0.02578125
0.5851030349731445,388,-0.064453125
0.5862541198730469,389,-0.23203125
0.5873920917510986,390,-0.515625
0.5885190963745117,391,-0.580078125
0.5896451473236084,392,-1.147265625
0.5907621383666992,393,-1.65
0.5918710231781006,394,0.012890625
0.5930769443511963,395,-0.21914062499999998
0.594506025314331,396,-0.37382812499999996
0.5959570407867432,397,-0.322265625
0.5975360870361328,398,-0.2578125
0.5990989208221436,399,-0.193359375
0.6004829406738281,400,-0.02578125
0.6018819808959961,401,-0.0515625
0.603632926940918,402,-0.193359375
0.60601806640625,403,-0.515625
0.6075911521911621,404,-1.327734375
0.6090531349182129,405,-0.0515625
0.6109590530395508,406,-0.270703125
0.612678050994873,407,-0.36093749999999997
0.613990068435669,408,-0.4125
0.615199089050293,409,-0.28359375
0.6163489818572998,410,-0.141796875
0.6174881458282471,411,-0.012890625
0.6186120510101318,412,-0.103125
0.6197390556335449,413,-0.270703125
0.6208579540252686,414,-0.5929687499999999
0.6219990253448486,415,-0.6187499999999999
0.6232430934906006,416,-1.2503906249999999
0.6247661113739014,417,-1.65
0.6262209415435791,418,-0.0515625
0.6277170181274414,419,-0.2578125
0.6292450428009033,420,-0.4125
0.6306750774383545,421,-0.12890625
0.632072925567627,422,-0.103125
0.6336469650268555,423,-0.116015625
0.6362850666046143,424,-0.0515625
0.6379561424255371,425,-0.29648437499999997
0.6394679546356201,426,-0.580078125
0.6414430141448975,427,-1.41796875
0.6432130336761475,428,-0.0515625
0.6445820331573486,429,-0.29648437499999997
0.6462781429290771,430,-0.476953125
0.647489070892334,431,-0.30937499999999996
0.6486461162567139,432,-0.33515625
0.649785041809082,433,-0.012890625
0.6509110927581787,434,-0.012890625
0.6520400047302246,435,-0.09023437499999999
0.6532750129699707,436,-0.20625
0.6547930240631104,437,-0.54140625
0.656243085861206,438,-0.7218749999999999
0.6578121185302734,439,-1.52109375
0.659264087677002,440,-0.012890625
0.6606271266937256,441,-0.43828124999999996
0.662006139755249,442,-0.554296875
0.6637959480285645,443,-0.9796874999999999
0.6661701202392578,444,-0.7476562499999999
0.6677510738372803,445,0.012890625
0.6692159175872803,446,-0.12890625
0.671191930770874,447,-0.30937499999999996
0.6729409694671631,448,-0.4640625
0.674238920211792,449,-1.482421875
0.6754419803619385,450,-0.103125
0.676609992980957,451,-0.399609375
0.6778521537780762,452,-0.29648437499999997
0.6792960166931152,453,-0.399609375
0.680743932723999,454,-0.33515625
0.68196702003479,455,-0.21914062499999998
0.6832449436187744,456,-0.038671874999999994
0.6847379207611084,457,-0.09023437499999999
0.6862859725952148,458,-0.18046874999999998
0.6878559589385986,459,-0.451171875
0.6894659996032715,460,-0.6187499999999999
0.6908481121063232,461,-1.4953124999999998
0.6923239231109619,462,-0.038671874999999994
0.6946620941162109,463,-0.2578125
0.6967310905456543,464,-0.4125
0.6982131004333496,465,-0.103125
0.6998500823974609,466,0.038671874999999994
0.7019410133361816,467,0.012890625
0.7033600807189941,468,-0.18046874999999998
0.7048170566558838,469,-0.502734375
0.7060139179229736,470,-0.69609375
0.7071549892425537,471,-1.4953124999999998
0.7082929611206055,472,-0.12890625
0.7095041275024414,473,-0.18046874999999998
0.710655927658081,474,-0.37382812499999996
0.7117741107940674,475,-0.4125
0.7128970623016357,476,-0.15468749999999998
0.7141499519348145,477,-0.28359375
0.7155709266662598,478,-0.2578125
0.7170579433441162,479,-0.012890625
0.7186219692230225,480,-0.0515625
0.7202019691467285,481,-0.15468749999999998
0.7215931415557861,482,-0.502734375
0.7229881286621094,483,-0.889453125
0.7255070209503174,484,-1.611328125
0.7281589508056641,485,-0.12890625
0.7296271324157715,486,-0.4640625
0.7313640117645264,487,-0.21914062499999998
0.733422040939331,488,-0.103125
0.734874963760376,489,-0.0515625
0.736098051071167,490,-0.12890625
0.7372779846191406,491,-0.5285156249999999
0.7384190559387207,492,-0.6187499999999999
0.739544153213501,493,-1.134375
0.74086594581604,494,-1.65
0.7420749664306641,495,0.0
0.7432041168212891,496,-0.322265625
0.744420051574707,497,-0.20625
0.7459149360656738,498,-0.42539062499999997
0.7473680973052979,499,-0.2578125
0.7489330768585205,500,-0.18046874999999998
0.7505490779876709,501,0.0
0.7519609928131104,502,-0.0515625
0.753493070602417,503,-0.20625
0.7556819915771484,504,-0.5671875
0.7579159736633301,505,-1.0828125
0.7593851089477539,506,-0.0515625
0.7610931396484375,507,-0.42539062499999997
0.7630560398101807,508,-0.322265625
0.764564037322998,509,-0.33515625
0.7658219337463379,510,-0.0515625
0.7669970989227295,511,-0.012890625
0.7681820392608643,512,-0.116015625
0.7693219184875488,513,-0.270703125
0.7704470157623291,514,-0.54140625
0.7715640068054199,515,-0.6574218749999999
0.772691011428833,516,-1.1214843749999999
0.7738399505615234,517,-1.65
0.7751209735870361,518,-0.02578125
0.7765560150146484,519,-0.2578125
0.7779841423034668,520,-0.30937499999999996
0.7795319557189941,521,-0.4125
0.7811009883880615,522,-0.348046875
0.7825949192047119,523,-0.141796875
0.7840790748596191,524,0.012890625
0.7860250473022461,525,-0.103125
0.7883501052856445,526,-0.30937499999999996
0.7898890972137451,527,-0.734765625
0.7914550304412842,528,-1.65
0.7934420108795166,529,-0.09023437499999999
0.7950270175933838,530,-0.2578125
0.7963030338287354,531,-0.2578125
0.7975730895996094,532,-0.322265625
0.7987480163574219,533,-0.23203125
0.7998800277709961,534,0.012890625
0.8010270595550537,535,-0.012890625
0.8021590709686279,536,-0.15468749999999998
0.8032889366149902,537,-0.33515625
0.804434061050415,538,-0.6187499999999999
0.8058040142059326,539,-0.7734375
0.8072359561920166,540,-1.46953125
0.808751106262207,541,-0.103125
0.8103029727935791,542,-0.2578125
0.8117799758911133,543,-0.193359375
0.813270092010498,544,-0.322265625
0.8147859573364258,545,-0.38671875
0.8167190551757812,546,-0.103125
0.8190491199493408,547,0.012890625
0.8206541538238525,548,-0.193359375
0.8222920894622803,549,-0.451171875
0.8243720531463623,550,-1.134375
0.8262450695037842,551,-0.103125
0.8275339603424072,552,-0.348046875
0.8287210464477539,553,-0.4125
0.829888105392456,554,-0.20625
0.8310129642486572,555,-0.4125
0.8321781158447266,556,-0.4125
0.8333120346069336,557,0.012890625
0.8344249725341797,558,-0.0515625
0.8357651233673096,559,-0.167578125
0.8372981548309326,560,-0.37382812499999996
0.8387799263000488,561,-0.6574218749999999
0.8404431343078613,562,-1.26328125
0.8418951034545898,563,0.0
0.8435349464416504,564,-0.23203125
0.8449831008911133,565,-0.30937499999999996
0.8473141193389893,566,-0.23203125
0.8493189811706543,567,-0.167578125
0.8507399559020996,568,0.012890625
0.8525991439819336,569,-0.103125
0.8547790050506592,570,-0.30937499999999996
0.8562259674072266,571,-0.64453125
0.8574259281158447,572,-1.533984375
0.8585641384124756,573,0.0
0.8596799373626709,574,-0.167578125
0.8607890605926514,575,-0.4640625
0.8619339466094971,576,-0.42539062499999997
0.8630521297454834,577,-0.141796875
0.8641951084136963,578,-0.43828124999999996
0.8653569221496582,579,-0.37382812499999996
0.8666040897369385,580,-0.012890625
0.8680770397186279,581,-0.0515625
0.8695600032806396,582,-0.167578125
0.8711609840393066,583,-0.476953125
0.8727049827575684,584,-0.631640625
0.8740699291229248,585,-1.5082031249999999
0.8754980564117432,586,-0.103125
0.8768091201782227,587,-0.167578125
0.8792660236358643,588,-0.193359375
0.8811399936676025,589,-0.0515625
0.882565975189209,590,0.141796875
0.8845770359039307,591,-0.012890625
0.8865921497344971,592,-0.064453125
0.8879339694976807,593,-0.4125
0.8892030715942383,594,-0.6703125
0.8903539180755615,595,-1.4308593749999998
0.8915121555328369,596,-0.0515625
0.8926410675048828,597,-0.33515625
0.8937859535217285,598,-0.21914062499999998
0.8949320316314697,599,-0.270703125
0.8960959911346436,600,-0.348046875
0.8973569869995117,601,-0.4125
0.8988521099090576,602,-0.36093749999999997
0.9004290103912354,603,0.0
0.9021539688110352,604,-0.02578125
0.9042830467224121,605,-0.167578125
0.9058599472045898,606,-0.4640625
0.9073050022125244,607,-1.3148437499999999
0.9099359512329102,608,-0.2578125
0.9116721153259277,609,-0.30937499999999996
0.9130680561065674,610,-0.30937499999999996
0.9149370193481445,611,-0.42539062499999997
0.9168810844421387,612,-0.167578125
0.9183099269866943,613,-0.02578125
0.9195020198822021,614,-0.141796875
0.9206991195678711,615,-0.4640625
0.9218261241912842,616,-0.5671875
0.922935962677002,617,-1.1859374999999999
0.9240529537200928,618,-1.65
0.9254510402679443,619,-0.038671874999999994
0.9266750812530518,620,-0.30937499999999996
0.9279270172119141,621,-0.37382812499999996
0.9294259548187256,622,-0.36093749999999997
0.930872917175293,623,-0.36093749999999997
0.9325249195098877,624,-0.21914062499999998
0.9340829849243164,625,0.0
0.9354970455169678,626,-0.103125
0.9373431205749512,627,-0.270703125
0.9396929740905762,628,-0.43828124999999996
0.9416830539703369,629,-1.3664062499999998
0.9431231021881104,630,-0.21914062499999998
0.9449450969696045,631,-0.36093749999999997
0.9468879699707031,632,-0.2578125
0.9482719898223877,633,-0.322265625
0.9495670795440674,634,0.0
0.9507391452789307,635,0.0
0.9518680572509766,636,-0.116015625
0.9530251026153564,637,-0.28359375
0.9541511535644531,638,-0.6187499999999999
0.9553050994873047,639,-0.6703125
0.9564261436462402,640,-1.3019531249999998
0.9575741291046143,641,-1.65
0.9588150978088379,642,-0.064453125
0.9602971076965332,643,-0.24492187499999998
0.9617331027984619,644,-0.322265625
0.96327805519104,645,-0.20625
0.9651839733123779,646,-0.502734375
