time,count,voltage
0.0059468746185302734,1,0.15468749999999998
0.007530927658081055,2,0.0
0.00893402099609375,3,-0.012890625
0.010313987731933594,4,-0.30937499999999996
0.011778831481933594,5,-0.48984374999999997
0.01323080062866211,6,-1.3664062499999998
0.014632940292358398,7,0.0
0.024483919143676758,8,0.0
0.026047945022583008,9,-0.02578125
0.027493953704833984,10,-0.2578125
0.028920888900756836,11,-0.837890625
0.030301809310913086,12,-1.611328125
0.05475497245788574,13,0.0
0.05685901641845703,14,-1.198828125
0.05923795700073242,15,-0.012890625
0.06133294105529785,16,-0.322265625
0.06299090385437012,17,-0.9796874999999999
0.06445789337158203,18,0.0
0.06584286689758301,19,0.0
0.06722879409790039,20,0.0
0.06861495971679688,21,-0.20625
0.06995487213134766,22,-0.322265625
0.07133102416992188,23,-0.193359375
0.07266783714294434,24,0.012890625
0.07399487495422363,25,-0.012890625
0.07545280456542969,26,-0.012890625
0.07737588882446289,27,-0.33515625
0.0792539119720459,28,-0.4640625
0.08101701736450195,29,-1.65
0.08293485641479492,30,-0.0515625
0.08516883850097656,31,-0.167578125
0.0870509147644043,32,-0.064453125
0.08853793144226074,33,0.18046874999999998
0.0911858081817627,34,0.0
0.09289979934692383,35,-0.012890625
0.0947568416595459,36,-0.23203125
0.09679889678955078,37,-0.9410156249999999
0.09814691543579102,38,0.0
0.0993509292602539,39,-0.18046874999999998
0.10051989555358887,40,-0.20625
0.10165596008300781,41,-0.0515625
0.1027519702911377,42,-0.30937499999999996
0.10385298728942871,43,-0.37382812499999996
0.10499095916748047,44,-0.20625
0.1061239242553711,45,-0.012890625
0.10756492614746094,46,0.0
0.10907292366027832,47,-0.012890625
0.11052298545837402,48,-0.30937499999999996
0.11214590072631836,49,-0.580078125
0.11359596252441406,50,-1.46953125
0.1150670051574707,51,0.0
0.11641502380371094,52,-0.12890625
0.11857485771179199,53,-0.33515625
0.12076997756958008,54,-0.064453125
0.1221768856048584,55,0.37382812499999996
0.12425684928894043,56,0.02578125
0.12612485885620117,57,-0.012890625
0.12743687629699707,58,-0.20625
0.12861299514770508,59,-0.825
0.12973594665527344,60,-1.533984375
0.13089895248413086,61,0.0
0.13202285766601562,62,0.0
0.13315701484680176,63,-0.09023437499999999
0.13428783416748047,64,-0.399609375
0.1353919506072998,65,0.0
0.1364748477935791,66,-0.270703125
0.13763880729675293,67,-0.270703125
0.13906097412109375,68,0.0
0.14050889015197754,69,0.0
0.14208698272705078,70,-0.012890625
0.14358901977539062,71,-0.36093749999999997
0.1450328826904297,72,-0.43828124999999996
0.14641284942626953,73,-1.340625
0.14856481552124023,74,0.0
0.150770902633667,75,0.0
0.1521759033203125,76,-0.167578125
0.15418195724487305,77,-0.18046874999999998
0.15593981742858887,78,0.116015625
0.15729689598083496,79,0.012890625
0.15846681594848633,80,-0.012890625
0.15963292121887207,81,-0.322265625
0.1607379913330078,82,-0.33515625
0.16183900833129883,83,-0.90234375
0.16293692588806152,84,-1.533984375
0.16404485702514648,85,0.0
0.16523480415344238,86,-0.09023437499999999
0.16634392738342285,87,-0.193359375
0.16748380661010742,88,-0.28359375
0.16867494583129883,89,-0.20625
0.1700899600982666,90,-0.2578125
0.1717548370361328,91,-0.193359375
0.1731879711151123,92,0.012890625
0.17455792427062988,93,0.0
0.17600297927856445,94,-0.0515625
0.17746996879577637,95,-0.322265625
0.17931199073791504,96,-0.825
0.18193888664245605,97,-1.611328125
0.18351387977600098,98,-0.167578125
0.18496394157409668,99,-0.30937499999999996
0.18705296516418457,100,-0.167578125
0.18880295753479004,101,0.0515625
0.19013500213623047,102,0.012890625
0.19133782386779785,103,-0.012890625
0.192490816116333,104,-0.193359375
0.19360685348510742,105,-0.322265625
0.19479084014892578,106,-0.54140625
0.19594192504882812,107,-1.2890625
0.19711685180664062,108,0.0
0.19823384284973145,109,0.0
0.19942688941955566,110,-0.012890625
0.20083284378051758,111,-0.167578125
0.2022848129272461,112,-0.103125
0.2038869857788086,113,-0.193359375
0.20598983764648438,114,-0.012890625
0.2075209617614746,115,0.0
0.208892822265625,116,-0.02578125
0.21115398406982422,117,-0.33515625
0.2132418155670166,118,-0.54140625
0.21478581428527832,119,-0.012890625
0.21646785736083984,120,-0.038671874999999994
0.21846485137939453,121,-0.2578125
0.22005796432495117,122,-0.12890625
0.22133278846740723,123,0.09023437499999999
0.2225019931793213,124,0.0
0.22363781929016113,125,0.0
0.2247638702392578,126,-0.02578125
0.2258739471435547,127,-0.2578125
0.22697186470031738,128,-0.42539062499999997
0.22811079025268555,129,-0.5671875
0.22922897338867188,130,-1.3019531249999998
0.23042082786560059,131,0.0
0.23180198669433594,132,0.0
0.2332439422607422,133,-0.15468749999999998
0.23499178886413574,134,-0.322265625
0.23650884628295898,135,-0.064453125
0.23796391487121582,136,-0.012890625
0.23932290077209473,137,0.0
0.24126791954040527,138,0.0
0.24375081062316895,139,-0.012890625
0.24540090560913086,140,-0.322265625
0.24704194068908691,141,-1.4308593749999998
0.24902987480163574,142,0.012890625
0.2505068778991699,143,0.0
0.25182485580444336,144,-0.2578125
0.2530817985534668,145,-0.322265625
0.2542409896850586,146,-0.28359375
0.2553529739379883,147,-0.02578125
0.25646090507507324,148,0.012890625
0.2575559616088867,149,-0.02578125
0.2586629390716553,150,-0.0515625
0.2597978115081787,151,-0.33515625
0.26098179817199707,152,-0.33515625
0.26242995262145996,153,-0.992578125
0.2638850212097168,154,-1.65
0.26549601554870605,155,0.0
0.2670269012451172,156,-0.15468749999999998
0.26848602294921875,157,-0.29648437499999997
0.26996397972106934,158,-0.29648437499999997
0.27161097526550293,159,-0.15468749999999998
0.27403783798217773,160,0.012890625
0.27574896812438965,161,-0.012890625
0.2772660255432129,162,-0.28359375
0.27921390533447266,163,-0.5285156249999999
0.28098201751708984,164,-1.5597656249999998
0.2822718620300293,165,0.0
0.283430814743042,166,-0.012890625
0.28512096405029297,167,-0.270703125
0.2862849235534668,168,-0.36093749999999997
0.2874109745025635,169,-0.322265625
0.28854799270629883,170,-0.12890625
0.2896709442138672,171,0.012890625
0.2907979488372803,172,-0.012890625
0.29198479652404785,173,-0.0515625
0.2934598922729492,174,-0.36093749999999997
0.2949409484863281,175,-0.30937499999999996
0.2965118885040283,176,-1.224609375
0.29804086685180664,177,0.0
0.2995569705963135,178,-0.02578125
0.3010439872741699,179,-0.24492187499999998
0.3028419017791748,180,-0.02578125
0.3056600093841553,181,-0.36093749999999997
0.3071739673614502,182,0.0
0.3087649345397949,183,-0.012890625
0.31081581115722656,184,-0.322265625
0.3123738765716553,185,-0.580078125
0.31362485885620117,186,-1.611328125
0.31487584114074707,187,0.0
0.3160250186920166,188,-0.0515625
0.3171968460083008,189,-0.167578125
0.31830596923828125,190,-0.30937499999999996
0.3194129467010498,191,-0.20625
0.3205099105834961,192,-0.30937499999999996
0.32160186767578125,193,-0.15468749999999998
0.32283997535705566,194,0.0
0.32438087463378906,195,-0.012890625
0.3259139060974121,196,-0.012890625
0.3274688720703125,197,-0.36093749999999997
0.32896995544433594,198,-0.6832031249999999
0.3303718566894531,199,-1.611328125
0.3318347930908203,200,0.0
0.3337819576263428,201,-0.064453125
0.3363058567047119,202,-0.322265625
0.33792686462402344,203,0.0515625
0.33962082862854004,204,0.0
0.3418087959289551,205,0.0
0.34325098991394043,206,-0.167578125
0.3444650173187256,207,-0.20625
0.34559202194213867,208,-0.966796875
0.34678196907043457,209,-1.6371093749999999
0.3479149341583252,210,0.0
0.3490588665008545,211,-0.0515625
0.3501589298248291,212,-0.038671874999999994
0.35127997398376465,213,-0.36093749999999997
0.35237884521484375,214,-0.12890625
0.35356593132019043,215,-0.399609375
0.35500001907348633,216,-0.2578125
0.35652899742126465,217,0.0
0.3581368923187256,218,-0.012890625
0.3596329689025879,219,-0.141796875
0.36098694801330566,220,-0.2578125
0.36231398582458496,221,-0.90234375
0.3642919063568115,222,-1.6242187499999998
0.36671996116638184,223,0.0
0.3682548999786377,224,-0.270703125
0.36984992027282715,225,-0.103125
0.3724958896636963,226,-0.12890625
0.37390780448913574,227,0.0
0.37517499923706055,228,-0.012890625
0.37631893157958984,229,-0.322265625
0.37743186950683594,230,-0.30937499999999996
0.3785409927368164,231,-0.889453125
0.37969398498535156,232,-1.52109375
0.3808128833770752,233,0.0
0.3819010257720947,234,0.0
0.38298487663269043,235,-0.12890625
0.38425183296203613,236,-0.30937499999999996
0.3856678009033203,237,-0.064453125
0.3871169090270996,238,-0.2578125
0.3886878490447998,239,-0.02578125
0.39020800590515137,240,0.0
0.3915560245513916,241,-0.012890625
0.39290595054626465,242,-0.2578125
0.39449000358581543,243,-0.37382812499999996
0.39730095863342285,244,-0.9152343749999999
0.3989369869232178,245,-0.0515625
0.40047383308410645,246,0.0
0.4024379253387451,247,-0.4125
0.40434694290161133,248,-0.193359375
0.4056518077850342,249,0.29648437499999997
0.40684080123901367,250,-0.012890625
0.4079558849334717,251,0.012890625
0.4090728759765625,252,-0.167578125
0.41018080711364746,253,-0.4125
0.4113190174102783,254,-0.554296875
0.41242194175720215,255,-1.2374999999999998
0.4135468006134033,256,-1.65
0.4148828983306885,257,0.0
0.4163548946380615,258,-0.038671874999999994
0.41782093048095703,259,-0.20625
0.4194049835205078,260,-0.12890625
0.4209768772125244,261,-0.33515625
0.42241787910461426,262,0.07734374999999999
0.42383599281311035,263,-0.012890625
0.4255378246307373,264,-0.02578125
0.4281740188598633,265,-0.28359375
0.42977190017700195,266,-0.837890625
0.43135786056518555,267,0.0
0.4333329200744629,268,-0.02578125
0.4350259304046631,269,-0.2578125
0.43633580207824707,270,-0.0515625
0.4375429153442383,271,-0.116015625
0.4386568069458008,272,0.038671874999999994
0.439802885055542,273,0.0
0.44089388847351074,274,-0.012890625
0.4419867992401123,275,-0.02578125
0.44307684898376465,276,-0.33515625
0.4442729949951172,277,-0.36093749999999997
0.44550395011901855,278,-0.95390625
0.44699788093566895,279,-1.6371093749999999
0.4485049247741699,280,0.0
0.4500398635864258,281,-0.12890625
0.45171093940734863,282,-0.29648437499999997
0.45322680473327637,283,-0.09023437499999999
0.45472002029418945,284,-0.02578125
0.4567089080810547,285,0.0
0.4590158462524414,286,0.0
0.46053600311279297,287,-0.270703125
0.4621899127960205,288,-0.5285156249999999
0.46431899070739746,289,-1.405078125
0.4658019542694092,290,0.012890625
0.467026948928833,291,-0.012890625
0.468228816986084,292,-0.2578125
0.4693479537963867,293,-0.103125
0.470444917678833,294,-0.23203125
0.4715309143066406,295,-0.15468749999999998
0.47262096405029297,296,0.012890625
0.4737060070037842,297,0.0
0.47484779357910156,298,-0.012890625
0.47609400749206543,299,-0.2578125
0.4775369167327881,300,-0.37382812499999996
0.47899389266967773,301,-0.837890625
0.4805929660797119,302,-1.65
0.4820578098297119,303,0.0
0.483536958694458,304,-0.07734374999999999
0.4850749969482422,305,-0.4125
0.4865438938140869,306,-0.0515625
0.4890749454498291,307,-0.09023437499999999
0.4907679557800293,308,0.012890625
0.49228692054748535,309,0.0
0.49525880813598633,310,-0.37382812499999996
0.49713897705078125,311,-0.631640625
0.4983558654785156,312,-0.0515625
0.4995079040527344,313,-0.02578125
0.5007228851318359,314,-0.24492187499999998
0.5018839836120605,315,-0.20625
0.5029959678649902,316,-0.322265625
0.504148006439209,317,-0.322265625
0.5052897930145264,318,-0.116015625
0.506511926651001,319,0.0
0.5080738067626953,320,-0.012890625
0.509570837020874,321,-0.09023437499999999
0.5111839771270752,322,-0.322265625
0.5131049156188965,323,-0.928125
0.5145618915557861,324,0.012890625
0.5160868167877197,325,-0.0515625
0.5181229114532471,326,-0.064453125
0.5203289985656738,327,-0.064453125
0.5217978954315186,328,0.09023437499999999
0.5233559608459473,329,0.0
0.5254528522491455,330,0.0
0.5270788669586182,331,-0.21914062499999998
0.5283529758453369,332,-0.451171875
0.5295038223266602,333,-1.3019531249999998
0.5306508541107178,334,0.0
0.5318248271942139,335,0.0
0.5329349040985107,336,-0.167578125
0.5341019630432129,337,-0.270703125
0.5352377891540527,338,-0.116015625
0.5364279747009277,339,-0.322265625
0.5378270149230957,340,-0.30937499999999996
0.5393109321594238,341,0.0
0.540928840637207,342,-0.012890625
0.5424540042877197,343,-0.012890625
0.5439298152923584,344,-0.28359375
0.5454490184783936,345,-0.5671875
0.5473568439483643,346,-1.456640625
0.5499439239501953,347,0.0
0.5514628887176514,348,-0.270703125
0.5530169010162354,349,-0.064453125
0.5552139282226562,350,-0.21914062499999998
0.5568058490753174,351,0.012890625
0.5580718517303467,352,-0.012890625
0.559255838394165,353,-0.20625
0.56038498878479,354,-0.4125
0.5614848136901855,355,-0.5671875
0.5625779628753662,356,-1.2890625
0.5637238025665283,357,-0.33515625
0.5648579597473145,358,0.0
0.5659589767456055,359,-0.038671874999999994
0.5671508312225342,360,-0.167578125
0.5685570240020752,361,-0.36093749999999997
0.5700159072875977,362,-0.322265625
0.5716538429260254,363,-0.15468749999999998
0.5732579231262207,364,0.0
0.5747818946838379,365,-0.012890625
0.5762410163879395,366,-0.116015625
0.5779619216918945,367,-0.33515625
0.5803649425506592,368,-0.8765624999999999
0.5819759368896484,369,0.0
0.5833868980407715,370,-0.012890625
0.5855789184570312,371,-0.322265625
0.5872268676757812,372,-0.322265625
0.5884959697723389,373,0.09023437499999999
0.589709997177124,374,0.012890625
0.5908739566802979,375,-0.012890625
0.5920050144195557,376,-0.012890625
0.5931029319763184,377,-0.36093749999999997
0.5942850112915039,378,-0.37382812499999996
0.5954349040985107,379,-0.928125
0.5965609550476074,380,-1.6242187499999998
0.5977849960327148,381,0.0
0.5991787910461426,382,0.0
0.6006278991699219,383,-0.012890625
0.6021699905395508,384,-0.167578125
0.603754997253418,385,-0.29648437499999997
0.6051678657531738,386,-0.02578125
0.6065490245819092,387,0.0
0.6081628799438477,388,-0.012890625
0.6109809875488281,389,-0.103125
0.6126179695129395,390,-0.33515625
0.6142818927764893,391,-1.65
0.6162879467010498,392,-0.0515625
0.617872953414917,393,-0.141796875
0.6191589832305908,394,-0.02578125
0.6203749179840088,395,-0.348046875
0.6215229034423828,396,-0.18046874999999998
0.6226358413696289,397,0.012890625
0.6237709522247314,398,0.0
0.6248908042907715,399,-0.012890625
0.6259908676147461,400,-0.23203125
0.627079963684082,401,-0.33515625
0.6283040046691895,402,-0.631640625
0.6297409534454346,403,-1.340625
0.6311888694763184,404,0.0
0.632713794708252,405,0.012890625
0.6342740058898926,406,-0.0515625
0.635814905166626,407,-0.12890625
0.6374030113220215,408,-0.2578125
0.6393790245056152,409,0.0515625
0.6416769027709961,410,0.0
0.643176794052124,411,-0.167578125
0.6446778774261475,412,-0.21914062499999998
0.6468198299407959,413,-0.95390625
0.648425817489624,414,0.0
0.6496767997741699,415,-0.07734374999999999
0.6509149074554443,416,-0.28359375
0.6520528793334961,417,-0.07734374999999999
0.6532399654388428,418,-0.23203125
0.6543588638305664,419,-0.20625
0.6554539203643799,420,0.0
0.656545877456665,421,0.0
0.6576240062713623,422,0.012890625
0.6588618755340576,423,-0.038671874999999994
0.6603138446807861,424,-0.399609375
0.6617968082427979,425,-0.42539062499999997
0.6633539199829102,426,-1.3664062499999998
0.6649539470672607,427,0.0
0.6663877964019775,428,-0.09023437499999999
0.6678848266601562,429,-0.20625
0.6700778007507324,430,-0.064453125
0.6722090244293213,431,-0.21914062499999998
0.6736879348754883,432,0.012890625
0.6753199100494385,433,-0.02578125
0.677487850189209,434,-0.2578125
0.6789798736572266,435,-0.554296875
0.6801888942718506,436,-1.585546875
0.6813199520111084,437,0.0
0.682420015335083,438,0.0
0.6835198402404785,439,-0.0515625
0.6847829818725586,440,-0.322265625
0.6858968734741211,441,-0.2578125
0.6869947910308838,442,-0.38671875
0.6881058216094971,443,-0.28359375
0.6892828941345215,444,0.012890625
0.690673828125,445,0.0
0.6922018527984619,446,-0.02578125
0.693748950958252,447,-0.29648437499999997
0.6952869892120361,448,-0.43828124999999996
0.6966769695281982,449,-1.3664062499999998
0.6980798244476318,450,0.012890625
0.7014639377593994,451,-0.012890625
0.7032468318939209,452,-0.141796875
0.7047719955444336,453,-0.09023437499999999
0.7066018581390381,454,0.0
0.7086129188537598,455,0.012890625
0.7099828720092773,456,-0.23203125
0.7111489772796631,457,-0.20625
0.7122747898101807,458,-1.00546875
0.7133829593658447,459,-1.611328125
0.7145099639892578,460,0.012890625
0.71561598777771,461,0.0
0.7167518138885498,462,-0.0515625
0.7178468704223633,463,-0.399609375
0.7189388275146484,464,-0.02578125
0.7203497886657715,465,-0.42539062499999997
0.7220919132232666,466,-0.193359375
0.7236299514770508,467,0.0
0.7252988815307617,468,-0.012890625
0.7267158031463623,469,-0.270703125
0.7281157970428467,470,-0.24492187499999998
0.729496955871582,471,-1.095703125
0.7314000129699707,472,0.012890625
0.7338688373565674,473,0.0
0.7355039119720459,474,-0.28359375
0.7370419502258301,475,-0.2578125
0.739069938659668,476,-0.09023437499999999
0.7406859397888184,477,-0.012890625
0.7419629096984863,478,0.0
0.7430930137634277,479,-0.33515625
0.7442829608917236,480,-0.399609375
0.7454168796539307,481,-0.9796874999999999
0.7465159893035889,482,-1.65
0.7476058006286621,483,0.0
0.7487289905548096,484,0.0
0.7498137950897217,485,-0.09023437499999999
0.750985860824585,486,-0.322265625
0.7523889541625977,487,-0.167578125
0.7538108825683594,488,-0.270703125
0.7554779052734375,489,-0.02578125
0.7570598125457764,490,0.012890625
0.7585089206695557,491,-0.012890625
0.7599518299102783,492,-0.2578125
0.7616169452667236,493,-0.4125
0.764286994934082,494,-1.1214843749999999
0.7659039497375488,495,0.0
0.7674238681793213,496,-0.0515625
0.7694079875946045,497,-0.21914062499999998
0.7711718082427979,498,-0.09023437499999999
0.7724490165710449,499,0.0
0.7736258506774902,500,-0.012890625
0.774777889251709,501,-0.02578125
0.7758948802947998,502,-0.167578125
0.7769958972930908,503,-0.399609375
0.7780828475952148,504,-0.631640625
0.779188871383667,505,-1.3019531249999998
0.780310869216919,506,-0.502734375
0.7815089225769043,507,0.0
0.7829577922821045,508,-0.012890625
0.7844719886779785,509,-0.12890625
0.7860498428344727,510,-0.064453125
0.7876408100128174,511,-0.322265625
0.7890520095825195,512,0.103125
0.7904679775238037,513,0.012890625
0.7918868064880371,514,-0.012890625
0.7944848537445068,515,-0.270703125
0.7962470054626465,516,-0.631640625
0.7977027893066406,517,0.0
0.7996888160705566,518,0.012890625
0.8014659881591797,519,-0.064453125
0.8028128147125244,520,-0.02578125
0.8040268421173096,521,-0.20625
0.8052840232849121,522,-0.012890625
0.806419849395752,523,0.0
0.80753493309021,524,0.0
0.8086259365081787,525,-0.012890625
0.8097178936004639,526,-0.37382812499999996
0.81083083152771,527,-0.37382812499999996
0.8120529651641846,528,-0.9796874999999999
0.8135309219360352,529,-1.611328125
0.8150420188903809,530,0.0
0.8166298866271973,531,-0.0515625
0.8181309700012207,532,-0.270703125
0.8199329376220703,533,0.0
0.8217809200286865,534,-0.141796875
0.8244099617004395,535,0.0
0.8263859748840332,536,-0.012890625
0.8278689384460449,537,-0.29648437499999997
0.8296918869018555,538,-0.9796874999999999
0.8317489624023438,539,-0.0515625
0.8332610130310059,540,0.0
0.8345129489898682,541,-0.2578125
0.8357648849487305,542,-0.103125
0.8369109630584717,543,-0.37382812499999996
0.8380420207977295,544,-0.2578125
0.8391318321228027,545,0.0
0.8402068614959717,546,0.0
0.8412859439849854,547,-0.012890625
0.8424749374389648,548,-0.12890625
0.8439128398895264,549,-0.42539062499999997
0.8455138206481934,550,-0.64453125
0.8471858501434326,551,-1.585546875
0.8486638069152832,552,0.0
0.8500518798828125,553,0.0
0.8514759540557861,554,-0.270703125
0.8538498878479004,555,-0.116015625
0.8558149337768555,556,-0.02578125
0.8572309017181396,557,-0.012890625
0.8590569496154785,558,-0.012890625
0.8611679077148438,559,-0.29648437499999997
0.8625450134277344,560,-0.8121093749999999
0.8637847900390625,561,-1.65
0.8649477958679199,562,0.0
0.8660528659820557,563,-0.103125
0.8671519756317139,564,-0.0515625
0.868276834487915,565,-0.23203125
0.8693768978118896,566,-0.21914062499999998
0.8704829216003418,567,-0.270703125
0.8715620040893555,568,-0.167578125
0.8727338314056396,569,0.0
0.874176025390625,570,0.0
0.8756799697875977,571,0.0
0.8773000240325928,572,-0.322265625
0.8788058757781982,573,-0.554296875
0.88022780418396,574,-1.482421875
0.8815228939056396,575,0.0
0.8843069076538086,576,-0.038671874999999994
0.885969877243042,577,-0.20625
0.8873770236968994,578,-0.322265625
0.8892538547515869,579,-0.09023437499999999
0.8911290168762207,580,0.012890625
0.892481803894043,581,-0.012890625
0.8936619758605957,582,-0.348046875
0.894838809967041,583,-0.515625
0.8959519863128662,584,-1.2890625
0.89705491065979,585,-0.825
0.8981668949127197,586,0.0
0.8992810249328613,587,-0.0515625
0.9003708362579346,588,-0.103125
0.9014639854431152,589,-0.4125
0.9025478363037109,590,-0.0515625
0.9037129878997803,591,-0.322265625
0.9051008224487305,592,-0.20625
0.906548023223877,593,0.012890625
0.9082119464874268,594,-0.012890625
0.9097228050231934,595,-0.12890625
0.9110369682312012,596,-0.36093749999999997
0.9123837947845459,597,-0.95390625
0.9144859313964844,598,-1.65
0.9167900085449219,599,-0.012890625
0.9185738563537598,600,-0.2578125
0.9204540252685547,601,-0.2578125
0.9222869873046875,602,-0.064453125
0.9236688613891602,603,0.0
0.9249129295349121,604,-0.012890625
0.9260809421539307,605,-0.23203125
0.9272458553314209,606,-0.43828124999999996
0.9283549785614014,607,-0.7476562499999999
0.9294519424438477,608,-1.405078125
0.9305458068847656,609,0.0
0.931635856628418,610,0.0
0.9327669143676758,611,-0.103125
0.933945894241333,612,-0.02578125
0.9354288578033447,613,-0.2578125
0.9368829727172852,614,-0.36093749999999997
0.938452959060669,615,-0.167578125
0.9400448799133301,616,0.0
0.9415338039398193,617,0.0
0.9428589344024658,618,-0.15468749999999998
0.9454419612884521,619,-0.36093749999999997
0.9472877979278564,620,-1.198828125
0.9487199783325195,621,0.0
0.9505410194396973,622,-0.20625
0.9524459838867188,623,-0.348046875
0.9538040161132812,624,-0.2578125
0.9550309181213379,625,-0.012890625
0.9562008380889893,626,0.012890625
0.9573478698730469,627,0.012890625
0.9584569931030273,628,-0.012890625
0.9595580101013184,629,-0.30937499999999996
0.9606587886810303,630,-0.36093749999999997
0.961745023727417,631,-0.837890625
0.9628479480743408,632,-1.456640625
0.9640588760375977,633,0.0
0.9655909538269043,634,0.0
0.967041015625,635,-0.18046874999999998
0.9685919284820557,636,-0.2578125
0.9700448513031006,637,-0.21914062499999998
0.9715499877929688,638,-0.0515625
0.9729478359222412,639,0.0
0.975592851638794,640,0.0
0.9774429798126221,641,-0.193359375
0.9789819717407227,642,-0.5671875
0.9809880256652832,643,-1.456640625
0.982914924621582,644,0.0
0.9843428134918213,645,-0.23203125
0.9855380058288574,646,-0.116015625
0.9866578578948975,647,-0.270703125
0.9878909587860107,648,-0.2578125
0.989022970199585,649,-0.012890625
0.990149974822998,650,-0.012890625
0.9912819862365723,651,-0.012890625
0.9923768043518066,652,-0.12890625
0.9934718608856201,653,-0.4125
0.9947028160095215,654,-0.4125
0.9962007999420166,655,-1.1859374999999999
0.9976568222045898,656,0.012890625
0.9991858005523682,657,-0.012890625
1.00062894821167,658,-0.02578125
1.0019588470458984,659,-0.322265625
1.003281831741333,660,-0.322265625
1.0057098865509033,661,-0.24492187499999998
1.0077288150787354,662,0.012890625
1.0091679096221924,663,-0.012890625
1.0112769603729248,664,-0.348046875
1.0129380226135254,665,-0.69609375
1.0142848491668701,666,-0.012890625
1.0154659748077393,667,-0.02578125
1.0165858268737793,668,-0.12890625
1.0176889896392822,669,-0.37382812499999996
1.0188159942626953,670,-0.270703125
1.019934892654419,671,-0.2578125
1.0210278034210205,672,-0.20625
1.0221350193023682,673,0.012890625
1.0232899188995361,674,0.012890625
1.0243959426879883,675,0.0
1.0255708694458008,676,-0.0515625
1.0270428657531738,677,-0.33515625
1.028688907623291,678,-0.4125
1.030362844467163,679,-1.340625
1.0319738388061523,680,0.0
