time,count,voltage
0.005750179290771484,1,-0.7218749999999999
0.0073451995849609375,2,-0.28359375
0.008742094039916992,3,-0.012890625
0.010109186172485352,4,-0.012890625
0.011512041091918945,5,-0.064453125
0.012876033782958984,6,-0.515625
0.014234066009521484,7,-0.708984375
0.015578031539916992,8,-1.533984375
0.01714301109313965,9,0.0
0.018859148025512695,10,-0.167578125
0.020536184310913086,11,-0.4125
0.022394180297851562,12,-0.631640625
0.02402806282043457,13,-0.24492187499999998
0.025651216506958008,14,0.012890625
0.027091026306152344,15,-0.012890625
0.02846503257751465,16,-0.12890625
0.02983713150024414,17,-0.502734375
0.0311892032623291,18,-0.837890625
0.032814979553222656,19,-1.6371093749999999
0.0344691276550293,20,-0.012890625
0.03617119789123535,21,-0.21914062499999998
0.03786516189575195,22,-0.4640625
0.039765119552612305,23,-0.30937499999999996
0.04161810874938965,24,0.141796875
0.04343104362487793,25,0.012890625
0.045081138610839844,26,-0.116015625
0.04695916175842285,27,-0.399609375
0.049018144607543945,28,-0.992578125
0.05193901062011719,29,0.0
0.05447721481323242,30,-0.21914062499999998
0.05631899833679199,31,-0.12890625
0.058257102966308594,32,0.193359375
0.06060504913330078,33,0.0
0.06252503395080566,34,-0.07734374999999999
0.06403899192810059,35,-0.476953125
0.06543612480163574,36,-1.3148437499999999
0.06684303283691406,37,-0.103125
0.06820797920227051,38,-0.15468749999999998
0.06956720352172852,39,-0.29648437499999997
0.07092714309692383,40,-0.605859375
0.07234311103820801,41,-0.0515625
0.07374811172485352,42,0.0
0.07509303092956543,43,0.0
0.07642698287963867,44,0.0
0.07785606384277344,45,-0.20625
0.0793759822845459,46,-0.515625
0.08106708526611328,47,-0.580078125
0.08288908004760742,48,-1.533984375
0.08467507362365723,49,0.0
0.08631610870361328,50,-0.21914062499999998
0.08779716491699219,51,-0.6832031249999999
0.0893411636352539,52,-0.322265625
0.09133410453796387,53,-0.141796875
0.09392809867858887,54,0.0
0.09542512893676758,55,-0.12890625
0.0971381664276123,56,-0.5671875
0.0991220474243164,57,-1.1214843749999999
0.10048413276672363,58,-0.103125
0.1017611026763916,59,-0.09023437499999999
0.10296320915222168,60,-0.12890625
0.10410404205322266,61,-0.7218749999999999
0.10522699356079102,62,0.0
0.10633206367492676,63,-0.193359375
0.10754704475402832,64,-0.09023437499999999
0.10896420478820801,65,0.012890625
0.11043500900268555,66,-0.0515625
0.11195802688598633,67,-0.167578125
0.11351418495178223,68,-0.515625
0.1149590015411377,69,-1.095703125
0.11634612083435059,70,-0.6703125
0.11789798736572266,71,-0.103125
0.12036919593811035,72,-0.24492187499999998
0.1219789981842041,73,-0.103125
0.1233510971069336,74,-0.2578125
0.12514400482177734,75,-0.012890625
0.12705612182617188,76,-0.012890625
0.1284770965576172,77,-0.09023437499999999
0.129669189453125,78,-0.5671875
0.13082218170166016,79,-0.8121093749999999
0.13205313682556152,80,-1.533984375
0.133195161819458,81,0.0
0.1343231201171875,82,-0.15468749999999998
0.13544821739196777,83,-0.29648437499999997
0.13656020164489746,84,-0.270703125
0.1377391815185547,85,-0.631640625
0.13913798332214355,86,-0.37382812499999996
0.14063405990600586,87,-0.20625
0.14220905303955078,88,-0.02578125
0.14380216598510742,89,-0.012890625
0.145158052444458,90,-0.167578125
0.1465311050415039,91,-0.554296875
0.14846301078796387,92,-0.9410156249999999
0.15067410469055176,93,-1.65
0.15224909782409668,94,-0.20625
0.153886079788208,95,-0.4640625
0.15587520599365234,96,-0.38671875
0.15751314163208008,97,-0.09023437499999999
0.1587991714477539,98,0.0
0.1599562168121338,99,0.0
0.1610720157623291,100,-0.103125
0.16221308708190918,101,-0.5285156249999999
0.16335606575012207,102,-0.7218749999999999
0.16448402404785156,103,-1.21171875
0.1656031608581543,104,-1.65
0.166733980178833,105,0.0
0.16791105270385742,106,-0.116015625
0.16931605339050293,107,-0.2578125
0.17081904411315918,108,-0.5671875
0.17244219779968262,109,-0.20625
0.17408299446105957,110,-0.02578125
0.17549800872802734,111,-0.012890625
0.17686104774475098,112,-0.012890625
0.1788949966430664,113,-0.103125
0.18096613883972168,114,-0.48984374999999997
0.18237900733947754,115,-1.4437499999999999
0.18386602401733398,116,0.0
0.1857891082763672,117,-0.141796875
0.18757104873657227,118,-0.36093749999999997
0.18899202346801758,119,0.0
0.19022798538208008,120,0.012890625
0.19138121604919434,121,0.012890625
0.19258499145507812,122,-0.02578125
0.19370698928833008,123,-0.0515625
0.1948251724243164,124,-0.20625
0.19593000411987305,125,-0.69609375
0.19704508781433105,126,-0.734765625
0.19824600219726562,127,-1.405078125
0.1996161937713623,128,-0.0515625
0.20107507705688477,129,-0.09023437499999999
0.20253610610961914,130,-0.23203125
0.20412898063659668,131,-0.4125
0.20566105842590332,132,-0.21914062499999998
0.2071681022644043,133,-0.167578125
0.20858001708984375,134,0.012890625
0.21004319190979004,135,-0.012890625
0.2124161720275879,136,-0.103125
0.21425700187683105,137,-0.502734375
0.21567320823669434,138,-1.405078125
0.217238187789917,139,0.0
0.21921801567077637,140,-0.167578125
0.22080206871032715,141,-0.348046875
0.22216200828552246,142,-0.18046874999999998
0.2233870029449463,143,-0.09023437499999999
0.22452998161315918,144,0.038671874999999994
0.22567105293273926,145,0.012890625
0.22678804397583008,146,-0.038671874999999994
0.22791314125061035,147,-0.167578125
0.2291271686553955,148,-0.5929687499999999
0.2305290699005127,149,-0.7218749999999999
0.23200106620788574,150,-1.4308593749999998
0.23346400260925293,151,0.0
0.2350311279296875,152,-0.167578125
0.23648810386657715,153,-0.103125
0.23792099952697754,154,-0.554296875
0.23936104774475098,155,-0.33515625
0.24131202697753906,156,-0.0515625
0.24372315406799316,157,0.012890625
0.24523711204528809,158,-0.064453125
0.24666213989257812,159,-0.476953125
0.24857711791992188,160,-0.992578125
0.25037217140197754,161,-0.12890625
0.2517240047454834,162,-0.09023437499999999
0.2529110908508301,163,-0.12890625
0.25406503677368164,164,-0.708984375
0.25518798828125,165,-0.12890625
0.2563002109527588,166,-0.20625
0.25740814208984375,167,-0.0515625
0.2585132122039795,168,0.012890625
0.25969600677490234,169,0.0
0.2610800266265869,170,-0.09023437499999999
0.26253414154052734,171,-0.4640625
0.26401400566101074,172,-0.5929687499999999
0.2656290531158447,173,-1.405078125
0.26708221435546875,174,0.0
0.26852917671203613,175,-0.15468749999999998
0.27027010917663574,176,-0.20625
0.27266812324523926,177,-0.734765625
0.27427101135253906,178,-0.141796875
0.2756772041320801,179,0.012890625
0.27752113342285156,180,-0.0515625
0.2793400287628174,181,-0.21914062499999998
0.2807121276855469,182,-0.476953125
0.2819080352783203,183,-1.3921875
0.283095121383667,184,-0.012890625
0.2842271327972412,185,-0.21914062499999998
0.2853569984436035,186,-0.37382812499999996
0.2864840030670166,187,-0.322265625
0.28760313987731934,188,-0.54140625
0.28876614570617676,189,-0.348046875
0.2899820804595947,190,-0.28359375
0.29136013984680176,191,-0.07734374999999999
0.2929081916809082,192,0.0
0.2943580150604248,193,-0.07734374999999999
0.2958850860595703,194,-0.37382812499999996
0.297335147857666,195,-0.5671875
0.2987241744995117,196,-1.3664062499999998
0.3001551628112793,197,0.0
0.302138090133667,198,-0.21914062499999998
0.3044412136077881,199,-0.103125
0.30602407455444336,200,-0.0515625
0.3074781894683838,201,0.02578125
0.30935215950012207,202,-0.012890625
0.3111851215362549,203,-0.02578125
0.3126029968261719,204,-0.36093749999999997
0.3138082027435303,205,-0.631640625
0.3149731159210205,206,-1.3921875
0.31612110137939453,207,-0.20625
0.3172461986541748,208,-0.012890625
0.318371057510376,209,-0.141796875
0.3194770812988281,210,-0.2578125
0.3206651210784912,211,-0.631640625
0.32213401794433594,212,-0.12890625
0.32364416122436523,213,-0.0515625
0.3252110481262207,214,0.012890625
0.32676219940185547,215,-0.012890625
0.32811808586120605,216,-0.12890625
0.32945704460144043,217,-0.580078125
0.33119702339172363,218,-0.734765625
0.3336341381072998,219,-1.5597656249999998
