time,count,voltage
0.00557398796081543,1,-0.12890625
0.0074920654296875,2,0.21914062499999998
0.00894784927368164,3,-0.0515625
0.010306835174560547,4,-0.167578125
0.011656999588012695,5,-0.167578125
0.013356924057006836,6,-0.8507812499999999
0.014759063720703125,7,-1.546875
0.016429901123046875,8,-0.09023437499999999
0.018151044845581055,9,-0.103125
0.019819974899291992,10,-0.167578125
0.02153301239013672,11,-0.37382812499999996
0.023138046264648438,12,-0.012890625
0.024740934371948242,13,-0.012890625
0.026259899139404297,14,-0.02578125
0.027632951736450195,15,-0.193359375
0.02898406982421875,16,-0.37382812499999996
0.030333995819091797,17,-1.198828125
0.03186392784118652,18,-0.270703125
0.03352499008178711,19,-0.064453125
0.0352778434753418,20,-0.23203125
0.037004947662353516,21,-0.09023437499999999
0.03882193565368652,22,-0.167578125
0.04047584533691406,23,0.0
0.042109012603759766,24,-0.012890625
0.04373288154602051,25,-0.15468749999999998
0.045410871505737305,26,-0.103125
0.04739785194396973,27,-0.966796875
0.05019783973693848,28,-0.15468749999999998
0.05252504348754883,29,-0.07734374999999999
0.054173946380615234,30,-0.30937499999999996
0.05609583854675293,31,-0.09023437499999999
0.05824089050292969,32,0.0
0.06037402153015137,33,-0.02578125
0.0619959831237793,34,-0.12890625
0.0634000301361084,35,-0.9410156249999999
0.06476593017578125,36,-1.65
0.06613993644714355,37,-0.103125
0.06747698783874512,38,-0.02578125
0.06859803199768066,39,-0.30937499999999996
0.06970500946044922,40,-0.012890625
0.07079386711120605,41,-0.37382812499999996
0.07188606262207031,42,-0.322265625
0.07297301292419434,43,0.0
0.0740518569946289,44,-0.012890625
0.0752248764038086,45,-0.0515625
0.07634305953979492,46,-0.116015625
0.07746005058288574,47,-0.270703125
0.07855701446533203,48,-0.4125
0.07964706420898438,49,-1.1214843749999999
0.08081793785095215,50,-1.65
0.08193492889404297,51,0.0
0.08303689956665039,52,-0.15468749999999998
0.08414888381958008,53,-0.064453125
0.08525896072387695,54,-0.21914062499999998
0.08644604682922363,55,0.0
0.08766698837280273,56,-0.36093749999999997
0.08908987045288086,57,-0.29648437499999997
0.09047794342041016,58,0.0
0.0920419692993164,59,-0.012890625
0.09349799156188965,60,-0.103125
0.09489798545837402,61,-0.193359375
0.09678792953491211,62,-0.8121093749999999
0.09914898872375488,63,-1.5726562499999999
0.10061192512512207,64,-0.20625
0.1020510196685791,65,-0.2578125
0.10396599769592285,66,-0.09023437499999999
0.10596084594726562,67,-0.09023437499999999
0.10747885704040527,68,0.0
0.10878205299377441,69,-0.038671874999999994
0.10997796058654785,70,-0.193359375
0.11110806465148926,71,-0.20625
0.11221694946289062,72,-0.64453125
0.11333298683166504,73,-1.276171875
0.11444687843322754,74,-1.4308593749999998
0.11568784713745117,75,-0.09023437499999999
0.11694884300231934,76,-0.193359375
0.1184239387512207,77,-0.2578125
0.1199040412902832,78,-0.103125
0.12143802642822266,79,-0.322265625
0.12300491333007812,80,-0.141796875
0.12459301948547363,81,0.0
0.1261739730834961,82,-0.0515625
0.12792301177978516,83,-0.24492187499999998
0.130295991897583,84,-0.33515625
0.13194990158081055,85,-1.6371093749999999
0.13345789909362793,86,-0.09023437499999999
0.13553404808044434,87,-0.24492187499999998
0.1372969150543213,88,-0.012890625
0.13864898681640625,89,0.0
0.13985586166381836,90,0.012890625
0.14107298851013184,91,-0.012890625
0.142258882522583,92,-0.038671874999999994
0.14338397979736328,93,-0.2578125
0.14449095726013184,94,-0.29648437499999997
0.14569807052612305,95,-0.6832031249999999
0.1469099521636963,96,-1.3792968749999999
0.14840197563171387,97,-0.141796875
0.14992785453796387,98,-0.103125
0.15152406692504883,99,-0.167578125
0.15309596061706543,100,-0.103125
0.15455985069274902,101,-0.4125
0.15610504150390625,102,-0.15468749999999998
0.15787386894226074,103,0.012890625
0.16026902198791504,104,-0.0515625
0.16185593605041504,105,-0.20625
0.16326093673706055,106,-0.90234375
0.16551589965820312,107,-1.6371093749999999
0.1675400733947754,108,-0.103125
0.16881895065307617,109,-0.116015625
0.16998004913330078,110,-0.0515625
0.1711409091949463,111,-0.270703125
0.17229604721069336,112,-0.20625
0.17344093322753906,113,0.0
0.17453789710998535,114,-0.012890625
0.17672085762023926,115,-0.038671874999999994
0.17837095260620117,116,-0.193359375
0.17988204956054688,117,-0.7863281249999999
0.18136286735534668,118,-1.6371093749999999
0.18295693397521973,119,-0.12890625
0.18450093269348145,120,0.0
0.18918395042419434,121,-0.18046874999999998
0.19141602516174316,122,0.0
0.19288992881774902,123,-0.02578125
0.1943979263305664,124,-0.167578125
0.19646596908569336,125,-0.36093749999999997
0.19811797142028809,126,-1.3664062499999998
0.19940805435180664,127,-0.0515625
0.20060491561889648,128,-0.12890625
0.2017378807067871,129,-0.167578125
0.2028520107269287,130,-0.07734374999999999
0.20396995544433594,131,-0.4125
0.20520305633544922,132,-0.4125
0.20633983612060547,133,-0.012890625
0.2074599266052246,134,0.0
0.20865607261657715,135,-0.07734374999999999
0.2100658416748047,136,-0.167578125
0.21150994300842285,137,-0.23203125
0.2130889892578125,138,-0.7863281249999999
0.21464204788208008,139,-1.546875
0.2161409854888916,140,0.0
0.21758103370666504,141,-0.09023437499999999
0.219573974609375,142,-0.20625
0.2221229076385498,143,-0.2578125
0.2236340045928955,144,0.0
0.22523188591003418,145,-0.012890625
0.22729802131652832,146,-0.09023437499999999
0.22894287109375,147,-0.167578125
0.23022198677062988,148,-1.069921875
0.23139595985412598,149,-0.38671875
0.23255491256713867,150,-0.0515625
0.23367595672607422,151,-0.24492187499999998
0.23479795455932617,152,-0.28359375
0.23591303825378418,153,-0.12890625
0.2370929718017578,154,-0.30937499999999996
0.23821091651916504,155,-0.33515625
0.239426851272583,156,-0.12890625
0.24084806442260742,157,0.0
0.2422778606414795,158,-0.0515625
0.2438490390777588,159,-0.20625
0.24552392959594727,160,-0.193359375
0.24698090553283691,161,-1.018359375
0.2484879493713379,162,-0.116015625
0.2500119209289551,163,0.0
0.2526979446411133,164,-0.064453125
0.25444602966308594,165,-0.103125
0.2559020519256592,166,0.193359375
0.25776004791259766,167,0.0
0.2595798969268799,168,-0.0515625
0.2609138488769531,169,-0.20625
0.2621290683746338,170,-0.33515625
0.26326489448547363,171,-1.134375
0.26441192626953125,172,-1.65
0.26561689376831055,173,-0.02578125
0.2667548656463623,174,-0.24492187499999998
0.26787900924682617,175,-0.23203125
0.2689979076385498,176,-0.141796875
0.2702760696411133,177,-0.33515625
0.2716529369354248,178,-0.37382812499999996
0.2731139659881592,179,-0.116015625
0.27454185485839844,180,-0.012890625
0.27622199058532715,181,-0.0515625
0.27782702445983887,182,-0.20625
0.27929091453552246,183,-0.42539062499999997
0.28072595596313477,184,-1.26328125
0.2830169200897217,185,-0.18046874999999998
0.2851870059967041,186,-0.2578125
0.28666186332702637,187,-0.103125
0.2883720397949219,188,-0.2578125
0.29058289527893066,189,-0.064453125
0.2919468879699707,190,-0.012890625
0.293179988861084,191,-0.12890625
0.29431891441345215,192,-0.20625
0.2954699993133545,193,-0.4640625
0.29660797119140625,194,-1.1859374999999999
0.2977259159088135,195,-1.65
0.29882097244262695,196,0.0
0.2999138832092285,197,-0.20625
0.3013010025024414,198,-0.20625
0.3028090000152588,199,-0.02578125
0.30441904067993164,200,-0.2578125
0.3060569763183594,201,-0.0515625
0.3076179027557373,202,0.012890625
0.3091468811035156,203,-0.064453125
0.3106229305267334,204,-0.23203125
0.31255006790161133,205,-0.103125
0.3147568702697754,206,-1.03125
0.31642699241638184,207,-0.064453125
0.3179969787597656,208,-0.103125
0.3199000358581543,209,-0.18046874999999998
0.3215959072113037,210,-0.15468749999999998
0.32361292839050293,211,0.18046874999999998
0.32480883598327637,212,-0.012890625
0.32597804069519043,213,-0.02578125
0.32712292671203613,214,-0.30937499999999996
0.3282780647277832,215,-0.193359375
0.329387903213501,216,-0.9152343749999999
0.330488920211792,217,-1.4953124999999998
0.3317570686340332,218,0.0
