time,count,voltage
0.006114006042480469,1,-1.456640625
0.007729053497314453,2,-0.09023437499999999
0.009131908416748047,3,-0.167578125
0.010490894317626953,4,-0.270703125
0.01214599609375,5,-0.270703125
0.013549089431762695,6,0.0
0.014890909194946289,7,-0.02578125
0.016237974166870117,8,-0.0515625
0.01782989501953125,9,-0.28359375
0.019652128219604492,10,-0.4640625
0.025192975997924805,11,-1.4308593749999998
0.026910066604614258,12,-0.103125
0.02838611602783203,13,-0.23203125
0.029787063598632812,14,0.038671874999999994
0.031196117401123047,15,0.0
0.032588958740234375,16,-0.0515625
0.0340120792388916,17,-0.23203125
0.03555607795715332,18,-0.2578125
0.037056922912597656,19,-1.095703125
0.038681983947753906,20,-0.7218749999999999
0.04014396667480469,21,-0.167578125
0.04153800010681152,22,-0.193359375
0.04294705390930176,23,-0.103125
0.04448390007019043,24,-0.43828124999999996
0.047074079513549805,25,-0.23203125
0.04895496368408203,26,-0.012890625
0.05038094520568848,27,-0.193359375
0.052581071853637695,28,-0.15468749999999998
0.054377079010009766,29,-1.0828125
0.0556941032409668,30,-0.23203125
0.0568690299987793,31,-0.20625
0.057984113693237305,32,-0.270703125
0.05908799171447754,33,-0.09023437499999999
0.060482025146484375,34,-0.29648437499999997
0.06178712844848633,35,-0.38671875
0.06294798851013184,36,-0.038671874999999994
0.06406211853027344,37,0.0
0.06515908241271973,38,-0.064453125
0.06624698638916016,39,-0.20625
0.06737899780273438,40,-0.29648437499999997
0.06847810745239258,41,-0.4125
0.06958293914794922,42,-1.0828125
0.07073712348937988,43,-1.5984375
0.07184791564941406,44,-0.09023437499999999
0.07295393943786621,45,-0.103125
0.07404208183288574,46,-0.12890625
0.0758049488067627,47,-0.193359375
0.07694602012634277,48,-0.30937499999999996
0.07808589935302734,49,-0.36093749999999997
0.07919192314147949,50,-0.23203125
0.08028602600097656,51,-0.012890625
0.0813899040222168,52,-0.02578125
0.08256292343139648,53,-0.09023437499999999
0.08389401435852051,54,-0.322265625
0.08543610572814941,55,-0.20625
0.08693194389343262,56,-1.0828125
0.08855390548706055,57,-1.5082031249999999
0.08992505073547363,58,-0.103125
0.09145903587341309,59,-0.15468749999999998
0.09354591369628906,60,-0.09023437499999999
0.09572792053222656,61,-0.4125
0.09713196754455566,62,-0.012890625
0.09911894798278809,63,-0.0515625
0.10097408294677734,64,-0.193359375
0.10281991958618164,65,-0.322265625
0.10407304763793945,66,-1.353515625
0.10521793365478516,67,-0.21914062499999998
0.10635709762573242,68,-0.15468749999999998
0.10749292373657227,69,-0.15468749999999998
0.10861396789550781,70,-0.103125
0.10974907875061035,71,-0.116015625
0.1108701229095459,72,-0.37382812499999996
0.11199092864990234,73,-0.33515625
0.11319303512573242,74,0.0
0.11459112167358398,75,-0.012890625
0.11619210243225098,76,-0.038671874999999994
0.11776590347290039,77,-0.24492187499999998
0.11931204795837402,78,-0.42539062499999997
0.12076807022094727,79,-1.276171875
0.12210893630981445,80,0.0
0.1246490478515625,81,-0.20625
0.12638401985168457,82,-0.167578125
0.1278820037841797,83,-0.4125
0.12990498542785645,84,-0.2578125
0.13152790069580078,85,-0.012890625
0.13283395767211914,86,-0.064453125
0.13399791717529297,87,-0.23203125
0.13513708114624023,88,-0.37382812499999996
0.13627409934997559,89,-1.0570312499999999
0.13738012313842773,90,-1.5984375
0.13846611976623535,91,-0.02578125
0.13956308364868164,92,-0.09023437499999999
0.1407918930053711,93,-0.193359375
0.1419239044189453,94,-0.18046874999999998
0.14310503005981445,95,-0.0515625
0.1445019245147705,96,-0.33515625
0.14594793319702148,97,-0.20625
0.1475539207458496,98,0.0
0.14915108680725098,99,-0.07734374999999999
0.15057706832885742,100,-0.2578125
0.15217804908752441,101,-0.193359375
0.15404510498046875,102,-1.0828125
0.15640902519226074,103,-1.65
0.15796494483947754,104,-0.15468749999999998
0.15967297554016113,105,-0.167578125
0.16180896759033203,106,-0.21914062499999998
0.16336894035339355,107,0.15468749999999998
0.16461491584777832,108,-0.012890625
0.16579294204711914,109,-0.064453125
0.16692209243774414,110,-0.30937499999999996
0.1680600643157959,111,-0.193359375
0.1691601276397705,112,-0.825
0.1702570915222168,113,-1.4308593749999998
0.17142105102539062,114,-0.20625
0.17252707481384277,115,-0.103125
0.1737380027770996,116,-0.21914062499999998
0.17518210411071777,117,-0.37382812499999996
0.17670702934265137,118,0.0
0.17801403999328613,119,-0.28359375
0.17948293685913086,120,-0.103125
0.1809990406036377,121,-0.012890625
0.18251490592956543,122,-0.0515625
0.1843719482421875,123,-0.270703125
0.18679308891296387,124,-0.322265625
0.18846893310546875,125,-1.546875
0.19005799293518066,126,-0.167578125
0.19198012351989746,127,-0.193359375
0.19365191459655762,128,-0.064453125
0.1950080394744873,129,-0.167578125
0.1962120532989502,130,0.012890625
0.19737005233764648,131,0.012890625
0.1984848976135254,132,-0.038671874999999994
0.1996169090270996,133,-0.193359375
0.20080304145812988,134,-0.322265625
0.20193195343017578,135,-0.43828124999999996
0.2030470371246338,136,-1.147265625
0.20430612564086914,137,-1.65
0.20575594902038574,138,-0.02578125
0.2071990966796875,139,-0.23203125
0.2086930274963379,140,-0.20625
0.2101879119873047,141,-0.15468749999999998
0.21170592308044434,142,-0.23203125
0.2132260799407959,143,0.012890625
0.21523809432983398,144,0.0
0.21746492385864258,145,-0.0515625
0.21905994415283203,146,-0.167578125
0.22087907791137695,147,-1.0828125
0.22293496131896973,148,-0.07734374999999999
0.22437810897827148,149,-0.167578125
0.22555208206176758,150,-0.167578125
0.22667694091796875,151,-0.33515625
0.22789907455444336,152,-0.42539062499999997
0.2290201187133789,153,-0.28359375
0.2301321029663086,154,-0.012890625
0.23173809051513672,155,-0.012890625
0.23288702964782715,156,-0.12890625
0.23400306701660156,157,-0.23203125
0.23521089553833008,158,-0.38671875
0.23663592338562012,159,-1.0828125
0.2381279468536377,160,-1.65
0.23965191841125488,161,-0.0515625
0.24118494987487793,162,-0.116015625
0.24260497093200684,163,-0.064453125
0.24415993690490723,164,-0.2578125
0.2460939884185791,165,-0.167578125
0.2484569549560547,166,0.0
0.24995899200439453,167,-0.103125
0.2517099380493164,168,-0.193359375
0.2538790702819824,169,-0.7863281249999999
0.25536489486694336,170,-1.482421875
0.25658392906188965,171,-0.193359375
0.2579960823059082,172,-0.20625
0.25913000106811523,173,-0.193359375
0.2603030204772949,174,-0.29648437499999997
0.261476993560791,175,-0.37382812499999996
0.2626190185546875,176,-0.193359375
0.2637760639190674,177,0.012890625
0.2648739814758301,178,-0.02578125
0.26607203483581543,179,-0.09023437499999999
0.26757192611694336,180,-0.33515625
0.2690749168395996,181,-0.451171875
0.2707350254058838,182,-1.2890625
0.2722759246826172,183,-0.12890625
0.27365612983703613,184,-0.167578125
0.27513694763183594,185,-0.21914062499999998
0.27710700035095215,186,-0.141796875
0.27956700325012207,187,-0.348046875
0.28107595443725586,188,-0.012890625
0.28265810012817383,189,-0.0515625
0.2849109172821045,190,-0.23203125
0.28645801544189453,191,-0.54140625
0.28768301010131836,192,-1.52109375
0.2888340950012207,193,-0.116015625
0.2899489402770996,194,-0.23203125
0.29106903076171875,195,-0.23203125
0.2922029495239258,196,-0.103125
0.29334092140197754,197,-0.38671875
0.29444408416748047,198,-0.4640625
0.29554295539855957,199,-0.36093749999999997
0.2967360019683838,200,0.012890625
0.2981390953063965,201,-0.012890625
0.2996840476989746,202,-0.0515625
0.3013119697570801,203,-0.20625
0.3028230667114258,204,-0.605859375
0.3041870594024658,205,-1.41796875
0.30556511878967285,206,-0.0515625
0.3070189952850342,207,-0.2578125
0.30959510803222656,208,-0.21914062499999998
0.3113899230957031,209,-0.29648437499999997
0.31285810470581055,210,0.07734374999999999
0.3148329257965088,211,0.012890625
0.316723108291626,212,-0.0515625
0.31806111335754395,213,-0.103125
0.3192310333251953,214,-0.734765625
0.32035207748413086,215,-1.3921875
0.3214890956878662,216,-0.322265625
0.32259392738342285,217,-0.103125
0.32428812980651855,218,-0.064453125
0.3254520893096924,219,-0.116015625
0.32657909393310547,220,-0.29648437499999997
0.32784295082092285,221,-0.4125
0.3292520046234131,222,-0.28359375
0.33081698417663574,223,0.0
0.332456111907959,224,-0.02578125
0.3340609073638916,225,-0.24492187499999998
0.33545708656311035,226,-0.2578125
0.3368830680847168,227,-1.134375
0.33864402770996094,228,-1.65
0.3412759304046631,229,0.0
0.3428080081939697,230,-0.20625
0.3443489074707031,231,-0.37382812499999996
0.3463571071624756,232,-0.2578125
0.34806299209594727,233,0.012890625
0.3493940830230713,234,-0.0515625
0.3505570888519287,235,-0.29648437499999997
0.3517730236053467,236,-0.322265625
0.35289692878723145,237,-1.03125
0.3540050983428955,238,-1.611328125
0.3551020622253418,239,-0.0515625
0.3562350273132324,240,-0.12890625
0.3573570251464844,241,-0.064453125
0.3585231304168701,242,-0.20625
0.35996508598327637,243,-0.103125
0.36150312423706055,244,-0.29648437499999997
0.36316609382629395,245,-0.0515625
0.3647029399871826,246,-0.012890625
0.36612391471862793,247,-0.02578125
0.3679819107055664,248,-0.2578125
0.3703501224517822,249,-0.42539062499999997
0.37242889404296875,250,-1.585546875
0.3738830089569092,251,-0.20625
0.3757328987121582,252,-0.2578125
0.3776359558105469,253,-0.141796875
0.37909412384033203,254,0.038671874999999994
0.380342960357666,255,0.0
0.3814890384674072,256,-0.0515625
0.3826110363006592,257,-0.103125
0.3837120532989502,258,-0.270703125
0.384814977645874,259,-0.270703125
0.3859059810638428,260,-0.928125
0.38701605796813965,261,-1.456640625
0.38811802864074707,262,-0.193359375
0.3893699645996094,263,-0.12890625
0.39089202880859375,264,-0.116015625
0.3923759460449219,265,-0.167578125
0.3939061164855957,266,-0.37382812499999996
0.3954939842224121,267,-0.30937499999999996
0.3970050811767578,268,0.0
0.3984220027923584,269,-0.02578125
0.39995503425598145,270,-0.141796875
0.40245795249938965,271,-0.20625
0.4042549133300781,272,-1.00546875
0.4056520462036133,273,-0.20625
0.40754008293151855,274,-0.23203125
0.40935206413269043,275,-0.24492187499999998
0.4108250141143799,276,-0.2578125
0.4121110439300537,277,-0.167578125
0.41333603858947754,278,0.0
0.4144461154937744,279,-0.012890625
0.4155569076538086,280,-0.09023437499999999
0.4166600704193115,281,-0.30937499999999996
0.417755126953125,282,-0.23203125
0.4188730716705322,283,-0.734765625
0.42009711265563965,284,-1.327734375
0.42157697677612305,285,-1.26328125
0.4230968952178955,286,-0.07734374999999999
0.4246640205383301,287,-0.15468749999999998
0.4261660575866699,288,-0.15468749999999998
0.4276900291442871,289,-0.37382812499999996
0.4291870594024658,290,-0.167578125
0.4310801029205322,291,0.0
0.4334259033203125,292,-0.02578125
0.4350600242614746,293,-0.15468749999999998
0.43670201301574707,294,-0.837890625
0.43886494636535645,295,-1.6242187499999998
0.44046902656555176,296,-0.064453125
0.44177794456481934,297,-0.23203125
0.44300389289855957,298,-0.064453125
0.4441719055175781,299,-0.37382812499999996
0.44533205032348633,300,-0.30937499999999996
0.4464540481567383,301,-0.012890625
0.4475529193878174,302,-0.012890625
0.4486539363861084,303,-0.0515625
0.4497640132904053,304,-0.23203125
0.45105409622192383,305,-0.30937499999999996
0.45249009132385254,306,-0.631640625
0.45403504371643066,307,-1.3664062499999998
0.4556450843811035,308,-0.103125
0.4571340084075928,309,-0.2578125
0.4585700035095215,310,-0.270703125
0.4602649211883545,311,-0.064453125
0.4618210792541504,312,-0.193359375
0.4631938934326172,313,0.07734374999999999
0.4655001163482666,314,-0.012890625
0.4677610397338867,315,-0.09023437499999999
0.46929192543029785,316,-0.42539062499999997
0.47132110595703125,317,-1.2503906249999999
0.4731941223144531,318,-0.37382812499999996
0.4746880531311035,319,-0.193359375
0.47600293159484863,320,-0.12890625
0.4772050380706787,321,-0.48984374999999997
0.4783329963684082,322,-0.4125
0.4794590473175049,323,-0.15468749999999998
0.4805591106414795,324,-0.012890625
0.48186707496643066,325,-0.064453125
0.48329997062683105,326,-0.193359375
0.4848310947418213,327,-0.20625
0.4863879680633545,328,-0.8121093749999999
0.4879469871520996,329,-1.5597656249999998
0.48935604095458984,330,-0.02578125
0.4908308982849121,331,-0.20625
0.4928610324859619,332,-0.20625
0.49527597427368164,333,-0.322265625
0.4967780113220215,334,0.33515625
0.49835896492004395,335,-0.012890625
0.5004479885101318,336,-0.09023437499999999
0.5021429061889648,337,-0.116015625
0.5034410953521729,338,-1.044140625
0.5046079158782959,339,-1.65
0.5057260990142822,340,-0.0515625
0.5068531036376953,341,-0.23203125
0.5079770088195801,342,-0.29648437499999997
0.5090980529785156,343,0.0
0.5102081298828125,344,-0.28359375
0.5113348960876465,345,-0.37382812499999996
0.5125329494476318,346,-0.23203125
0.5139360427856445,347,-0.012890625
0.5154430866241455,348,-0.012890625
0.5170938968658447,349,-0.23203125
0.5186738967895508,350,-0.167578125
0.5201311111450195,351,-0.992578125
0.521569013595581,352,-1.65
0.523292064666748,353,-0.116015625
0.5258290767669678,354,-0.09023437499999999
0.5274159908294678,355,-0.33515625
0.5289390087127686,356,-0.12890625
0.5311119556427002,357,0.0
0.5328309535980225,358,-0.02578125
0.5341100692749023,359,-0.23203125
0.5353279113769531,360,-0.38671875
0.5364570617675781,361,-1.10859375
0.537559986114502,362,-1.65
0.5386550426483154,363,0.012890625
0.5397961139678955,364,-0.20625
0.5409340858459473,365,-0.20625
0.5420329570770264,366,-0.18046874999999998
0.5432500839233398,367,-0.2578125
0.5446610450744629,368,-0.4125
0.5461130142211914,369,-0.20625
0.5477550029754639,370,0.0
0.5493760108947754,371,-0.0515625
0.5509219169616699,372,-0.20625
0.5524120330810547,373,-0.36093749999999997
0.5541419982910156,374,-1.2503906249999999
0.5565140247344971,375,-0.12890625
0.5581130981445312,376,-0.167578125
0.5596051216125488,377,-0.064453125
0.5616660118103027,378,-0.42539062499999997
0.563352108001709,379,-0.038671874999999994
0.5648820400238037,380,-0.012890625
0.5660820007324219,381,-0.09023437499999999
0.5672430992126465,382,-0.23203125
0.5683689117431641,383,-0.322265625
0.5694739818572998,384,-1.03125
0.5705709457397461,385,-1.585546875
0.5717720985412598,386,-0.167578125
0.5729351043701172,387,-0.167578125
0.5741169452667236,388,-0.116015625
0.5754950046539307,389,-0.103125
0.5769460201263428,390,-0.20625
0.5784730911254883,391,-0.20625
0.5800049304962158,392,-0.02578125
0.5815179347991943,393,0.0
0.5830271244049072,394,-0.07734374999999999
0.5850200653076172,395,-0.2578125
0.587332010269165,396,-0.605859375
0.5888800621032715,397,-0.2578125
0.5904901027679443,398,-0.193359375
0.5925350189208984,399,-0.30937499999999996
0.594048023223877,400,-0.36093749999999997
0.5953309535980225,401,-0.12890625
0.5964889526367188,402,0.0
0.597599983215332,403,-0.012890625
0.5987069606781006,404,-0.038671874999999994
0.5998449325561523,405,-0.270703125
0.6009740829467773,406,-0.29648437499999997
0.6020760536193848,407,-0.64453125
0.6031739711761475,408,-1.2503906249999999
0.6044049263000488,409,-1.65
0.6058440208435059,410,-0.0515625
0.6072900295257568,411,-0.20625
0.6087839603424072,412,-0.28359375
0.6102681159973145,413,0.0
0.6118290424346924,414,-0.12890625
0.61338210105896,415,0.09023437499999999
0.6154830455780029,416,0.0
0.6176629066467285,417,-0.0515625
0.6191790103912354,418,-0.33515625
0.6209490299224854,419,-1.26328125
0.6230499744415283,420,-0.116015625
0.6245040893554688,421,-0.064453125
0.6256990432739258,422,-0.02578125
0.6268789768218994,423,-0.322265625
0.6280519962310791,424,-0.37382812499999996
0.6292169094085693,425,-0.20625
0.6303219795227051,426,-0.012890625
0.6314690113067627,427,-0.02578125
0.6325681209564209,428,-0.09023437499999999
0.6336660385131836,429,-0.270703125
0.6348769664764404,430,-0.2578125
0.6363410949707031,431,-0.928125
0.6378300189971924,432,-1.5984375
0.6393771171569824,433,-0.09023437499999999
0.6409521102905273,434,-0.15468749999999998
0.6423490047454834,435,-0.20625
0.6438870429992676,436,-0.37382812499999996
