time,count,voltage
0.005412101745605469,1,-0.02578125
0.006937980651855469,2,-0.0515625
0.008330106735229492,3,-0.36093749999999997
0.009717941284179688,4,-0.889453125
0.01114797592163086,5,-1.611328125
0.012773990631103516,6,0.0
0.014484167098999023,7,-0.18046874999999998
0.016164064407348633,8,-0.30937499999999996
0.017866134643554688,9,-0.36093749999999997
0.019431114196777344,10,-0.064453125
0.021212100982666016,11,0.012890625
0.02272796630859375,12,-0.038671874999999994
0.024119138717651367,13,-0.2578125
0.025472164154052734,14,-0.38671875
0.026803016662597656,15,-1.147265625
0.028347015380859375,16,-1.2890625
0.030053138732910156,17,-0.02578125
0.03173494338989258,18,-0.167578125
0.03342294692993164,19,-0.193359375
0.03529000282287598,20,-0.2578125
0.03701496124267578,21,0.103125
0.038619041442871094,22,0.0
0.040313005447387695,23,-0.0515625
0.04196810722351074,24,-0.33515625
0.04405403137207031,25,-0.966796875
0.04698610305786133,26,0.0
0.04918098449707031,27,-0.0515625
0.050820112228393555,28,-0.141796875
0.05260300636291504,29,-0.012890625
0.054772138595581055,30,-0.012890625
0.05691194534301758,31,-0.02578125
0.058526039123535156,32,-0.33515625
0.06005501747131348,33,-0.928125
0.061430931091308594,34,-1.65
0.06277704238891602,35,0.0
0.06411409378051758,36,-0.15468749999999998
0.0654599666595459,37,-0.29648437499999997
0.06680011749267578,38,-0.167578125
0.06812596321105957,39,-0.33515625
0.06957006454467773,40,-0.103125
0.07093501091003418,41,-0.012890625
0.07227110862731934,42,-0.02578125
0.07358908653259277,43,-0.15468749999999998
0.07491397857666016,44,-0.43828124999999996
0.07624506950378418,45,-0.889453125
0.07757401466369629,46,-1.5984375
0.07905197143554688,47,0.0
0.08048796653747559,48,-0.12890625
0.08190608024597168,49,-0.20625
0.08335709571838379,50,-0.21914062499999998
0.08477306365966797,51,-0.4125
0.08635401725769043,52,-0.15468749999999998
0.0878441333770752,53,0.012890625
0.08932995796203613,54,-0.038671874999999994
0.09074997901916504,55,-0.20625
0.09324097633361816,56,-0.4125
0.09491300582885742,57,-1.3792968749999999
0.0963280200958252,58,-0.02578125
0.0982980728149414,59,-0.18046874999999998
0.09995293617248535,60,-0.30937499999999996
0.10120606422424316,61,-0.30937499999999996
0.10258603096008301,62,-0.15468749999999998
0.10384798049926758,63,0.0
0.10498809814453125,64,0.0
0.10609197616577148,65,-0.02578125
0.10720014572143555,66,-0.322265625
0.10830903053283691,67,-0.43828124999999996
0.10944604873657227,68,-1.018359375
0.1106259822845459,69,-1.585546875
0.11199307441711426,70,0.012890625
0.11340999603271484,71,-0.02578125
0.11490893363952637,72,-0.09023437499999999
0.11646413803100586,73,-0.23203125
0.11789202690124512,74,-0.18046874999999998
0.1193549633026123,75,-0.02578125
0.12112712860107422,76,0.012890625
0.12351799011230469,77,-0.012890625
0.12510013580322266,78,-0.30937499999999996
0.12647104263305664,79,-0.8765624999999999
0.12822794914245605,80,-1.611328125
0.1300981044769287,81,0.0
0.13144612312316895,82,-0.07734374999999999
0.13263702392578125,83,-0.322265625
0.13379812240600586,84,-0.37382812499999996
0.13495802879333496,85,-0.37382812499999996
0.1360771656036377,86,-0.12890625
0.1371760368347168,87,0.012890625
0.13827109336853027,88,-0.012890625
0.13946294784545898,89,-0.02578125
0.14066696166992188,90,-0.37382812499999996
0.14208102226257324,91,-0.4640625
0.14352202415466309,92,-1.134375
0.1449730396270752,93,-0.12890625
0.14654994010925293,94,0.0
0.1480419635772705,95,-0.15468749999999998
0.14966106414794922,96,-0.4125
0.15155506134033203,97,-0.322265625
0.15387201309204102,98,-0.103125
0.155379056930542,99,-0.012890625
0.1568310260772705,100,-0.07734374999999999
0.15873408317565918,101,-0.43828124999999996
0.16055703163146973,102,-0.992578125
0.16183710098266602,103,0.0
0.16298794746398926,104,0.0
0.16411209106445312,105,-0.103125
0.16528105735778809,106,-0.322265625
0.16644811630249023,107,-0.21914062499999998
0.1675729751586914,108,-0.4640625
0.1686689853668213,109,-0.36093749999999997
0.16985416412353516,110,0.0
0.17106199264526367,111,0.0
0.17244911193847656,112,-0.02578125
0.17387795448303223,113,-0.18046874999999998
0.17544007301330566,114,-0.43828124999999996
0.17697715759277344,115,-1.0570312499999999
0.17838501930236816,116,0.0
0.17987394332885742,117,-0.0515625
0.18164896965026855,118,-0.15468749999999998
0.18402314186096191,119,-0.322265625
0.18566012382507324,120,-0.21914062499999998
0.1870710849761963,121,0.0
0.18898797035217285,122,-0.012890625
0.1908280849456787,123,-0.09023437499999999
0.19215703010559082,124,-0.36093749999999997
0.1933300495147705,125,-1.147265625
0.19444704055786133,126,-1.65
0.1955699920654297,127,0.0
0.19666600227355957,128,-0.103125
0.19776606559753418,129,-0.103125
0.19893312454223633,130,-0.28359375
0.20004701614379883,131,-0.15468749999999998
0.2012491226196289,132,-0.30937499999999996
0.20265412330627441,133,-0.20625
0.20409011840820312,134,0.012890625
0.2055950164794922,135,-0.02578125
0.20717501640319824,136,-0.116015625
0.20861005783081055,137,-0.36093749999999997
0.21015501022338867,138,-1.03125
0.21161413192749023,139,-1.65
0.2140960693359375,140,-0.02578125
0.21581411361694336,141,-0.193359375
0.21718597412109375,142,-0.167578125
0.21892404556274414,143,-0.12890625
0.22089409828186035,144,-0.012890625
0.22228598594665527,145,0.0
0.2234640121459961,146,-0.20625
0.2245931625366211,147,-0.476953125
0.225693941116333,148,-0.7218749999999999
0.22679615020751953,149,-1.405078125
0.22788405418395996,150,0.0
0.22899794578552246,151,0.0
0.23010706901550293,152,-0.09023437499999999
0.23186802864074707,153,-0.167578125
0.2333221435546875,154,-0.20625
0.23548007011413574,155,-0.399609375
0.2371230125427246,156,0.116015625
0.2386009693145752,157,0.012890625
0.2401731014251709,158,-0.0515625
0.24176597595214844,159,-0.4125
0.2442150115966797,160,-0.8765624999999999
0.245866060256958,161,0.0
0.24721002578735352,162,-0.12890625
0.24898695945739746,163,-0.2578125
0.25090813636779785,164,-0.23203125
0.2523610591888428,165,-0.09023437499999999
0.2535581588745117,166,0.0
0.2546851634979248,167,0.012890625
0.2557971477508545,168,-0.012890625
0.2568981647491455,169,-0.2578125
0.25799012184143066,170,-0.48984374999999997
0.2591111660003662,171,-0.837890625
0.2602119445800781,172,-1.4308593749999998
0.26139307022094727,173,0.0
0.2627861499786377,174,0.012890625
0.2642691135406494,175,-0.167578125
0.2657899856567383,176,-0.28359375
0.2673029899597168,177,-0.167578125
0.26878809928894043,178,-0.15468749999999998
0.27035999298095703,179,0.0
0.2717859745025635,180,-0.012890625
0.2740359306335449,181,-0.0515625
0.27610206604003906,182,-0.33515625
0.27753710746765137,183,-1.3148437499999999
0.2791249752044678,184,0.0
0.2810499668121338,185,-0.02578125
0.28264713287353516,186,-0.20625
0.28389406204223633,187,-0.30937499999999996
0.2850649356842041,188,-0.23203125
0.2861790657043457,189,-0.02578125
0.2872810363769531,190,0.012890625
0.2883751392364502,191,-0.02578125
0.2894899845123291,192,-0.0515625
0.29058313369750977,193,-0.37382812499999996
0.29178595542907715,194,-0.451171875
0.29318904876708984,195,-1.044140625
0.29459500312805176,196,-1.65
0.29610514640808105,197,0.0
0.2976391315460205,198,-0.193359375
0.29911303520202637,199,-0.322265625
0.3005490303039551,200,-0.167578125
0.3020150661468506,201,-0.12890625
0.30454516410827637,202,0.0
0.3062450885772705,203,-0.012890625
0.30765414237976074,204,-0.322265625
0.309406042098999,205,-0.43828124999999996
0.3113279342651367,206,-1.340625
0.31268906593322754,207,0.0
0.3138539791107178,208,-0.116015625
0.3149721622467041,209,-0.270703125
0.3160970211029053,210,-0.29648437499999997
0.31720805168151855,211,-0.30937499999999996
0.3183131217956543,212,-0.322265625
0.3194601535797119,213,-0.116015625
0.32056403160095215,214,0.012890625
0.3217470645904541,215,-0.012890625
0.3231799602508545,216,-0.038671874999999994
0.3246760368347168,217,-0.4125
0.32615208625793457,218,-0.6703125
0.3275339603424072,219,-1.533984375
0.3298921585083008,220,0.0
0.331402063369751,221,-0.0515625
0.3328559398651123,222,-0.322265625
0.3342559337615967,223,-0.399609375
0.33675098419189453,224,-0.193359375
0.3387789726257324,225,0.012890625
0.34049010276794434,226,-0.012890625
0.34243106842041016,227,-0.399609375
0.3440530300140381,228,-1.147265625
0.34531211853027344,229,-0.012890625
0.34645915031433105,230,-0.116015625
0.347581148147583,231,-0.064453125
0.34870100021362305,232,-0.2578125
0.3499031066894531,233,-0.29648437499999997
0.3510420322418213,234,-0.4125
0.3522500991821289,235,-0.322265625
0.3536679744720459,236,0.0
0.3550870418548584,237,-0.02578125
0.3566131591796875,238,-0.012890625
0.3581349849700928,239,-0.33515625
0.35967016220092773,240,-0.7218749999999999
0.36109399795532227,241,-1.5597656249999998
0.36288905143737793,242,0.0
0.36560893058776855,243,-0.23203125
0.36723899841308594,244,-0.20625
0.3687591552734375,245,-0.12890625
0.37071704864501953,246,0.012890625
0.37258410453796387,247,0.0
0.37388110160827637,248,-0.20625
0.375046968460083,249,-0.37382812499999996
0.3761780261993408,250,-0.992578125
0.3772749900817871,251,-1.611328125
0.37836194038391113,252,0.0
0.37947702407836914,253,-0.02578125
0.3806180953979492,254,-0.193359375
0.38172197341918945,255,-0.28359375
0.3829190731048584,256,-0.20625
0.38436198234558105,257,-0.20625
0.3858330249786377,258,-0.116015625
0.38746213912963867,259,0.012890625
0.3891420364379883,260,0.0
0.3906400203704834,261,-0.193359375
0.3920590877532959,262,-0.37382812499999996
0.39374494552612305,263,-1.095703125
0.39624905586242676,264,-1.0570312499999999
0.3978879451751709,265,-0.15468749999999998
0.3993649482727051,266,-0.38671875
0.4012899398803711,267,-0.2578125
0.40311193466186523,268,0.038671874999999994
0.4044809341430664,269,0.012890625
0.4056730270385742,270,-0.02578125
0.40680813789367676,271,-0.23203125
0.4079251289367676,272,-0.476953125
0.409045934677124,273,-0.7734375
0.4101450443267822,274,-1.4308593749999998
0.4112570285797119,275,0.0
0.4123570919036865,276,-0.012890625
0.41365599632263184,277,-0.167578125
0.4151129722595215,278,-0.167578125
0.41656494140625,279,-0.2578125
0.41808104515075684,280,-0.29648437499999997
0.41977810859680176,281,-0.103125
0.4213540554046631,282,0.0
0.422853946685791,283,-0.012890625
0.42467212677001953,284,-0.28359375
0.42696309089660645,285,-0.4640625
0.42864394187927246,286,-1.4308593749999998
0.43024396896362305,287,-0.02578125
0.43232107162475586,288,-0.103125
0.4339470863342285,289,-0.24492187499999998
0.4353189468383789,290,-0.12890625
0.4365251064300537,291,0.012890625
0.4376871585845947,292,0.0
0.4388561248779297,293,-0.0515625
0.4399909973144531,294,-0.15468749999999998
0.441115140914917,295,-0.4125
0.4422180652618408,296,-0.6703125
0.4433290958404541,297,-1.353515625
0.44455599784851074,298,-0.7218749999999999
0.4459710121154785,299,0.0
0.4473991394042969,300,-0.23203125
0.44903016090393066,301,-0.141796875
0.4505751132965088,302,-0.103125
0.4520890712738037,303,-0.116015625
0.45357608795166016,304,0.0
0.45516300201416016,305,0.0
0.45760607719421387,306,-0.02578125
0.45932912826538086,307,-0.30937499999999996
0.46072816848754883,308,-1.2890625
0.4625530242919922,309,0.0
0.46443700790405273,310,-0.103125
0.4657890796661377,311,-0.29648437499999997
0.4669671058654785,312,-0.15468749999999998
0.4681880474090576,313,-0.193359375
0.4694700241088867,314,-0.064453125
0.47060704231262207,315,0.0
0.4717071056365967,316,-0.02578125
0.4728710651397705,317,-0.0515625
0.4740159511566162,318,-0.399609375
0.4752669334411621,319,-0.43828124999999996
0.4767451286315918,320,-1.095703125
0.47818899154663086,321,-1.069921875
0.4798610210418701,322,-0.012890625
0.48143911361694336,323,-0.116015625
0.4829380512237549,324,-0.33515625
0.4845590591430664,325,-0.322265625
0.48639416694641113,326,-0.07734374999999999
0.48871803283691406,327,-0.012890625
0.49031496047973633,328,-0.0515625
0.4918191432952881,329,-0.399609375
0.49378204345703125,330,-0.95390625
0.4954979419708252,331,-0.116015625
0.4967789649963379,332,-0.02578125
0.49794697761535645,333,-0.167578125
0.49913716316223145,334,-0.36093749999999997
0.5003080368041992,335,-0.116015625
0.5014979839324951,336,-0.20625
0.5026569366455078,337,-0.064453125
0.5037620067596436,338,-0.012890625
0.5048620700836182,339,-0.012890625
0.5060379505157471,340,-0.012890625
0.5074560642242432,341,-0.33515625
0.5090141296386719,342,-0.4640625
0.5105891227722168,343,-1.2503906249999999
0.5121450424194336,344,-0.012890625
0.5135619640350342,345,-0.02578125
0.5149779319763184,346,-0.103125
0.516840934753418,347,-0.20625
0.5193791389465332,348,-0.2578125
0.5209710597991943,349,0.012890625
0.5223870277404785,350,-0.012890625
0.5243940353393555,351,-0.167578125
0.5262041091918945,352,-0.399609375
0.5275051593780518,353,-1.456640625
0.5286719799041748,354,0.0
0.5298600196838379,355,-0.09023437499999999
0.5309851169586182,356,-0.0515625
0.5321619510650635,357,-0.29648437499999997
0.5332779884338379,358,-0.103125
0.5343911647796631,359,-0.33515625
0.5354881286621094,360,-0.2578125
0.5366690158843994,361,0.0
0.5380561351776123,362,0.0
0.539553165435791,363,-0.02578125
0.5410511493682861,364,-0.29648437499999997
0.5426440238952637,365,-0.48984374999999997
0.5440950393676758,366,-1.405078125
0.5455210208892822,367,0.0
0.5468809604644775,368,-0.02578125
0.5495259761810303,369,-0.167578125
0.5514020919799805,370,-0.20625
0.5528039932250977,371,0.23203125
0.554509162902832,372,0.012890625
0.5565471649169922,373,-0.02578125
0.5579249858856201,374,-0.322265625
0.5591640472412109,375,-0.6187499999999999
0.5603079795837402,376,-1.3664062499999998
0.5614490509033203,377,0.0
0.5625491142272949,378,0.0
0.5636839866638184,379,-0.167578125
0.5647881031036377,380,-0.29648437499999997
0.5659019947052002,381,-0.2578125
0.5670890808105469,382,-0.322265625
0.5684750080108643,383,-0.33515625
0.5699119567871094,384,-0.0515625
0.5715179443359375,385,0.0
0.5730559825897217,386,-0.02578125
0.5745260715484619,387,-0.37382812499999996
0.5760359764099121,388,-0.580078125
0.5774660110473633,389,-1.456640625
0.5798540115356445,390,0.0
0.5819039344787598,391,-0.15468749999999998
0.5833570957183838,392,-0.193359375
0.5849621295928955,393,-0.33515625
0.5869481563568115,394,-0.103125
0.5885560512542725,395,-0.012890625
0.5898799896240234,396,-0.0515625
0.5910379886627197,397,-0.4125
0.5921940803527832,398,-0.6187499999999999
0.593311071395874,399,-1.3019531249999998
0.5943989753723145,400,-0.502734375
0.5955030918121338,401,0.0
0.5966269969940186,402,-0.07734374999999999
0.597815990447998,403,-0.15468749999999998
0.5992190837860107,404,-0.30937499999999996
0.6006619930267334,405,-0.167578125
0.6021909713745117,406,-0.103125
0.6038250923156738,407,0.012890625
0.6054320335388184,408,0.0
0.6069281101226807,409,-0.07734374999999999
0.6087770462036133,410,-0.399609375
0.6111550331115723,411,-0.966796875
0.6127991676330566,412,0.0
0.6142699718475342,413,-0.141796875
0.6173751354217529,414,-0.29648437499999997
0.6189849376678467,415,-0.30937499999999996
0.620305061340332,416,0.0
0.6214981079101562,417,-0.012890625
0.6226270198822021,418,-0.038671874999999994
0.6237499713897705,419,-0.322265625
0.6248550415039062,420,-0.42539062499999997
0.6259560585021973,421,-0.992578125
0.6270461082458496,422,-1.5597656249999998
0.62831711769104,423,0.0
0.6297979354858398,424,0.0
0.6312329769134521,425,-0.20625
0.6327731609344482,426,-0.20625
0.63431715965271,427,-0.33515625
0.6358959674835205,428,-0.103125
0.6374869346618652,429,0.012890625
0.6389620304107666,430,-0.012890625
0.6412191390991211,431,-0.15468749999999998
0.6434140205383301,432,-0.36093749999999997
0.6449241638183594,433,-1.611328125
0.6464509963989258,434,0.0
0.6483449935913086,435,-0.12890625
0.6500439643859863,436,-0.30937499999999996
0.6513619422912598,437,-0.348046875
0.6525571346282959,438,-0.103125
0.653710126876831,439,0.012890625
0.6548240184783936,440,-0.012890625
0.6559410095214844,441,-0.02578125
0.6570401191711426,442,-0.36093749999999997
