time,count,voltage
0.005142927169799805,1,-0.4640625
0.006699085235595703,2,-0.4125
0.008104085922241211,3,-0.36093749999999997
0.00966501235961914,4,-0.23203125
0.011293888092041016,5,-0.012890625
0.013016939163208008,6,-0.09023437499999999
0.014754056930541992,7,-0.4125
0.016453981399536133,8,-0.6574218749999999
0.01818990707397461,9,-1.4953124999999998
0.019860029220581055,10,-0.18046874999999998
0.02129387855529785,11,-0.580078125
0.022722959518432617,12,-0.38671875
0.024168014526367188,13,-0.20625
0.025588035583496094,14,-0.29648437499999997
0.027178049087524414,15,-0.02578125
0.028995037078857422,16,-0.02578125
0.030781984329223633,17,-0.30937499999999996
0.032675981521606445,18,-0.631640625
0.0344090461730957,19,-1.26328125
0.03600192070007324,20,-0.103125
0.0377659797668457,21,-0.2578125
0.0409090518951416,22,-0.476953125
0.04369997978210449,23,-0.23203125
0.04633498191833496,24,-0.02578125
0.04805898666381836,25,-0.33515625
0.04999995231628418,26,-0.580078125
0.05213189125061035,27,-1.46953125
0.05430793762207031,28,-0.116015625
0.05598592758178711,29,-0.4640625
0.05742502212524414,30,-0.21914062499999998
0.058853864669799805,31,-0.28359375
0.060263872146606445,32,-0.064453125
0.06167197227478027,33,-0.02578125
0.06303095817565918,34,-0.167578125
0.06442403793334961,35,-0.5285156249999999
0.06579899787902832,36,-0.760546875
0.06715607643127441,37,-1.340625
0.06860089302062988,38,-0.322265625
0.0705718994140625,39,-0.0515625
0.07218003273010254,40,-0.43828124999999996
0.07361793518066406,41,-0.54140625
0.07500100135803223,42,-0.399609375
0.07644200325012207,43,-0.193359375
0.07784891128540039,44,-0.012890625
0.07924389839172363,45,-0.15468749999999998
0.0807180404663086,46,-0.37382812499999996
0.08227801322937012,47,-0.734765625
0.0839838981628418,48,-1.198828125
0.08574390411376953,49,-0.23203125
0.08756899833679199,50,-0.23203125
0.0896458625793457,51,-0.322265625
0.09135794639587402,52,-0.193359375
0.09332394599914551,53,-0.15468749999999998
0.09543704986572266,54,0.0
0.09828686714172363,55,-0.167578125
0.10029292106628418,56,-0.554296875
0.10196089744567871,57,-1.65
0.10413002967834473,58,-0.12890625
0.10554885864257812,59,-0.5671875
0.10673809051513672,60,-0.29648437499999997
0.10792994499206543,61,-0.28359375
0.10911703109741211,62,-0.30937499999999996
0.11043190956115723,63,-0.09023437499999999
0.11197304725646973,64,-0.0515625
0.11342692375183105,65,-0.2578125
0.11500787734985352,66,-0.631640625
0.1163930892944336,67,-0.889453125
0.11769294738769531,68,-1.611328125
0.11913609504699707,69,0.0
0.12171196937561035,70,-0.24492187499999998
0.12367105484008789,71,-0.515625
0.1255168914794922,72,-0.322265625
0.1275038719177246,73,-0.103125
0.1289989948272705,74,-0.0515625
0.13021087646484375,75,-0.322265625
0.13135504722595215,76,-0.631640625
0.13248395919799805,77,-0.8121093749999999
0.13363003730773926,78,-1.405078125
0.13475394248962402,79,-0.992578125
0.13589787483215332,80,-0.0515625
0.13702988624572754,81,-0.270703125
0.13815093040466309,82,-0.6703125
0.13933992385864258,83,-0.69609375
0.14055895805358887,84,-0.21914062499999998
0.14237403869628906,85,-0.348046875
0.14388108253479004,86,0.02578125
0.1455690860748291,87,-0.02578125
0.14703607559204102,88,-0.2578125
0.1484839916229248,89,-0.631640625
0.150040864944458,90,-0.9152343749999999
0.15257000923156738,91,-1.65
0.15432500839233398,92,-0.103125
0.15572500228881836,93,-0.37382812499999996
0.15772199630737305,94,-0.33515625
0.1596698760986328,95,-0.33515625
0.1611158847808838,96,-0.012890625
0.16230392456054688,97,-0.09023437499999999
0.16345596313476562,98,-0.322265625
0.16457796096801758,99,-0.6832031249999999
0.16574597358703613,100,-0.8121093749999999
0.16688108444213867,101,-1.3921875
0.1680150032043457,102,-1.5597656249999998
0.16916894912719727,103,-0.012890625
0.17029404640197754,104,-0.270703125
0.17151689529418945,105,-0.4125
0.17302989959716797,106,-0.4125
0.17452692985534668,107,-0.21914062499999998
0.17624497413635254,108,-0.09023437499999999
0.1777949333190918,109,0.0
0.17917609214782715,110,-0.064453125
0.18059301376342773,111,-0.322265625
0.18255400657653809,112,-0.6574218749999999
0.18516206741333008,113,-1.134375
0.18664193153381348,114,-0.4640625
0.18844985961914062,115,-0.48984374999999997
0.19060707092285156,116,-0.37382812499999996
0.1921389102935791,117,-0.20625
0.19336390495300293,118,0.064453125
0.19453096389770508,119,-0.012890625
0.1956620216369629,120,-0.12890625
0.19678187370300293,121,-0.4125
0.1979680061340332,122,-0.6832031249999999
0.19913387298583984,123,-0.8507812499999999
0.20026803016662598,124,-1.4437499999999999
0.20151591300964355,125,-0.992578125
0.20296096801757812,126,-0.064453125
0.20450687408447266,127,-0.4640625
0.2061779499053955,128,-0.5671875
0.20770907402038574,129,-0.167578125
0.20925593376159668,130,-0.167578125
0.21067500114440918,131,-0.012890625
0.2123088836669922,132,-0.0515625
0.21495294570922852,133,-0.322265625
0.21661996841430664,134,-0.5929687499999999
0.21812105178833008,135,-1.611328125
0.22035503387451172,136,-0.02578125
0.22203588485717773,137,-0.4125
0.2233269214630127,138,-0.29648437499999997
0.2245478630065918,139,-0.42539062499999997
0.2257099151611328,140,-0.42539062499999997
0.22686386108398438,141,-0.12890625
0.2279810905456543,142,-0.012890625
0.22913789749145508,143,-0.12890625
0.23029708862304688,144,-0.43828124999999996
0.23154902458190918,145,-0.7218749999999999
0.23304200172424316,146,-0.9410156249999999
0.23453307151794434,147,-1.65
0.23616695404052734,148,0.0
0.23777294158935547,149,-0.24492187499999998
0.23919296264648438,150,-0.37382812499999996
0.24074888229370117,151,-0.21914062499999998
0.24260902404785156,152,-0.30937499999999996
0.24533987045288086,153,-0.07734374999999999
0.24687695503234863,154,-0.15468749999999998
0.24866294860839844,155,-0.515625
0.2506570816040039,156,-0.8121093749999999
0.2520890235900879,157,-1.65
0.2533900737762451,158,-0.24492187499999998
0.25458693504333496,159,-0.4640625
0.2557179927825928,160,-0.42539062499999997
0.256882905960083,161,-0.37382812499999996
0.2580108642578125,162,-0.515625
0.2591578960418701,163,-0.4125
0.26030802726745605,164,-0.012890625
0.2616100311279297,165,-0.012890625
0.2630579471588135,166,-0.193359375
0.26459693908691406,167,-0.476953125
0.2661929130554199,168,-0.7218749999999999
0.2676870822906494,169,-1.41796875
0.2692279815673828,170,-0.038671874999999994
0.27076292037963867,171,-0.322265625
0.27279090881347656,172,-0.322265625
0.2750539779663086,173,-0.28359375
0.27657103538513184,174,0.0515625
0.2784280776977539,175,-0.012890625
0.2805008888244629,176,-0.12890625
0.28196096420288086,177,-0.515625
0.28317809104919434,178,-0.992578125
0.28439807891845703,179,-1.611328125
0.2855560779571533,180,0.0
0.28668808937072754,181,-0.23203125
0.2878398895263672,182,-0.5285156249999999
0.2890150547027588,183,-0.4640625
0.290132999420166,184,-0.29648437499999997
0.2912569046020508,185,-0.399609375
0.29253506660461426,186,-0.399609375
0.2939920425415039,187,-0.012890625
0.2954580783843994,188,-0.038671874999999994
0.297029972076416,189,-0.30937499999999996
0.29866695404052734,190,-0.6187499999999999
0.3001549243927002,191,-0.9796874999999999
0.3017120361328125,192,-1.65
0.30372095108032227,193,0.0
0.30605196952819824,194,-0.37382812499999996
0.30754590034484863,195,-0.322265625
0.3094050884246826,196,-0.270703125
0.31147193908691406,197,-0.02578125
0.3129570484161377,198,-0.0515625
0.31416893005371094,199,-0.4640625
0.31531500816345215,200,-0.708984375
0.3164999485015869,201,-1.147265625
0.3176429271697998,202,-1.65
0.3187880516052246,203,0.0
0.3199620246887207,204,-0.12890625
0.32109594345092773,205,-0.515625
0.3222160339355469,206,-0.502734375
0.32343387603759766,207,-0.42539062499999997
0.32491302490234375,208,-0.28359375
0.32642698287963867,209,-0.167578125
0.32813000679016113,210,0.0
0.32973289489746094,211,-0.09023437499999999
0.3313729763031006,212,-0.502734375
0.33293986320495605,213,-0.7476562499999999
0.33530187606811523,214,-1.4953124999999998
0.3377339839935303,215,-0.167578125
0.3393099308013916,216,-0.4640625
0.34150195121765137,217,-0.33515625
0.3431670665740967,218,-0.20625
0.3445150852203369,219,-0.012890625
0.3457028865814209,220,-0.103125
0.34700989723205566,221,-0.399609375
0.3481769561767578,222,-0.708984375
0.34949398040771484,223,-0.928125
0.35064101219177246,224,-1.5597656249999998
0.3517589569091797,225,0.0
0.35291194915771484,226,-0.167578125
0.35413193702697754,227,-0.37382812499999996
0.3556399345397949,228,-0.36093749999999997
0.3571770191192627,229,-0.33515625
0.35901904106140137,230,-0.43828124999999996
0.36103200912475586,231,-0.18046874999999998
0.36290788650512695,232,-0.0515625
0.3645799160003662,233,-0.4125
0.36644506454467773,234,-0.7218749999999999
0.3690800666809082,235,-1.4437499999999999
0.3706319332122803,236,-0.15468749999999998
0.3724050521850586,237,-0.64453125
0.3745110034942627,238,-0.33515625
0.3759288787841797,239,-0.167578125
0.37715601921081543,240,-0.012890625
0.37831997871398926,241,-0.0515625
0.37957286834716797,242,-0.23203125
0.3807499408721924,243,-0.580078125
0.38191986083984375,244,-0.837890625
0.38304686546325684,245,-1.224609375
0.38428401947021484,246,-1.65
0.3856968879699707,247,0.012890625
0.3871440887451172,248,-0.2578125
0.3887619972229004,249,-0.64453125
0.3903219699859619,250,-0.38671875
0.391618013381958,251,-0.29648437499999997
0.3929579257965088,252,-0.15468749999999998
0.3952939510345459,253,0.0
0.3971989154815674,254,-0.07734374999999999
0.39882993698120117,255,-0.5671875
0.40102386474609375,256,-0.992578125
0.4024949073791504,257,0.0
0.40369200706481934,258,-0.21914062499999998
0.4049060344696045,259,-0.6703125
0.40607690811157227,260,-0.7863281249999999
0.407214879989624,261,-0.20625
0.4084470272064209,262,-0.33515625
0.40962696075439453,263,-0.21914062499999998
0.410768985748291,264,-0.0515625
0.4119138717651367,265,-0.0515625
0.4130399227142334,266,-0.33515625
0.4142880439758301,267,-0.631640625
0.41571593284606934,268,-0.837890625
0.4172630310058594,269,-1.327734375
0.4188849925994873,270,-0.0515625
0.42042088508605957,271,-0.322265625
0.42188501358032227,272,-0.451171875
0.42341089248657227,273,-0.5285156249999999
0.42619800567626953,274,-0.399609375
0.42774486541748047,275,-0.012890625
0.43000006675720215,276,-0.0515625
0.43191099166870117,277,-0.33515625
0.4332458972930908,278,-0.837890625
0.43440794944763184,279,-1.5726562499999999
0.43553996086120605,280,0.0
0.4366610050201416,281,-0.30937499999999996
0.4378659725189209,282,-0.54140625
0.4390299320220947,283,-0.43828124999999996
0.4401719570159912,284,-0.348046875
0.4413020610809326,285,-0.43828124999999996
0.4424300193786621,286,-0.4640625
0.4435460567474365,287,-0.09023437499999999
0.4448220729827881,288,-0.02578125
0.44633007049560547,289,-0.20625
0.4477958679199219,290,-0.502734375
0.4497859477996826,291,-0.7476562499999999
0.45125603675842285,292,-1.546875
0.4526479244232178,293,0.0
0.45482897758483887,294,-0.21914062499999998
0.4575810432434082,295,-0.30937499999999996
0.45929598808288574,296,0.012890625
0.4613969326019287,297,0.20625
0.4633760452270508,298,-0.0515625
0.4647350311279297,299,-0.43828124999999996
0.46593308448791504,300,-0.6832031249999999
0.46708106994628906,301,-1.340625
0.46820497512817383,302,-1.5726562499999999
0.46949005126953125,303,-0.0515625
0.4706599712371826,304,-0.270703125
0.4717979431152344,305,-0.734765625
0.47297191619873047,306,-0.4125
0.47409486770629883,307,-0.2578125
0.47533392906188965,308,-0.322265625
0.47679591178894043,309,-0.20625
0.47838306427001953,310,-0.012890625
0.4800729751586914,311,-0.167578125
0.48154592514038086,312,-0.54140625
0.48285889625549316,313,-0.7863281249999999
0.4841320514678955,314,-1.482421875
0.486677885055542,315,-0.02578125
0.4884660243988037,316,-0.270703125
0.4900698661804199,317,-0.580078125
0.49230194091796875,318,-0.4125
0.49382805824279785,319,-0.09023437499999999
0.4950540065765381,320,-0.0515625
0.4962189197540283,321,-0.20625
0.4973750114440918,322,-0.515625
0.49853992462158203,323,-0.7863281249999999
0.4997129440307617,324,-1.095703125
0.5008869171142578,325,-1.65
0.5020558834075928,326,-0.0515625
0.5031909942626953,327,-0.30937499999999996
0.5043339729309082,328,-0.4125
0.5055708885192871,329,-0.4125
0.5070130825042725,330,-0.4640625
0.5086209774017334,331,-0.23203125
0.5103189945220947,332,-0.15468749999999998
0.5117979049682617,333,-0.012890625
0.5132629871368408,334,-0.20625
0.5146620273590088,335,-0.5285156249999999
0.5172920227050781,336,-0.734765625
0.518913984298706,337,-1.65
0.5204150676727295,338,-0.33515625
0.5223970413208008,339,-0.54140625
0.5241780281066895,340,-0.37382812499999996
0.5255799293518066,341,-0.33515625
0.5267760753631592,342,-0.038671874999999994
0.5279619693756104,343,-0.012890625
0.5291550159454346,344,-0.116015625
0.5302848815917969,345,-0.38671875
0.5314030647277832,346,-0.6703125
0.5325210094451904,347,-0.8765624999999999
0.5336530208587646,348,-1.4437499999999999
0.5347719192504883,349,-1.1859374999999999
0.5360479354858398,350,-0.116015625
0.5374898910522461,351,-0.2578125
0.5390188694000244,352,-0.54140625
0.541140079498291,353,-0.322265625
0.5427200794219971,354,-0.193359375
0.5442309379577637,355,0.0
0.5463578701019287,356,-0.038671874999999994
0.5484960079193115,357,-0.322265625
0.5500099658966064,358,-0.7218749999999999
0.552250862121582,359,-1.5984375
0.5540878772735596,360,-0.09023437499999999
0.555413007736206,361,-0.54140625
0.5566070079803467,362,-0.322265625
0.5577878952026367,363,-0.37382812499999996
0.5590260028839111,364,-0.322265625
0.560204029083252,365,-0.103125
0.5613429546356201,366,-0.012890625
0.5624558925628662,367,-0.12890625
0.5635790824890137,368,-0.42539062499999997
0.5647010803222656,369,-0.734765625
0.5659990310668945,370,-0.863671875
0.5674300193786621,371,-1.4953124999999998
0.568885087966919,372,0.0
0.5704569816589355,373,-0.103125
0.572005033493042,374,-0.515625
0.5735559463500977,375,-0.515625
0.5748648643493652,376,-0.270703125
0.5773758888244629,377,-0.12890625
0.5792129039764404,378,-0.012890625
0.5805950164794922,379,-0.270703125
0.5825290679931641,380,-0.631640625
0.5843958854675293,381,-1.134375
0.5857439041137695,382,0.0
0.5869359970092773,383,-0.2578125
0.5881118774414062,384,-0.605859375
0.5894269943237305,385,-0.4640625
0.5905859470367432,386,-0.0515625
0.5917139053344727,387,-0.29648437499999997
0.5928659439086914,388,-0.20625
0.593998908996582,389,-0.0515625
0.5951189994812012,390,-0.0515625
0.5963289737701416,391,-0.24492187499999998
0.5977890491485596,392,-0.54140625
0.5992450714111328,393,-0.79921875
0.6008739471435547,394,-1.3664062499999998
0.6023530960083008,395,-0.103125
0.6037449836730957,396,-0.23203125
0.6052210330963135,397,-0.515625
0.6070840358734131,398,-0.502734375
0.60959792137146,399,-0.54140625
0.6111199855804443,400,0.012890625
0.6126658916473389,401,-0.038671874999999994
0.6147990226745605,402,-0.322265625
0.6163749694824219,403,-0.64453125
0.6176450252532959,404,-1.46953125
0.6188240051269531,405,-0.012890625
0.6200220584869385,406,-0.20625
0.6211650371551514,407,-0.5671875
0.6223199367523193,408,-0.4125
0.6234440803527832,409,-0.30937499999999996
0.6245958805084229,410,-0.36093749999999997
0.6257278919219971,411,-0.348046875
0.6269490718841553,412,-0.103125
0.6284410953521729,413,-0.012890625
0.6299538612365723,414,-0.20625
0.6315200328826904,415,-0.54140625
0.6330230236053467,416,-0.7476562499999999
0.6344408988952637,417,-1.546875
0.6358199119567871,418,0.0
0.6378629207611084,419,-0.36093749999999997
0.6404869556427002,420,-0.7218749999999999
0.641995906829834,421,-0.20625
0.6436219215393066,422,0.0
0.6456999778747559,423,-0.012890625
0.6471750736236572,424,-0.2578125
0.6484918594360352,425,-0.6187499999999999
0.6496899127960205,426,-0.9410156249999999
0.6508328914642334,427,-1.585546875
0.6519830226898193,428,0.0
0.6531119346618652,429,-0.09023437499999999
0.6543228626251221,430,-0.4125
0.6554770469665527,431,-0.5285156249999999
0.6566400527954102,432,-0.33515625
0.6582889556884766,433,-0.4640625
0.659857988357544,434,-0.20625
0.6613490581512451,435,-0.012890625
0.6629588603973389,436,-0.09023437499999999
0.6644389629364014,437,-0.48984374999999997
0.6657838821411133,438,-0.734765625
0.6673018932342529,439,-1.2890625
0.6699469089508057,440,-1.2503906249999999
0.6715450286865234,441,-0.2578125
0.6729879379272461,442,-0.43828124999999996
0.6749780178070068,443,-0.23203125
0.6767580509185791,444,-0.012890625
0.6781549453735352,445,-0.012890625
0.6794309616088867,446,-0.15468749999999998
0.6806290149688721,447,-0.502734375
0.6817729473114014,448,-0.7476562499999999
0.682905912399292,449,-1.0570312499999999
0.6840579509735107,450,-1.611328125
0.685183048248291,451,0.0
0.6863179206848145,452,-0.23203125
0.6874358654022217,453,-0.4125
0.6886658668518066,454,-0.33515625
0.690100908279419,455,-0.348046875
0.6915550231933594,456,-0.36093749999999997
0.6932458877563477,457,-0.20625
0.694896936416626,458,0.0
0.6963179111480713,459,-0.15468749999999998
0.6977670192718506,460,-0.4640625
0.6996059417724609,461,-0.734765625
0.702117919921875,462,-1.327734375
0.7036318778991699,463,-0.167578125
0.7052700519561768,464,-0.54140625
0.7072880268096924,465,-0.4125
0.7089920043945312,466,-0.20625
0.7103118896484375,467,0.141796875
0.7114858627319336,468,-0.064453125
0.712670087814331,469,-0.193359375
0.7138068675994873,470,-0.476953125
0.7149388790130615,471,-0.7476562499999999
0.7160699367523193,472,-1.018359375
0.7172160148620605,473,-1.5726562499999999
0.7184109687805176,474,0.0
0.7196509838104248,475,-0.0515625
0.7211349010467529,476,-0.33515625
0.7225818634033203,477,-0.515625
0.724168062210083,478,-0.2578125
0.7257969379425049,479,-0.33515625
0.7271919250488281,480,0.038671874999999994
0.7287380695343018,481,-0.02578125
0.7304840087890625,482,-0.2578125
0.7330520153045654,483,-0.6187499999999999
0.734673023223877,484,-1.3664062499999998
0.7365438938140869,485,0.0
0.7387208938598633,486,-0.2578125
0.740211009979248,487,-0.43828124999999996
0.7415330410003662,488,-0.23203125
0.7427048683166504,489,-0.12890625
0.7438368797302246,490,0.0
0.7450048923492432,491,-0.038671874999999994
0.7461528778076172,492,-0.23203125
0.7472739219665527,493,-0.5671875
0.7485089302062988,494,-0.825
0.7497608661651611,495,-1.1214843749999999
0.7511870861053467,496,-1.65
0.7527198791503906,497,-0.103125
0.754317045211792,498,-0.2578125
0.756011962890625,499,-0.33515625
0.7576470375061035,500,-0.48984374999999997
0.7591350078582764,501,-0.30937499999999996
0.7617099285125732,502,0.038671874999999994
0.7634599208831787,503,-0.0515625
0.7649180889129639,504,-0.43828124999999996
0.766840934753418,505,-0.734765625
0.7688279151916504,506,-1.611328125
0.7701830863952637,507,-0.21914062499999998
0.7713799476623535,508,-0.451171875
0.7725229263305664,509,-0.42539062499999997
0.7736880779266357,510,-0.348046875
0.7748270034790039,511,-0.48984374999999997
0.7759959697723389,512,-0.43828124999999996
0.7771539688110352,513,0.0
0.7782599925994873,514,-0.038671874999999994
0.7794759273529053,515,-0.20625
0.7807199954986572,516,-0.476953125
0.7822349071502686,517,-0.7734375
0.7836968898773193,518,-1.2503906249999999
0.7853538990020752,519,-1.65
0.7868659496307373,520,-0.103125
0.78826904296875,521,-0.476953125
0.7899758815765381,522,-0.4125
0.7924149036407471,523,-0.4125
0.7943799495697021,524,-0.09023437499999999
0.7958428859710693,525,-0.0515625
0.7978200912475586,526,-0.33515625
0.7997469902038574,527,-0.6574218749999999
0.8012008666992188,528,-1.456640625
0.8023960590362549,529,0.012890625
0.8035459518432617,530,-0.21914062499999998
0.8046860694885254,531,-0.6703125
0.8058469295501709,532,-0.502734375
0.8069770336151123,533,-0.270703125
0.8081178665161133,534,-0.43828124999999996
0.8092970848083496,535,-0.37382812499999996
0.810460090637207,536,0.0
0.8116919994354248,537,-0.02578125
0.8132209777832031,538,-0.24492187499999998
0.814769983291626,539,-0.631640625
0.8164050579071045,540,-0.7863281249999999
0.8179149627685547,541,-1.5597656249999998
0.8193550109863281,542,0.0
0.8207540512084961,543,-0.20625
0.8230578899383545,544,-0.580078125
0.8252489566802979,545,-0.33515625
0.8267068862915039,546,0.167578125
0.8286359310150146,547,-0.012890625
0.8307180404663086,548,-0.103125
0.832176923751831,549,-0.5285156249999999
0.8334109783172607,550,-1.044140625
0.8345620632171631,551,-1.65
0.8356850147247314,552,0.0
0.8368048667907715,553,-0.193359375
0.8379700183868408,554,-0.5285156249999999
0.8391308784484863,555,-0.48984374999999997
0.8402669429779053,556,-0.36093749999999997
0.841404914855957,557,-0.476953125
0.8426520824432373,558,-0.43828124999999996
0.8441848754882812,559,-0.012890625
0.8457679748535156,560,-0.0515625
0.8475909233093262,561,-0.2578125
0.8492989540100098,562,-0.631640625
0.8507270812988281,563,-1.2890625
0.8521039485931396,564,0.0
0.8544690608978271,565,-0.21914062499999998
0.8565130233764648,566,-0.29648437499999997
0.8579940795898438,567,-0.167578125
0.860382080078125,568,-0.0515625
0.8623740673065186,569,-0.012890625
0.8637189865112305,570,-0.20625
0.8649609088897705,571,-0.5929687499999999
0.866131067276001,572,-0.8765624999999999
0.8672690391540527,573,-1.46953125
0.8684659004211426,574,-0.012890625
0.8696470260620117,575,-0.09023437499999999
0.8707990646362305,576,-0.4640625
0.8719449043273926,577,-0.476953125
0.8732199668884277,578,-0.37382812499999996
0.8746860027313232,579,-0.42539062499999997
0.876201868057251,580,-0.399609375
0.877877950668335,581,0.0
0.8794119358062744,582,-0.0515625
0.880850076675415,583,-0.322265625
0.8822579383850098,584,-0.64453125
0.8839569091796875,585,-1.16015625
0.8865630626678467,586,-1.65
0.8881969451904297,587,-0.515625
0.8898310661315918,588,-0.889453125
0.891834020614624,589,-1.2503906249999999
0.8936679363250732,590,-0.515625
0.8949580192565918,591,-0.012890625
0.8961470127105713,592,-0.193359375
0.8972868919372559,593,-0.476953125
0.8988239765167236,594,-0.734765625
0.9000170230865479,595,-1.03125
0.9011480808258057,596,-1.65
0.9028589725494385,597,-0.012890625
0.9042840003967285,598,-0.38671875
0.9057700634002686,599,-0.5671875
0.9072039127349854,600,-0.28359375
0.9108810424804688,601,-0.4125
0.9126250743865967,602,-0.09023437499999999
0.9142858982086182,603,-0.33515625
0.9167969226837158,604,-0.6703125
0.9185099601745605,605,-1.533984375
0.9200189113616943,606,-0.167578125
0.9220008850097656,607,-0.4125
0.9239568710327148,608,-0.43828124999999996
0.9254639148712158,609,-0.141796875
0.9267089366912842,610,-0.038671874999999994
0.9278769493103027,611,-0.012890625
0.9291040897369385,612,-0.12890625
0.9302599430084229,613,-0.37382812499999996
0.9314000606536865,614,-0.7476562499999999
0.9325299263000488,615,-0.928125
0.9336690902709961,616,-1.46953125
0.9348890781402588,617,-0.37382812499999996
0.9363629817962646,618,-0.09023437499999999
0.9378399848937988,619,-0.33515625
0.9394350051879883,620,-0.37382812499999996
0.9410450458526611,621,-0.29648437499999997
0.9424879550933838,622,-0.23203125
0.9439389705657959,623,0.07734374999999999
0.9463019371032715,624,-0.0515625
0.948570966720581,625,-0.24492187499999998
0.9502100944519043,626,-0.6832031249999999
0.9518909454345703,627,-1.65
0.9539809226989746,628,-0.15468749999999998
0.9553999900817871,629,-0.4125
0.9566359519958496,630,-0.348046875
0.9578249454498291,631,-0.37382812499999996
0.9590039253234863,632,-0.33515625
0.9601640701293945,633,-0.15468749999999998
0.9614138603210449,634,-0.012890625
0.9625880718231201,635,-0.20625
0.9637150764465332,636,-0.515625
0.9649848937988281,637,-0.7476562499999999
0.9664499759674072,638,-0.95390625
0.9678699970245361,639,-1.6371093749999999
0.9695079326629639,640,-0.02578125
0.9709789752960205,641,-0.2578125
0.9723970890045166,642,-0.48984374999999997
0.9738540649414062,643,-0.30937499999999996
0.9756898880004883,644,-0.502734375
0.9781179428100586,645,-0.2578125
0.9798619747161865,646,-0.064453125
0.9815819263458252,647,-0.476953125
0.9836320877075195,648,-0.6703125
0.9851438999176025,649,-1.6371093749999999
