time,count,voltage
0.006162881851196289,1,-0.167578125
0.008297920227050781,2,0.21914062499999998
0.009963035583496094,3,-0.012890625
0.011548042297363281,4,-0.12890625
0.013110876083374023,5,-0.37382812499999996
0.023030996322631836,6,-0.966796875
0.025127887725830078,7,-1.65
0.026799917221069336,8,-0.012890625
0.02852797508239746,9,-0.18046874999999998
0.04747295379638672,10,-0.29648437499999997
0.05862689018249512,11,-1.095703125
0.06142592430114746,12,-0.012890625
0.06340503692626953,13,-0.2578125
0.06492805480957031,14,-1.0828125
0.06702494621276855,15,-0.141796875
0.0687720775604248,16,-0.116015625
0.07016301155090332,17,-0.54140625
0.07155609130859375,18,-0.02578125
0.07280993461608887,19,-0.064453125
0.0739738941192627,20,0.09023437499999999
0.07510995864868164,21,0.0
0.07626891136169434,22,-0.02578125
0.07741689682006836,23,-0.116015625
0.0786900520324707,24,-0.42539062499999997
0.0801398754119873,25,-0.515625
0.08161091804504395,26,-1.3148437499999999
0.08328390121459961,27,-0.09023437499999999
0.08497500419616699,28,-0.116015625
0.08653593063354492,29,-0.29648437499999997
0.08826303482055664,30,-0.167578125
0.09081101417541504,31,-0.20625
0.09248089790344238,32,-0.012890625
0.09421992301940918,33,-0.012890625
0.09621405601501465,34,-0.33515625
0.09769392013549805,35,-0.7863281249999999
0.09891009330749512,36,-1.65
0.10007190704345703,37,-0.038671874999999994
0.10127806663513184,38,-0.20625
0.10240006446838379,39,-0.23203125
0.10351991653442383,40,-0.20625
0.10465407371520996,41,-0.37382812499999996
0.10606694221496582,42,-0.42539062499999997
0.10730290412902832,43,-0.103125
0.10846304893493652,44,0.0
0.10973691940307617,45,-0.038671874999999994
0.11112499237060547,46,-0.116015625
0.11261987686157227,47,-0.38671875
0.11406493186950684,48,-0.8121093749999999
0.11572098731994629,49,-1.546875
0.11739206314086914,50,0.0
0.11893105506896973,51,-0.15468749999999998
0.1204068660736084,52,-0.322265625
0.12286901473999023,53,-0.36093749999999997
0.12474393844604492,54,0.012890625
0.12618708610534668,55,-0.012890625
0.12812590599060059,56,-0.0515625
0.1300039291381836,57,-0.322265625
0.13143706321716309,58,-1.0828125
0.13268089294433594,59,0.0
0.1338639259338379,60,-0.09023437499999999
0.1349949836730957,61,-0.116015625
0.13613390922546387,62,-0.37382812499999996
0.13727998733520508,63,-0.02578125
0.1383988857269287,64,-0.37382812499999996
0.13958287239074707,65,-0.33515625
0.14101409912109375,66,0.0
0.14252090454101562,67,0.0
0.1440739631652832,68,-0.02578125
0.14565706253051758,69,-0.33515625
0.14718103408813477,70,-0.515625
0.14886188507080078,71,-1.3664062499999998
0.15077996253967285,72,0.0
0.15324687957763672,73,-0.2578125
0.15477204322814941,74,-0.12890625
0.1563560962677002,75,-0.20625
0.15845394134521484,76,0.0515625
0.16006898880004883,77,-0.012890625
0.16133999824523926,78,-0.23203125
0.16251587867736816,79,-0.399609375
0.16365504264831543,80,-0.863671875
0.16486501693725586,81,-1.482421875
0.16599392890930176,82,0.0
0.1671738624572754,83,-0.103125
0.16834402084350586,84,-0.038671874999999994
0.1694788932800293,85,-0.33515625
0.17066192626953125,86,-0.15468749999999998
0.17214202880859375,87,-0.37382812499999996
0.1736900806427002,88,-0.20625
0.1752769947052002,89,0.0
0.1768178939819336,90,-0.02578125
0.1784060001373291,91,-0.23203125
0.18006587028503418,92,-0.33515625
0.1821610927581787,93,-1.147265625
0.18454599380493164,94,-0.12890625
0.1860508918762207,95,-0.116015625
0.18774795532226562,96,-0.2578125
0.1898338794708252,97,-0.37382812499999996
0.19137191772460938,98,0.193359375
0.19261407852172852,99,-0.012890625
0.19376492500305176,100,-0.02578125
0.19488000869750977,101,-0.322265625
0.19602394104003906,102,-0.37382812499999996
0.1972980499267578,103,-0.95390625
0.19844603538513184,104,-1.5597656249999998
0.19955801963806152,105,0.0
0.2007739543914795,106,-0.09023437499999999
0.20221495628356934,107,-0.103125
0.20404601097106934,108,-0.270703125
0.20574593544006348,109,-0.23203125
0.20741009712219238,110,-0.07734374999999999
0.2089529037475586,111,0.0
0.2104330062866211,112,-0.02578125
0.21303105354309082,113,-0.270703125
0.2150120735168457,114,-0.5671875
0.2164919376373291,115,-0.02578125
0.21832489967346191,116,-0.193359375
0.22038602828979492,117,-0.270703125
0.22187590599060059,118,-0.20625
0.22309589385986328,119,-0.02578125
0.22422099113464355,120,0.012890625
0.22533106803894043,121,0.0
0.22643804550170898,122,-0.02578125
0.22765302658081055,123,-0.20625
0.22881793975830078,124,-0.38671875
0.22994589805603027,125,-0.5671875
0.2312009334564209,126,-1.26328125
0.2326340675354004,127,-0.6703125
0.23414206504821777,128,-0.064453125
0.23566293716430664,129,-0.064453125
0.23751091957092285,130,-0.30937499999999996
0.2391359806060791,131,-0.23203125
0.24056601524353027,132,0.0515625
0.24289989471435547,133,0.012890625
0.24508094787597656,134,-0.012890625
0.24665093421936035,135,-0.20625
0.24883794784545898,136,-1.03125
0.25042200088500977,137,-0.18046874999999998
0.25165796279907227,138,-0.103125
0.25284600257873535,139,-0.37382812499999996
0.25398802757263184,140,-0.167578125
0.2551078796386719,141,-0.4125
0.25620508193969727,142,-0.38671875
0.25736498832702637,143,-0.012890625
0.25853490829467773,144,0.0
0.25965094566345215,145,-0.0515625
0.26079702377319336,146,-0.116015625
0.26205992698669434,147,-0.4125
0.26328206062316895,148,-0.5671875
0.2644529342651367,149,-1.2503906249999999
0.2657449245452881,150,-1.00546875
0.2673029899597168,151,-0.0515625
0.26885294914245605,152,-0.0515625
0.27048397064208984,153,-0.270703125
0.2719419002532959,154,-0.36093749999999997
0.273374080657959,155,-0.20625
0.27473902702331543,156,0.012890625
0.27811193466186523,157,0.0
0.2795848846435547,158,-0.20625
0.2813398838043213,159,-0.8765624999999999
0.2833268642425537,160,-1.65
0.2847099304199219,161,-0.20625
0.28591108322143555,162,-0.23203125
0.287106990814209,163,-0.12890625
0.2882730960845947,164,-0.322265625
0.2893869876861572,165,-0.33515625
0.29047703742980957,166,-0.12890625
0.2915670871734619,167,0.012890625
0.2928130626678467,168,-0.0515625
0.2942509651184082,169,-0.103125
0.2968769073486328,170,-0.37382812499999996
0.2985548973083496,171,-1.10859375
0.30002903938293457,172,0.0
0.301555871963501,173,-0.20625
0.30316996574401855,174,-0.28359375
0.30561399459838867,175,-0.116015625
0.3073289394378662,176,0.09023437499999999
0.3089029788970947,177,0.0
0.3109869956970215,178,-0.0515625
0.3127880096435547,179,-0.322265625
0.31433987617492676,180,-0.825
0.31557202339172363,181,-1.65
0.316756010055542,182,0.0
0.3179359436035156,183,-0.23203125
0.31908392906188965,184,-0.270703125
0.32019805908203125,185,-0.103125
0.32129788398742676,186,-0.30937499999999996
0.3224070072174072,187,-0.37382812499999996
0.32361793518066406,188,-0.21914062499999998
0.32508206367492676,189,0.0
0.3265810012817383,190,-0.064453125
0.3282029628753662,191,-0.24492187499999998
0.3297569751739502,192,-0.38671875
0.3311429023742676,193,-1.0570312499999999
0.3327059745788574,194,-1.65
0.33457303047180176,195,-0.064453125
0.33692288398742676,196,0.0
0.3385910987854004,197,-0.0515625
0.34037303924560547,198,0.0515625
0.342573881149292,199,0.0
0.34404802322387695,200,-0.038671874999999994
0.34527087211608887,201,-0.33515625
0.34642601013183594,202,-0.451171875
0.34764909744262695,203,-1.147265625
0.3488130569458008,204,-1.65
0.349931001663208,205,0.0
0.3510448932647705,206,-0.20625
0.3521459102630615,207,-0.193359375
0.35324907302856445,208,-0.23203125
0.35443902015686035,209,-0.141796875
0.35589003562927246,210,-0.322265625
0.3574180603027344,211,-0.12890625
0.35905003547668457,212,-0.0515625
0.3605790138244629,213,-0.103125
0.3618910312652588,214,-0.36093749999999997
0.36322903633117676,215,-0.4125
0.3656198978424072,216,-1.147265625
0.3676888942718506,217,0.0
0.36911797523498535,218,-0.0515625
0.37079906463623047,219,-0.15468749999999998
0.37285399436950684,220,-0.30937499999999996
0.3742790222167969,221,0.09023437499999999
0.37548398971557617,222,-0.02578125
0.3772568702697754,223,-0.0515625
0.3784799575805664,224,-0.38671875
0.3796250820159912,225,-0.4125
0.38080501556396484,226,-1.0828125
0.381929874420166,227,-1.65
0.3830409049987793,228,0.0
0.3841440677642822,229,-0.141796875
0.38535094261169434,230,-0.064453125
0.3867759704589844,231,-0.2578125
0.3883640766143799,232,-0.103125
0.3901059627532959,233,-0.09023437499999999
0.3916659355163574,234,0.012890625
0.3931090831756592,235,-0.012890625
0.3945200443267822,236,-0.12890625
0.3971390724182129,237,-0.33515625
0.39915895462036133,238,-0.95390625
0.4005899429321289,239,0.0
0.4024219512939453,240,-0.0515625
0.40447306632995605,241,-0.28359375
0.4059600830078125,242,-0.0515625
0.4072098731994629,243,0.18046874999999998
0.40841197967529297,244,0.012890625
0.4095458984375,245,-0.02578125
0.4106569290161133,246,-0.103125
0.4118208885192871,247,-0.4125
0.41327595710754395,248,-0.37382812499999996
0.4144580364227295,249,-1.198828125
0.41571497917175293,250,-0.502734375
0.41722607612609863,251,-0.0515625
0.41872096061706543,252,-0.12890625
0.42036986351013184,253,-0.4125
0.42195701599121094,254,-0.21914062499999998
0.42347002029418945,255,-0.012890625
0.42493391036987305,256,0.012890625
0.4266328811645508,257,-0.012890625
0.42916107177734375,258,-0.064453125
0.4308290481567383,259,-0.451171875
0.43230390548706055,260,-1.5597656249999998
0.43430399894714355,261,-0.012890625
0.43610405921936035,262,-0.09023437499999999
0.43747401237487793,263,-0.18046874999999998
0.43869709968566895,264,-0.43828124999999996
0.4398539066314697,265,-0.29648437499999997
0.4409780502319336,266,0.0
0.44208788871765137,267,-0.012890625
0.44319891929626465,268,-0.064453125
0.4443700313568115,269,-0.20625
0.4455749988555908,270,-0.4640625
0.44715309143066406,271,-0.6703125
0.44878602027893066,272,-1.405078125
0.45014309883117676,273,0.0
0.4516129493713379,274,-0.18046874999999998
0.453049898147583,275,-0.20625
0.4545779228210449,276,-0.12890625
0.45632004737854004,277,-0.322265625
0.4587578773498535,278,-0.0515625
0.4604060649871826,279,-0.064453125
0.4619710445404053,280,-0.322265625
0.4639298915863037,281,-0.37382812499999996
0.46570491790771484,282,-1.3019531249999998
0.46701908111572266,283,-0.02578125
0.46835994720458984,284,-0.21914062499999998
0.4695298671722412,285,-0.2578125
0.47068190574645996,286,-0.12890625
0.47183895111083984,287,-0.42539062499999997
0.4729580879211426,288,-0.37382812499999996
0.47406005859375,289,0.0
0.47515106201171875,290,0.0
0.476409912109375,291,-0.064453125
0.47799086570739746,292,-0.15468749999999998
0.479464054107666,293,-0.322265625
0.4810519218444824,294,-0.889453125
0.4825129508972168,295,-1.65
0.4840688705444336,296,-0.103125
0.48560500144958496,297,-0.0515625
0.4879930019378662,298,-0.270703125
0.49004387855529785,299,-0.2578125
0.4915659427642822,300,0.012890625
0.4935119152069092,301,-0.012890625
0.49544692039489746,302,-0.18046874999999998
0.49680590629577637,303,-0.33515625
0.49802589416503906,304,-1.2374999999999998
0.49916791915893555,305,0.0
0.500385046005249,306,-0.0515625
0.5015439987182617,307,-0.141796875
0.5027198791503906,308,-0.322265625
0.5038630962371826,309,-0.20625
0.5049779415130615,310,-0.2578125
0.5060749053955078,311,-0.28359375
0.5073370933532715,312,-0.103125
0.508842945098877,313,0.0
0.5105750560760498,314,-0.02578125
0.5122039318084717,315,-0.30937499999999996
0.5136780738830566,316,-0.4640625
0.5150580406188965,317,-1.3664062499999998
0.5166189670562744,318,0.0
0.5184040069580078,319,-0.167578125
0.5209670066833496,320,-0.193359375
0.5225489139556885,321,-0.21914062499999998
0.5242230892181396,322,0.09023437499999999
0.5264430046081543,323,0.0
0.5279459953308105,324,-0.0515625
0.5291719436645508,325,-0.348046875
0.5303380489349365,326,-0.837890625
0.5315089225769043,327,-1.456640625
0.5326600074768066,328,-0.09023437499999999
0.5338308811187744,329,-0.09023437499999999
0.5349578857421875,330,-0.103125
0.5360610485076904,331,-0.322265625
0.5372788906097412,332,-0.12890625
0.5387039184570312,333,-0.21914062499999998
0.5402469635009766,334,-0.167578125
0.5418970584869385,335,0.0
0.5434179306030273,336,-0.012890625
0.5448009967803955,337,-0.20625
0.546220064163208,338,-0.37382812499999996
0.5480310916900635,339,-0.95390625
0.5507509708404541,340,-1.65
0.5523200035095215,341,-0.12890625
0.5538759231567383,342,-0.23203125
0.5559179782867432,343,-0.348046875
0.5575840473175049,344,-0.012890625
0.5588879585266113,345,-0.012890625
0.560046911239624,346,-0.038671874999999994
0.5611789226531982,347,-0.270703125
0.5622959136962891,348,-0.37382812499999996
0.5634548664093018,349,-0.734765625
0.5645759105682373,350,-1.340625
0.5657250881195068,351,-0.012890625
0.5668289661407471,352,-0.116015625
0.56803297996521,353,-0.2578125
0.5694479942321777,354,-0.30937499999999996
0.5709340572357178,355,-0.0515625
0.5725538730621338,356,-0.38671875
0.5741260051727295,357,-0.15468749999999998
0.5755259990692139,358,0.0
0.576930046081543,359,-0.0515625
0.5786950588226318,360,-0.29648437499999997
0.5811750888824463,361,-0.30937499999999996
0.5828309059143066,362,-1.4953124999999998
0.5843439102172852,363,0.0
0.5863308906555176,364,-0.09023437499999999
0.5881788730621338,365,-0.20625
0.5895469188690186,366,-0.193359375
0.5907518863677979,367,0.09023437499999999
0.5918970108032227,368,-0.012890625
0.5930168628692627,369,-0.012890625
0.5941200256347656,370,-0.15468749999999998
0.5952260494232178,371,-0.42539062499999997
0.5964109897613525,372,-0.502734375
0.5976030826568604,373,-1.16015625
0.5988640785217285,374,-1.65
0.6003220081329346,375,-0.02578125
0.6017999649047852,376,-0.167578125
0.6034510135650635,377,-0.30937499999999996
0.6050550937652588,378,-0.012890625
0.6065728664398193,379,-0.09023437499999999
0.6080820560455322,380,0.012890625
0.6101629734039307,381,0.0
0.6124439239501953,382,-0.103125
0.6140129566192627,383,-0.502734375
0.6158490180969238,384,-1.456640625
0.6178250312805176,385,0.0
0.6192200183868408,386,-0.02578125
0.6205050945281982,387,-0.07734374999999999
0.6217660903930664,388,-0.2578125
0.6229338645935059,389,-0.2578125
0.6240479946136475,390,-0.012890625
0.6251580715179443,391,0.0
0.6262550354003906,392,-0.0515625
0.6273949146270752,393,-0.116015625
0.6285300254821777,394,-0.37382812499999996
0.6298110485076904,395,-0.43828124999999996
0.6312470436096191,396,-1.16015625
0.6327838897705078,397,-1.327734375
0.6343600749969482,398,-0.09023437499999999
0.635883092880249,399,-0.064453125
0.6374249458312988,400,-0.167578125
0.6389670372009277,401,-0.20625
0.6407070159912109,402,-0.02578125
0.6430928707122803,403,0.0
0.6447849273681641,404,-0.103125
0.6463649272918701,405,-0.270703125
0.6484298706054688,406,-0.889453125
0.6500530242919922,407,-0.012890625
0.6513679027557373,408,-0.193359375
0.6525819301605225,409,-0.2578125
0.6537740230560303,410,-0.15468749999999998
0.6549050807952881,411,-0.30937499999999996
0.6560189723968506,412,-0.322265625
0.6571929454803467,413,-0.167578125
0.6583220958709717,414,-0.012890625
0.6594750881195068,415,-0.02578125
0.6607100963592529,416,-0.12890625
0.6621730327606201,417,-0.4125
0.663640022277832,418,-0.515625
0.6652638912200928,419,-1.340625
0.6667869091033936,420,-0.0515625
0.6683459281921387,421,-0.12890625
0.669914960861206,422,-0.33515625
0.672091007232666,423,-0.103125
0.67411208152771,424,-0.167578125
0.6756389141082764,425,0.012890625
0.6774969100952148,426,-0.02578125
0.6796040534973145,427,-0.33515625
0.6810500621795654,428,-0.69609375
0.682244062423706,429,-1.65
0.6834039688110352,430,0.0
0.6845519542694092,431,-0.141796875
0.6857180595397949,432,-0.2578125
0.6868300437927246,433,-0.2578125
0.6879599094390869,434,-0.270703125
0.6890649795532227,435,-0.36093749999999997
0.6901679039001465,436,-0.20625
0.6913979053497314,437,0.012890625
0.692889928817749,438,-0.012890625
0.6943840980529785,439,-0.0515625
0.6960079669952393,440,-0.37382812499999996
0.6975419521331787,441,-0.734765625
0.698962926864624,442,-1.5984375
0.7004740238189697,443,0.0
0.7025768756866455,444,-0.103125
0.7051780223846436,445,-0.23203125
0.7066690921783447,446,-0.103125
0.7087140083312988,447,0.0
0.7106459140777588,448,-0.012890625
0.7120499610900879,449,-0.2578125
0.7132430076599121,450,-0.4125
0.7143728733062744,451,-1.1859374999999999
0.7155120372772217,452,-1.65
0.7166330814361572,453,0.0
0.7178308963775635,454,-0.270703125
0.7189550399780273,455,-0.193359375
0.7203340530395508,456,-0.193359375
0.7215759754180908,457,-0.30937499999999996
0.7230100631713867,458,-0.33515625
0.7244870662689209,459,-0.012890625
0.7261209487915039,460,-0.012890625
0.7277228832244873,461,-0.012890625
0.7291738986968994,462,-0.30937499999999996
0.7305910587310791,463,-0.6703125
0.7324719429016113,464,-1.456640625
0.7349920272827148,465,0.0
0.7365260124206543,466,-0.2578125
0.7380468845367432,467,-0.167578125
0.7399969100952148,468,-0.2578125
0.7417080402374268,469,0.0
0.7429969310760498,470,-0.012890625
0.7442150115966797,471,-0.12890625
0.7453548908233643,472,-0.399609375
0.7464659214019775,473,-0.476953125
0.747675895690918,474,-1.1859374999999999
0.7488560676574707,475,-1.65
0.7499740123748779,476,0.0
0.7510828971862793,477,-0.193359375
0.7522780895233154,478,-0.167578125
0.7536919116973877,479,-0.30937499999999996
0.7551450729370117,480,-0.348046875
0.7568559646606445,481,-0.20625
0.7585310935974121,482,0.012890625
0.759976863861084,483,-0.012890625
0.761430025100708,484,-0.23203125
0.7635650634765625,485,-0.4125
0.7657909393310547,486,-0.9796874999999999
0.7673399448394775,487,0.0
0.7689850330352783,488,-0.103125
0.771014928817749,489,-0.322265625
0.7726380825042725,490,-0.21914062499999998
0.773935079574585,491,0.15468749999999998
0.7751049995422363,492,-0.012890625
0.7762529850006104,493,-0.0515625
0.7774040699005127,494,-0.141796875
0.7785320281982422,495,-0.42539062499999997
0.77964186668396,496,-0.476953125
0.7807800769805908,497,-1.095703125
0.7819070816040039,498,-1.65
0.7830979824066162,499,0.0
0.7845199108123779,500,-0.07734374999999999
0.7859959602355957,501,-0.15468749999999998
0.787661075592041,502,-0.15468749999999998
0.7892739772796631,503,-0.23203125
0.7907109260559082,504,0.07734374999999999
0.7922079563140869,505,-0.012890625
0.7938570976257324,506,-0.0515625
0.7964730262756348,507,-0.2578125
0.7981820106506348,508,-0.734765625
0.7996430397033691,509,0.0
0.8016009330749512,510,-0.0515625
0.8033959865570068,511,-0.15468749999999998
0.8047800064086914,512,-0.064453125
0.8059918880462646,513,-0.167578125
0.8071799278259277,514,0.0
0.8083648681640625,515,0.0
0.8094820976257324,516,-0.02578125
0.8105909824371338,517,-0.07734374999999999
0.8117280006408691,518,-0.322265625
0.8128859996795654,519,-0.29648437499999997
0.8142979145050049,520,-0.992578125
0.815803050994873,521,-1.6242187499999998
0.8176748752593994,522,-0.02578125
0.8192451000213623,523,-0.23203125
0.8207540512084961,524,-0.2578125
0.8222179412841797,525,-0.20625
0.8236560821533203,526,-0.038671874999999994
0.8251888751983643,527,0.0
0.826732873916626,528,-0.02578125
0.8284780979156494,529,-0.20625
0.830024003982544,530,-0.20625
0.8314189910888672,531,-1.0570312499999999
0.8339619636535645,532,-0.012890625
0.8356819152832031,533,-0.167578125
0.8375270366668701,534,-0.322265625
0.8400669097900391,535,-0.33515625
0.8413989543914795,536,0.0
0.8425679206848145,537,-0.012890625
0.8437249660491943,538,-0.012890625
0.8448898792266846,539,-0.37382812499999996
0.846019983291626,540,-0.37382812499999996
0.8471920490264893,541,-0.9152343749999999
0.8483560085296631,542,-1.533984375
0.8494679927825928,543,0.0
0.8505659103393555,544,-0.0515625
0.8517560958862305,545,-0.193359375
0.8532190322875977,546,-0.33515625
0.8547399044036865,547,-0.103125
0.856328010559082,548,-0.23203125
0.857874870300293,549,0.09023437499999999
0.8595330715179443,550,0.0
0.8610439300537109,551,-0.02578125
0.8624410629272461,552,-0.37382812499999996
0.8646070957183838,553,-0.64453125
0.8666989803314209,554,-1.533984375
0.8682339191436768,555,-0.15468749999999998
0.869905948638916,556,-0.2578125
0.8719770908355713,557,-0.12890625
0.8737010955810547,558,-0.103125
0.8749699592590332,559,0.012890625
0.8761329650878906,560,-0.012890625
0.8774380683898926,561,-0.0515625
0.8786060810089111,562,-0.36093749999999997
0.879734992980957,563,-0.4640625
0.8808438777923584,564,-1.134375
0.8820419311523438,565,-1.65
0.8835330009460449,566,-0.012890625
0.8850610256195068,567,-0.20625
0.8866970539093018,568,-0.322265625
0.8883090019226074,569,-0.103125
0.8897619247436523,570,-0.12890625
0.8911950588226318,571,-0.012890625
0.893409013748169,572,-0.012890625
0.895698070526123,573,-0.0515625
0.8972570896148682,574,-0.4125
0.8988900184631348,575,-1.353515625
0.9010119438171387,576,0.0
0.9025509357452393,577,-0.21914062499999998
0.9038140773773193,578,-0.103125
0.9049720764160156,579,-0.2578125
0.9060990810394287,580,-0.2578125
0.9072248935699463,581,-0.103125
0.9083869457244873,582,0.012890625
0.9094970226287842,583,-0.012890625
0.9106049537658691,584,-0.09023437499999999
0.9117190837860107,585,-0.399609375
0.9129149913787842,586,-0.30937499999999996
0.9143340587615967,587,-1.018359375
0.9158170223236084,588,-1.65
0.9174830913543701,589,0.0
0.9190359115600586,590,-0.15468749999999998
0.9204509258270264,591,-0.2578125
0.9217588901519775,592,-0.33515625
0.9242000579833984,593,-0.24492187499999998
0.9260978698730469,594,0.0
0.9275200366973877,595,-0.02578125
0.9296550750732422,596,-0.399609375
0.9314229488372803,597,-0.7218749999999999
0.9327869415283203,598,-0.064453125
0.9340000152587891,599,-0.0515625
0.9351520538330078,600,-0.116015625
0.9363179206848145,601,-0.348046875
0.9374649524688721,602,-0.103125
0.9385819435119629,603,-0.4125
0.9396800994873047,604,-0.33515625
0.9408180713653564,605,0.012890625
0.9419329166412354,606,0.0
0.943134069442749,607,-0.012890625
0.9445579051971436,608,-0.167578125
0.9460079669952393,609,-0.4125
0.9476649761199951,610,-0.863671875
0.9492740631103516,611,-1.611328125
0.9507448673248291,612,-0.116015625
0.9522209167480469,613,-0.103125
0.9541490077972412,614,-0.24492187499999998
0.956636905670166,615,-0.270703125
0.9582040309906006,616,-0.012890625
0.9598169326782227,617,0.0
0.9618270397186279,618,-0.0515625
0.9633760452270508,619,-0.29648437499999997
0.9646580219268799,620,-1.095703125
0.9658770561218262,621,-0.20625
0.9670119285583496,622,-0.116015625
0.9682998657226562,623,-0.15468749999999998
0.9694490432739258,624,-0.30937499999999996
0.9705660343170166,625,-0.116015625
0.9716780185699463,626,-0.322265625
0.9728310108184814,627,-0.348046875
0.97406005859375,628,-0.103125
0.9754939079284668,629,0.012890625
0.9769649505615234,630,-0.02578125
0.9786159992218018,631,-0.2578125
0.9802310466766357,632,-0.30937499999999996
0.9816579818725586,633,-1.2374999999999998
0.9829940795898438,634,0.0
0.9855430126190186,635,-0.15468749999999998
0.9874169826507568,636,-0.30937499999999996
0.9889159202575684,637,-0.270703125
0.9908139705657959,638,-0.09023437499999999
0.9926950931549072,639,0.0
0.9940268993377686,640,-0.012890625
0.9952170848846436,641,-0.36093749999999997
0.9964690208435059,642,-0.36093749999999997
0.9977259635925293,643,-1.134375
0.9988620281219482,644,-1.65
0.9999849796295166,645,0.0
1.0010850429534912,646,-0.193359375
1.002194881439209,647,-0.2578125
1.0032939910888672,648,-0.30937499999999996
1.0045859813690186,649,-0.038671874999999994
1.0060858726501465,650,-0.24492187499999998
1.007539987564087,651,-0.012890625
1.009092092514038,652,0.012890625
1.0106298923492432,653,-0.012890625
1.0121769905090332,654,-0.36093749999999997
1.0136709213256836,655,-0.476953125
1.0157780647277832,656,-1.340625
1.0181338787078857,657,-0.038671874999999994
1.0196828842163086,658,-0.23203125
1.0214200019836426,659,-0.167578125
1.0235130786895752,660,-0.33515625
1.024935007095337,661,0.0
1.026129961013794,662,-0.02578125
1.0276858806610107,663,-0.0515625
1.0289099216461182,664,-0.37382812499999996
1.030061960220337,665,-0.6187499999999999
1.0311880111694336,666,-1.2890625
1.032365083694458,667,-0.37382812499999996
