time,count,voltage
0.012385129928588867,1,-0.33515625
0.014220952987670898,2,-0.7734375
0.015941143035888672,3,-1.340625
0.017733097076416016,4,-0.0515625
0.019336938858032227,5,-0.2578125
0.021044015884399414,6,-0.20625
0.02262401580810547,7,-0.20625
0.024029016494750977,8,0.0
0.02539205551147461,9,-0.012890625
0.02675795555114746,10,-0.02578125
0.028254032135009766,11,-0.4125
0.02991199493408203,12,-0.5671875
0.031736135482788086,13,-1.41796875
0.03342413902282715,14,0.0
0.03523898124694824,15,-0.167578125
0.037065982818603516,16,-0.322265625
0.038726091384887695,17,-0.20625
0.04029107093811035,18,0.0515625
0.041929006576538086,19,0.012890625
0.04359912872314453,20,-0.02578125
0.04553508758544922,21,-0.33515625
0.04840493202209473,22,-0.6832031249999999
0.05059099197387695,23,-0.038671874999999994
0.05234098434448242,24,-0.0515625
0.054193973541259766,25,-0.18046874999999998
0.05653095245361328,26,-0.33515625
0.058444976806640625,27,0.0
0.059973955154418945,28,-0.02578125
0.06150412559509277,29,-0.322265625
0.06289196014404297,30,-0.4640625
0.06426095962524414,31,-1.276171875
0.0656270980834961,32,-0.167578125
0.06698203086853027,33,-0.0515625
0.06834006309509277,34,-0.103125
0.0696871280670166,35,-0.30937499999999996
0.07107210159301758,36,-0.23203125
0.0724329948425293,37,-0.21914062499999998
0.07380294799804688,38,0.012890625
0.07524895668029785,39,-0.012890625
0.07682394981384277,40,-0.0515625
0.07851409912109375,41,-0.37382812499999996
0.08021306991577148,42,-0.605859375
0.08193612098693848,43,-1.52109375
0.08385300636291504,44,0.0
0.08566808700561523,45,-0.0515625
0.08739304542541504,46,-0.15468749999999998
0.08913397789001465,47,-0.348046875
0.09121203422546387,48,0.07734374999999999
0.09403300285339355,49,0.0
0.09597396850585938,50,-0.29648437499999997
0.0976250171661377,51,-0.992578125
0.09930014610290527,52,-0.0515625
0.10138106346130371,53,0.0
0.10347414016723633,54,-0.270703125
0.10524797439575195,55,-0.33515625
0.10697507858276367,56,0.038671874999999994
0.1087040901184082,57,0.0
0.1103830337524414,58,-0.012890625
0.11255502700805664,59,-0.38671875
0.11432909965515137,60,-0.9410156249999999
0.11590099334716797,61,0.0
0.11733293533325195,62,-0.0515625
0.11875200271606445,63,-0.103125
0.12065601348876953,64,-0.270703125
0.12314605712890625,65,-0.2578125
0.1246790885925293,66,0.012890625
0.1260991096496582,67,-0.038671874999999994
0.1279890537261963,68,-0.18046874999999998
0.12977004051208496,69,-0.4125
0.13112902641296387,70,-1.2890625
0.13234400749206543,71,0.0
0.13350200653076172,72,-0.167578125
0.13469195365905762,73,0.0
0.1359119415283203,74,-0.37382812499999996
0.13732409477233887,75,-0.270703125
0.13879013061523438,76,-0.399609375
0.14037609100341797,77,-0.103125
0.14209604263305664,78,0.0
0.14358806610107422,79,-0.0515625
0.1449599266052246,80,-0.36093749999999997
0.14683794975280762,81,-0.554296875
0.14905810356140137,82,-1.340625
0.1505279541015625,83,-0.0515625
0.1519620418548584,84,-0.18046874999999998
0.15376996994018555,85,-0.21914062499999998
0.15572214126586914,86,-0.167578125
0.1572260856628418,87,0.193359375
0.15846800804138184,88,-0.012890625
0.15964698791503906,89,-0.064453125
0.1608591079711914,90,-0.33515625
0.1620011329650879,91,-0.43828124999999996
0.16311907768249512,92,-0.928125
0.16424894332885742,93,-1.533984375
0.16536808013916016,94,-0.12890625
0.16656208038330078,95,-0.012890625
0.16797709465026855,96,-0.193359375
0.1694469451904297,97,-0.37382812499999996
0.17100214958190918,98,-0.103125
0.17264294624328613,99,-0.20625
0.17420101165771484,100,-0.012890625
0.17564892768859863,101,0.0
0.1770310401916504,102,-0.0515625
0.17914605140686035,103,-0.43828124999999996
0.181196928024292,104,-0.760546875
0.18268895149230957,105,-0.09023437499999999
0.18416309356689453,106,-0.12890625
0.18610501289367676,107,-0.167578125
0.18785715103149414,108,-0.0515625
0.18922996520996094,109,-0.064453125
0.1904139518737793,110,0.012890625
0.19158601760864258,111,0.0
0.19273114204406738,112,-0.038671874999999994
0.19385695457458496,113,-0.270703125
0.19496607780456543,114,-0.502734375
0.1960740089416504,115,-0.708984375
0.19727706909179688,116,-1.340625
0.19869208335876465,117,-0.02578125
0.20015597343444824,118,0.0
0.20169615745544434,119,-0.064453125
0.20329904556274414,120,-0.38671875
0.2047710418701172,121,-0.37382812499999996
0.20627307891845703,122,-0.20625
0.20810508728027344,123,-0.012890625
0.2105109691619873,124,-0.012890625
0.21213006973266602,125,-0.36093749999999997
0.21354913711547852,126,-0.8765624999999999
0.21544909477233887,127,-1.5726562499999999
0.21728301048278809,128,-0.012890625
0.21860909461975098,129,-0.103125
0.21980500221252441,130,-0.21914062499999998
0.2209930419921875,131,-0.37382812499999996
0.2221391201019287,132,-0.399609375
0.22328901290893555,133,-0.167578125
0.22441792488098145,134,0.0
0.2255251407623291,135,-0.02578125
0.22662997245788574,136,-0.064453125
0.2278139591217041,137,-0.4125
0.22919297218322754,138,-0.476953125
0.23065614700317383,139,-1.134375
0.23226094245910645,140,-1.147265625
0.23383712768554688,141,-0.064453125
0.23527097702026367,142,-0.064453125
0.2366781234741211,143,-0.2578125
0.23854899406433105,144,-0.322265625
0.24090099334716797,145,-0.20625
0.24241209030151367,146,-0.012890625
0.24388909339904785,147,-0.09023437499999999
0.24578404426574707,148,-0.4125
0.2475430965423584,149,-0.928125
0.24885892868041992,150,-0.15468749999999998
0.2500450611114502,151,-0.012890625
0.2512929439544678,152,-0.167578125
0.25252199172973633,153,-0.38671875
0.25371694564819336,154,-0.193359375
0.25485801696777344,155,-0.42539062499999997
0.25598597526550293,156,-0.30937499999999996
0.25710105895996094,157,-0.012890625
0.25827908515930176,158,-0.012890625
0.25968003273010254,159,-0.0515625
0.2611429691314697,160,-0.29648437499999997
0.26267004013061523,161,-0.4125
0.2642819881439209,162,-1.10859375
0.26572108268737793,163,-0.0515625
0.2670891284942627,164,-0.02578125
0.2692561149597168,165,-0.15468749999999998
0.2713620662689209,166,-0.23203125
0.2729179859161377,167,-0.064453125
0.2744331359863281,168,0.012890625
0.27640509605407715,169,0.0
0.27810096740722656,170,-0.21914062499999998
0.2793769836425781,171,-0.43828124999999996
0.2805609703063965,172,-1.224609375
0.28177595138549805,173,-1.198828125
0.28292012214660645,174,-0.038671874999999994
0.28404903411865234,175,-0.12890625
0.2852311134338379,176,-0.21914062499999998
0.2863619327545166,177,-0.2578125
0.28748512268066406,178,-0.30937499999999996
0.2886850833892822,179,-0.37382812499999996
0.290086030960083,180,-0.193359375
0.29157495498657227,181,0.0
0.2930610179901123,182,-0.02578125
0.29466700553894043,183,-0.29648437499999997
0.2961080074310303,184,-0.42539062499999997
0.29747915267944336,185,-1.198828125
0.2992401123046875,186,0.0
0.3016989231109619,187,-0.012890625
0.3032650947570801,188,-0.348046875
0.30463504791259766,189,-0.37382812499999996
0.30638599395751953,190,-0.2578125
0.30837106704711914,191,0.0
0.3097951412200928,192,-0.0515625
0.31102514266967773,193,-0.33515625
0.3121669292449951,194,-0.451171875
0.3132920265197754,195,-1.00546875
0.31439900398254395,196,-1.5726562499999999
0.31551098823547363,197,0.0
0.3166351318359375,198,-0.09023437499999999
0.31775712966918945,199,-0.193359375
0.3189430236816406,200,-0.322265625
0.3203411102294922,201,-0.18046874999999998
0.3218259811401367,202,-0.399609375
0.3233499526977539,203,-0.167578125
0.3249671459197998,204,0.0
0.32645392417907715,205,-0.02578125
0.3278520107269287,206,-0.322265625
0.32991504669189453,207,-0.4125
0.3320341110229492,208,-1.198828125
0.3335421085357666,209,0.0
0.3349599838256836,210,-0.064453125
0.3368360996246338,211,-0.4125
0.33867406845092773,212,-0.322265625
0.3400430679321289,213,0.07734374999999999
0.3413410186767578,214,0.0
0.34250593185424805,215,-0.012890625
0.3436300754547119,216,-0.18046874999999998
0.34474992752075195,217,-0.48984374999999997
0.3458559513092041,218,-0.605859375
0.34696197509765625,219,-1.2503906249999999
0.34863805770874023,220,-1.65
0.3499789237976074,221,-0.103125
0.35151004791259766,222,-0.20625
0.35295605659484863,223,-0.42539062499999997
0.35452699661254883,224,-0.064453125
0.35616111755371094,225,-0.103125
0.35770511627197266,226,0.012890625
0.35918593406677246,227,-0.02578125
0.36099815368652344,228,-0.103125
0.3633551597595215,229,-0.4640625
0.36495494842529297,230,-1.353515625
0.3663361072540283,231,0.0
0.3684401512145996,232,-0.193359375
0.3705480098724365,233,-0.30937499999999996
0.37236595153808594,234,-0.141796875
0.37395811080932617,235,0.20625
0.3754279613494873,236,-0.012890625
0.3766639232635498,237,-0.012890625
0.3778080940246582,238,-0.4125
0.3789241313934326,239,-0.4640625
0.3801281452178955,240,-1.0570312499999999
0.38157200813293457,241,-1.65
0.38304615020751953,242,0.0
0.38451313972473145,243,-0.20625
0.3861429691314697,244,-0.348046875
0.3876380920410156,245,-0.12890625
0.38909101486206055,246,-0.20625
0.3906371593475342,247,0.07734374999999999
0.3932199478149414,248,-0.02578125
0.3949451446533203,249,-0.167578125
0.3963320255279541,250,-0.48984374999999997
0.3979530334472656,251,-1.3148437499999999
0.3999171257019043,252,-0.103125
0.4015629291534424,253,-0.2578125
0.4028279781341553,254,-0.29648437499999997
0.40401506423950195,255,-0.103125
0.40517497062683105,256,-0.270703125
0.4063069820404053,257,-0.18046874999999998
0.4074220657348633,258,0.0
0.40851306915283203,259,0.0
0.40961194038391113,260,-0.012890625
0.4108541011810303,261,-0.33515625
0.4122481346130371,262,-0.4640625
0.4136979579925537,263,-0.992578125
0.4152400493621826,264,-1.65
0.4168701171875,265,0.0
0.41829514503479004,266,-0.18046874999999998
0.41968607902526855,267,-0.29648437499999997
0.4219999313354492,268,-0.21914062499999998
0.4240450859069824,269,0.0515625
0.425429105758667,270,-0.012890625
0.42725706100463867,271,-0.02578125
0.42908215522766113,272,-0.399609375
0.43039393424987793,273,-0.9796874999999999
0.4315950870513916,274,-1.65
0.4327399730682373,275,0.0
0.43386006355285645,276,-0.18046874999999998
0.4349820613861084,277,-0.167578125
0.4360990524291992,278,-0.48984374999999997
0.437222957611084,279,-0.18046874999999998
0.438338041305542,280,-0.33515625
0.43944215774536133,281,-0.21914062499999998
0.44057798385620117,282,0.0
0.4418320655822754,283,0.0
0.4432530403137207,284,-0.02578125
0.4447290897369385,285,-0.37382812499999996
0.446181058883667,286,-0.4640625
0.4477870464324951,287,-1.276171875
0.4493100643157959,288,-0.0515625
0.4508399963378906,289,-0.103125
0.452254056930542,290,-0.193359375
0.45450711250305176,291,-0.167578125
0.45661211013793945,292,-0.193359375
0.4580991268157959,293,-0.012890625
0.45972299575805664,294,-0.064453125
0.46167612075805664,295,-0.2578125
0.4633300304412842,296,-0.502734375
0.4646339416503906,297,-1.46953125
0.4658041000366211,298,0.0
0.46692895889282227,299,-0.15468749999999998
0.468066930770874,300,-0.09023437499999999
0.4692060947418213,301,-0.38671875
0.47032904624938965,302,-0.167578125
0.47147393226623535,303,-0.42539062499999997
0.47267699241638184,304,-0.33515625
0.4740769863128662,305,0.012890625
0.47553396224975586,306,-0.012890625
0.4770669937133789,307,-0.0515625
0.47866010665893555,308,-0.37382812499999996
0.4801349639892578,309,-0.7734375
0.48162007331848145,310,-1.546875
0.483320951461792,311,0.012890625
0.4857349395751953,312,-0.193359375
0.48726701736450195,313,-0.103125
0.48885393142700195,314,-0.348046875
0.4909341335296631,315,-0.103125
0.49236512184143066,316,0.0
0.4935901165008545,317,-0.103125
0.49474501609802246,318,-0.4125
0.495866060256958,319,-0.580078125
0.4969799518585205,320,-1.2374999999999998
0.49810099601745605,321,-1.65
0.4992060661315918,322,0.0
0.500312089920044,323,-0.09023437499999999
0.501474142074585,324,-0.038671874999999994
0.502709150314331,325,-0.322265625
0.5041060447692871,326,-0.20625
0.5055510997772217,327,-0.270703125
0.5070819854736328,328,-0.012890625
0.508660078048706,329,0.0
0.5101621150970459,330,-0.0515625
0.511634111404419,331,-0.399609375
0.5130009651184082,332,-0.5285156249999999
0.5153999328613281,333,-1.3921875
0.5172131061553955,334,0.0
0.5186269283294678,335,-0.0515625
0.5201590061187744,336,-0.322265625
0.5220999717712402,337,-0.348046875
0.5237541198730469,338,0.038671874999999994
0.5250539779663086,339,0.0
0.5262420177459717,340,-0.0515625
0.5273821353912354,341,-0.33515625
0.5285079479217529,342,-0.48984374999999997
0.5296211242675781,343,-0.8765624999999999
0.5308051109313965,344,-1.482421875
0.5319399833679199,345,0.0
0.5331399440765381,346,-0.0515625
0.534541130065918,347,-0.167578125
0.5359930992126465,348,-0.38671875
0.5375471115112305,349,-0.18046874999999998
0.5391740798950195,350,-0.270703125
0.540734052658081,351,0.012890625
0.5422711372375488,352,-0.012890625
0.5437929630279541,353,-0.02578125
0.5462219715118408,354,-0.42539062499999997
0.5479531288146973,355,-1.03125
0.5493381023406982,356,0.012890625
0.5511031150817871,357,-0.064453125
0.5530941486358643,358,-0.20625
0.5545499324798584,359,-0.09023437499999999
0.5558180809020996,360,-0.02578125
0.5570089817047119,361,-0.012890625
0.5581550598144531,362,0.0
0.5593249797821045,363,-0.02578125
0.5604970455169678,364,-0.20625
0.561704158782959,365,-0.4640625
0.5628290176391602,366,-0.7476562499999999
0.5640389919281006,367,-1.3664062499999998
0.5654411315917969,368,0.0
0.5668931007385254,369,0.0
0.5683989524841309,370,-0.167578125
0.5700211524963379,371,-0.322265625
0.5715930461883545,372,-0.2578125
0.5731050968170166,373,-0.09023437499999999
0.5749940872192383,374,0.012890625
0.5773119926452637,375,-0.012890625
0.5787580013275146,376,-0.33515625
0.5803840160369873,377,-0.8507812499999999
0.582456111907959,378,-1.5726562499999999
0.5839810371398926,379,0.0
0.5852160453796387,380,-0.2578125
0.5863690376281738,381,-0.20625
0.5875000953674316,382,-0.37382812499999996
0.5886681079864502,383,-0.4125
0.5897941589355469,384,-0.21914062499999998
0.5909349918365479,385,0.012890625
0.5920600891113281,386,-0.012890625
0.5931661128997803,387,-0.064453125
0.5943491458892822,388,-0.42539062499999997
0.5957269668579102,389,-0.451171875
0.5971920490264893,390,-1.069921875
0.5987091064453125,391,-1.65
0.6003220081329346,392,-0.0515625
0.6018209457397461,393,-0.0515625
0.6032159328460693,394,-0.322265625
0.6051650047302246,395,-0.37382812499999996
0.607429027557373,396,-0.20625
0.6088831424713135,397,-0.012890625
0.6105380058288574,398,-0.0515625
0.6126549243927002,399,-0.42539062499999997
0.6141700744628906,400,-1.03125
0.6154060363769531,401,0.0
0.6165449619293213,402,-0.09023437499999999
0.6176719665527344,403,-0.167578125
0.6187870502471924,404,-0.36093749999999997
0.6199100017547607,405,-0.270703125
0.621070146560669,406,-0.29648437499999997
0.6222760677337646,407,-0.33515625
0.6234259605407715,408,-0.064453125
0.6246271133422852,409,-0.012890625
0.6260340213775635,410,-0.0515625
0.6274881362915039,411,-0.167578125
0.6290781497955322,412,-0.4640625
0.6307909488677979,413,-1.018359375
0.6323180198669434,414,-0.580078125
0.6336920261383057,415,-0.09023437499999999
0.636167049407959,416,-0.116015625
0.6380419731140137,417,-0.12890625
0.6395571231842041,418,0.0
0.6416621208190918,419,0.012890625
0.6434240341186523,420,-0.0515625
0.6447000503540039,421,-0.348046875
0.6458649635314941,422,-0.515625
0.6470029354095459,423,-1.1859374999999999
0.6481311321258545,424,-1.65
0.6492359638214111,425,0.012890625
0.6503400802612305,426,-0.20625
0.6514761447906494,427,0.0
0.6525869369506836,428,-0.36093749999999997
0.6537129878997803,429,-0.193359375
0.654893159866333,430,-0.4125
0.6562731266021729,431,-0.322265625
0.6577761173248291,432,0.0
0.6593830585479736,433,-0.012890625
0.6611120700836182,434,-0.12890625
0.6626250743865967,435,-0.37382812499999996
0.6640610694885254,436,-1.1214843749999999
0.6663799285888672,437,-0.42539062499999997
0.6683881282806396,438,-0.0515625
0.66982102394104,439,-0.30937499999999996
0.6716620922088623,440,-0.36093749999999997
0.6738021373748779,441,-0.116015625
0.6756000518798828,442,0.02578125
0.6768419742584229,443,-0.064453125
0.6780059337615967,444,-0.43828124999999996
0.679131031036377,445,-0.502734375
0.6802430152893066,446,-1.198828125
0.6813809871673584,447,-1.65
0.682487964630127,448,0.0
0.683588981628418,449,-0.038671874999999994
0.6847319602966309,450,-0.15468749999999998
0.6859591007232666,451,-0.4640625
0.6873540878295898,452,-0.20625
0.6888060569763184,453,-0.322265625
0.6903619766235352,454,-0.038671874999999994
0.6920931339263916,455,-0.012890625
0.6936631202697754,456,-0.012890625
0.6952400207519531,457,-0.4125
0.6977541446685791,458,-0.6832031249999999
0.6994221210479736,459,-0.103125
0.7010951042175293,460,-0.038671874999999994
0.7031950950622559,461,-0.23203125
0.7046680450439453,462,-0.02578125
0.7058899402618408,463,0.02578125
0.7070529460906982,464,0.012890625
0.7083511352539062,465,-0.012890625
0.7094950675964355,466,-0.012890625
0.7106161117553711,467,-0.30937499999999996
0.7118301391601562,468,-0.515625
0.7129459381103516,469,-0.889453125
0.7140531539916992,470,-1.4953124999999998
0.7151610851287842,471,-0.012890625
0.7163491249084473,472,-0.07734374999999999
0.7177791595458984,473,-0.23203125
0.7192440032958984,474,-0.322265625
0.7208521366119385,475,-0.12890625
0.7225160598754883,476,-0.322265625
0.724107027053833,477,0.0
0.7255110740661621,478,-0.012890625
0.727942943572998,479,-0.012890625
0.7297990322113037,480,-0.37382812499999996
0.7312850952148438,481,-1.2890625
0.7333779335021973,482,0.0
0.7350461483001709,483,-0.21914062499999998
0.7362980842590332,484,-0.30937499999999996
0.7374520301818848,485,-0.29648437499999997
0.7385830879211426,486,-0.38671875
0.7397010326385498,487,-0.20625
0.7409229278564453,488,0.012890625
0.7420639991760254,489,-0.0515625
0.7431759834289551,490,-0.0515625
0.7442870140075684,491,-0.399609375
0.745384931564331,492,-0.476953125
0.7465660572052002,493,-1.018359375
0.747967004776001,494,-1.5726562499999999
0.7494261264801025,495,0.0
0.7510571479797363,496,-0.116015625
0.7525980472564697,497,-0.2578125
0.7540340423583984,498,-0.18046874999999998
0.7554950714111328,499,-0.29648437499999997
0.7578139305114746,500,-0.0515625
0.7597429752349854,501,-0.012890625
0.7611510753631592,502,-0.29648437499999997
0.7628870010375977,503,-0.4125
0.7648651599884033,504,-1.1859374999999999
0.7662761211395264,505,-0.012890625
0.7674541473388672,506,-0.167578125
0.7686569690704346,507,-0.29648437499999997
0.7698161602020264,508,-0.12890625
0.7709619998931885,509,-0.322265625
0.772089958190918,510,-0.36093749999999997
0.7732150554656982,511,-0.167578125
0.7743310928344727,512,0.0
0.7754290103912354,513,-0.02578125
0.7766029834747314,514,-0.064453125
0.7779960632324219,515,-0.4640625
0.7794270515441895,516,-0.4640625
0.7810490131378174,517,-1.2503906249999999
0.782616138458252,518,-0.012890625
0.7841160297393799,519,-0.103125
0.7856111526489258,520,-0.21914062499999998
0.7874751091003418,521,-0.20625
0.7898881435394287,522,-0.43828124999999996
0.7915611267089844,523,0.0
0.7930071353912354,524,-0.02578125
0.7949020862579346,525,-0.322265625
0.7966430187225342,526,-0.502734375
0.797961950302124,527,-1.46953125
0.799144983291626,528,-0.012890625
0.8002820014953613,529,-0.15468749999999998
0.8014309406280518,530,-0.103125
0.8025610446929932,531,-0.4125
0.8036789894104004,532,-0.193359375
0.8047940731048584,533,-0.4125
0.8058960437774658,534,-0.322265625
0.8071630001068115,535,0.012890625
0.8085579872131348,536,-0.012890625
0.8100249767303467,537,-0.02578125
0.8115839958190918,538,-0.37382812499999996
0.813154935836792,539,-0.580078125
0.8145620822906494,540,-1.4308593749999998
0.8160159587860107,541,0.0
0.8179681301116943,542,-0.02578125
0.8201799392700195,543,-0.2578125
0.8217029571533203,544,-0.322265625
0.823228120803833,545,-0.09023437499999999
0.8251960277557373,546,0.0
0.8268120288848877,547,-0.02578125
0.8280911445617676,548,-0.348046875
0.8292620182037354,549,-0.54140625
0.8304040431976318,550,-1.2374999999999998
0.8315739631652832,551,-1.65
0.8327140808105469,552,0.0
0.8338229656219482,553,-0.0515625
0.8349299430847168,554,-0.12890625
0.8360481262207031,555,-0.2578125
0.837244987487793,556,-0.02578125
0.8386421203613281,557,-0.270703125
0.8400800228118896,558,-0.103125
0.8416450023651123,559,0.0
0.8431360721588135,560,-0.0515625
0.8445899486541748,561,-0.322265625
0.8460330963134766,562,-0.37382812499999996
0.8475360870361328,563,-1.16015625
0.8500101566314697,564,-0.0515625
0.8517589569091797,565,-0.167578125
0.8531651496887207,566,-0.4125
0.854856014251709,567,-0.38671875
0.8568179607391357,568,-0.23203125
0.8582460880279541,569,0.012890625
0.8594369888305664,570,-0.02578125
0.8605921268463135,571,-0.29648437499999997
0.8618190288543701,572,-0.48984374999999997
0.8629541397094727,573,-0.863671875
0.8640811443328857,574,-1.46953125
0.8651869297027588,575,-0.02578125
0.8663411140441895,576,-0.038671874999999994
0.8675961494445801,577,-0.24492187499999998
0.8690190315246582,578,-0.322265625
0.8704531192779541,579,-0.24492187499999998
0.8720710277557373,580,-0.4125
0.8736100196838379,581,-0.103125
0.8750290870666504,582,-0.012890625
0.8764951229095459,583,-0.012890625
0.8782379627227783,584,-0.348046875
0.8805820941925049,585,-0.42539062499999997
0.8822770118713379,586,-1.65
0.8836729526519775,587,-0.09023437499999999
0.8855280876159668,588,0.0
0.8873560428619385,589,-0.29648437499999997
0.8887021541595459,590,-0.38671875
0.8898789882659912,591,-0.0515625
0.8910369873046875,592,-0.012890625
0.8921711444854736,593,-0.02578125
0.8933069705963135,594,-0.0515625
0.894413948059082,595,-0.42539062499999997
0.8955221176147461,596,-0.48984374999999997
0.8966240882873535,597,-1.069921875
0.8978080749511719,598,-1.65
0.8991999626159668,599,0.012890625
0.900658130645752,600,-0.064453125
0.9023311138153076,601,-0.167578125
0.9038729667663574,602,-0.20625
0.9053659439086914,603,-0.399609375
0.9068739414215088,604,-0.103125
0.9086480140686035,605,0.012890625
0.9111599922180176,606,-0.0515625
0.9127421379089355,607,-0.322265625
0.9141170978546143,608,-1.147265625
0.9159610271453857,609,0.0
0.9177920818328857,610,0.0
0.9191391468048096,611,-0.29648437499999997
0.9203281402587891,612,-0.116015625
0.9214880466461182,613,-0.399609375
0.9226119518280029,614,-0.29648437499999997
0.9237310886383057,615,0.0
0.9248530864715576,616,-0.012890625
0.9259629249572754,617,-0.064453125
0.9270679950714111,618,-0.2578125
0.9282529354095459,619,-0.451171875
0.9296410083770752,620,-0.6703125
0.9310879707336426,621,-1.405078125
0.9326231479644775,622,-0.02578125
0.9341540336608887,623,0.0
0.9355990886688232,624,-0.21914062499999998
0.9370739459991455,625,-0.103125
0.9384810924530029,626,-0.399609375
0.9409630298614502,627,-0.15468749999999998
0.9428269863128662,628,-0.012890625
0.9442410469055176,629,-0.23203125
0.945836067199707,630,-0.37382812499999996
0.9478180408477783,631,-1.018359375
0.9492819309234619,632,-0.15468749999999998
0.9504930973052979,633,-0.103125
0.9517309665679932,634,-0.167578125
0.9528701305389404,635,-0.4125
0.9539880752563477,636,-0.24492187499999998
0.9551601409912109,637,-0.36093749999999997
0.9563570022583008,638,-0.20625
0.9575221538543701,639,0.0
0.9587259292602539,640,-0.012890625
0.9601309299468994,641,-0.038671874999999994
0.9615890979766846,642,-0.4125
0.9630770683288574,643,-0.605859375
0.9646420478820801,644,-1.3921875
0.9661500453948975,645,0.0
0.9675760269165039,646,-0.167578125
0.9698090553283691,647,-0.270703125
0.9718270301818848,648,-0.23203125
0.9732820987701416,649,0.18046874999999998
0.974884033203125,650,0.0
0.9768459796905518,651,-0.02578125
0.978377103805542,652,-0.322265625
0.9796140193939209,653,-0.64453125
0.9808640480041504,654,-1.353515625
0.982025146484375,655,-0.0515625
0.9831559658050537,656,-0.064453125
0.9842629432678223,657,-0.23203125
0.9853689670562744,658,-0.33515625
0.986469030380249,659,-0.193359375
0.9875710010528564,660,-0.348046875
0.9887590408325195,661,-0.399609375
0.9901881217956543,662,-0.193359375
0.991663932800293,663,0.012890625
