time,count,voltage
0.005872011184692383,1,-0.631640625
0.007512092590332031,2,-0.0515625
0.008914947509765625,3,0.09023437499999999
0.01029205322265625,4,-0.02578125
0.011646032333374023,5,-0.116015625
0.013077020645141602,6,-0.4125
0.01464700698852539,7,-0.631640625
0.016392946243286133,8,-1.340625
0.018060922622680664,9,-0.0515625
0.01977396011352539,10,-0.43828124999999996
0.02134990692138672,11,-0.33515625
0.023009061813354492,12,-0.21914062499999998
0.024519920349121094,13,-0.12890625
0.025906085968017578,14,-0.012890625
0.027257919311523438,15,-0.038671874999999994
0.028619050979614258,16,-0.23203125
0.03013300895690918,17,-0.5285156249999999
0.0318300724029541,18,-0.760546875
0.03355693817138672,19,-1.6242187499999998
0.03525400161743164,20,-0.012890625
0.03702688217163086,21,-0.348046875
0.03860306739807129,22,-0.33515625
0.04016995429992676,23,-0.37382812499999996
0.041712045669555664,24,-0.15468749999999998
0.04351091384887695,25,0.0
0.04534196853637695,26,-0.116015625
0.04792308807373047,27,-0.42539062499999997
0.05069088935852051,28,-1.00546875
0.05254006385803223,29,-0.12890625
0.05422496795654297,30,-0.2578125
0.05628705024719238,31,-0.23203125
0.05855107307434082,32,-0.23203125
0.06035494804382324,33,-0.012890625
0.06202888488769531,34,-0.103125
0.06372404098510742,35,-0.4640625
0.06522893905639648,36,-0.7734375
0.06662487983703613,37,-1.6242187499999998
0.06798887252807617,38,-0.02578125
0.06935787200927734,39,-0.30937499999999996
0.07071995735168457,40,-0.38671875
0.07206201553344727,41,-0.23203125
0.07343697547912598,42,-0.23203125
0.07480096817016602,43,-0.103125
0.07592010498046875,44,-0.012890625
0.07704401016235352,45,-0.038671874999999994
0.0781710147857666,46,-0.193359375
0.07928800582885742,47,-0.515625
0.08039593696594238,48,-0.7734375
0.08150696754455566,49,-1.134375
0.08262991905212402,50,-1.65
0.08381509780883789,51,0.0
0.08512496948242188,52,-0.21914062499999998
0.0866250991821289,53,-0.193359375
0.08807492256164551,54,-0.399609375
0.08963608741760254,55,-0.116015625
0.0910789966583252,56,-0.07734374999999999
0.09241104125976562,57,-0.012890625
0.09398293495178223,58,-0.103125
0.09656310081481934,59,-0.20625
0.09824991226196289,60,-0.5671875
0.0998380184173584,61,-1.456640625
0.10196709632873535,62,-0.02578125
0.10344195365905762,63,-0.4125
0.10465788841247559,64,-0.37382812499999996
0.10582399368286133,65,-0.193359375
0.10696291923522949,66,-0.270703125
0.10813593864440918,67,-0.193359375
0.10930395126342773,68,-0.012890625
0.11049199104309082,69,-0.09023437499999999
0.1116340160369873,70,-0.23203125
0.11277890205383301,71,-0.515625
0.11400198936462402,72,-0.734765625
0.11542201042175293,73,-1.26328125
0.11689090728759766,74,-1.65
0.11849188804626465,75,-0.103125
0.12003707885742188,76,-0.37382812499999996
0.1214749813079834,77,-0.399609375
0.12291789054870605,78,-0.23203125
0.1252119541168213,79,-0.15468749999999998
0.12718701362609863,80,0.012890625
0.12865400314331055,81,-0.20625
0.13073086738586426,82,-0.515625
0.13237905502319336,83,-0.95390625
0.13374590873718262,84,-0.515625
0.1349329948425293,85,-0.193359375
0.13607406616210938,86,-0.322265625
0.1372079849243164,87,-0.399609375
0.13832497596740723,88,-0.2578125
0.13946008682250977,89,-0.37382812499999996
0.14058208465576172,90,-0.322265625
0.14170193672180176,91,-0.167578125
0.1428370475769043,92,-0.02578125
0.14405202865600586,93,-0.103125
0.14547300338745117,94,-0.29648437499999997
0.1469419002532959,95,-0.631640625
0.14855003356933594,96,-0.90234375
0.15012001991271973,97,-1.65
0.15154695510864258,98,-0.012890625
0.1530439853668213,99,-0.28359375
0.1554090976715088,100,-0.4125
0.1573350429534912,101,-0.30937499999999996
0.1588459014892578,102,0.28359375
0.16088509559631348,103,-0.0515625
0.1624460220336914,104,-0.167578125
0.1637430191040039,105,-0.54140625
0.16490387916564941,106,-1.00546875
0.16607308387756348,107,-1.611328125
0.16721010208129883,108,-0.116015625
0.1683330535888672,109,-0.20625
0.169450044631958,110,-0.322265625
0.1705610752105713,111,-0.36093749999999997
0.1716780662536621,112,-0.36093749999999997
0.1728060245513916,113,-0.322265625
0.17401695251464844,114,-0.30937499999999996
0.17539691925048828,115,-0.103125
0.17684698104858398,116,-0.07734374999999999
0.17844390869140625,117,-0.116015625
0.1800069808959961,118,-0.4640625
0.18146204948425293,119,-0.6832031249999999
0.18295001983642578,120,-1.5082031249999999
0.18527007102966309,121,-0.116015625
0.18730401992797852,122,-0.399609375
0.1888129711151123,123,-0.4125
0.19087004661560059,124,-0.33515625
0.19261693954467773,125,0.103125
0.19391202926635742,126,-0.02578125
0.19509291648864746,127,-0.20625
0.19622397422790527,128,-0.515625
0.1973590850830078,129,-0.734765625
0.19848394393920898,130,-1.3019531249999998
0.19966506958007812,131,-1.65
0.20081686973571777,132,0.0
0.20194196701049805,133,-0.2578125
0.20313405990600586,134,-0.5285156249999999
0.2043600082397461,135,-0.399609375
0.20580506324768066,136,-0.2578125
0.2072620391845703,137,-0.33515625
0.20887994766235352,138,-0.038671874999999994
0.21038103103637695,139,-0.02578125
0.21175098419189453,140,-0.20625
0.21320009231567383,141,-0.515625
0.2156839370727539,142,-0.7476562499999999
0.21740388870239258,143,-1.65
0.21894192695617676,144,-0.2578125
0.22107291221618652,145,-0.502734375
0.22266697883605957,146,-0.23203125
0.22388887405395508,147,-0.30937499999999996
0.22505497932434082,148,-0.07734374999999999
0.22620010375976562,149,0.0
0.22731995582580566,150,-0.12890625
0.22843503952026367,151,-0.322265625
0.22955799102783203,152,-0.631640625
0.23067998886108398,153,-0.7476562499999999
0.23180007934570312,154,-1.327734375
0.23297405242919922,155,-1.65
0.23409104347229004,156,-0.02578125
0.23528695106506348,157,-0.28359375
0.23668909072875977,158,-0.24492187499999998
0.23814988136291504,159,-0.515625
0.23973393440246582,160,-0.29648437499999997
0.24132990837097168,161,-0.21914062499999998
0.24274897575378418,162,0.0
0.24416208267211914,163,-0.0515625
0.24658894538879395,164,-0.30937499999999996
0.24840188026428223,165,-0.631640625
0.2499239444732666,166,-1.611328125
0.25199294090270996,167,-0.012890625
0.253587007522583,168,-0.20625
0.25481700897216797,169,-0.631640625
0.2559800148010254,170,-0.4125
0.25711703300476074,171,-0.38671875
0.25831007957458496,172,-0.193359375
0.2594289779663086,173,-0.012890625
0.26055407524108887,174,-0.15468749999999998
0.2616870403289795,175,-0.21914062499999998
0.26284003257751465,176,-0.580078125
0.2639639377593994,177,-0.7476562499999999
0.2650899887084961,178,-1.276171875
0.26631808280944824,179,-1.65
0.267719030380249,180,0.0
0.26917505264282227,181,-0.23203125
0.270751953125,182,-0.270703125
0.2722959518432617,183,-0.322265625
0.2738471031188965,184,-0.4125
0.2752559185028076,185,-0.064453125
0.2775259017944336,186,0.0
0.2795538902282715,187,-0.15468749999999998
0.28104209899902344,188,-0.515625
0.28286004066467285,189,-1.224609375
0.28443098068237305,190,0.0
0.28614306449890137,191,-0.29648437499999997
0.2881898880004883,192,-0.30937499999999996
0.2898070812225342,193,-0.20625
0.2911078929901123,194,0.02578125
0.2922639846801758,195,-0.012890625
0.2934420108795166,196,-0.0515625
0.2946028709411621,197,-0.18046874999999998
0.295727014541626,198,-0.515625
0.2969849109649658,199,-0.734765625
0.29836106300354004,200,-1.134375
0.2998359203338623,201,-1.65
0.30132293701171875,202,-0.12890625
0.30298805236816406,203,-0.399609375
0.3044860363006592,204,-0.37382812499999996
0.305941104888916,205,-0.193359375
0.30756592750549316,206,-0.193359375
0.31006598472595215,207,-0.09023437499999999
0.3116729259490967,208,-0.116015625
0.31348299980163574,209,-0.43828124999999996
0.3154940605163574,210,-0.6832031249999999
0.31690192222595215,211,-1.65
0.31808996200561523,212,-0.116015625
0.3192260265350342,213,-0.2578125
0.32035398483276367,214,-0.37382812499999996
0.32148194313049316,215,-0.09023437499999999
0.32270097732543945,216,-0.399609375
0.32386207580566406,217,-0.36093749999999997
0.3250250816345215,218,-0.12890625
0.3266639709472656,219,-0.012890625
0.3279869556427002,220,-0.103125
0.32941508293151855,221,-0.502734375
0.33084702491760254,222,-0.6832031249999999
0.3325989246368408,223,-1.3148437499999999
0.3341200351715088,224,0.0
0.3355250358581543,225,-0.193359375
0.3373448848724365,226,-0.322265625
0.3396470546722412,227,-0.580078125
0.34118103981018066,228,-0.28359375
0.3430759906768799,229,0.0
0.3449530601501465,230,-0.064453125
0.346250057220459,231,-0.33515625
0.34740495681762695,232,-0.605859375
0.34853386878967285,233,-1.2503906249999999
0.34966588020324707,234,-1.65
0.35077810287475586,235,-0.064453125
0.35189008712768555,236,-0.36093749999999997
0.3531360626220703,237,-0.36093749999999997
0.35428905487060547,238,-0.37382812499999996
0.35541296005249023,239,-0.29648437499999997
0.35652709007263184,240,-0.4125
0.35773396492004395,241,-0.322265625
0.35912489891052246,242,0.012890625
0.360576868057251,243,-0.0515625
0.36214494705200195,244,-0.193359375
0.36377692222595215,245,-0.515625
0.3652219772338867,246,-1.03125
0.3666369915008545,247,-1.65
0.3689100742340088,248,-0.103125
0.37091898918151855,249,-0.29648437499999997
0.37241697311401367,250,-0.270703125
0.37462496757507324,251,-0.30937499999999996
0.376223087310791,252,-0.012890625
0.3774890899658203,253,-0.12890625
0.3786509037017822,254,-0.322265625
0.3797919750213623,255,-0.6187499999999999
0.3809239864349365,256,-0.837890625
0.38205599784851074,257,-1.456640625
0.3832080364227295,258,-0.193359375
0.3843269348144531,259,-0.103125
0.38544487953186035,260,-0.37382812499999996
0.3865649700164795,261,-0.23203125
0.38776493072509766,262,-0.36093749999999997
0.38918399810791016,263,-0.270703125
0.39063596725463867,264,-0.20625
0.39224791526794434,265,-0.0515625
0.39388108253479004,266,-0.02578125
0.39519786834716797,267,-0.18046874999999998
0.3964989185333252,268,-0.5671875
0.39870309829711914,269,-0.7476562499999999
0.40065908432006836,270,-1.65
0.4020709991455078,271,-0.20625
0.4042470455169678,272,-0.33515625
0.40601491928100586,273,-0.167578125
0.4073469638824463,274,-0.116015625
0.4085240364074707,275,0.0515625
0.40965795516967773,276,-0.0515625
0.4107840061187744,277,-0.07734374999999999
0.4119110107421875,278,-0.322265625
0.41312694549560547,279,-0.64453125
0.41427087783813477,280,-0.825
0.4153909683227539,281,-1.482421875
0.41650390625,282,-0.103125
0.41770505905151367,283,-0.103125
0.41912102699279785,284,-0.2578125
0.4205811023712158,285,-0.20625
0.4222099781036377,286,-0.28359375
0.4239230155944824,287,-0.36093749999999997
0.42534804344177246,288,0.038671874999999994
0.4267089366912842,289,-0.0515625
0.42903590202331543,290,-0.103125
0.4309580326080322,291,-0.476953125
0.4325869083404541,292,-1.26328125
0.4346950054168701,293,0.0
0.4362499713897705,294,-0.4125
0.437485933303833,295,-0.515625
0.4386610984802246,296,-0.322265625
0.43979406356811523,297,-0.42539062499999997
0.44092702865600586,298,-0.2578125
0.44204092025756836,299,0.012890625
0.44318103790283203,300,-0.0515625
0.4443209171295166,301,-0.193359375
0.44544005393981934,302,-0.399609375
0.4465510845184326,303,-0.734765625
0.44774794578552246,304,-0.95390625
0.44916391372680664,305,-1.5726562499999999
0.4506409168243408,306,0.0
0.4522418975830078,307,-0.141796875
0.45390987396240234,308,-0.20625
0.4553389549255371,309,-0.20625
0.45673203468322754,310,-0.4125
0.4590730667114258,311,-0.18046874999999998
0.4608640670776367,312,-0.012890625
0.4624159336090088,313,-0.20625
0.46460795402526855,314,-0.515625
0.46614599227905273,315,-1.3148437499999999
0.4673769474029541,316,-0.103125
0.4685389995574951,317,-0.30937499999999996
0.4696800708770752,318,-0.515625
0.47081995010375977,319,-0.322265625
0.4719400405883789,320,-0.193359375
0.47314906120300293,321,-0.37382812499999996
0.4742889404296875,322,-0.23203125
0.4754018783569336,323,-0.012890625
0.47651195526123047,324,-0.02578125
0.47770094871520996,325,-0.15468749999999998
0.47911691665649414,326,-0.4125
0.4805750846862793,327,-0.708984375
0.48217105865478516,328,-1.26328125
0.4838080406188965,329,-0.580078125
0.48523688316345215,330,-0.20625
0.4866800308227539,331,-0.37382812499999996
0.4891228675842285,332,-0.502734375
0.49099302291870117,333,-0.20625
0.49266695976257324,334,0.0
0.4948101043701172,335,-0.0515625
0.4962799549102783,336,-0.30937499999999996
0.49750208854675293,337,-0.54140625
0.49864697456359863,338,-1.2890625
0.49977588653564453,339,-0.95390625
0.5009019374847412,340,-0.0515625
0.5020599365234375,341,-0.36093749999999997
0.503230094909668,342,-0.193359375
0.5043659210205078,343,-0.502734375
0.5054969787597656,344,-0.15468749999999998
0.5066649913787842,345,-0.270703125
0.5079140663146973,346,-0.12890625
0.5093050003051758,347,0.0
0.5107419490814209,348,-0.15468749999999998
0.5123579502105713,349,-0.24492187499999998
0.5140280723571777,350,-0.605859375
0.5154449939727783,351,-1.198828125
0.5168440341949463,352,-0.20625
0.5190989971160889,353,-0.21914062499999998
0.5211279392242432,354,-0.43828124999999996
0.5226819515228271,355,-0.20625
0.5248448848724365,356,-0.167578125
0.5264439582824707,357,0.0
0.5276880264282227,358,-0.09023437499999999
0.5288610458374023,359,-0.36093749999999997
0.5300049781799316,360,-0.631640625
0.531121015548706,361,-0.992578125
0.5322320461273193,362,-1.5597656249999998
0.533376932144165,363,-0.012890625
0.5345029830932617,364,-0.18046874999999998
0.5356240272521973,365,-0.348046875
0.5367388725280762,366,-0.29648437499999997
0.5379819869995117,367,-0.270703125
0.5394001007080078,368,-0.37382812499999996
0.5408689975738525,369,-0.399609375
0.5424149036407471,370,-0.012890625
0.5440418720245361,371,-0.02578125
0.545464038848877,372,-0.193359375
0.5468599796295166,373,-0.605859375
0.5491108894348145,374,-0.992578125
0.5511419773101807,375,-1.65
0.5526828765869141,376,-0.348046875
0.5547568798065186,377,-0.42539062499999997
0.5565190315246582,378,-0.116015625
0.5577929019927979,379,0.12890625
0.5589690208435059,380,-0.012890625
0.5601010322570801,381,-0.0515625
0.5612320899963379,382,-0.270703125
0.5623490810394287,383,-0.54140625
0.563539981842041,384,-0.7218749999999999
0.5646650791168213,385,-1.1859374999999999
0.5658268928527832,386,-1.65
0.5669400691986084,387,0.0
0.5681350231170654,388,-0.24492187499999998
0.5695569515228271,389,-0.322265625
0.5710189342498779,390,-0.4125
0.5727109909057617,391,-0.167578125
0.5743880271911621,392,-0.15468749999999998
0.5757849216461182,393,-0.02578125
0.5771360397338867,394,-0.0515625
0.5794539451599121,395,-0.2578125
0.5813338756561279,396,-0.5929687499999999
0.5828490257263184,397,-1.4953124999999998
0.5849349498748779,398,0.0
0.5865719318389893,399,-0.270703125
0.5878159999847412,400,-0.4640625
0.5890870094299316,401,-0.193359375
0.5902760028839111,402,-0.270703125
0.5914208889007568,403,-0.103125
0.5926089286804199,404,-0.012890625
0.5937550067901611,405,-0.167578125
0.5948760509490967,406,-0.20625
0.5959839820861816,407,-0.580078125
0.5970959663391113,408,-0.734765625
0.5982940196990967,409,-1.2890625
0.5997049808502197,410,-1.65
0.601186990737915,411,-0.012890625
0.6028540134429932,412,-0.30937499999999996
0.60447096824646,413,-0.29648437499999997
0.605928897857666,414,-0.21914062499999998
0.6073789596557617,415,-0.12890625
0.6096348762512207,416,-0.012890625
0.6116280555725098,417,-0.0515625
0.6132020950317383,418,-0.36093749999999997
0.6153409481048584,419,-0.6703125
0.6169929504394531,420,-1.65
0.6182360649108887,421,-0.2578125
0.6194009780883789,422,-0.33515625
0.6205480098724365,423,-0.399609375
0.6216790676116943,424,-0.322265625
0.6228270530700684,425,-0.4125
0.623945951461792,426,-0.33515625
0.62506103515625,427,-0.02578125
0.6261630058288574,428,-0.02578125
0.6272668838500977,429,-0.116015625
0.6284680366516113,430,-0.36093749999999997
0.629878044128418,431,-0.6187499999999999
0.631342887878418,432,-0.889453125
0.6329751014709473,433,-1.65
0.6345210075378418,434,0.0
0.6359028816223145,435,-0.2578125
0.6372890472412109,436,-0.36093749999999997
0.639477014541626,437,-0.23203125
0.6420938968658447,438,-0.23203125
0.643665075302124,439,-0.02578125
0.645866870880127,440,-0.193359375
0.6473500728607178,441,-0.580078125
0.6485729217529297,442,-1.276171875
0.6497418880462646,443,-1.3664062499999998
0.6508810520172119,444,-0.07734374999999999
0.6519970893859863,445,-0.2578125
0.6532199382781982,446,-0.38671875
0.6543729305267334,447,-0.4125
0.6554899215698242,448,-0.15468749999999998
0.656606912612915,449,-0.36093749999999997
0.6577210426330566,450,-0.20625
0.6589140892028809,451,-0.02578125
0.660304069519043,452,-0.02578125
0.6617789268493652,453,-0.193359375
0.6634330749511719,454,-0.54140625
0.6650090217590332,455,-0.889453125
0.666356086730957,456,-1.65
0.6676239967346191,457,-0.103125
0.6701929569244385,458,-0.37382812499999996
0.6718358993530273,459,-0.42539062499999997
0.6733598709106445,460,-0.2578125
0.6752181053161621,461,0.0
0.6769940853118896,462,-0.064453125
0.6784040927886963,463,-0.12890625
0.6796019077301025,464,-0.4640625
0.6807971000671387,465,-0.69609375
0.6819260120391846,466,-1.3921875
0.6831378936767578,467,-0.30937499999999996
0.68430495262146,468,-0.20625
0.6854290962219238,469,-0.28359375
0.6865730285644531,470,-0.20625
0.6876790523529053,471,-0.37382812499999996
0.6889328956604004,472,-0.167578125
0.6903440952301025,473,-0.24492187499999998
0.6917788982391357,474,-0.02578125
0.6934568881988525,475,-0.0515625
0.695019006729126,476,-0.167578125
0.696497917175293,477,-0.4640625
0.6978991031646729,478,-0.734765625
0.7001121044158936,479,-1.546875
0.7023870944976807,480,0.0
0.7039270401000977,481,-0.2578125
0.7056090831756592,482,-0.33515625
0.7075870037078857,483,-0.36093749999999997
0.7090399265289307,484,-0.012890625
0.7103559970855713,485,-0.103125
0.7115728855133057,486,-0.21914062499999998
0.712805986404419,487,-0.54140625
0.7139439582824707,488,-0.7476562499999999
0.7150700092315674,489,-1.405078125
0.716209888458252,490,-1.2503906249999999
0.717353105545044,491,-0.012890625
0.7184679508209229,492,-0.322265625
0.7196800708770752,493,-0.23203125
0.7211089134216309,494,-0.322265625
0.7226090431213379,495,-0.193359375
0.7242269515991211,496,-0.07734374999999999
0.7257828712463379,497,-0.012890625
0.7272419929504395,498,-0.0515625
0.7286369800567627,499,-0.21914062499999998
0.7304539680480957,500,-0.5671875
0.7328710556030273,501,-0.9152343749999999
0.7344861030578613,502,-0.270703125
0.7360200881958008,503,-0.270703125
0.7381000518798828,504,-0.37382812499999996
0.7397439479827881,505,-0.30937499999999996
0.7410390377044678,506,0.02578125
0.742271900177002,507,0.0
0.7435019016265869,508,-0.0515625
0.7446639537811279,509,-0.193359375
0.7458019256591797,510,-0.5285156249999999
0.7469298839569092,511,-0.69609375
0.7480409145355225,512,-1.224609375
0.7492198944091797,513,-1.65
0.7504520416259766,514,0.0
0.7518620491027832,515,-0.12890625
0.7533679008483887,516,-0.2578125
0.7549328804016113,517,-0.6187499999999999
0.7563998699188232,518,-0.322265625
0.7579030990600586,519,-0.0515625
0.7592449188232422,520,0.0
0.7606430053710938,521,-0.0515625
0.7631580829620361,522,-0.21914062499999998
0.7650339603424072,523,-0.580078125
0.766495943069458,524,-1.65
0.7683980464935303,525,-0.18046874999999998
0.7702889442443848,526,-0.270703125
0.7716550827026367,527,-0.4125
0.7728619575500488,528,-0.476953125
0.7740268707275391,529,-0.33515625
0.7751560211181641,530,0.012890625
0.7762908935546875,531,-0.0515625
0.7774360179901123,532,-0.167578125
0.7785539627075195,533,-0.37382812499999996
0.7796719074249268,534,-0.6832031249999999
0.7809569835662842,535,-0.9152343749999999
0.7825610637664795,536,-1.546875
0.7840330600738525,537,-0.02578125
0.7856659889221191,538,-0.37382812499999996
0.7871658802032471,539,-0.30937499999999996
0.7885429859161377,540,-0.322265625
0.7900729179382324,541,-0.4125
0.7920539379119873,542,-0.15468749999999998
0.7943329811096191,543,0.0
0.7957949638366699,544,-0.2578125
0.797976016998291,545,-0.515625
0.799933910369873,546,-1.224609375
0.8013949394226074,547,-0.07734374999999999
0.8026580810546875,548,-0.33515625
0.8038320541381836,549,-0.322265625
0.8049600124359131,550,-0.2578125
0.8061130046844482,551,-0.42539062499999997
0.8072519302368164,552,-0.33515625
0.8083839416503906,553,-0.012890625
0.8094949722290039,554,-0.02578125
0.8106019496917725,555,-0.12890625
0.8118140697479248,556,-0.36093749999999997
0.8136539459228516,557,-0.64453125
0.8151509761810303,558,-1.00546875
0.8167428970336914,559,-1.3148437499999999
0.8181829452514648,560,-0.15468749999999998
0.8195478916168213,561,-0.38671875
0.820904016494751,562,-0.43828124999999996
0.8238198757171631,563,-0.2578125
0.8257889747619629,564,-0.270703125
0.8271949291229248,565,-0.064453125
0.8290081024169922,566,-0.21914062499999998
0.8309950828552246,567,-0.5285156249999999
0.8324289321899414,568,-1.327734375
0.8348550796508789,569,-0.2578125
0.8360390663146973,570,-0.502734375
0.8371720314025879,571,-0.7734375
0.8383510112762451,572,-0.54140625
0.8394699096679688,573,-0.476953125
0.840580940246582,574,-0.322265625
0.8417890071868896,575,0.0
0.8454179763793945,576,-0.02578125
0.8470289707183838,577,-0.29648437499999997
0.8485589027404785,578,-0.9796874999999999
0.8499739170074463,579,-1.65
0.8512818813323975,580,-0.21914062499999998
0.8542599678039551,581,-0.2578125
0.8560118675231934,582,-0.36093749999999997
0.8575539588928223,583,-0.12890625
0.8590259552001953,584,0.0
0.8610038757324219,585,-0.064453125
0.8629179000854492,586,-0.24492187499999998
0.8643820285797119,587,-0.554296875
0.8655989170074463,588,-1.4308593749999998
0.8667550086975098,589,0.0
0.8678779602050781,590,-0.2578125
0.8689920902252197,591,-0.37382812499999996
0.8701550960540771,592,-0.399609375
0.8712749481201172,593,-0.37382812499999996
0.8725910186767578,594,-0.322265625
0.8740360736846924,595,-0.29648437499999997
0.8754699230194092,596,0.0
0.8771638870239258,597,-0.0515625
0.8787438869476318,598,-0.167578125
0.8802499771118164,599,-0.502734375
0.881788969039917,600,-1.069921875
0.8844139575958252,601,-1.65
0.8861100673675537,602,-0.20625
0.8877830505371094,603,-0.36093749999999997
0.8899939060211182,604,-0.141796875
0.8913519382476807,605,0.24492187499999998
0.8926420211791992,606,-0.012890625
0.8938660621643066,607,-0.12890625
0.8950049877166748,608,-0.322265625
0.8964118957519531,609,-0.6574218749999999
0.897568941116333,610,-0.928125
0.8986890316009521,611,-1.5597656249999998
0.8998169898986816,612,0.0
0.9009110927581787,613,-0.193359375
0.9020168781280518,614,-0.33515625
0.9033589363098145,615,-0.29648437499999997
0.9048469066619873,616,-0.116015625
0.9063119888305664,617,-0.2578125
0.9079959392547607,618,-0.02578125
0.9095559120178223,619,-0.012890625
0.9110620021820068,620,-0.09023437499999999
0.9127180576324463,621,-0.399609375
0.9153358936309814,622,-0.631640625
0.9172909259796143,623,-1.65
0.9191389083862305,624,-0.322265625
0.921151876449585,625,-0.322265625
0.9225239753723145,626,-0.322265625
0.9237320423126221,627,-0.18046874999999998
0.9248969554901123,628,-0.012890625
0.9260270595550537,629,-0.0515625
0.9271528720855713,630,-0.15468749999999998
0.928292989730835,631,-0.322265625
0.9294359683990479,632,-0.64453125
0.9305438995361328,633,-0.837890625
0.9316520690917969,634,-1.4437499999999999
0.9327878952026367,635,-0.2578125
0.9340438842773438,636,-0.167578125
0.9354879856109619,637,-0.37382812499999996
0.9370360374450684,638,-0.2578125
0.9386649131774902,639,-0.33515625
0.9401938915252686,640,-0.42539062499999997
0.9417729377746582,641,-0.116015625
0.9436988830566406,642,-0.012890625
0.9462780952453613,643,-0.193359375
0.9477789402008057,644,-0.515625
0.9497880935668945,645,-1.456640625
0.95169997215271,646,-0.038671874999999994
0.953118085861206,647,-0.322265625
0.9543089866638184,648,-0.399609375
0.9554479122161865,649,-0.37382812499999996
0.9566059112548828,650,-0.399609375
0.957798957824707,651,-0.21914062499999998
0.9589569568634033,652,-0.012890625
0.9600698947906494,653,-0.12890625
0.9612140655517578,654,-0.2578125
0.9623210430145264,655,-0.54140625
