time,count,voltage
0.005632877349853516,1,-1.65
0.007174015045166016,2,-0.02578125
0.008623838424682617,3,-0.012890625
0.009984016418457031,4,-0.20625
0.011404991149902344,5,-0.30937499999999996
0.013174057006835938,6,-0.270703125
0.014976978302001953,7,0.0
0.016670942306518555,8,-0.012890625
0.018277883529663086,9,-0.20625
0.019960880279541016,10,-0.116015625
0.021539926528930664,11,-1.0828125
0.02309393882751465,12,-0.20625
0.02450704574584961,13,-0.12890625
0.0258638858795166,14,-0.24492187499999998
0.027248859405517578,15,-0.0515625
0.02886486053466797,16,-0.4125
0.030691862106323242,17,-0.167578125
0.03245687484741211,18,0.0
0.034240007400512695,19,-0.012890625
0.036090850830078125,20,-0.116015625
0.03783702850341797,21,-0.825
0.03947782516479492,22,-1.65
0.04113888740539551,23,0.0
0.042788028717041016,24,-0.193359375
0.04537487030029297,25,-0.12890625
0.047955989837646484,26,-0.15468749999999998
0.0496220588684082,27,-0.012890625
0.05158686637878418,28,-0.116015625
0.05391287803649902,29,-0.064453125
0.05589103698730469,30,-1.16015625
0.0574040412902832,31,0.0
0.05879402160644531,32,-0.116015625
0.06016182899475098,33,-0.103125
0.06155586242675781,34,-0.270703125
0.06304693222045898,35,-0.23203125
0.06440901756286621,36,0.0
0.06573987007141113,37,-0.012890625
0.06706404685974121,38,-0.02578125
0.06845402717590332,39,-0.12890625
0.06983494758605957,40,-0.322265625
0.07144784927368164,41,-1.16015625
0.07298684120178223,42,-0.7476562499999999
0.0744619369506836,43,-0.0515625
0.07613396644592285,44,-0.2578125
0.0784158706665039,45,-0.02578125
0.08019304275512695,46,-0.116015625
0.08206892013549805,47,-0.012890625
0.08409690856933594,48,-0.012890625
0.08571791648864746,49,-0.0515625
0.0875709056854248,50,-0.64453125
0.08995294570922852,51,-1.4437499999999999
0.09145402908325195,52,-0.20625
0.09307098388671875,53,-0.270703125
0.0950019359588623,54,-0.0515625
0.09696197509765625,55,-0.012890625
0.09833288192749023,56,0.0
0.09952688217163086,57,-0.02578125
0.10067987442016602,58,-0.167578125
0.10183596611022949,59,-0.20625
0.10297489166259766,60,-0.4125
0.10422396659851074,61,-1.147265625
0.10565805435180664,62,-1.65
0.10710287094116211,63,-0.0515625
0.10878205299377441,64,0.0
0.11033797264099121,65,-0.116015625
0.11177492141723633,66,-0.193359375
0.11332583427429199,67,-0.103125
0.11505484580993652,68,0.012890625
0.11776494979858398,69,-0.012890625
0.11934304237365723,70,-0.09023437499999999
0.12099289894104004,71,-0.7863281249999999
0.12295985221862793,72,-1.6242187499999998
0.12470102310180664,73,-0.12890625
0.12596583366394043,74,-0.2578125
0.1271359920501709,75,-0.0515625
0.1282520294189453,76,-0.42539062499999997
0.12936687469482422,77,-0.36093749999999997
0.1304929256439209,78,0.0
0.1315920352935791,79,0.012890625
0.13275885581970215,80,-0.02578125
0.13385796546936035,81,-0.09023437499999999
0.13505196571350098,82,-0.193359375
0.13650298118591309,83,-0.37382812499999996
0.13797283172607422,84,-1.16015625
0.139631986618042,85,-0.02578125
0.14116191864013672,86,-0.012890625
0.14258503913879395,87,-0.20625
0.14399194717407227,88,-0.12890625
0.14556288719177246,89,-0.4125
0.1480569839477539,90,-0.23203125
0.1497359275817871,91,-0.012890625
0.15119290351867676,92,-0.167578125
0.15330290794372559,93,-0.0515625
0.1550278663635254,94,-1.00546875
0.15645790100097656,95,0.0
0.15767192840576172,96,-0.167578125
0.1587998867034912,97,-0.20625
0.15991687774658203,98,-0.09023437499999999
0.16102385520935059,99,-0.30937499999999996
0.16211986541748047,100,-0.37382812499999996
0.1633749008178711,101,-0.2578125
0.16449499130249023,102,0.0
0.16576886177062988,103,-0.012890625
0.16718006134033203,104,-0.0515625
0.16869091987609863,105,-0.167578125
0.1705620288848877,106,-0.43828124999999996
0.17225289344787598,107,-1.4437499999999999
0.1739509105682373,108,0.0
0.17532896995544434,109,-0.02578125
0.17754387855529785,110,-0.167578125
0.179671049118042,111,-0.23203125
0.18111491203308105,112,0.0
0.1835188865661621,113,-0.012890625
0.18538784980773926,114,-0.09023437499999999
0.1867058277130127,115,-0.37382812499999996
0.1879580020904541,116,-1.2503906249999999
0.18912982940673828,117,-0.09023437499999999
0.19027996063232422,118,0.0
0.19137883186340332,119,0.0
0.19249486923217773,120,-0.28359375
0.19359683990478516,121,-0.064453125
0.19469785690307617,122,-0.4640625
0.19595599174499512,123,-0.43828124999999996
0.19744491577148438,124,-0.0515625
0.1989428997039795,125,0.012890625
0.2005138397216797,126,-0.012890625
0.20200085639953613,127,-0.193359375
0.20358896255493164,128,-0.37382812499999996
0.20511293411254883,129,-1.2503906249999999
0.20691800117492676,130,0.0
0.20929884910583496,131,-0.12890625
0.2108628749847412,132,-0.30937499999999996
0.21248388290405273,133,-0.4125
0.21472787857055664,134,-0.167578125
0.21631884574890137,135,0.0
0.21756196022033691,136,-0.141796875
0.21871590614318848,137,-0.116015625
0.2198948860168457,138,-0.6187499999999999
0.2210249900817871,139,-1.2890625
0.22215986251831055,140,-0.4125
0.22334885597229004,141,0.0
0.2244558334350586,142,-0.103125
0.22555804252624512,143,-0.270703125
0.22674083709716797,144,-0.012890625
0.22817301750183105,145,-0.29648437499999997
0.22970986366271973,146,-0.270703125
0.2313389778137207,147,0.012890625
0.23298001289367676,148,0.0
0.23441505432128906,149,-0.12890625
0.23590397834777832,150,-0.0515625
0.23802900314331055,151,-0.7863281249999999
0.24025893211364746,152,-1.5597656249999998
0.24175596237182617,153,-0.2578125
0.24344491958618164,154,-0.167578125
0.24574899673461914,155,-0.2578125
0.24719786643981934,156,0.15468749999999998
0.24845194816589355,157,0.0
0.24958395957946777,158,-0.02578125
0.2506978511810303,159,-0.167578125
0.2518489360809326,160,-0.15468749999999998
0.2529900074005127,161,-0.42539062499999997
0.2541229724884033,162,-1.147265625
0.2552309036254883,163,-1.65
0.25632500648498535,164,0.0
0.25751686096191406,165,-0.167578125
0.25893402099609375,166,-0.20625
0.2605018615722656,167,-0.02578125
0.26214599609375,168,-0.322265625
0.2638230323791504,169,-0.103125
0.2652308940887451,170,0.02578125
0.2667520046234131,171,-0.012890625
0.2690088748931885,172,-0.21914062499999998
0.2712419033050537,173,-0.15468749999999998
0.2727229595184326,174,-1.340625
0.27431583404541016,175,-0.07734374999999999
0.27649593353271484,176,-0.116015625
0.27806687355041504,177,-0.02578125
0.27933597564697266,178,-0.02578125
0.280487060546875,179,0.038671874999999994
0.28160905838012695,180,0.0
0.2827329635620117,181,-0.012890625
0.283876895904541,182,-0.12890625
0.28498291969299316,183,-0.20625
0.2861049175262451,184,-0.36093749999999997
0.2872028350830078,185,-1.0828125
0.2884559631347656,186,-1.6371093749999999
0.28986501693725586,187,0.0
0.2913799285888672,188,-0.15468749999999998
0.29305005073547363,189,-0.24492187499999998
0.29461002349853516,190,-0.0515625
0.2960829734802246,191,-0.12890625
0.29748988151550293,192,0.038671874999999994
0.29921603202819824,193,0.0
0.3017909526824951,194,-0.012890625
0.30330705642700195,195,-0.15468749999999998
0.3048398494720459,196,-1.1214843749999999
0.3068349361419678,197,-0.167578125
0.3085329532623291,198,-0.02578125
0.3098759651184082,199,-0.20625
0.3110368251800537,200,-0.4125
0.3121769428253174,201,-0.4640625
0.31341004371643066,202,-0.270703125
0.3145480155944824,203,0.012890625
0.31564998626708984,204,-0.012890625
0.3167898654937744,205,-0.038671874999999994
0.31789588928222656,206,-0.167578125
0.3190739154815674,207,-0.103125
0.32048797607421875,208,-0.7863281249999999
0.32195305824279785,209,-1.4953124999999998
0.3236238956451416,210,-0.02578125
0.3252110481262207,211,-0.2578125
0.3266630172729492,212,-0.15468749999999998
0.32817888259887695,213,-0.348046875
0.3299698829650879,214,-0.23203125
0.33256101608276367,215,0.0
0.3341069221496582,216,-0.012890625
0.33567285537719727,217,-0.038671874999999994
0.33766698837280273,218,-0.580078125
0.3392808437347412,219,-1.5726562499999999
0.3405630588531494,220,0.0
0.34177684783935547,221,-0.20625
0.3435189723968506,222,-0.15468749999999998
0.3447439670562744,223,-0.24492187499999998
0.34587883949279785,224,-0.2578125
0.34702301025390625,225,-0.064453125
0.34813904762268066,226,0.012890625
0.34938883781433105,227,-0.012890625
0.35083699226379395,228,-0.116015625
0.35228490829467773,229,-0.15468749999999998
0.3539278507232666,230,-0.631640625
0.3555409908294678,231,-1.4953124999999998
0.35703206062316895,232,-0.02578125
0.3585059642791748,233,0.0
0.36063289642333984,234,-0.20625
0.3628358840942383,235,-0.2578125
0.3643519878387451,236,0.322265625
0.366008996963501,237,-0.012890625
0.36797189712524414,238,-0.02578125
0.36948299407958984,239,-0.064453125
0.3707108497619629,240,-0.889453125
0.3719358444213867,241,-1.611328125
0.37311387062072754,242,-0.064453125
0.3742659091949463,243,-0.012890625
0.3754079341888428,244,-0.167578125
0.3765120506286621,245,-0.18046874999999998
0.37761402130126953,246,-0.348046875
0.37874698638916016,247,-0.43828124999999996
0.38006091117858887,248,-0.29648437499999997
0.38158392906188965,249,0.012890625
0.3831329345703125,250,-0.012890625
0.3846778869628906,251,-0.15468749999999998
0.3861570358276367,252,-0.103125
0.3876209259033203,253,-0.9152343749999999
0.389085054397583,254,-1.65
0.39085888862609863,255,-0.012890625
0.3934500217437744,256,0.0
0.39498400688171387,257,-0.30937499999999996
0.39676690101623535,258,-0.116015625
0.39885997772216797,259,0.012890625
0.4003620147705078,260,-0.012890625
0.40158700942993164,261,-0.103125
0.40276098251342773,262,-0.23203125
0.40395689010620117,263,-1.018359375
0.4051058292388916,264,-1.6371093749999999
0.4062678813934326,265,0.0
0.40738391876220703,266,-0.103125
0.4084789752960205,267,-0.09023437499999999
0.4095759391784668,268,-0.15468749999999998
0.410768985748291,269,-0.0515625
0.4122040271759033,270,-0.29648437499999997
0.41391801834106445,271,-0.12890625
0.41546201705932617,272,0.0
0.41692495346069336,273,0.0
0.41829991340637207,274,-0.18046874999999998
0.4197239875793457,275,-0.23203125
0.4215860366821289,276,-1.0828125
0.42404794692993164,277,-0.8765624999999999
0.42562103271484375,278,0.0
0.4270918369293213,279,-0.116015625
0.42931199073791504,280,-0.2578125
0.4309978485107422,281,0.116015625
0.4322669506072998,282,0.0
0.43349599838256836,283,-0.02578125
0.4346299171447754,284,-0.21914062499999998
0.4357929229736328,285,-0.0515625
0.43691396713256836,286,-0.837890625
0.4380300045013428,287,-1.46953125
0.4391319751739502,288,-0.02578125
0.44026684761047363,289,-0.0515625
0.4414548873901367,290,0.012890625
0.4428539276123047,291,-0.270703125
0.44434094429016113,292,-0.0515625
0.4459409713745117,293,-0.23203125
0.4475219249725342,294,0.02578125
0.44895291328430176,295,0.0
0.45029282569885254,296,-0.012890625
0.4520289897918701,297,-0.20625
0.45479702949523926,298,-0.21914062499999998
0.45638394355773926,299,0.0
0.45792293548583984,300,-0.15468749999999998
0.4599490165710449,301,-0.23203125
0.46170902252197266,302,-0.064453125
0.4630730152130127,303,0.07734374999999999
0.46425390243530273,304,0.012890625
0.465378999710083,305,0.0
0.46647191047668457,306,-0.012890625
0.4675760269165039,307,-0.20625
0.4687058925628662,308,-0.167578125
0.4698350429534912,309,-0.64453125
0.4709339141845703,310,-1.2890625
0.472153902053833,311,-0.515625
0.47365403175354004,312,-0.012890625
0.4751620292663574,313,-0.103125
0.4771709442138672,314,-0.167578125
0.4787938594818115,315,-0.37382812499999996
0.480180025100708,316,0.038671874999999994
0.48152995109558105,317,0.012890625
0.48302197456359863,318,-0.012890625
0.4858579635620117,319,-0.103125
0.4875049591064453,320,-0.4125
0.4890148639678955,321,-1.5597656249999998
0.4909799098968506,322,-0.0515625
0.4928309917449951,323,-0.064453125
0.49416089057922363,324,-0.12890625
0.49533605575561523,325,-0.2578125
0.4964640140533447,326,-0.167578125
0.4975709915161133,327,0.012890625
0.49866485595703125,328,-0.012890625
0.49979090690612793,329,-0.02578125
0.5009028911590576,330,-0.20625
0.5020749568939209,331,-0.116015625
0.5035879611968994,332,-0.631640625
0.505079984664917,333,-1.3921875
0.5066390037536621,334,0.0
0.5083119869232178,335,-0.103125
0.5097758769989014,336,-0.167578125
0.5112228393554688,337,-0.064453125
0.5131180286407471,338,-0.103125
0.5155088901519775,339,0.07734374999999999
0.5170478820800781,340,-0.012890625
0.5187199115753174,341,-0.167578125
0.5207698345184326,342,-0.30937499999999996
0.5222699642181396,343,-1.456640625
0.5236029624938965,344,-0.02578125
0.5248329639434814,345,0.0
0.5259568691253662,346,-0.29648437499999997
0.5270750522613525,347,-0.038671874999999994
0.5281789302825928,348,-0.43828124999999996
0.5292840003967285,349,-0.37382812499999996
0.5304069519042969,350,-0.012890625
0.5315179824829102,351,-0.012890625
0.5327270030975342,352,-0.012890625
0.5341620445251465,353,-0.116015625
0.5356268882751465,354,-0.18046874999999998
0.5372178554534912,355,-0.64453125
0.5387158393859863,356,-1.4953124999999998
0.5401928424835205,357,-0.02578125
0.5416028499603271,358,-0.103125
0.5434489250183105,359,-0.20625
0.5458879470825195,360,-0.012890625
0.5475330352783203,361,0.399609375
0.5491428375244141,362,0.0
0.5511329174041748,363,-0.012890625
0.5527918338775635,364,-0.103125
0.554041862487793,365,-0.863671875
0.5551860332489014,366,-1.6371093749999999
0.5563979148864746,367,-0.0515625
0.5575158596038818,368,-0.167578125
0.5586450099945068,369,-0.167578125
0.559736967086792,370,-0.07734374999999999
0.5608398914337158,371,-0.322265625
0.5619280338287354,372,-0.4640625
0.5631108283996582,373,-0.322265625
0.5646069049835205,374,0.0
0.5661180019378662,375,-0.012890625
0.5677700042724609,376,-0.07734374999999999
0.5692830085754395,377,-0.116015625
0.5706968307495117,378,-0.8121093749999999
0.5721800327301025,379,-1.585546875
0.5740900039672852,380,-0.02578125
0.5768208503723145,381,0.0
0.5783300399780273,382,-0.322265625
0.5799129009246826,383,-0.12890625
0.5820598602294922,384,0.012890625
0.5836968421936035,385,-0.02578125
0.5849559307098389,386,-0.12890625
0.5861029624938965,387,-0.270703125
0.5872230529785156,388,-1.044140625
0.588407039642334,389,-1.611328125
0.5895159244537354,390,-0.012890625
0.590641975402832,391,-0.012890625
0.5917379856109619,392,-0.15468749999999998
0.5929088592529297,393,-0.12890625
0.5941059589385986,394,-0.0515625
0.5955829620361328,395,-0.30937499999999996
0.5971169471740723,396,-0.15468749999999998
0.5987138748168945,397,-0.012890625
0.6001789569854736,398,-0.02578125
0.6016089916229248,399,-0.193359375
0.6031289100646973,400,-0.167578125
0.6052110195159912,401,-1.0828125
0.6075830459594727,402,-0.0515625
0.609065055847168,403,-0.116015625
0.6106388568878174,404,-0.012890625
0.6128828525543213,405,-0.37382812499999996
0.6144349575042725,406,0.103125
0.6156740188598633,407,0.0
0.616797924041748,408,-0.038671874999999994
0.6179180145263672,409,-0.2578125
0.6190218925476074,410,-0.12890625
0.6201279163360596,411,-0.7863281249999999
0.6212918758392334,412,-1.4437499999999999
0.6224758625030518,413,-0.0515625
0.6235909461975098,414,-0.038671874999999994
0.6247918605804443,415,0.0
0.6261880397796631,416,-0.2578125
0.6276669502258301,417,-0.15468749999999998
0.6305749416351318,418,-0.270703125
0.6321609020233154,419,0.038671874999999994
0.6336820125579834,420,0.012890625
0.6356489658355713,421,-0.20625
0.6380620002746582,422,-0.29648437499999997
0.6395769119262695,423,-0.554296875
0.6411309242248535,424,-0.167578125
0.6432309150695801,425,-0.12890625
0.6449918746948242,426,-0.064453125
0.6463239192962646,427,0.07734374999999999
0.6474969387054443,428,0.0
0.6486349105834961,429,-0.012890625
0.6497359275817871,430,0.0
0.6508378982543945,431,-0.167578125
0.6519639492034912,432,-0.167578125
0.6530959606170654,433,-0.605859375
0.6542308330535889,434,-1.2503906249999999
0.6554348468780518,435,-0.7863281249999999
0.6568539142608643,436,-0.02578125
0.6583108901977539,437,-0.193359375
0.6598508358001709,438,-0.20625
0.6614480018615723,439,-0.07734374999999999
0.6630728244781494,440,-0.07734374999999999
0.6651690006256104,441,0.0
0.6672608852386475,442,-0.012890625
0.6695449352264404,443,-0.167578125
0.6710338592529297,444,-0.8765624999999999
0.6728339195251465,445,-1.65
0.6748080253601074,446,-0.064453125
0.6762049198150635,447,-0.24492187499999998
0.6774568557739258,448,-0.15468749999999998
0.6786210536956787,449,-0.30937499999999996
0.6797950267791748,450,-0.20625
0.6809039115905762,451,0.012890625
0.6819989681243896,452,0.0
0.6831040382385254,453,-0.012890625
0.684229850769043,454,-0.23203125
0.6857190132141113,455,-0.141796875
0.6872420310974121,456,-0.6574218749999999
0.6886930465698242,457,-1.546875
0.6902709007263184,458,-0.038671874999999994
0.6918208599090576,459,-0.0515625
0.6933789253234863,460,-0.12890625
0.6948380470275879,461,-0.322265625
0.6969449520111084,462,-0.20625
0.6991069316864014,463,0.0
0.7006449699401855,464,-0.012890625
0.702462911605835,465,-0.167578125
0.7044849395751953,466,-0.515625
0.7059359550476074,467,-1.65
0.7071309089660645,468,-0.02578125
0.7083678245544434,469,-0.012890625
0.7095010280609131,470,-0.2578125
0.7106330394744873,471,-0.064453125
0.7117509841918945,472,-0.322265625
0.7129459381103516,473,-0.2578125
0.7140848636627197,474,0.0
0.7151858806610107,475,0.0
0.7164158821105957,476,0.0
0.7178628444671631,477,-0.20625
0.7193360328674316,478,-0.167578125
0.720890998840332,479,-0.8765624999999999
0.7224750518798828,480,-1.65
0.7239639759063721,481,-0.0515625
0.7254819869995117,482,-0.064453125
0.7275600433349609,483,-0.0515625
0.7299149036407471,484,-0.21914062499999998
0.7314939498901367,485,0.0
0.7332708835601807,486,-0.012890625
0.7353739738464355,487,-0.12890625
0.7368059158325195,488,-0.33515625
0.7379889488220215,489,-1.2890625
0.739124059677124,490,-0.064453125
0.7403140068054199,491,-0.064453125
0.7414610385894775,492,-0.0515625
0.7425918579101562,493,-0.23203125
0.7437200546264648,494,-0.012890625
0.7448320388793945,495,-0.43828124999999996
0.7459349632263184,496,-0.399609375
0.7471559047698975,497,-0.012890625
0.7486400604248047,498,-0.012890625
0.7501480579376221,499,-0.012890625
0.751694917678833,500,-0.167578125
0.753201961517334,501,-0.20625
0.7545888423919678,502,-1.134375
0.7560830116271973,503,-0.0515625
0.7578270435333252,504,-0.09023437499999999
0.7603509426116943,505,-0.18046874999999998
0.7619550228118896,506,-0.322265625
0.7634589672088623,507,-0.012890625
0.7655308246612549,508,0.012890625
0.7673039436340332,509,-0.02578125
0.768604040145874,510,-0.103125
0.7697758674621582,511,-0.4640625
0.7709009647369385,512,-1.198828125
0.7720530033111572,513,-1.5597656249999998
0.7732479572296143,514,-0.012890625
0.7743899822235107,515,-0.167578125
0.7754960060119629,516,-0.30937499999999996
0.7766249179840088,517,-0.0515625
0.7778258323669434,518,-0.270703125
0.7792448997497559,519,-0.322265625
0.7807989120483398,520,-0.064453125
0.7824299335479736,521,0.0
0.7842788696289062,522,-0.012890625
0.7857179641723633,523,-0.12890625
0.7870850563049316,524,-0.734765625
0.7892680168151855,525,-1.5082031249999999
0.7915120124816895,526,0.0
0.7931149005889893,527,-0.2578125
0.7948429584503174,528,-0.20625
0.7969648838043213,529,-0.167578125
0.7984650135040283,530,0.0
0.7996468544006348,531,0.0
0.8007588386535645,532,-0.20625
0.8018670082092285,533,-0.20625
0.8029930591583252,534,-0.54140625
0.8041019439697266,535,-1.224609375
0.8052289485931396,536,-1.65
0.8063440322875977,537,-0.038671874999999994
0.8074698448181152,538,-0.141796875
0.8086519241333008,539,-0.12890625
0.810060977935791,540,-0.103125
0.8115768432617188,541,-0.33515625
0.8132798671722412,542,-0.24492187499999998
0.8148970603942871,543,0.012890625
0.816274881362915,544,-0.012890625
0.8176770210266113,545,-0.12890625
0.8193919658660889,546,-0.12890625
0.8220570087432861,547,-0.7476562499999999
0.8237378597259521,548,-0.09023437499999999
0.8252899646759033,549,-0.02578125
0.8272700309753418,550,-0.20625
0.8290648460388184,551,-0.20625
0.8304009437561035,552,0.141796875
0.8315699100494385,553,0.0
0.8327088356018066,554,-0.02578125
0.8338170051574707,555,-0.15468749999999998
0.8349239826202393,556,-0.15468749999999998
0.8360610008239746,557,-0.33515625
0.8371849060058594,558,-1.069921875
0.8383159637451172,559,-1.6371093749999999
0.8395519256591797,560,0.0
0.8409938812255859,561,-0.15468749999999998
0.8425369262695312,562,-0.193359375
0.8442020416259766,563,-0.116015625
0.8457870483398438,564,-0.322265625
0.8471848964691162,565,-0.012890625
0.848599910736084,566,0.012890625
0.8502259254455566,567,-0.0515625
0.8528969287872314,568,-0.20625
0.8545629978179932,569,-0.6187499999999999
0.8561358451843262,570,-0.322265625
0.8581368923187256,571,-0.07734374999999999
0.8597819805145264,572,-0.2578125
0.8610589504241943,573,-0.193359375
0.8622498512268066,574,-0.20625
0.863494873046875,575,-0.103125
0.8646090030670166,576,0.012890625
0.8657259941101074,577,-0.012890625
0.8668138980865479,578,-0.0515625
0.8679559230804443,579,-0.270703125
0.869053840637207,580,-0.103125
0.8702640533447266,581,-0.8121093749999999
0.8716628551483154,582,-1.482421875
0.8731999397277832,583,-0.02578125
0.874763011932373,584,-0.18046874999999998
0.8763399124145508,585,-0.24492187499999998
0.8777999877929688,586,0.0
0.8792119026184082,587,-0.193359375
0.8808979988098145,588,0.0515625
0.8838448524475098,589,-0.012890625
0.8854110240936279,590,-0.12890625
0.8870139122009277,591,-0.451171875
0.8890869617462158,592,-1.3019531249999998
0.8905830383300781,593,-0.09023437499999999
0.8918688297271729,594,-0.012890625
0.8930299282073975,595,-0.103125
0.8941738605499268,596,-0.23203125
0.89528489112854,597,-0.37382812499999996
0.8963890075683594,598,-0.2578125
0.8974790573120117,599,0.0
0.898561954498291,600,-0.012890625
0.899651050567627,601,0.0
0.9008920192718506,602,-0.193359375
0.9024059772491455,603,-0.193359375
0.90395188331604,604,-0.734765625
0.905505895614624,605,-1.5597656249999998
0.907006025314331,606,-0.038671874999999994
0.9084408283233643,607,0.0
0.9099938869476318,608,-0.193359375
0.9118258953094482,609,-0.37382812499999996
0.914268970489502,610,-0.322265625
0.915802001953125,611,0.0
0.9173810482025146,612,-0.0515625
0.9195199012756348,613,-0.116015625
0.921097993850708,614,-0.760546875
0.9224100112915039,615,-1.405078125
0.9236078262329102,616,0.0
0.9247570037841797,617,0.0
0.9258928298950195,618,-0.193359375
0.9270029067993164,619,-0.07734374999999999
0.9281079769134521,620,-0.4125
0.9291989803314209,621,-0.399609375
0.9302868843078613,622,-0.02578125
0.9315290451049805,623,0.0
0.9330329895019531,624,-0.012890625
0.934553861618042,625,-0.15468749999999998
0.9361839294433594,626,-0.02578125
0.9376938343048096,627,-0.837890625
0.9391419887542725,628,-1.65
0.940788984298706,629,-0.09023437499999999
0.9426159858703613,630,-0.193359375
0.9442019462585449,631,-0.116015625
0.9457080364227295,632,-0.2578125
0.9472808837890625,633,-0.02578125
0.9492158889770508,634,-0.012890625
0.9517500400543213,635,-0.012890625
0.9532749652862549,636,-0.103125
0.9548659324645996,637,-1.147265625
0.9569568634033203,638,0.0
0.9590458869934082,639,-0.103125
0.9605598449707031,640,-0.116015625
0.9619410037994385,641,-0.4125
0.9635009765625,642,-0.193359375
0.9650568962097168,643,0.012890625
0.9666390419006348,644,0.0
0.968224048614502,645,-0.23203125
0.9696049690246582,646,-0.193359375
0.970970869064331,647,-1.018359375
0.972930908203125,648,-1.65
0.9753398895263672,649,-0.0515625
0.9768869876861572,650,-0.18046874999999998
0.978410005569458,651,-0.2578125
0.9805560111999512,652,-0.193359375
0.9823698997497559,653,0.0
0.9836678504943848,654,-0.012890625
0.9848709106445312,655,-0.193359375
0.9860038757324219,656,-0.2578125
0.9871070384979248,657,-0.992578125
0.9882159233093262,658,-1.5984375
0.9893519878387451,659,0.012890625
0.9904458522796631,660,-0.064453125
0.991541862487793,661,-0.0515625
0.9929590225219727,662,-0.20625
0.9944438934326172,663,-0.20625
0.9958839416503906,664,-0.21914062499999998
0.9974949359893799,665,0.038671874999999994
0.9989910125732422,666,0.0
