time,count,voltage
0.004256010055541992,1,-0.43828124999999996
0.0055599212646484375,2,-0.966796875
0.0067310333251953125,3,-1.65
0.007846832275390625,4,0.0
0.0089569091796875,5,-0.012890625
0.010058879852294922,6,-0.038671874999999994
0.01116490364074707,7,-0.5285156249999999
0.012457847595214844,8,-0.21914062499999998
0.014037847518920898,9,-0.4125
0.015570878982543945,10,-0.064453125
0.016995906829833984,11,-0.012890625
0.018390893936157227,12,-0.02578125
0.01961684226989746,13,-0.33515625
0.020772933959960938,14,-0.5671875
0.021908998489379883,15,-1.0828125
0.023025989532470703,16,-1.65
0.024163007736206055,17,0.0
0.02526402473449707,18,-0.012890625
0.026376008987426758,19,-0.15468749999999998
0.027618885040283203,20,-0.399609375
0.029067039489746094,21,-0.502734375
0.030529022216796875,22,-0.4125
0.03213691711425781,23,-0.09023437499999999
0.03365302085876465,24,0.012890625
0.03506898880004883,25,-0.02578125
0.03643393516540527,26,-0.322265625
0.03786897659301758,27,-0.605859375
0.03975200653076172,28,-1.2503906249999999
0.042311906814575195,29,0.0
0.04394888877868652,30,-0.15468749999999998
0.04536700248718262,31,-0.631640625
0.04723691940307617,32,-0.33515625
0.049115896224975586,33,-0.012890625
0.050453901290893555,34,0.0
0.051622867584228516,35,0.0
0.052763938903808594,36,-0.33515625
0.0539858341217041,37,-0.631640625
0.05512690544128418,38,-1.044140625
0.05623793601989746,39,-1.65
0.05736088752746582,40,0.0
0.05846095085144043,41,-0.116015625
0.05956387519836426,42,-0.07734374999999999
0.06067991256713867,43,-0.28359375
0.06179189682006836,44,-0.5671875
0.06289482116699219,45,-0.4125
0.06401801109313965,46,-0.4125
0.06514382362365723,47,-0.193359375
0.06624484062194824,48,0.0
0.06733298301696777,49,-0.012890625
0.06843304634094238,50,-0.012890625
0.06952595710754395,51,-0.37382812499999996
0.07081890106201172,52,-0.631640625
0.07213497161865234,53,-1.0828125
0.07329893112182617,54,-1.65
0.07448482513427734,55,0.012890625
0.07570481300354004,56,-0.09023437499999999
0.07696390151977539,57,-0.103125
0.07842493057250977,58,-0.48984374999999997
0.07988500595092773,59,-0.20625
0.08155298233032227,60,-0.116015625
0.08310890197753906,61,0.0
0.08467793464660645,62,-0.02578125
0.08639693260192871,63,-0.12890625
0.08881902694702148,64,-0.5285156249999999
0.09028983116149902,65,-1.5726562499999999
0.09202885627746582,66,0.0
0.09402203559875488,67,-0.20625
0.09536600112915039,68,-0.4125
0.09653687477111816,69,-0.30937499999999996
0.09766697883605957,70,-0.20625
0.09877395629882812,71,0.012890625
0.0998849868774414,72,0.012890625
0.10100889205932617,73,-0.012890625
0.10211300849914551,74,-0.103125
0.10320401191711426,75,-0.515625
0.10442399978637695,76,-0.6187499999999999
0.10564994812011719,77,-1.26328125
0.10704493522644043,78,-0.708984375
0.1085519790649414,79,0.0
0.1101078987121582,80,-0.193359375
0.11166882514953613,81,-0.43828124999999996
0.11303591728210449,82,-0.15468749999999998
0.11469483375549316,83,-0.103125
0.11723899841308594,84,0.0
0.11930584907531738,85,-0.012890625
0.12080883979797363,86,-0.4640625
0.12289094924926758,87,-0.9410156249999999
0.12464094161987305,88,0.0
0.1259298324584961,89,-0.02578125
0.1271049976348877,90,-0.18046874999999998
0.12825703620910645,91,-0.69609375
0.1293799877166748,92,-0.167578125
0.13048887252807617,93,-0.23203125
0.13158893585205078,94,-0.103125
0.13269782066345215,95,0.012890625
0.1338820457458496,96,-0.012890625
0.1350100040435791,97,-0.012890625
0.13618803024291992,98,-0.38671875
0.1375730037689209,99,-0.631640625
0.1390538215637207,100,-1.1214843749999999
0.14063596725463867,101,-1.5082031249999999
0.14229393005371094,102,0.0
0.1437828540802002,103,-0.103125
0.1452939510345459,104,-0.515625
0.14770293235778809,105,-0.4125
0.14964604377746582,106,0.012890625
0.15122389793395996,107,0.0
0.1532750129699707,108,-0.0515625
0.15486598014831543,109,-0.502734375
0.15609002113342285,110,-1.340625
0.1572558879852295,111,0.0
0.15838885307312012,112,0.0
0.1595008373260498,113,-0.21914062499999998
0.16062498092651367,114,-0.2578125
0.1617419719696045,115,-0.476953125
0.16284394264221191,116,-0.348046875
0.1639728546142578,117,-0.38671875
0.16508984565734863,118,-0.18046874999999998
0.16628289222717285,119,0.012890625
0.16764402389526367,120,-0.012890625
0.1690988540649414,121,-0.0515625
0.17066001892089844,122,-0.4640625
0.1722869873046875,123,-0.825
0.1737818717956543,124,-1.65
0.17526888847351074,125,0.0
0.17766690254211426,126,-0.167578125
0.17954087257385254,127,-0.33515625
0.18114590644836426,128,-0.29648437499999997
0.18329787254333496,129,0.012890625
0.18490099906921387,130,0.0
0.18609285354614258,131,-0.270703125
0.18723297119140625,132,-0.580078125
0.18838286399841309,133,-0.992578125
0.18952584266662598,134,-1.5984375
0.19065093994140625,135,0.0
0.191756010055542,136,0.0
0.19285988807678223,137,-0.20625
0.19399285316467285,138,-0.322265625
0.19509601593017578,139,-0.6703125
0.196274995803833,140,-0.37382812499999996
0.1976640224456787,141,-0.348046875
0.19916701316833496,142,-0.02578125
0.20074796676635742,143,-0.012890625
0.20234394073486328,144,-0.02578125
0.2037649154663086,145,-0.4640625
0.2052609920501709,146,-0.734765625
0.20766401290893555,147,-1.5726562499999999
0.20958685874938965,148,0.0
0.21115398406982422,149,-0.21914062499999998
0.21328091621398926,150,-0.476953125
0.2149200439453125,151,-0.270703125
0.21614289283752441,152,0.0
0.21728992462158203,153,0.0
0.21841883659362793,154,-0.012890625
0.21952486038208008,155,-0.399609375
0.22064995765686035,156,-0.64453125
0.2217719554901123,157,-1.0570312499999999
0.22289681434631348,158,-1.65
0.22403192520141602,159,0.0
0.22513890266418457,160,-0.02578125
0.2263050079345703,161,-0.103125
0.22769999504089355,162,-0.29648437499999997
0.2292039394378662,163,-0.5285156249999999
0.23074984550476074,164,-0.502734375
0.23239493370056152,165,-0.15468749999999998
0.23386597633361816,166,0.0
0.2353048324584961,167,-0.02578125
0.23756098747253418,168,-0.37382812499999996
0.23968982696533203,169,-0.69609375
0.24122381210327148,170,0.012890625
0.2433159351348877,171,-0.012890625
0.24506688117980957,172,-0.270703125
0.2463369369506836,173,-0.193359375
0.24749994277954102,174,-0.15468749999999998
0.24866104125976562,175,0.012890625
0.24977803230285645,176,0.012890625
0.2508869171142578,177,-0.02578125
0.2520008087158203,178,-0.064453125
0.25310802459716797,179,-0.451171875
0.25424695014953613,180,-0.631640625
0.25536394119262695,181,-1.1859374999999999
0.25656580924987793,182,-1.65
0.25794291496276855,183,0.0
0.2594749927520752,184,-0.103125
0.26108598709106445,185,-0.20625
0.26274991035461426,186,-0.29648437499999997
0.2642068862915039,187,-0.322265625
0.2656869888305664,188,0.038671874999999994
0.2680208683013916,189,0.0
0.2699718475341797,190,-0.02578125
0.2715020179748535,191,-0.42539062499999997
0.2737009525299072,192,-1.2503906249999999
0.2753000259399414,193,0.0
0.27652788162231445,194,-0.193359375
0.27770304679870605,195,-0.4640625
0.2788560390472412,196,-0.270703125
0.280059814453125,197,-0.37382812499999996
0.2811930179595947,198,-0.23203125
0.2823488712310791,199,0.0
0.28353095054626465,200,0.0
0.2846658229827881,201,-0.02578125
0.2857968807220459,202,-0.2578125
0.2869729995727539,203,-0.605859375
0.2883598804473877,204,-0.825
0.2898399829864502,205,-1.5597656249999998
0.29141998291015625,206,0.0
0.2930450439453125,207,0.0
0.29456496238708496,208,-0.21914062499999998
0.2960069179534912,209,-0.36093749999999997
0.29834890365600586,210,-0.399609375
0.3003249168395996,211,0.0
0.30185890197753906,212,-0.0515625
0.3039548397064209,213,-0.348046875
0.30557799339294434,214,-0.7218749999999999
0.3068058490753174,215,-1.65
0.3079719543457031,216,0.012890625
0.3091118335723877,217,-0.012890625
0.3102400302886963,218,-0.103125
0.31134700775146484,219,-0.5671875
0.3124508857727051,220,-0.29648437499999997
0.3135828971862793,221,-0.4125
0.3146848678588867,222,-0.28359375
0.3158118724822998,223,0.012890625
0.3169980049133301,224,-0.012890625
0.31889891624450684,225,-0.0515625
0.32036685943603516,226,-0.4125
0.3220219612121582,227,-0.734765625
0.3236520290374756,228,-1.5726562499999999
0.3252139091491699,229,0.0
0.3267810344696045,230,-0.193359375
0.3293490409851074,231,-0.4125
0.33104991912841797,232,-0.20625
0.33292198181152344,233,0.24492187499999998
0.33502697944641113,234,-0.012890625
0.3363640308380127,235,-0.23203125
0.3375580310821533,236,-0.54140625
0.3386859893798828,237,-1.10859375
0.33980703353881836,238,-1.65
0.3409309387207031,239,0.0
0.3420588970184326,240,-0.0515625
0.34316301345825195,241,-0.167578125
0.34435200691223145,242,-0.33515625
0.345458984375,243,-0.270703125
0.34654998779296875,244,-0.30937499999999996
0.34772300720214844,245,-0.28359375
0.34912681579589844,246,0.0
0.35060882568359375,247,0.012890625
0.35219597816467285,248,-0.02578125
0.35381388664245605,249,-0.4125
0.35526204109191895,250,-0.7218749999999999
0.35669994354248047,251,-1.611328125
0.3588118553161621,252,0.0
0.3609788417816162,253,-0.167578125
0.3624708652496338,254,-0.33515625
0.36458683013916016,255,-0.43828124999999996
0.36641597747802734,256,0.09023437499999999
0.367703914642334,257,-0.012890625
0.36887502670288086,258,-0.116015625
0.3699979782104492,259,-0.5285156249999999
0.371107816696167,260,-0.631640625
0.37223291397094727,261,-1.26328125
0.3734140396118164,262,-1.65
0.37456393241882324,263,0.0
0.37567687034606934,264,-0.07734374999999999
0.37679195404052734,265,-0.02578125
0.3779640197753906,266,-0.5671875
0.3793458938598633,267,-0.29648437499999997
0.3808259963989258,268,-0.36093749999999997
0.3823878765106201,269,0.012890625
0.38408899307250977,270,0.012890625
0.38553786277770996,271,-0.02578125
0.38694000244140625,272,-0.4640625
0.38927388191223145,273,-0.6832031249999999
0.3914008140563965,274,-1.65
0.39289188385009766,275,-0.012890625
0.3950529098510742,276,-0.23203125
0.3966989517211914,277,-0.29648437499999997
0.3980519771575928,278,0.0
0.3992469310760498,279,0.012890625
0.40039682388305664,280,-0.012890625
0.40152883529663086,281,-0.02578125
0.4026329517364502,282,-0.29648437499999997
0.40376996994018555,283,-0.631640625
0.40491485595703125,284,-0.90234375
0.40604090690612793,285,-1.533984375
0.4071488380432129,286,0.0
0.4083218574523926,287,0.0
0.4096968173980713,288,-0.20625
0.41117095947265625,289,-0.23203125
0.4127519130706787,290,-0.270703125
0.4144129753112793,291,-0.399609375
0.4158339500427246,292,0.0515625
0.41728901863098145,293,0.0
0.4192779064178467,294,-0.02578125
0.42146801948547363,295,-0.38671875
0.4229569435119629,296,-1.198828125
0.4249389171600342,297,0.0
0.4267268180847168,298,0.0
0.42801785469055176,299,-0.33515625
0.42920684814453125,300,-0.20625
0.43035292625427246,301,-0.36093749999999997
0.4314858913421631,302,-0.193359375
0.43263697624206543,303,0.012890625
0.4337790012359619,304,-0.012890625
0.43489503860473633,305,-0.0515625
0.43599891662597656,306,-0.322265625
0.43710803985595703,307,-0.580078125
0.4383108615875244,308,-0.889453125
0.43970298767089844,309,-1.546875
0.44119787216186523,310,0.0
0.44277191162109375,311,-0.07734374999999999
0.44446682929992676,312,-0.193359375
0.4459199905395508,313,-0.29648437499999997
0.44740891456604004,314,-0.38671875
0.449753999710083,315,-0.064453125
0.4517099857330322,316,-0.012890625
0.4532909393310547,317,-0.270703125
0.4554920196533203,318,-0.5671875
0.45700883865356445,319,-1.5597656249999998
0.45822882652282715,320,0.0
0.4593658447265625,321,-0.064453125
0.4604978561401367,322,-0.21914062499999998
0.4616379737854004,323,-0.734765625
0.46276187896728516,324,0.0
0.4639589786529541,325,-0.20625
0.46507883071899414,326,-0.0515625
0.4661848545074463,327,0.012890625
0.46728992462158203,328,-0.012890625
0.4684779644012451,329,-0.012890625
0.46985793113708496,330,-0.399609375
0.47133803367614746,331,-0.631640625
0.4729619026184082,332,-1.3019531249999998
0.4746370315551758,333,-0.09023437499999999
0.4761168956756592,334,0.0
0.4775550365447998,335,-0.20625
0.48016881942749023,336,-0.6187499999999999
0.4818539619445801,337,-0.270703125
0.4835348129272461,338,0.012890625
0.4856688976287842,339,-0.012890625
0.487076997756958,340,-0.37382812499999996
0.4883239269256592,341,-0.7863281249999999
0.48952198028564453,342,-1.4953124999999998
0.4906628131866455,343,0.0
0.49178290367126465,344,0.0
0.49290990829467773,345,-0.193359375
0.49408793449401855,346,-0.2578125
0.4952218532562256,347,-0.580078125
0.49634695053100586,348,-0.38671875
0.4974689483642578,349,-0.38671875
0.4986748695373535,350,-0.12890625
0.5000958442687988,351,0.012890625
0.5016210079193115,352,-0.012890625
0.5031919479370117,353,-0.2578125
0.5048978328704834,354,-0.580078125
0.506309986114502,355,-1.340625
0.507714033126831,356,0.0
0.5101618766784668,357,-0.0515625
0.5120749473571777,358,-0.29648437499999997
0.5137488842010498,359,-0.36093749999999997
0.5159049034118652,360,-0.141796875
0.5174219608306885,361,0.012890625
0.5186419486999512,362,-0.0515625
0.5197799205780029,363,-0.4125
0.5209059715270996,364,-0.580078125
0.5220179557800293,365,-1.147265625
0.5231208801269531,366,-1.65
0.5242550373077393,367,0.0
0.5253820419311523,368,-0.09023437499999999
0.5265188217163086,369,-0.167578125
0.5276358127593994,370,-0.43828124999999996
0.528817892074585,371,-0.2578125
0.5302209854125977,372,-0.193359375
0.5316979885101318,373,-0.103125
0.5332939624786377,374,0.012890625
0.5349609851837158,375,0.0
0.5364148616790771,376,-0.2578125
0.5378589630126953,377,-0.5671875
0.5402200222015381,378,-1.224609375
0.5420458316802979,379,0.0
0.543705940246582,380,-0.167578125
0.5459380149841309,381,-0.42539062499999997
0.547576904296875,382,-0.193359375
0.5488588809967041,383,0.24492187499999998
0.5500659942626953,384,-0.012890625
0.5511958599090576,385,-0.02578125
0.5523040294647217,386,-0.15468749999999998
0.5534858703613281,387,-0.580078125
0.5546069145202637,388,-0.708984375
0.5557188987731934,389,-1.3664062499999998
0.5568628311157227,390,-0.193359375
0.5579848289489746,391,0.0
0.5591700077056885,392,-0.02578125
0.5605950355529785,393,-0.103125
0.5620808601379395,394,-0.631640625
0.5637350082397461,395,-0.4125
0.5653839111328125,396,-0.18046874999999998
0.5668330192565918,397,0.0
0.5682518482208252,398,-0.02578125
0.5704829692840576,399,-0.2578125
0.5725359916687012,400,-0.580078125
0.5742299556732178,401,-1.6371093749999999
0.576373815536499,402,-0.012890625
0.5779378414154053,403,-0.15468749999999998
0.5791709423065186,404,-0.322265625
0.5803349018096924,405,-0.42539062499999997
0.5814900398254395,406,-0.23203125
0.5826218128204346,407,0.012890625
0.5837609767913818,408,0.0
0.5848739147186279,409,-0.0515625
0.5859730243682861,410,-0.28359375
0.5871579647064209,411,-0.5929687499999999
0.5883209705352783,412,-0.9152343749999999
0.5895240306854248,413,-1.533984375
0.5909290313720703,414,0.0
0.5923929214477539,415,-0.012890625
0.5939419269561768,416,-0.064453125
0.5955758094787598,417,-0.43828124999999996
0.5970208644866943,418,-0.270703125
0.5984728336334229,419,-0.064453125
0.6007339954376221,420,0.0
0.6027359962463379,421,-0.0515625
0.6042718887329102,422,-0.43828124999999996
0.6064059734344482,423,-0.992578125
0.6080999374389648,424,0.0
0.6093518733978271,425,-0.09023437499999999
0.610522985458374,426,-0.167578125
0.6116669178009033,427,-0.42539062499999997
0.6128020286560059,428,-0.167578125
0.6140298843383789,429,-0.23203125
0.6152069568634033,430,-0.0515625
0.6163179874420166,431,-0.012890625
0.6174209117889404,432,-0.012890625
0.6185228824615479,433,-0.0515625
0.6196959018707275,434,-0.43828124999999996
0.6211340427398682,435,-0.6187499999999999
0.6226270198822021,436,-1.1859374999999999
0.6243159770965576,437,0.0
0.6258819103240967,438,-0.0515625
0.6272909641265869,439,0.0
0.6287260055541992,440,-0.6832031249999999
0.6311118602752686,441,-0.37382812499999996
0.6330628395080566,442,0.07734374999999999
0.6346659660339355,443,0.012890625
0.6367318630218506,444,-0.116015625
0.6383578777313232,445,-0.5285156249999999
0.6395950317382812,446,-1.405078125
