time,count,voltage
0.004559040069580078,1,0.012890625
0.005940914154052734,2,-0.0515625
0.0071408748626708984,3,-0.43828124999999996
0.008288860321044922,4,-0.6187499999999999
0.009418010711669922,5,-1.3019531249999998
0.010530948638916016,6,-0.502734375
0.011685848236083984,7,0.0
0.012826919555664062,8,0.0
0.01417684555053711,9,-0.07734374999999999
0.015651941299438477,10,-0.515625
0.017105817794799805,11,-0.30937499999999996
0.01859283447265625,12,-0.09023437499999999
0.02000904083251953,13,0.012890625
0.021255016326904297,14,0.0
0.022409915924072266,15,-0.038671874999999994
0.02357792854309082,16,-0.43828124999999996
0.024708986282348633,17,-0.6703125
0.025825023651123047,18,-1.21171875
0.026933908462524414,19,-1.65
0.02804088592529297,20,0.0
0.029137849807739258,21,0.0
0.03036189079284668,22,-0.167578125
0.031793832778930664,23,-0.322265625
0.03322792053222656,24,-0.43828124999999996
0.034765005111694336,25,-0.37382812499999996
0.03634285926818848,26,0.012890625
0.03778195381164551,27,-0.012890625
0.039201974868774414,28,-0.012890625
0.04061388969421387,29,-0.399609375
0.04251503944396973,30,-0.64453125
0.04515385627746582,31,-1.5726562499999999
0.046838998794555664,32,-0.012890625
0.048429012298583984,33,-0.2578125
0.05050301551818848,34,-0.4640625
0.05199289321899414,35,-0.167578125
0.05324602127075195,36,0.0
0.05440497398376465,37,0.012890625
0.05555105209350586,38,-0.0515625
0.056674957275390625,39,-0.322265625
0.05779385566711426,40,-0.631640625
0.058905839920043945,41,-1.095703125
0.060022830963134766,42,-1.65
0.06113600730895996,43,0.0
0.062230825424194336,44,-0.012890625
0.06341290473937988,45,-0.20625
0.06452083587646484,46,-0.24492187499999998
0.06563997268676758,47,-0.42539062499999997
0.06674003601074219,48,-0.4125
0.06791090965270996,49,-0.37382812499999996
0.06907296180725098,50,-0.103125
0.07019186019897461,51,0.0
0.07129597663879395,52,-0.02578125
0.07239484786987305,53,-0.0515625
0.07357192039489746,54,-0.4125
0.07470393180847168,55,-0.6703125
0.07581400871276855,56,-1.224609375
0.07703590393066406,57,-1.65
0.07823491096496582,58,0.012890625
0.07975888252258301,59,0.0
0.08125495910644531,60,-0.116015625
0.08274197578430176,61,-0.348046875
0.08445501327514648,62,-0.270703125
0.0858919620513916,63,0.09023437499999999
0.08731889724731445,64,-0.012890625
0.08918499946594238,65,-0.012890625
0.09142088890075684,66,-0.23203125
0.09292793273925781,67,-0.9152343749999999
0.09441399574279785,68,-0.837890625
0.09623003005981445,69,0.0
0.09806704521179199,70,-0.12890625
0.09941601753234863,71,-0.348046875
0.10060381889343262,72,-0.29648437499999997
0.10181784629821777,73,-0.15468749999999998
0.10305404663085938,74,0.012890625
0.10419988632202148,75,-0.012890625
0.10532689094543457,76,-0.064453125
0.10643482208251953,77,-0.29648437499999997
0.10762786865234375,78,-0.631640625
0.10901689529418945,79,-0.9410156249999999
0.11049699783325195,80,-1.65
0.11190605163574219,81,0.0
0.11354804039001465,82,-0.0515625
0.11493086814880371,83,-0.2578125
0.11630082130432129,84,-0.476953125
0.11775803565979004,85,-0.4640625
0.12032103538513184,86,-0.12890625
0.12190890312194824,87,-0.012890625
0.12331485748291016,88,-0.167578125
0.12517404556274414,89,-0.580078125
0.12700486183166504,90,-1.2374999999999998
0.1283550262451172,91,0.012890625
0.12953400611877441,92,-0.0515625
0.1306760311126709,93,-0.0515625
0.13179898262023926,94,-0.43828124999999996
0.1330118179321289,95,-0.399609375
0.1341698169708252,96,-0.4125
0.13529586791992188,97,-0.193359375
0.1364119052886963,98,0.0
0.13757991790771484,99,-0.012890625
0.13896894454956055,100,-0.02578125
0.140427827835083,101,-0.30937499999999996
0.1418750286102295,102,-0.631640625
0.14347004890441895,103,-1.353515625
0.14497089385986328,104,0.0
0.14632296562194824,105,0.0
0.14769196510314941,106,-0.12890625
0.1496570110321045,107,-0.43828124999999996
0.15200304985046387,108,-0.4125
0.15365099906921387,109,0.012890625
0.15516090393066406,110,-0.012890625
0.1570758819580078,111,-0.103125
0.15882086753845215,112,-0.515625
0.16012287139892578,113,-1.456640625
0.16130304336547852,114,0.012890625
0.16243290901184082,115,0.0
0.16377592086791992,116,-0.2578125
0.16521692276000977,117,-0.36093749999999997
0.16663289070129395,118,-0.2578125
0.16808485984802246,119,-0.23203125
0.1697080135345459,120,0.038671874999999994
0.1714458465576172,121,0.0
0.17316985130310059,122,-0.0515625
0.17473888397216797,123,-0.4640625
0.1763598918914795,124,-1.069921875
0.1781759262084961,125,-0.29648437499999997
0.179826021194458,126,0.0
0.18146681785583496,127,-0.18046874999999998
0.18312382698059082,128,-0.33515625
0.18560791015625,129,-0.36093749999999997
0.1880948543548584,130,-0.012890625
0.18990182876586914,131,-0.0515625
0.19150781631469727,132,-0.476953125
0.193328857421875,133,-1.095703125
0.19542193412780762,134,0.0
0.19747495651245117,135,0.0
0.19913482666015625,136,-0.38671875
0.20083403587341309,137,-0.399609375
0.20257186889648438,138,-0.02578125
0.20433688163757324,139,0.012890625
0.20616483688354492,140,-0.02578125
0.20785784721374512,141,-0.4125
0.20941996574401855,142,-0.889453125
0.21100592613220215,143,-1.65
0.21326589584350586,144,0.0
0.2158799171447754,145,-0.15468749999999998
0.21781301498413086,146,-0.23203125
0.21945881843566895,147,0.29648437499999997
0.22134995460510254,148,0.012890625
0.22349286079406738,149,-0.02578125
0.22559499740600586,150,-0.4640625
0.22719502449035645,151,-1.3664062499999998
0.22861599922180176,152,0.0
0.23008084297180176,153,0.0
0.23174190521240234,154,-0.21914062499999998
0.23350286483764648,155,-0.29648437499999997
0.23526597023010254,156,-0.24492187499999998
0.2371208667755127,157,0.0
0.23881196975708008,158,-0.012890625
0.24037790298461914,159,-0.23203125
0.24197888374328613,160,-0.5929687499999999
0.2441399097442627,161,-1.3792968749999999
0.24686098098754883,162,0.012890625
0.24878501892089844,163,-0.07734374999999999
0.25040483474731445,164,-0.30937499999999996
0.2522299289703369,165,-0.012890625
0.25432896614074707,166,0.012890625
0.25647997856140137,167,-0.0515625
0.2582869529724121,168,-0.399609375
0.2598578929901123,169,-1.1214843749999999
0.2614879608154297,170,0.0
0.26338696479797363,171,-0.012890625
0.26506996154785156,172,-0.270703125
0.26670002937316895,173,-0.29648437499999997
0.26824498176574707,174,-0.23203125
0.26972198486328125,175,-0.012890625
0.27111387252807617,176,0.0
0.2728250026702881,177,-0.02578125
0.2754518985748291,178,-0.4125
0.2772338390350342,179,-1.16015625
0.2789418697357178,180,0.0
0.2810800075531006,181,-0.0515625
0.2832820415496826,182,-0.37382812499999996
0.2851748466491699,183,-0.0515625
0.2868168354034424,184,0.012890625
0.2884399890899658,185,0.0
0.2901430130004883,186,-0.103125
0.2919888496398926,187,-0.5285156249999999
0.2939598560333252,188,-1.3019531249999998
0.2957320213317871,189,0.012890625
0.29718685150146484,190,0.0
0.29856204986572266,191,-0.37382812499999996
0.2999098300933838,192,-0.322265625
0.3020009994506836,193,-0.29648437499999997
0.3106729984283447,194,0.0
0.31219983100891113,195,0.0
0.3138558864593506,196,-0.15468749999999998
0.31540799140930176,197,-0.29648437499999997
0.31694698333740234,198,-0.23203125
0.31859302520751953,199,-0.116015625
0.32026195526123047,200,0.012890625
0.32204198837280273,201,-0.012890625
0.3240039348602295,202,-0.167578125
0.3353550434112549,203,-0.554296875
0.3375558853149414,204,-0.012890625
0.3399038314819336,205,-0.012890625
0.3416099548339844,206,-0.4125
0.3432140350341797,207,-1.095703125
0.3447749614715576,208,-0.012890625
0.3463878631591797,209,0.0
0.3483309745788574,210,-0.038671874999999994
0.3498649597167969,211,-0.322265625
0.3514268398284912,212,-0.322265625
0.353193998336792,213,0.038671874999999994
0.354888916015625,214,0.0
0.35651683807373047,215,-0.064453125
0.35796499252319336,216,-0.502734375
0.35935091972351074,217,-1.03125
0.36071085929870605,218,-1.65
0.3620738983154297,219,0.0
0.3642449378967285,220,-0.038671874999999994
0.3660728931427002,221,-0.4125
0.36799192428588867,222,-0.36093749999999997
0.3711249828338623,223,0.15468749999999998
0.37357091903686523,224,-0.012890625
0.375777006149292,225,-0.4640625
0.37724900245666504,226,-1.5082031249999999
0.37903785705566406,227,0.0
0.38135290145874023,228,0.0
0.38294100761413574,229,-0.5285156249999999
0.3845069408416748,230,-0.18046874999999998
0.38608694076538086,231,0.12890625
0.3876819610595703,232,-0.012890625
0.3891730308532715,233,-0.0515625
0.39069294929504395,234,-0.36093749999999997
0.3929738998413086,235,-0.6703125
0.3950769901275635,236,-1.6242187499999998
0.3965339660644531,237,0.0
0.39844298362731934,238,-0.18046874999999998
0.4002678394317627,239,-0.270703125
0.4016120433807373,240,-0.12890625
0.4027888774871826,241,0.0
0.4039928913116455,242,-0.012890625
0.4051358699798584,243,-0.02578125
0.40625691413879395,244,-0.18046874999999998
0.4073789119720459,245,-0.5285156249999999
0.4084959030151367,246,-0.837890625
0.4096038341522217,247,-1.4953124999999998
0.41069984436035156,248,0.0
0.41187286376953125,249,0.0
0.41323399543762207,250,0.0
0.41469597816467285,251,-0.20625
0.41616082191467285,252,-0.33515625
0.41785383224487305,253,-0.20625
0.41936397552490234,254,0.103125
0.42087888717651367,255,0.0
0.422760009765625,256,-0.0515625
0.42527198791503906,257,-0.322265625
0.42679786682128906,258,-1.1859374999999999
0.42853498458862305,259,0.0
0.4304499626159668,260,-0.02578125
0.4317808151245117,261,-0.33515625
0.4330458641052246,262,-0.29648437499999997
0.43421101570129395,263,-0.37382812499999996
0.4353458881378174,264,-0.15468749999999998
0.436492919921875,265,0.0
0.43761396408081055,266,-0.012890625
0.43873095512390137,267,-0.02578125
0.43984389305114746,268,-0.322265625
0.44095897674560547,269,-0.6187499999999999
0.4421548843383789,270,-0.966796875
0.44362783432006836,271,-1.6371093749999999
0.4450709819793701,272,0.0
0.44655299186706543,273,0.0
0.448138952255249,274,-0.18046874999999998
0.44960498809814453,275,-0.37382812499999996
0.45111799240112305,276,-0.399609375
0.45369386672973633,277,-0.07734374999999999
0.4557318687438965,278,-0.012890625
0.45719099044799805,279,-0.322265625
0.45917582511901855,280,-0.6187499999999999
0.46088290214538574,281,-1.5726562499999999
0.4621579647064209,282,0.0
0.4633359909057617,283,-0.103125
0.4644908905029297,284,-0.20625
0.4656188488006592,285,-0.64453125
0.4667370319366455,286,-0.399609375
0.46784090995788574,287,-0.33515625
0.4689469337463379,288,-0.103125
0.47005295753479004,289,0.012890625
0.4711599349975586,290,0.0
0.47232890129089355,291,-0.012890625
0.47376489639282227,292,-0.37382812499999996
0.47524189949035645,293,-0.6574218749999999
0.47675490379333496,294,-1.405078125
0.4783618450164795,295,0.0
0.4798109531402588,296,0.0
0.4812929630279541,297,-0.167578125
0.4835779666900635,298,-0.43828124999999996
0.4857199192047119,299,-0.09023437499999999
0.48720884323120117,300,0.012890625
0.4891688823699951,301,-0.012890625
0.49088501930236816,302,-0.2578125
0.4921610355377197,303,-0.708984375
0.4934399127960205,304,-1.5082031249999999
0.4946119785308838,305,0.0
0.4957239627838135,306,0.0
0.49683189392089844,307,-0.193359375
0.49794888496398926,308,-0.2578125
0.49904799461364746,309,-0.37382812499999996
0.5001609325408936,310,-0.36093749999999997
0.5012989044189453,311,-0.322265625
0.5025229454040527,312,-0.064453125
0.5039129257202148,313,0.012890625
0.5053720474243164,314,-0.012890625
0.5068809986114502,315,-0.20625
0.5084879398345947,316,-0.5671875
0.5099859237670898,317,-1.2890625
0.5114679336547852,318,0.0
0.5136899948120117,319,-0.038671874999999994
0.5157599449157715,320,-0.24492187499999998
0.5172619819641113,321,-0.30937499999999996
0.5192580223083496,322,-0.02578125
0.5209720134735107,323,-0.012890625
0.5222399234771729,324,-0.038671874999999994
0.5235018730163574,325,-0.348046875
0.5246570110321045,326,-0.605859375
0.5257878303527832,327,-1.16015625
0.5269138813018799,328,-1.65
0.5280349254608154,329,0.0
0.5291359424591064,330,0.0
0.5302419662475586,331,-0.20625
0.5313408374786377,332,-0.399609375
0.5325109958648682,333,-0.6187499999999999
0.5338778495788574,334,-0.29648437499999997
0.5354409217834473,335,-0.15468749999999998
0.5372719764709473,336,0.012890625
0.5390110015869141,337,0.0
0.5404870510101318,338,-0.29648437499999997
0.5419998168945312,339,-0.631640625
0.5444509983062744,340,-1.4308593749999998
0.5463850498199463,341,0.0
0.5478589534759521,342,-0.07734374999999999
0.5498988628387451,343,-0.5671875
0.5518250465393066,344,-0.09023437499999999
0.5531589984893799,345,0.0
0.5543339252471924,346,-0.012890625
0.5554628372192383,347,-0.02578125
0.556588888168335,348,-0.30937499999999996
0.5577239990234375,349,-0.631640625
0.5588510036468506,350,-1.0570312499999999
0.5599708557128906,351,-1.65
0.5610778331756592,352,0.0
0.5622448921203613,353,0.0
0.5635268688201904,354,-0.20625
0.5649449825286865,355,-0.2578125
0.566431999206543,356,-0.42539062499999997
0.5679409503936768,357,-0.42539062499999997
0.5695698261260986,358,-0.09023437499999999
0.5710530281066895,359,0.0
0.5725090503692627,360,-0.0515625
0.5743858814239502,361,-0.322265625
0.5767920017242432,362,-0.631640625
0.5782828330993652,363,0.0
0.580003023147583,364,0.0
0.5819909572601318,365,-0.167578125
0.5833480358123779,366,-0.20625
0.5845398902893066,367,-0.18046874999999998
0.5857110023498535,368,0.012890625
0.5868258476257324,369,0.0
0.5879409313201904,370,-0.012890625
0.5890629291534424,371,-0.0515625
0.5901868343353271,372,-0.4125
0.591296911239624,373,-0.64453125
0.592404842376709,374,-1.1859374999999999
0.5936319828033447,375,-1.65
0.5950279235839844,376,0.0
0.5964829921722412,377,0.0
0.5979609489440918,378,-0.012890625
0.599606990814209,379,-0.33515625
0.6011478900909424,380,-0.15468749999999998
0.6027040481567383,381,0.116015625
0.6051640510559082,382,0.0
0.6071858406066895,383,-0.038671874999999994
0.6086640357971191,384,-0.4640625
0.6106569766998291,385,-1.340625
0.6123318672180176,386,0.0
0.6136209964752197,387,-0.116015625
0.6148228645324707,388,-0.33515625
0.6159629821777344,389,-0.270703125
0.6170859336853027,390,-0.2578125
0.6181919574737549,391,-0.18046874999999998
0.6193280220031738,392,0.0
0.620434045791626,393,0.012890625
0.621539831161499,394,-0.012890625
0.6226449012756348,395,-0.103125
0.6238939762115479,396,-0.515625
0.625309944152832,397,-0.708984375
0.6267590522766113,398,-1.4953124999999998
0.6283400058746338,399,0.0
0.6299209594726562,400,0.0
0.6313698291778564,401,-0.21914062499999998
0.632922887802124,402,-0.631640625
0.6353418827056885,403,-0.167578125
0.6372969150543213,404,0.21914062499999998
0.6387698650360107,405,-0.012890625
0.6407759189605713,406,-0.24492187499999998
0.6424789428710938,407,-0.5929687499999999
0.6437618732452393,408,-1.65
0.6449558734893799,409,0.0
0.6460959911346436,410,-0.012890625
0.6472289562225342,411,0.0
0.6483340263366699,412,-0.43828124999999996
0.6494479179382324,413,-0.36093749999999997
0.6505579948425293,414,-0.502734375
0.6516540050506592,415,-0.33515625
0.6527528762817383,416,0.012890625
0.6540119647979736,417,-0.012890625
0.6553959846496582,418,-0.038671874999999994
0.6568589210510254,419,-0.21914062499999998
0.658390998840332,420,-0.5929687499999999
0.6601128578186035,421,-1.2374999999999998
0.6616020202636719,422,0.0
0.663139820098877,423,-0.0515625
0.6655089855194092,424,-0.103125
0.6674749851226807,425,-0.322265625
0.6689820289611816,426,0.141796875
0.6710720062255859,427,0.012890625
0.6726808547973633,428,-0.038671874999999994
0.6740169525146484,429,-0.4125
0.6751790046691895,430,-0.69609375
0.6763110160827637,431,-1.4308593749999998
0.6774399280548096,432,0.0
0.6785449981689453,433,0.0
0.6796388626098633,434,0.0
0.6807389259338379,435,-0.20625
0.6818480491638184,436,-0.42539062499999997
0.6830148696899414,437,-0.2578125
0.6842138767242432,438,-0.348046875
0.6856429576873779,439,-0.167578125
0.6871089935302734,440,0.0
0.6886169910430908,441,0.012890625
0.6902248859405518,442,-0.15468749999999998
0.6917009353637695,443,-0.5285156249999999
0.6932640075683594,444,-1.2503906249999999
