time,count,voltage
0.005979061126708984,1,-0.0515625
0.007740974426269531,2,-0.23203125
0.009386062622070312,3,-1.0828125
0.010964155197143555,4,-0.09023437499999999
0.012554168701171875,5,-0.012890625
0.014120101928710938,6,-0.2578125
0.02442002296447754,7,-0.167578125
0.026322126388549805,8,-0.28359375
0.027964115142822266,9,-0.103125
0.029688119888305664,10,-0.2578125
0.046482086181640625,11,-0.30937499999999996
0.04944014549255371,12,-0.36093749999999997
0.05210304260253906,13,-0.103125
0.053948163986206055,14,0.0
0.05572009086608887,15,-0.116015625
0.05791497230529785,16,-0.2578125
0.06042599678039551,17,-1.134375
0.062081098556518555,18,-0.116015625
0.06348919868469238,19,-0.20625
0.06488204002380371,20,-0.20625
0.06624317169189453,21,-0.322265625
0.06767606735229492,22,-0.20625
0.06914615631103516,23,0.0
0.07054305076599121,24,-0.012890625
0.07192802429199219,25,-0.141796875
0.07330012321472168,26,-0.30937499999999996
0.07465910911560059,27,-0.734765625
0.0760641098022461,28,-1.456640625
0.07749319076538086,29,-0.02578125
0.07887005805969238,30,-0.12890625
0.0803060531616211,31,-0.29648437499999997
0.08191204071044922,32,0.0
0.08370614051818848,33,-0.399609375
0.08550214767456055,34,0.012890625
0.08746099472045898,35,-0.012890625
0.08936119079589844,36,-0.15468749999999998
0.09112215042114258,37,-0.30937499999999996
0.09278202056884766,38,-1.1859374999999999
0.09507918357849121,39,-0.2578125
0.09706902503967285,40,-0.193359375
0.09855818748474121,41,-0.21914062499999998
0.10021805763244629,42,-0.399609375
0.10232710838317871,43,-0.193359375
0.10390710830688477,44,0.0
0.1051630973815918,45,-0.103125
0.1063230037689209,46,-0.33515625
0.1075279712677002,47,-0.605859375
0.10877299308776855,48,-1.26328125
0.1100001335144043,49,-0.270703125
0.11141109466552734,50,-0.15468749999999998
0.11285519599914551,51,-0.167578125
0.11442303657531738,52,-0.2578125
0.11604714393615723,53,-0.141796875
0.11817812919616699,54,-0.064453125
0.11993718147277832,55,0.012890625
0.12224316596984863,56,-0.0515625
0.12436199188232422,57,-0.2578125
0.1258680820465088,58,-1.0570312499999999
0.12734413146972656,59,0.0
0.12929105758666992,60,-0.103125
0.1311650276184082,61,-0.2578125
0.13254308700561523,62,-0.30937499999999996
0.13373899459838867,63,-0.193359375
0.13487815856933594,64,-0.02578125
0.13602614402770996,65,0.0
0.13713812828063965,66,-0.02578125
0.1382741928100586,67,-0.167578125
0.13941502571105957,68,-0.36093749999999997
0.1406240463256836,69,-0.515625
0.1421031951904297,70,-1.198828125
0.14358997344970703,71,-1.5984375
0.14527511596679688,72,-0.103125
0.1468210220336914,73,-0.12890625
0.14841604232788086,74,-0.18046874999999998
0.1500391960144043,75,-0.36093749999999997
0.151900053024292,76,-0.116015625
0.1543290615081787,77,0.0
0.15596508979797363,78,-0.193359375
0.15750813484191895,79,-0.20625
0.15948915481567383,80,-1.03125
0.16124701499938965,81,-0.064453125
0.1625361442565918,82,-0.193359375
0.16372919082641602,83,-0.399609375
0.16495800018310547,84,-0.141796875
0.16609501838684082,85,-0.42539062499999997
0.16722416877746582,86,-0.33515625
0.16838407516479492,87,-0.012890625
0.1695079803466797,88,-0.012890625
0.17071318626403809,89,-0.0515625
0.17220115661621094,90,-0.2578125
0.17376017570495605,91,-0.37382812499999996
0.1752610206604004,92,-0.992578125
0.17686009407043457,93,-1.65
0.17835211753845215,94,-0.103125
0.17993402481079102,95,-0.0515625
0.18155217170715332,96,-0.18046874999999998
0.18421602249145508,97,-0.2578125
0.18586301803588867,98,0.29648437499999997
0.18729209899902344,99,-0.012890625
0.18947720527648926,100,-0.12890625
0.19132709503173828,101,-0.30937499999999996
0.19266009330749512,102,-1.2890625
0.193831205368042,103,0.0
0.19499611854553223,104,-0.103125
0.1961510181427002,105,-0.15468749999999998
0.1973280906677246,106,-0.2578125
0.19848012924194336,107,-0.20625
0.19960618019104004,108,-0.4125
0.20078516006469727,109,-0.30937499999999996
0.20216703414916992,110,0.012890625
0.20369315147399902,111,-0.012890625
0.2054140567779541,112,-0.0515625
0.2070150375366211,113,-0.33515625
0.20851707458496094,114,-0.9152343749999999
0.2100520133972168,115,-1.65
0.21197819709777832,116,-0.09023437499999999
0.21450018882751465,117,-0.23203125
0.21604514122009277,118,-0.23203125
0.2176361083984375,119,-0.0515625
0.2196660041809082,120,0.012890625
0.22137999534606934,121,-0.02578125
0.22266912460327148,122,-0.2578125
0.2238321304321289,123,-0.33515625
0.2249610424041748,124,-1.0828125
0.22606801986694336,125,-1.6371093749999999
0.22720909118652344,126,0.0
0.2283790111541748,127,-0.103125
0.2295219898223877,128,-0.0515625
0.23064112663269043,129,-0.20625
0.23183917999267578,130,-0.15468749999999998
0.23324799537658691,131,-0.33515625
0.23471903800964355,132,-0.20625
0.23640012741088867,133,0.0
0.23802614212036133,134,-0.0515625
0.23956298828125,135,-0.30937499999999996
0.24097919464111328,136,-0.4125
0.24359917640686035,137,-1.26328125
0.24543118476867676,138,-0.193359375
0.24688315391540527,139,-0.322265625
0.2490990161895752,140,-0.103125
0.25081419944763184,141,-0.193359375
0.25219297409057617,142,0.0
0.25344204902648926,143,-0.012890625
0.25458598136901855,144,-0.064453125
0.2557060718536377,145,-0.38671875
0.25681114196777344,146,-0.36093749999999997
0.25792717933654785,147,-0.9410156249999999
0.25914812088012695,148,-1.533984375
0.2602992057800293,149,0.0
0.26145315170288086,150,-0.0515625
0.26262617111206055,151,-0.18046874999999998
0.26406216621398926,152,-0.37382812499999996
0.265531063079834,153,0.012890625
0.2671840190887451,154,-0.20625
0.26906514167785645,155,0.0
0.2706410884857178,156,-0.012890625
0.2720630168914795,157,-0.116015625
0.27460813522338867,158,-0.348046875
0.27640318870544434,159,-1.147265625
0.27793002128601074,160,-0.038671874999999994
0.28005313873291016,161,-0.20625
0.281649112701416,162,-0.23203125
0.2829611301422119,163,-0.33515625
0.28417205810546875,164,-0.23203125
0.285358190536499,165,0.012890625
0.28648900985717773,166,-0.012890625
0.2876009941101074,167,-0.02578125
0.2887380123138428,168,-0.28359375
0.28984498977661133,169,-0.399609375
0.29102301597595215,170,-0.837890625
0.29216718673706055,171,-1.4308593749999998
0.29340505599975586,172,-0.103125
0.2948141098022461,173,-0.02578125
0.29630208015441895,174,-0.20625
0.29787111282348633,175,-0.24492187499999998
0.2996041774749756,176,-0.28359375
0.3012402057647705,177,-0.064453125
0.3027970790863037,178,0.012890625
0.3048570156097412,179,-0.064453125
0.3071889877319336,180,-0.23203125
0.30883097648620605,181,-0.7476562499999999
0.31049513816833496,182,-1.65
0.31252002716064453,183,-0.116015625
0.3140289783477783,184,-0.270703125
0.3152730464935303,185,-0.167578125
0.3164939880371094,186,-0.322265625
0.3176400661468506,187,-0.20625
0.318789005279541,188,0.0
0.3198971748352051,189,0.0
0.32100605964660645,190,-0.07734374999999999
0.32212114334106445,191,-0.33515625
0.3233010768890381,192,-0.36093749999999997
0.32474398612976074,193,-0.8765624999999999
0.32627320289611816,194,-1.533984375
0.32784414291381836,195,-0.0515625
0.32951903343200684,196,-0.20625
0.33107805252075195,197,-0.322265625
0.3327600955963135,198,-0.15468749999999998
0.33475303649902344,199,-0.02578125
0.3371920585632324,200,0.0
0.33882808685302734,201,-0.09023437499999999
0.340529203414917,202,-0.29648437499999997
0.3425869941711426,203,-0.90234375
0.3442850112915039,204,-0.12890625
0.3455522060394287,205,-0.18046874999999998
0.3467130661010742,206,-0.2578125
0.34784913063049316,207,-0.15468749999999998
0.3491170406341553,208,-0.30937499999999996
0.35027313232421875,209,-0.30937499999999996
0.3514220714569092,210,-0.103125
0.3525400161743164,211,-0.012890625
0.35378503799438477,212,-0.038671874999999994
0.35529613494873047,213,-0.116015625
0.35682106018066406,214,-0.36093749999999997
0.3584589958190918,215,-0.8507812499999999
0.3600890636444092,216,-1.6242187499999998
0.3615591526031494,217,-0.07734374999999999
0.36310315132141113,218,-0.20625
0.3650341033935547,219,-0.28359375
0.36819005012512207,220,-0.37382812499999996
0.3697071075439453,221,0.0
0.37151503562927246,222,-0.064453125
0.3735690116882324,223,-0.2578125
0.37504100799560547,224,-0.631640625
0.3762531280517578,225,-1.5597656249999998
0.3773961067199707,226,-0.038671874999999994
0.37860107421875,227,-0.15468749999999998
0.37973999977111816,228,-0.103125
0.3809070587158203,229,-0.21914062499999998
0.38205814361572266,230,-0.322265625
0.38316917419433594,231,-0.42539062499999997
0.3843519687652588,232,-0.30937499999999996
0.38574814796447754,233,0.0
0.3873770236968994,234,-0.012890625
0.3890399932861328,235,-0.15468749999999998
0.3905820846557617,236,-0.29648437499999997
0.3919851779937744,237,-1.018359375
0.3934950828552246,238,-1.65
0.39499402046203613,239,-0.103125
0.39774608612060547,240,-0.103125
0.39960598945617676,241,-0.18046874999999998
0.40106916427612305,242,0.09023437499999999
0.4029850959777832,243,0.0
0.4049851894378662,244,-0.038671874999999994
0.40636301040649414,245,-0.270703125
0.40759706497192383,246,-0.515625
0.40877413749694824,247,-1.2503906249999999
0.409912109375,248,-0.476953125
0.41107702255249023,249,-0.0515625
0.4121870994567871,250,-0.167578125
0.41333508491516113,251,-0.30937499999999996
0.41452908515930176,252,-0.103125
0.41593408584594727,253,-0.322265625
0.417402982711792,254,-0.270703125
0.41908717155456543,255,0.012890625
0.4207041263580322,256,-0.012890625
0.4222261905670166,257,-0.18046874999999998
0.42382311820983887,258,-0.30937499999999996
0.42534399032592773,259,-0.966796875
0.42789411544799805,260,-1.65
0.42979907989501953,261,-0.116015625
0.43120312690734863,262,-0.2578125
0.43306398391723633,263,-0.37382812499999996
0.43498802185058594,264,-0.167578125
0.43640708923339844,265,-0.012890625
0.43762707710266113,266,-0.064453125
0.4388082027435303,267,-0.30937499999999996
0.43998098373413086,268,-0.37382812499999996
0.4411129951477051,269,-0.8765624999999999
0.44222497940063477,270,-1.4953124999999998
0.44333314895629883,271,-0.064453125
0.4445500373840332,272,-0.064453125
0.44595813751220703,273,-0.167578125
0.4474020004272461,274,-0.322265625
0.44904303550720215,275,0.0
0.45062804222106934,276,-0.20625
0.452376127243042,277,0.0515625
0.45400404930114746,278,-0.02578125
0.45662713050842285,279,-0.116015625
0.45854711532592773,280,-0.270703125
0.46002197265625,281,-1.533984375
0.4616541862487793,282,-0.038671874999999994
0.4636051654815674,283,-0.23203125
0.46512603759765625,284,-0.167578125
0.46636009216308594,285,-0.37382812499999996
0.46759605407714844,286,-0.2578125
0.46878504753112793,287,0.012890625
0.469973087310791,288,-0.012890625
0.47113800048828125,289,-0.0515625
0.4722721576690674,290,-0.322265625
0.47337913513183594,291,-0.36093749999999997
0.47457218170166016,292,-0.928125
0.4759981632232666,293,-1.4953124999999998
0.47748708724975586,294,0.0
0.4790501594543457,295,-0.167578125
0.4805901050567627,296,-0.270703125
0.4820280075073242,297,-0.12890625
0.48356103897094727,298,-0.30937499999999996
0.48530101776123047,299,-0.103125
0.48790812492370605,300,0.0
0.4896280765533447,301,-0.193359375
0.4910550117492676,302,-0.4125
0.4930901527404785,303,-1.2374999999999998
0.4949910640716553,304,-0.07734374999999999
0.49631404876708984,305,-0.07734374999999999
0.4974989891052246,306,-0.20625
0.4987311363220215,307,-0.18046874999999998
0.49988603591918945,308,-0.2578125
0.5011241436004639,309,-0.193359375
0.5022971630096436,310,0.0
0.5034801959991455,311,-0.012890625
0.5046710968017578,312,-0.09023437499999999
0.5060670375823975,313,-0.37382812499999996
0.5075831413269043,314,-0.37382812499999996
0.5092082023620605,315,-1.2374999999999998
0.5108330249786377,316,-0.20625
0.5122520923614502,317,-0.18046874999999998
0.5137410163879395,318,-0.2578125
0.5156841278076172,319,-0.167578125
0.5185461044311523,320,-0.399609375
0.5201261043548584,321,-0.012890625
0.5217061042785645,322,-0.038671874999999994
0.5237090587615967,323,-0.36093749999999997
0.5254180431365967,324,-0.7476562499999999
0.5266931056976318,325,-1.533984375
0.5278630256652832,326,-0.167578125
0.5290961265563965,327,-0.18046874999999998
0.5302331447601318,328,-0.2578125
0.531358003616333,329,-0.18046874999999998
0.532526969909668,330,-0.37382812499999996
0.5336570739746094,331,-0.37382812499999996
0.5348520278930664,332,-0.15468749999999998
0.5362930297851562,333,-0.012890625
0.5377640724182129,334,-0.0515625
0.5393640995025635,335,-0.270703125
0.541032075881958,336,-0.322265625
0.5424940586090088,337,-1.198828125
0.5440101623535156,338,-0.09023437499999999
0.5454561710357666,339,-0.02578125
0.548022985458374,340,-0.18046874999999998
0.5500180721282959,341,-0.064453125
0.5515069961547852,342,0.24492187499999998
0.5534040927886963,343,-0.012890625
0.5553460121154785,344,-0.0515625
0.556725025177002,345,-0.20625
0.5579631328582764,346,-0.7863281249999999
0.5592269897460938,347,-1.456640625
0.5603699684143066,348,0.0
0.5614840984344482,349,-0.064453125
0.5626020431518555,350,-0.193359375
0.5637321472167969,351,-0.2578125
0.5649731159210205,352,-0.167578125
0.5663859844207764,353,-0.399609375
0.567885160446167,354,-0.2578125
0.5695350170135498,355,0.012890625
0.5711359977722168,356,-0.0515625
0.5726320743560791,357,-0.2578125
0.5740811824798584,358,-0.23203125
0.5763380527496338,359,-1.10859375
0.5783801078796387,360,-0.02578125
0.5798289775848389,361,-0.02578125
0.5816681385040283,362,-0.167578125
0.5837249755859375,363,-0.28359375
0.5851271152496338,364,0.09023437499999999
0.5863239765167236,365,0.012890625
0.5875129699707031,366,-0.0515625
0.5887529850006104,367,-0.28359375
0.5899410247802734,368,-0.33515625
0.591090202331543,369,-0.8507812499999999
0.592210054397583,370,-1.456640625
0.5933141708374023,371,-0.15468749999999998
0.594419002532959,372,-0.09023437499999999
0.5956461429595947,373,-0.23203125
0.5971181392669678,374,-0.37382812499999996
0.5987300872802734,375,-0.07734374999999999
0.6003680229187012,376,-0.23203125
0.6018950939178467,377,0.02578125
0.6033511161804199,378,-0.012890625
0.604849100112915,379,-0.0515625
0.6073911190032959,380,-0.322265625
0.6091940402984619,381,-0.734765625
0.6105730533599854,382,0.0
0.6123781204223633,383,-0.07734374999999999
0.6143770217895508,384,-0.28359375
0.6157741546630859,385,-0.0515625
0.6169650554656982,386,-0.09023437499999999
0.6182131767272949,387,0.038671874999999994
0.619379997253418,388,0.0
0.6205401420593262,389,-0.0515625
0.6216750144958496,390,-0.167578125
0.6227900981903076,391,-0.37382812499999996
0.6239101886749268,392,-0.54140625
0.6250181198120117,393,-1.21171875
0.6262030601501465,394,-1.65
0.6276412010192871,395,-0.012890625
0.6291780471801758,396,-0.193359375
0.6307840347290039,397,-0.2578125
0.6324191093444824,398,-0.18046874999999998
0.6338989734649658,399,-0.167578125
0.6353440284729004,400,0.02578125
0.6379721164703369,401,-0.012890625
0.6398251056671143,402,-0.167578125
0.6412150859832764,403,-0.4640625
0.643043041229248,404,-1.327734375
0.6451530456542969,405,-0.0515625
0.6465461254119873,406,-0.07734374999999999
0.6477460861206055,407,-0.193359375
0.6489319801330566,408,-0.322265625
0.6500570774078369,409,-0.37382812499999996
0.6512250900268555,410,-0.23203125
0.6523611545562744,411,0.0
0.653508186340332,412,-0.02578125
0.6546180248260498,413,-0.07734374999999999
0.6557250022888184,414,-0.33515625
0.6569011211395264,415,-0.322265625
0.658372163772583,416,-0.9796874999999999
0.6599249839782715,417,-1.611328125
0.6619269847869873,418,-0.02578125
0.6635720729827881,419,-0.02578125
0.6649761199951172,420,-0.193359375
0.6664750576019287,421,-0.43828124999999996
0.6694891452789307,422,-0.21914062499999998
0.6711351871490479,423,-0.012890625
0.6725502014160156,424,-0.270703125
0.6744470596313477,425,-0.23203125
0.676375150680542,426,-1.16015625
0.6777310371398926,427,-0.02578125
0.678941011428833,428,-0.21914062499999998
0.6801149845123291,429,-0.38671875
0.6844801902770996,430,-0.167578125
0.6859781742095947,431,-0.270703125
0.6872379779815674,432,-0.02578125
0.6887409687042236,433,-0.193359375
