time,count,voltage
0.00568699836730957,1,-1.5597656249999998
0.007197856903076172,2,-1.65
0.008581876754760742,3,-0.36093749999999997
0.009944915771484375,4,-0.23203125
0.011677026748657227,5,-0.12890625
0.01323390007019043,6,-0.193359375
0.014927864074707031,7,-0.103125
0.016556978225708008,8,-0.064453125
0.018291950225830078,9,-0.103125
0.019826889038085938,10,-0.0515625
0.021493911743164062,11,-0.7863281249999999
0.023020029067993164,12,-1.546875
0.024406909942626953,13,-0.2578125
0.02576589584350586,14,-0.116015625
0.027107954025268555,15,-0.12890625
0.028581857681274414,16,-0.28359375
0.030292034149169922,17,-0.322265625
0.03194689750671387,18,-0.116015625
0.03378701210021973,19,-0.07734374999999999
0.03567981719970703,20,-0.18046874999999998
0.03742384910583496,21,-0.24492187499999998
0.039263010025024414,22,-1.16015625
0.04090690612792969,23,-0.322265625
0.042569875717163086,24,-0.193359375
0.04473400115966797,25,0.0
0.047590017318725586,26,-0.322265625
0.0493769645690918,27,0.0
0.050949811935424805,28,-0.0515625
0.05304384231567383,29,-0.167578125
0.05521583557128906,30,-0.515625
0.05694293975830078,31,-1.533984375
0.05839896202087402,32,-0.30937499999999996
0.05979585647583008,33,-0.29648437499999997
0.06115603446960449,34,0.0
0.062486886978149414,35,-0.37382812499999996
0.06393599510192871,36,-0.29648437499999997
0.0652778148651123,37,-0.012890625
0.06660103797912598,38,-0.09023437499999999
0.06793594360351562,39,-0.15468749999999998
0.06934881210327148,40,-0.15468749999999998
0.07074189186096191,41,-0.554296875
0.0720968246459961,42,-1.276171875
0.07344484329223633,43,-1.1214843749999999
0.07491397857666016,44,-0.322265625
0.07651281356811523,45,-0.270703125
0.07822299003601074,46,-0.116015625
0.07987594604492188,47,-0.30937499999999996
0.08161687850952148,48,-0.0515625
0.0835268497467041,49,-0.012890625
0.08527398109436035,50,-0.103125
0.08735084533691406,51,-0.02578125
0.0897359848022461,52,-0.928125
0.09256100654602051,53,-0.54140625
0.09458398818969727,54,-0.15468749999999998
0.09604001045227051,55,-0.399609375
0.0977020263671875,56,-0.23203125
0.0996549129486084,57,-0.012890625
0.10108399391174316,58,-0.038671874999999994
0.10231494903564453,59,-0.0515625
0.10347890853881836,60,-0.4125
0.10472893714904785,61,-1.0828125
0.1061398983001709,62,-1.611328125
0.10754895210266113,63,-0.23203125
0.10910892486572266,64,-0.193359375
0.11064481735229492,65,-0.116015625
0.11204290390014648,66,-0.28359375
0.11434292793273926,67,-0.30937499999999996
0.11696887016296387,68,-0.012890625
0.11867189407348633,69,-0.07734374999999999
0.12001681327819824,70,-0.103125
0.12169885635375977,71,-0.928125
0.12505793571472168,72,-1.5726562499999999
0.12643194198608398,73,-0.270703125
0.1276099681854248,74,-0.064453125
0.12877202033996582,75,-0.451171875
0.12987303733825684,76,-0.4125
0.13095903396606445,77,-0.322265625
0.13207387924194336,78,-0.02578125
0.13495898246765137,79,-0.116015625
0.13639593124389648,80,-0.20625
0.1378319263458252,81,-0.8121093749999999
0.1393430233001709,82,-1.4953124999999998
0.14096999168395996,83,-0.5671875
0.1424849033355713,84,-0.167578125
0.14403891563415527,85,-0.012890625
0.14571285247802734,86,-0.2578125
0.14824795722961426,87,-0.20625
0.1499168872833252,88,-0.012890625
0.15137100219726562,89,-0.116015625
0.15323281288146973,90,-0.116015625
0.15501785278320312,91,-0.734765625
0.15642690658569336,92,-1.611328125
0.15767288208007812,93,-0.270703125
0.15880990028381348,94,-0.167578125
0.15993094444274902,95,-0.20625
0.16102290153503418,96,-0.07734374999999999
0.16211986541748047,97,-0.37382812499999996
0.16334986686706543,98,-0.4125
0.16446590423583984,99,-0.2578125
0.16575193405151367,100,-0.02578125
0.16721296310424805,101,-0.07734374999999999
0.16866087913513184,102,-0.20625
0.17017793655395508,103,-0.116015625
0.1716759204864502,104,-0.928125
0.173630952835083,105,-1.6242187499999998
0.17514991760253906,106,-0.33515625
0.17714190483093262,107,-0.21914062499999998
0.17948484420776367,108,-0.09023437499999999
0.18100690841674805,109,0.15468749999999998
0.18255901336669922,110,-0.012890625
0.1845719814300537,111,-0.09023437499999999
0.18614792823791504,112,-0.103125
0.18743896484375,113,-0.64453125
0.1886148452758789,114,-1.2890625
0.18976402282714844,115,-1.65
0.19086384773254395,116,-0.2578125
0.19196486473083496,117,-0.18046874999999998
0.19330883026123047,118,-0.20625
0.19444704055786133,119,0.0
0.19563698768615723,120,-0.348046875
0.19706296920776367,121,-0.37382812499999996
0.19853496551513672,122,-0.09023437499999999
0.20002484321594238,123,-0.103125
0.20158791542053223,124,-0.193359375
0.20312881469726562,125,-0.0515625
0.2047879695892334,126,-0.7734375
0.20624184608459473,127,-1.5082031249999999
0.20862793922424316,128,-0.20625
0.21040081977844238,129,-0.2578125
0.21185684204101562,130,-0.29648437499999997
0.21381187438964844,131,-0.270703125
0.21566987037658691,132,-0.02578125
0.2170419692993164,133,-0.064453125
0.21820998191833496,134,-0.21914062499999998
0.21936297416687012,135,-0.0515625
0.22046995162963867,136,-0.6574218749999999
0.2216348648071289,137,-1.26328125
0.2228238582611084,138,-1.65
0.22396087646484375,139,-0.12890625
0.22506093978881836,140,-0.18046874999999998
0.2262580394744873,141,-0.322265625
0.22763395309448242,142,0.0
0.2290349006652832,143,-0.4125
0.23051691055297852,144,-0.322265625
0.23207688331604004,145,-0.0515625
0.2336409091949463,146,-0.09023437499999999
0.2350759506225586,147,-0.20625
0.2369840145111084,148,-0.0515625
0.23941683769226074,149,-0.837890625
0.2409658432006836,150,-0.476953125
0.24231791496276855,151,-0.103125
0.24428796768188477,152,-0.2578125
0.2462480068206787,153,-0.28359375
0.24757885932922363,154,0.0515625
0.24873590469360352,155,-0.02578125
0.24986791610717773,156,-0.116015625
0.25096988677978516,157,-0.193359375
0.25210094451904297,158,-0.2578125
0.2533400058746338,159,-0.33515625
0.25447583198547363,160,-1.03125
0.25557589530944824,161,-1.5726562499999999
0.25676894187927246,162,-0.30937499999999996
0.25815296173095703,163,-0.30937499999999996
0.2595858573913574,164,-0.116015625
0.26119184494018555,165,-0.20625
0.2628140449523926,166,-0.4640625
0.26433300971984863,167,-0.21914062499999998
0.2657618522644043,168,-0.038671874999999994
0.2677438259124756,169,-0.09023437499999999
0.27018094062805176,170,-0.167578125
0.27167487144470215,171,-0.8507812499999999
0.27310991287231445,172,-1.611328125
0.2749788761138916,173,-0.23203125
0.27684593200683594,174,-0.2578125
0.27815794944763184,175,-0.02578125
0.2793538570404053,176,-0.20625
0.2805440425872803,177,-0.23203125
0.28164196014404297,178,0.012890625
0.2828178405761719,179,-0.064453125
0.2842428684234619,180,-0.116015625
0.28539395332336426,181,-0.193359375
0.2865309715270996,182,-0.2578125
0.28771495819091797,183,-0.966796875
0.28910183906555176,184,-1.4953124999999998
0.29052281379699707,185,-0.4125
0.29211997985839844,186,-0.30937499999999996
0.2938070297241211,187,-0.21914062499999998
0.29532504081726074,188,-0.33515625
0.2968130111694336,189,-0.270703125
0.29865193367004395,190,-0.116015625
0.3009319305419922,191,-0.02578125
0.3025028705596924,192,-0.167578125
0.30420899391174316,193,-0.42539062499999997
0.30609583854675293,194,-1.2503906249999999
0.3078269958496094,195,-0.515625
0.3091390132904053,196,-0.167578125
0.3103208541870117,197,-0.167578125
0.31143999099731445,198,-0.36093749999999997
0.31262993812561035,199,-0.48984374999999997
0.3138258457183838,200,-0.36093749999999997
0.31493186950683594,201,-0.012890625
0.3160378932952881,202,-0.0515625
0.31719398498535156,203,-0.07734374999999999
0.3183908462524414,204,-0.29648437499999997
0.31978797912597656,205,-0.103125
0.32120490074157715,206,-0.825
0.3227698802947998,207,-1.5082031249999999
0.32438087463378906,208,-0.399609375
0.3259010314941406,209,-0.15468749999999998
0.3273918628692627,210,-0.167578125
0.3292880058288574,211,-0.270703125
0.3316168785095215,212,-0.23203125
0.3332178592681885,213,-0.02578125
0.33466601371765137,214,-0.103125
