time,count,voltage
0.004221916198730469,1,-1.65
0.005732059478759766,2,-0.0515625
0.006968021392822266,3,-0.29648437499999997
0.008135080337524414,4,-0.30937499999999996
0.009269952774047852,5,-0.270703125
0.010381937026977539,6,-0.322265625
0.011508941650390625,7,-0.193359375
0.012613058090209961,8,-0.0515625
0.013722896575927734,9,-0.0515625
0.01485300064086914,10,-0.103125
0.022022008895874023,11,-0.515625
0.023337125778198242,12,-0.193359375
0.02457904815673828,13,-0.30937499999999996
0.025901079177856445,14,-0.167578125
0.027194976806640625,15,-0.193359375
0.02841496467590332,16,-0.038671874999999994
0.02958989143371582,17,-0.012890625
0.03076004981994629,18,-0.103125
0.05127310752868652,19,-0.24492187499999998
0.052709102630615234,20,-0.012890625
0.05391192436218262,21,-1.533984375
0.05510592460632324,22,-0.322265625
0.05623602867126465,23,-0.20625
0.057353973388671875,24,-0.37382812499999996
0.05846810340881348,25,-0.167578125
0.05959796905517578,26,-0.4125
0.06070399284362793,27,-0.399609375
0.06180095672607422,28,-0.0515625
0.0632009506225586,29,-0.038671874999999994
0.0645139217376709,30,-0.18046874999999998
0.06570196151733398,31,-0.4125
0.06684112548828125,32,-0.515625
0.06798005104064941,33,-0.95390625
0.0690920352935791,34,-1.5597656249999998
0.07021808624267578,35,-0.167578125
0.07134699821472168,36,-0.12890625
0.07245397567749023,37,-0.33515625
0.07355499267578125,38,-0.4125
0.07465696334838867,39,-0.21914062499999998
0.07578301429748535,40,-0.36093749999999997
0.07689905166625977,41,-0.43828124999999996
0.07800912857055664,42,-0.28359375
0.07911491394042969,43,-0.0515625
0.08021092414855957,44,-0.012890625
0.08130502700805664,45,-0.12890625
0.08250308036804199,46,-0.502734375
0.08382391929626465,47,-0.631640625
0.08530306816101074,48,-1.0828125
0.08674097061157227,49,-1.65
0.08826208114624023,50,-0.167578125
0.08967709541320801,51,-0.4125
0.09107112884521484,52,-0.4640625
0.09251189231872559,53,0.0
0.0950779914855957,54,-0.18046874999999998
0.09670209884643555,55,-0.012890625
0.09807610511779785,56,-0.064453125
0.09999489784240723,57,-0.4125
0.1017920970916748,58,-0.515625
0.10307908058166504,59,-1.533984375
0.10424304008483887,60,-0.012890625
0.10546302795410156,61,-0.20625
0.1066288948059082,62,-0.270703125
0.10776209831237793,63,-0.36093749999999997
0.10889291763305664,64,-0.09023437499999999
0.11001205444335938,65,-0.2578125
0.11113190650939941,66,-0.21914062499999998
0.1122429370880127,67,0.0
0.11341691017150879,68,-0.012890625
0.11632204055786133,69,-0.15468749999999998
0.11819005012512207,70,-0.29648437499999997
0.11989212036132812,71,-1.276171875
0.12135601043701172,72,0.0
0.1228489875793457,73,-0.399609375
0.12526798248291016,74,-0.38671875
0.12754011154174805,75,-0.167578125
0.12906193733215332,76,0.451171875
0.13116097450256348,77,-0.012890625
0.13282108306884766,78,-0.21914062499999998
0.13412189483642578,79,-0.36093749999999997
0.13533592224121094,80,-1.095703125
0.1364879608154297,81,-1.65
0.13760900497436523,82,-0.02578125
0.13872003555297852,83,-0.20625
0.13984107971191406,84,-0.21914062499999998
0.14095091819763184,85,-0.322265625
0.1420760154724121,86,0.0
0.1431879997253418,87,-0.30937499999999996
0.14439010620117188,88,-0.20625
0.14586591720581055,89,0.012890625
0.14734911918640137,90,-0.02578125
0.14888501167297363,91,-0.21914062499999998
0.15045595169067383,92,-0.4640625
0.15183305740356445,93,-0.9796874999999999
0.1531829833984375,94,-1.65
0.15476393699645996,95,-0.02578125
0.157243013381958,96,-0.2578125
0.15882611274719238,97,-0.24492187499999998
0.16032004356384277,98,-0.451171875
0.16232800483703613,99,-0.167578125
0.1638200283050537,100,-0.012890625
0.165147066116333,101,-0.193359375
0.16635608673095703,102,-0.5285156249999999
0.16752409934997559,103,-0.64453125
0.1686570644378662,104,-1.3664062499999998
0.16978192329406738,105,-1.65
0.17090106010437012,106,-0.0515625
0.1720259189605713,107,-0.23203125
0.17314696311950684,108,-0.23203125
0.17435598373413086,109,-0.631640625
0.17582011222839355,110,-0.116015625
0.17728805541992188,111,-0.167578125
0.17888593673706055,112,0.09023437499999999
0.18044400215148926,113,-0.02578125
0.18186211585998535,114,-0.103125
0.183305025100708,115,-0.476953125
0.1856980323791504,116,-0.64453125
0.1875901222229004,117,-1.65
0.18896698951721191,118,-0.270703125
0.19092011451721191,119,-0.270703125
0.1926720142364502,120,-0.193359375
0.19399499893188477,121,-0.0515625
0.19530010223388672,122,0.09023437499999999
0.19649410247802734,123,-0.012890625
0.19766712188720703,124,-0.116015625
0.19887495040893555,125,-0.36093749999999997
0.20003199577331543,126,-0.54140625
0.2011709213256836,127,-0.90234375
0.20229101181030273,128,-1.456640625
0.203416109085083,129,-0.0515625
0.20466399192810059,130,-0.12890625
0.20610308647155762,131,-0.322265625
0.20759892463684082,132,-0.322265625
0.20908808708190918,133,-0.20625
0.2106459140777588,134,-0.23203125
0.21206212043762207,135,0.038671874999999994
0.2134549617767334,136,-0.0515625
0.21491694450378418,137,-0.15468749999999998
0.21709203720092773,138,-0.4640625
0.21919798851013184,139,-0.6703125
0.22067499160766602,140,-0.5929687499999999
0.22221899032592773,141,-0.193359375
0.2241840362548828,142,-0.18046874999999998
0.2259371280670166,143,-0.20625
0.2272500991821289,144,-0.07734374999999999
0.22843194007873535,145,-0.038671874999999994
0.22958612442016602,146,-0.02578125
0.23074698448181152,147,-0.167578125
0.2318859100341797,148,-0.33515625
0.23300600051879883,149,-0.580078125
0.2341139316558838,150,-0.6703125
0.2353229522705078,151,-1.327734375
0.23673391342163086,152,-1.65
0.23821306228637695,153,-0.15468749999999998
0.23970603942871094,154,-0.28359375
0.24124789237976074,155,-0.48984374999999997
0.24269604682922363,156,-0.270703125
0.2441561222076416,157,-0.167578125
0.24561595916748047,158,-0.012890625
0.24799704551696777,159,0.0
0.24988007545471191,160,-0.322265625
0.25132298469543457,161,-0.502734375
0.2530229091644287,162,-1.353515625
0.2550539970397949,163,-0.20625
0.2565910816192627,164,-0.2578125
0.257828950881958,165,-0.554296875
0.25899696350097656,166,-0.2578125
0.2601470947265625,167,-0.30937499999999996
0.26128196716308594,168,-0.193359375
0.26240992546081543,169,0.012890625
0.26354312896728516,170,-0.02578125
0.2647130489349365,171,-0.103125
0.2659480571746826,172,-0.515625
0.2673649787902832,173,-0.515625
0.26889610290527344,174,-1.16015625
0.27054405212402344,175,-0.5929687499999999
0.272097110748291,176,-0.21914062499999998
0.27347397804260254,177,-0.193359375
0.27491307258605957,178,-0.37382812499999996
0.27715492248535156,179,-0.42539062499999997
0.2791869640350342,180,-0.02578125
0.2805819511413574,181,-0.012890625
0.282426118850708,182,-0.15468749999999998
0.28429412841796875,183,-0.476953125
0.2857320308685303,184,-1.198828125
0.2869410514831543,185,-0.21914062499999998
0.28809690475463867,186,-0.20625
0.28922510147094727,187,-0.30937499999999996
0.29035210609436035,188,-0.43828124999999996
0.29148292541503906,189,-0.24492187499999998
0.29260993003845215,190,-0.37382812499999996
0.29373693466186523,191,-0.37382812499999996
0.29487109184265137,192,-0.20625
0.29607295989990234,193,0.0
0.2974669933319092,194,-0.0515625
0.298922061920166,195,-0.270703125
0.30040502548217773,196,-0.476953125
0.3019719123840332,197,-0.992578125
0.3034799098968506,198,-1.65
0.3049430847167969,199,-0.18046874999999998
0.3063790798187256,200,-0.348046875
0.3086271286010742,201,-0.322265625
0.31073999404907227,202,-0.33515625
0.31220412254333496,203,0.30937499999999996
0.31394505500793457,204,-0.012890625
0.31592297554016113,205,-0.167578125
0.31746912002563477,206,-0.42539062499999997
0.3187699317932129,207,-1.147265625
0.319943904876709,208,-1.65
0.32107996940612793,209,-0.167578125
0.3222050666809082,210,-0.33515625
0.32332301139831543,211,-0.348046875
0.3245120048522949,212,-0.270703125
0.3256649971008301,213,-0.30937499999999996
0.326915979385376,214,-0.322265625
0.32831597328186035,215,-0.270703125
0.3297550678253174,216,0.0
0.33184289932250977,217,-0.15468749999999998
0.3333709239959717,218,-0.48984374999999997
0.3348541259765625,219,-0.6703125
0.3362579345703125,220,-1.5597656249999998
0.33850908279418945,221,0.0
0.3404819965362549,222,-0.2578125
0.34189391136169434,223,-0.24492187499999998
0.3438549041748047,224,-0.4125
0.3456380367279053,225,-0.012890625
0.34696507453918457,226,-0.038671874999999994
0.34816598892211914,227,-0.103125
0.34931302070617676,228,-0.515625
0.35046911239624023,229,-0.4640625
0.3516099452972412,230,-1.10859375
0.35272812843322754,231,-1.65
0.3538370132446289,232,-0.0515625
0.3550279140472412,233,-0.18046874999999998
0.3561859130859375,234,-0.18046874999999998
0.35739707946777344,235,-0.4125
0.3588130474090576,236,-0.12890625
0.36026906967163086,237,-0.30937499999999996
0.3617680072784424,238,-0.0515625
0.363292932510376,239,-0.02578125
0.3648099899291992,240,-0.116015625
0.36629199981689453,241,-0.4640625
0.3681190013885498,242,-0.515625
0.37044405937194824,243,-1.340625
0.371920108795166,244,-0.20625
0.37364912033081055,245,-0.02578125
0.3757040500640869,246,-0.37382812499999996
0.37711310386657715,247,-0.33515625
0.3783259391784668,248,0.0
0.3794739246368408,249,-0.038671874999999994
0.380626916885376,250,-0.103125
0.3817760944366455,251,-0.322265625
0.38292789459228516,252,-0.580078125
0.3840620517730713,253,-0.708984375
0.3852078914642334,254,-1.353515625
0.3863251209259033,255,-1.65
0.38752198219299316,256,0.0
0.3889191150665283,257,-0.2578125
0.3904099464416504,258,-0.322265625
0.39194798469543457,259,-0.18046874999999998
0.3934929370880127,260,-0.37382812499999996
0.3949270248413086,261,-0.103125
0.39629292488098145,262,-0.038671874999999994
0.398298978805542,263,-0.167578125
0.4005320072174072,264,-0.476953125
0.4019749164581299,265,-0.928125
0.4035971164703369,266,-1.65
0.4056870937347412,267,-0.20625
0.4073030948638916,268,-0.322265625
0.40855908393859863,269,-0.29648437499999997
0.40973806381225586,270,-0.37382812499999996
0.4109010696411133,271,-0.30937499999999996
0.41204404830932617,272,-0.012890625
0.41315603256225586,273,-0.012890625
0.4143049716949463,274,-0.141796875
0.41553807258605957,275,-0.451171875
0.4166910648345947,276,-0.5929687499999999
0.41790294647216797,277,-0.9796874999999999
0.41931891441345215,278,-1.5082031249999999
0.4207899570465088,279,-0.0515625
0.42232704162597656,280,-0.322265625
0.42385292053222656,281,-0.322265625
0.4253959655761719,282,-0.167578125
0.4268639087677002,283,-0.322265625
0.4282560348510742,284,-0.07734374999999999
0.43068695068359375,285,-0.02578125
0.43250203132629395,286,-0.0515625
0.4339029788970947,287,-0.36093749999999997
0.43560791015625,288,-1.018359375
0.4375951290130615,289,-1.65
0.43908095359802246,290,-0.29648437499999997
0.44031310081481934,291,-0.4125
0.4414699077606201,292,-0.21914062499999998
0.4426150321960449,293,-0.270703125
0.4437401294708252,294,-0.37382812499999996
0.44496607780456543,295,-0.193359375
0.44612789154052734,296,-0.0515625
0.4472670555114746,297,-0.09023437499999999
0.4484829902648926,298,-0.2578125
0.4498860836029053,299,-0.580078125
0.4513709545135498,300,-0.7476562499999999
0.45294904708862305,301,-1.546875
0.4545760154724121,302,-0.193359375
0.4561009407043457,303,-0.36093749999999997
0.4575951099395752,304,-0.37382812499999996
0.45931100845336914,305,-0.15468749999999998
0.4619019031524658,306,-0.193359375
0.4635779857635498,307,-0.02578125
0.4650430679321289,308,-0.09023437499999999
0.46684908866882324,309,-0.43828124999999996
0.468782901763916,310,-0.69609375
0.47020411491394043,311,-1.65
0.4714200496673584,312,-0.20625
0.4725649356842041,313,-0.43828124999999996
0.4737110137939453,314,-0.36093749999999997
0.47485899925231934,315,-0.21914062499999998
0.4760100841522217,316,-0.37382812499999996
0.4771449565887451,317,-0.33515625
0.4782869815826416,318,-0.12890625
0.47948503494262695,319,-0.012890625
0.48088908195495605,320,-0.12890625
0.4823451042175293,321,-0.33515625
0.4839029312133789,322,-0.54140625
0.48549604415893555,323,-1.095703125
0.48694610595703125,324,-1.4953124999999998
0.48836708068847656,325,-0.167578125
0.4898500442504883,326,-0.20625
0.4916689395904541,327,-0.141796875
0.4941270351409912,328,-0.37382812499999996
0.49576401710510254,329,0.30937499999999996
0.49724507331848145,330,-0.012890625
0.4991879463195801,331,-0.193359375
0.5009489059448242,332,-0.42539062499999997
0.5023078918457031,333,-1.224609375
0.5035240650177002,334,-0.23203125
0.5047121047973633,335,-0.167578125
0.5059139728546143,336,-0.36093749999999997
0.507086992263794,337,-0.476953125
0.508220911026001,338,-0.167578125
0.5094249248504639,339,-0.4125
0.5108439922332764,340,-0.4640625
0.5122880935668945,341,0.0
0.5137410163879395,342,-0.0515625
0.5153748989105225,343,-0.116015625
0.5169188976287842,344,-0.515625
0.5184159278869629,345,-0.9410156249999999
0.5197958946228027,346,-1.65
0.52205491065979,347,-0.103125
0.5240700244903564,348,-0.2578125
0.5256049633026123,349,-0.30937499999999996
0.5272319316864014,350,-0.23203125
0.5292010307312012,351,-0.02578125
0.530803918838501,352,-0.02578125
0.5320839881896973,353,-0.23203125
0.5332551002502441,354,-0.4640625
0.5344610214233398,355,-0.837890625
0.5356369018554688,356,-1.46953125
0.5367720127105713,357,-0.23203125
0.5378909111022949,358,-0.20625
0.539017915725708,359,-0.2578125
0.5402259826660156,360,-0.33515625
0.5416181087493896,361,-0.167578125
0.5430960655212402,362,-0.18046874999999998
0.5447258949279785,363,-0.02578125
0.5462400913238525,364,0.0
0.5477190017700195,365,-0.18046874999999998
0.5491681098937988,366,-0.348046875
0.5507569313049316,367,-0.4640625
0.553278923034668,368,-1.1214843749999999
0.5549631118774414,369,-0.167578125
0.5563509464263916,370,-0.322265625
0.5581450462341309,371,-0.270703125
0.5600979328155518,372,-0.36093749999999997
0.5615799427032471,373,0.0515625
0.562885046005249,374,0.0
0.5640749931335449,375,-0.103125
0.5652530193328857,376,-0.322265625
0.5664029121398926,377,-0.4640625
0.5675489902496338,378,-0.6574218749999999
0.5686841011047363,379,-1.340625
0.56980299949646,380,-1.65
0.5709969997406006,381,-0.21914062499999998
0.5724201202392578,382,-0.348046875
0.5739140510559082,383,-0.54140625
0.5754148960113525,384,-0.399609375
0.5769810676574707,385,-0.322265625
0.5783779621124268,386,0.012890625
0.5797719955444336,387,-0.02578125
0.581589937210083,388,-0.103125
0.5839741230010986,389,-0.42539062499999997
0.5854949951171875,390,-0.9410156249999999
0.5870358943939209,391,-1.65
0.5889849662780762,392,-0.270703125
0.5908050537109375,393,-0.270703125
0.5923418998718262,394,-0.167578125
0.5937409400939941,395,-0.193359375
0.5950379371643066,396,0.038671874999999994
0.5962109565734863,397,-0.012890625
0.5973460674285889,398,-0.07734374999999999
0.5984880924224854,399,-0.322265625
0.5996201038360596,400,-0.5671875
0.6007390022277832,401,-0.6832031249999999
0.6019361019134521,402,-1.340625
0.6033430099487305,403,-1.353515625
0.604820966720581,404,-0.20625
0.6063539981842041,405,-0.21914062499999998
0.6079010963439941,406,-0.33515625
0.6092760562896729,407,-0.36093749999999997
0.6108078956604004,408,-0.33515625
0.6121809482574463,409,-0.012890625
0.614591121673584,410,-0.02578125
0.6165320873260498,411,-0.20625
0.6179850101470947,412,-0.5285156249999999
0.6197109222412109,413,-1.353515625
0.62174391746521,414,-0.20625
0.623236894607544,415,-0.20625
0.6245160102844238,416,-0.29648437499999997
0.6256980895996094,417,-0.348046875
0.6268410682678223,418,-0.4125
0.6279890537261963,419,-0.21914062499999998
0.6291060447692871,420,0.0
0.6302299499511719,421,-0.038671874999999994
0.6313660144805908,422,-0.167578125
0.6325609683990479,423,-0.515625
0.6339559555053711,424,-0.48984374999999997
0.6354329586029053,425,-1.1859374999999999
0.6369891166687012,426,-0.9410156249999999
0.6385810375213623,427,-0.167578125
0.6399939060211182,428,-0.116015625
0.641334056854248,429,-0.20625
0.643455982208252,430,-0.30937499999999996
0.6456389427185059,431,-0.116015625
0.647097110748291,432,-0.012890625
