time,count,voltage
0.004122018814086914,1,-0.37382812499999996
0.005405902862548828,2,-0.502734375
0.006578922271728516,3,-1.1859374999999999
0.0077168941497802734,4,-1.65
0.008842945098876953,5,0.012890625
0.0099639892578125,6,-0.103125
0.011072874069213867,7,-0.270703125
0.012362957000732422,8,-0.631640625
0.013839006423950195,9,-0.193359375
0.015351057052612305,10,-0.167578125
0.01678299903869629,11,0.012890625
0.018258094787597656,12,-0.012890625
0.019516944885253906,13,-0.02578125
0.020682096481323242,14,-0.43828124999999996
0.021853923797607422,15,-0.554296875
0.022980928421020508,16,-1.147265625
0.02410292625427246,17,-1.65
0.02520298957824707,18,0.0
0.02629709243774414,19,-0.02578125
0.027551889419555664,20,-0.12890625
0.029009103775024414,21,-0.43828124999999996
0.03048110008239746,22,-0.23203125
0.03209090232849121,23,-0.20625
0.03358101844787598,24,0.012890625
0.03491091728210449,25,0.012890625
0.03632497787475586,26,-0.012890625
0.03770899772644043,27,-0.43828124999999996
0.03941202163696289,28,-0.6187499999999999
0.04177594184875488,29,-1.4953124999999998
0.043884992599487305,30,0.0
0.04532504081726074,31,-0.29648437499999997
0.047026872634887695,32,-0.36093749999999997
0.04905891418457031,33,-0.399609375
0.05059099197387695,34,0.012890625
0.0518338680267334,35,0.0
0.05302095413208008,36,-0.0515625
0.054164886474609375,37,-0.4640625
0.05554795265197754,38,-0.5929687499999999
0.05681896209716797,39,-1.2890625
0.0580439567565918,40,0.0
0.05919790267944336,41,0.0
0.060337066650390625,42,-0.20625
0.06145310401916504,43,-0.167578125
0.06256699562072754,44,-0.48984374999999997
0.06368303298950195,45,-0.30937499999999996
0.06479001045227051,46,-0.36093749999999997
0.06592202186584473,47,-0.167578125
0.06703901290893555,48,0.012890625
0.06815505027770996,49,-0.012890625
0.06926488876342773,50,-0.012890625
0.07036590576171875,51,-0.36093749999999997
0.07146906852722168,52,-0.6187499999999999
0.07257390022277832,53,-1.018359375
0.07367801666259766,54,-1.5726562499999999
0.07478094100952148,55,0.0
0.07587289810180664,56,-0.012890625
0.07697391510009766,57,-0.270703125
0.07812809944152832,58,-0.270703125
0.07934904098510742,59,-0.38671875
0.08057904243469238,60,-0.37382812499999996
0.08204007148742676,61,-0.322265625
0.08348202705383301,62,-0.012890625
0.08506202697753906,63,0.0
0.08648991584777832,64,-0.0515625
0.08779692649841309,65,-0.43828124999999996
0.08928990364074707,66,-0.6703125
0.09157299995422363,67,-1.4953124999999998
0.09346604347229004,68,0.0
0.09485507011413574,69,-0.20625
0.09668397903442383,70,-0.33515625
0.09856390953063965,71,-0.20625
0.09989094734191895,72,0.30937499999999996
0.10109400749206543,73,0.0
0.10224604606628418,74,-0.012890625
0.103363037109375,75,-0.2578125
0.10447001457214355,76,-0.580078125
0.1055750846862793,77,-0.760546875
0.10668301582336426,78,-1.4308593749999998
0.10778188705444336,79,0.0
0.10894989967346191,80,0.0
0.11013388633728027,81,-0.103125
0.11152887344360352,82,-0.20625
0.11298799514770508,83,-0.7218749999999999
0.11447501182556152,84,-0.29648437499999997
0.11603307723999023,85,-0.09023437499999999
0.11747407913208008,86,0.0
0.11890602111816406,87,-0.02578125
0.12032890319824219,88,-0.18046874999999998
0.12235307693481445,89,-0.580078125
0.12456607818603516,90,-1.095703125
0.1260700225830078,91,0.0
0.1275010108947754,92,-0.21914062499999998
0.1294100284576416,93,-0.33515625
0.13124990463256836,94,-0.116015625
0.1326279640197754,95,0.193359375
0.1338489055633545,96,0.0
0.13498306274414062,97,-0.012890625
0.13610506057739258,98,-0.02578125
0.13721203804016113,99,-0.451171875
0.1383368968963623,100,-0.6703125
0.139448881149292,101,-1.134375
0.14062809944152832,102,-1.65
0.14201807975769043,103,0.0
0.14348101615905762,104,-0.0515625
0.14494609832763672,105,-0.18046874999999998
0.1465320587158203,106,-0.4640625
0.14806389808654785,107,-0.167578125
0.14960098266601562,108,-0.012890625
0.15105104446411133,109,0.0
0.1529550552368164,110,-0.0515625
0.15518498420715332,111,-0.2578125
0.15671706199645996,112,-0.9152343749999999
0.1582190990447998,113,-0.837890625
0.16014409065246582,114,-0.012890625
0.1619429588317871,115,-0.103125
0.16326403617858887,116,-0.270703125
0.1644580364227295,117,-0.399609375
0.1656038761138916,118,-0.2578125
0.1667618751525879,119,0.012890625
0.16788291931152344,120,0.0
0.1690680980682373,121,-0.0515625
0.17018795013427734,122,-0.322265625
0.1713709831237793,123,-0.580078125
0.17277193069458008,124,-0.9410156249999999
0.1742548942565918,125,-1.6242187499999998
0.17579293251037598,126,0.0
0.17732000350952148,127,-0.103125
0.17875194549560547,128,-0.322265625
0.18015289306640625,129,-0.2578125
0.1819748878479004,130,-0.36093749999999997
0.184251070022583,131,-0.07734374999999999
0.18572592735290527,132,-0.012890625
0.18737387657165527,133,-0.2578125
0.18976807594299316,134,-0.554296875
0.19129490852355957,135,-1.546875
0.19260597229003906,136,0.0
0.1938629150390625,137,-0.193359375
0.1951000690460205,138,-0.29648437499999997
0.19634389877319336,139,-0.69609375
0.1975860595703125,140,-0.2578125
0.1990070343017578,141,-0.18046874999999998
0.20459794998168945,142,0.012890625
0.2067101001739502,143,-0.012890625
0.20852303504943848,144,-1.3664062499999998
0.21017789840698242,145,0.0
0.2129979133605957,146,-0.07734374999999999
0.21507906913757324,147,-0.20625
0.21741008758544922,148,0.28359375
0.21948909759521484,149,0.012890625
0.2209310531616211,150,-0.270703125
0.2222270965576172,151,-0.580078125
0.22348594665527344,152,-1.276171875
0.22472691535949707,153,-0.02578125
0.22594690322875977,154,-0.012890625
0.22716999053955078,155,-0.15468749999999998
0.22842907905578613,156,-0.28359375
0.22966694831848145,157,-0.33515625
0.23550701141357422,158,-0.2578125
0.23754501342773438,159,-0.20625
0.23949289321899414,160,-0.476953125
0.24124908447265625,161,-1.2890625
0.24407005310058594,162,0.0
0.24587392807006836,163,-0.167578125
0.24790596961975098,164,-0.20625
0.25029897689819336,165,-0.07734374999999999
0.25180602073669434,166,0.0
0.25313687324523926,167,-0.02578125
0.2544059753417969,168,-0.43828124999999996
0.25565409660339355,169,-0.631640625
0.2569849491119385,170,-1.405078125
0.2582979202270508,171,0.0
0.26192307472229004,172,0.012890625
0.2636840343475342,173,-0.167578125
0.2654280662536621,174,-0.29648437499999997
0.2669980525970459,175,-0.012890625
0.2689809799194336,176,0.0
0.2708699703216553,177,-0.064453125
0.27347588539123535,178,-0.4640625
0.27556395530700684,179,-1.3792968749999999
0.2776470184326172,180,-0.0515625
0.2801980972290039,181,-0.270703125
0.2818589210510254,182,-0.167578125
0.28316688537597656,183,0.193359375
0.2844810485839844,184,0.0
0.28577589988708496,185,-0.012890625
0.28700804710388184,186,-0.28359375
0.28835391998291016,187,-0.605859375
0.2896139621734619,188,-1.00546875
0.29083991050720215,189,-1.65
0.29695892333984375,190,0.0
0.29956507682800293,191,-0.103125
0.30162596702575684,192,0.012890625
0.3044099807739258,193,-0.038671874999999994
0.30640387535095215,194,-0.43828124999999996
0.30860400199890137,195,-1.46953125
0.31102895736694336,196,0.0
0.31252288818359375,197,-0.322265625
0.313823938369751,198,-0.064453125
0.31507086753845215,199,-0.18046874999999998
0.3163440227508545,200,0.038671874999999994
0.31757688522338867,201,0.0
0.3188910484313965,202,-0.02578125
0.32013893127441406,203,-0.15468749999999998
0.3213679790496826,204,-0.54140625
0.32878708839416504,205,-0.8507812499999999
0.3309199810028076,206,-1.5082031249999999
0.3326420783996582,207,-0.6187499999999999
0.3353738784790039,208,0.0
0.337522029876709,209,-0.038671874999999994
0.33942508697509766,210,-0.4125
0.34191107749938965,211,-1.26328125
0.3434610366821289,212,0.0
0.34479498863220215,213,-0.116015625
0.346052885055542,214,-0.36093749999999997
0.3472900390625,215,-0.322265625
0.34877610206604004,216,-0.2578125
0.3502330780029297,217,0.012890625
0.35150694847106934,218,0.0
0.3563709259033203,219,-0.0515625
0.358165979385376,220,-0.399609375
0.3602030277252197,221,0.0
0.362576961517334,222,-0.09023437499999999
0.36565399169921875,223,-0.20625
0.36759090423583984,224,0.30937499999999996
0.369596004486084,225,-0.012890625
0.3717498779296875,226,-0.270703125
0.37328505516052246,227,-0.7863281249999999
0.37461090087890625,228,-1.65
0.3758690357208252,229,0.0
0.3771090507507324,230,-0.15468749999999998
0.3783888816833496,231,-0.23203125
0.37963008880615234,232,-0.69609375
0.38087010383605957,233,-0.2578125
0.3822469711303711,234,-0.20625
0.388416051864624,235,0.0
0.3902139663696289,236,-0.012890625
0.39206504821777344,237,-1.0828125
0.3940858840942383,238,-0.07734374999999999
0.39681506156921387,239,-0.064453125
0.39873504638671875,240,-0.29648437499999997
0.40108799934387207,241,0.193359375
0.4028499126434326,242,0.0
0.40419602394104004,243,-0.322265625
0.4054830074310303,244,-0.515625
0.4067380428314209,245,-1.198828125
0.40807294845581055,246,-0.734765625
0.40937304496765137,247,0.0
0.410628080368042,248,-0.2578125
0.4118649959564209,249,-0.322265625
0.4131050109863281,250,-0.2578125
0.4190058708190918,251,-0.37382812499999996
0.4210700988769531,252,-0.2578125
0.4229309558868408,253,-0.4125
0.42504096031188965,254,-1.340625
0.4276139736175537,255,0.0
0.42940592765808105,256,-0.322265625
0.43198609352111816,257,-0.15468749999999998
0.4338510036468506,258,0.24492187499999998
0.4351990222930908,259,0.012890625
0.4364759922027588,260,-0.0515625
0.43772196769714355,261,-0.48984374999999997
0.4389979839324951,262,-0.605859375
0.44025206565856934,263,-1.353515625
0.44148802757263184,264,0.0
0.44270896911621094,265,0.0
0.44392991065979004,266,-0.21914062499999998
0.44987988471984863,267,-0.37382812499999996
0.45198607444763184,268,-0.30937499999999996
0.45397090911865234,269,-0.02578125
0.45641493797302246,270,-0.4640625
0.45870494842529297,271,-1.1859374999999999
0.46053290367126465,272,-0.09023437499999999
0.46289491653442383,273,-0.23203125
0.4646899700164795,274,-0.064453125
0.46602797508239746,275,0.193359375
0.46728992462158203,276,0.012890625
0.4685649871826172,277,-0.012890625
0.46982908248901367,278,-0.0515625
0.4710578918457031,279,-0.502734375
0.4722769260406494,280,-0.6703125
0.4735119342803955,281,-1.3664062499999998
0.4747428894042969,282,0.0
0.48056888580322266,283,0.0
0.4830338954925537,284,-0.15468749999999998
0.4849660396575928,285,0.0
0.48729610443115234,286,-0.02578125
0.489656925201416,287,-0.4125
0.491455078125,288,-1.3921875
0.49377989768981934,289,0.012890625
0.49538302421569824,290,-0.141796875
0.4967019557952881,291,-0.270703125
0.4980480670928955,292,-0.43828124999999996
0.49935007095336914,293,-0.21914062499999998
0.5006110668182373,294,0.012890625
0.5019059181213379,295,0.0
0.5031778812408447,296,-0.07734374999999999
0.5044209957122803,297,-0.4640625
0.5056469440460205,298,-0.6703125
0.511570930480957,299,-1.3792968749999999
0.5136170387268066,300,0.0
0.5157918930053711,301,-0.193359375
0.517935037612915,302,0.141796875
0.5205719470977783,303,-0.012890625
0.5222430229187012,304,-0.4125
0.5245950222015381,305,-1.1214843749999999
0.5263829231262207,306,0.0
0.5277309417724609,307,-0.193359375
0.5290451049804688,308,-0.5671875
0.5303030014038086,309,-0.141796875
0.53153395652771,310,-0.270703125
0.5327930450439453,311,-0.064453125
0.5341711044311523,312,0.012890625
0.5354049205780029,313,-0.012890625
0.5366299152374268,314,-0.15468749999999998
0.5425090789794922,315,-0.554296875
0.5445959568023682,316,-0.7218749999999999
0.5464510917663574,317,-0.42539062499999997
0.5487570762634277,318,-0.37382812499999996
0.5514030456542969,319,-0.012890625
0.5532159805297852,320,-0.012890625
0.5554800033569336,321,-0.4125
0.5571351051330566,322,-0.90234375
0.5584909915924072,323,0.0
0.559769868850708,324,-0.0515625
0.5610120296478271,325,-0.103125
0.5622439384460449,326,-0.4640625
0.5635368824005127,327,-0.24492187499999998
0.5648539066314697,328,-0.37382812499999996
0.5661320686340332,329,-0.103125
0.5673699378967285,330,0.0
0.5733940601348877,331,-0.012890625
0.5753920078277588,332,-0.064453125
0.577246904373169,333,-0.09023437499999999
0.5797159671783447,334,-0.09023437499999999
0.582305908203125,335,-0.30937499999999996
0.5843019485473633,336,0.451171875
0.5865318775177002,337,0.012890625
0.5881021022796631,338,-0.322265625
0.5894670486450195,339,-0.69609375
0.591562032699585,340,-1.5082031249999999
0.5934128761291504,341,0.0
0.5947659015655518,342,-0.15468749999999998
0.5960850715637207,343,-0.37382812499999996
0.5973629951477051,344,-0.348046875
0.6028790473937988,345,-0.2578125
0.605004072189331,346,0.0
0.6067719459533691,347,-0.554296875
0.6083700656890869,348,-1.611328125
0.6111180782318115,349,-0.02578125
0.6131088733673096,350,-0.2578125
0.6149580478668213,351,-0.33515625
0.6172420978546143,352,-0.012890625
0.6189370155334473,353,0.0
0.6202669143676758,354,-0.167578125
0.6215519905090332,355,-0.5285156249999999
0.6228179931640625,356,-0.928125
0.6240510940551758,357,-1.6242187499999998
0.6252760887145996,358,0.0
0.6264920234680176,359,-0.064453125
0.6277070045471191,360,-0.167578125
0.6334478855133057,361,-0.48984374999999997
0.6354870796203613,362,-0.20625
0.6373589038848877,363,-0.02578125
0.6397218704223633,364,-0.48984374999999997
0.64215087890625,365,-1.224609375
0.6438829898834229,366,-0.0515625
0.6461949348449707,367,-0.141796875
0.6482729911804199,368,-0.2578125
0.6498370170593262,369,0.18046874999999998
0.6511290073394775,370,0.0
0.6523809432983398,371,-0.012890625
0.6536190509796143,372,-0.24492187499999998
0.6548569202423096,373,-0.580078125
0.6560840606689453,374,-0.992578125
0.6573019027709961,375,-1.611328125
0.6586709022521973,376,0.0
0.6644721031188965,377,-0.012890625
0.6665420532226562,378,-0.0515625
0.6683681011199951,379,-0.012890625
0.6702148914337158,380,-0.012890625
0.6729838848114014,381,-0.4125
0.674731969833374,382,-1.340625
0.6768579483032227,383,0.012890625
0.6790258884429932,384,-0.09023437499999999
0.6804749965667725,385,-0.2578125
0.6817700862884521,386,-0.21914062499999998
0.6830260753631592,387,0.012890625
0.684269905090332,388,0.0
0.6855010986328125,389,-0.0515625
0.686737060546875,390,-0.193359375
0.6879980564117432,391,-0.54140625
0.6892580986022949,392,-0.7863281249999999
0.695281982421875,393,-1.4953124999999998
0.6972150802612305,394,0.0
0.6993350982666016,395,-0.21914062499999998
0.7012948989868164,396,0.0
0.7031090259552002,397,-0.02578125
0.7050039768218994,398,-0.399609375
0.70778489112854,399,-0.6703125
0.7096269130706787,400,-0.12890625
0.7117249965667725,401,-0.103125
0.7138199806213379,402,-0.476953125
0.7154099941253662,403,-0.4125
0.7168669700622559,404,-0.012890625
0.7182340621948242,405,-0.012890625
0.7195429801940918,406,-0.012890625
0.728471040725708,407,-0.42539062499999997
0.73036789894104,408,-0.580078125
0.733083963394165,409,-0.37382812499999996
0.7348060607910156,410,0.0
0.7364280223846436,411,-0.02578125
0.738692045211792,412,-0.399609375
0.7402889728546143,413,-0.90234375
0.7416400909423828,414,0.0
0.7429060935974121,415,0.0
0.744157075881958,416,-0.167578125
0.7454080581665039,417,-0.4125
0.7466380596160889,418,-0.29648437499999997
0.7478759288787842,419,-0.43828124999999996
0.7493810653686523,420,-0.2578125
0.7586369514465332,421,0.0
0.7612290382385254,422,-0.012890625
0.764164924621582,423,-0.270703125
0.7662959098815918,424,0.09023437499999999
0.7688050270080566,425,0.0
0.770456075668335,426,-0.012890625
0.7718188762664795,427,-0.4125
0.7731649875640869,428,-0.9796874999999999
0.774461030960083,429,-1.65
0.775688886642456,430,0.0
0.7769379615783691,431,-0.20625
0.7782928943634033,432,-0.23203125
0.7795710563659668,433,-0.4640625
0.7881639003753662,434,-0.23203125
0.790086030960083,435,-0.15468749999999998
0.7924859523773193,436,-1.5597656249999998
0.7948410511016846,437,0.0
0.79659104347229,438,-0.43828124999999996
0.7990260124206543,439,-0.2578125
0.801063060760498,440,0.30937499999999996
0.8024749755859375,441,-0.012890625
0.8037478923797607,442,-0.30937499999999996
0.8050179481506348,443,-0.605859375
0.8062779903411865,444,-1.044140625
