time,count,voltage
0.005513906478881836,1,-1.3019531249999998
0.0071599483489990234,2,-0.4125
0.008603096008300781,3,-0.30937499999999996
0.009999990463256836,4,-0.33515625
0.011364936828613281,5,-0.5285156249999999
0.012758016586303711,6,-0.33515625
0.014127969741821289,7,-0.012890625
0.015486955642700195,8,-0.116015625
0.017067909240722656,9,-0.29648437499999997
0.01880502700805664,10,-0.515625
0.02050304412841797,11,-1.0570312499999999
0.022259950637817383,12,-1.611328125
0.023825883865356445,13,-0.29648437499999997
0.025506019592285156,14,-0.23203125
0.02697896957397461,15,-0.2578125
0.028377056121826172,16,-0.37382812499999996
0.02977895736694336,17,-0.167578125
0.031152009963989258,18,-0.012890625
0.03269696235656738,19,-0.167578125
0.034388065338134766,20,-0.37382812499999996
0.03608989715576172,21,-0.451171875
0.03777503967285156,22,-1.2890625
0.039663076400756836,23,-0.322265625
0.0413670539855957,24,-0.43828124999999996
0.04313802719116211,25,-0.29648437499999997
0.04473996162414551,26,-0.29648437499999997
0.046501874923706055,27,-0.116015625
0.04808306694030762,28,-0.012890625
0.049855947494506836,29,-0.20625
0.05286288261413574,30,-0.43828124999999996
0.0548090934753418,31,-1.10859375
0.056385040283203125,32,-0.2578125
0.05837106704711914,33,-0.4640625
0.060643911361694336,34,-0.2578125
0.06285500526428223,35,-0.29648437499999997
0.06441998481750488,36,-0.0515625
0.06561708450317383,37,-0.20625
0.06681299209594727,38,-0.4125
0.06799793243408203,39,-0.515625
0.06914496421813965,40,-0.825
0.07027292251586914,41,-1.3921875
0.07139301300048828,42,-0.9796874999999999
0.07253599166870117,43,-0.12890625
0.07364702224731445,44,-0.37382812499999996
0.07475996017456055,45,-0.322265625
0.07585787773132324,46,-0.24492187499999998
0.07696700096130371,47,-0.24492187499999998
0.07811999320983887,48,-0.36093749999999997
0.07926201820373535,49,-0.30937499999999996
0.0803830623626709,50,-0.0515625
0.08148694038391113,51,-0.07734374999999999
0.08266496658325195,52,-0.2578125
0.08377790451049805,53,-0.502734375
0.08489298820495605,54,-0.580078125
0.08601093292236328,55,-0.992578125
0.08712506294250488,56,-1.52109375
0.08823204040527344,57,-0.15468749999999998
0.08934688568115234,58,-0.2578125
0.09045696258544922,59,-0.33515625
0.09155702590942383,60,-0.30937499999999996
0.09282994270324707,61,-0.193359375
0.09406709671020508,62,-0.30937499999999996
0.09549689292907715,63,-0.33515625
0.09694099426269531,64,-0.193359375
0.09846687316894531,65,-0.064453125
0.09993505477905273,66,-0.18046874999999998
0.10131692886352539,67,-0.4640625
0.10275101661682129,68,-0.64453125
0.1049659252166748,69,-1.405078125
0.1069340705871582,70,-0.36093749999999997
0.10833907127380371,71,-0.21914062499999998
0.11025094985961914,72,-0.270703125
0.11219096183776855,73,-0.116015625
0.11350107192993164,74,0.24492187499999998
0.11466789245605469,75,-0.02578125
0.11579394340515137,76,-0.322265625
0.1169290542602539,77,-0.476953125
0.11806201934814453,78,-0.64453125
0.11923003196716309,79,-0.9410156249999999
0.12035703659057617,80,-1.46953125
0.12147903442382812,81,0.012890625
0.12274789810180664,82,-0.193359375
0.12416887283325195,83,-0.4125
0.12561702728271484,84,-0.2578125
0.12707901000976562,85,-0.2578125
0.12865209579467773,86,-0.322265625
0.13010096549987793,87,-0.064453125
0.13148903846740723,88,-0.0515625
0.13301801681518555,89,-0.193359375
0.13509893417358398,90,-0.4125
0.13729405403137207,91,-0.6703125
0.13878107070922852,92,-0.837890625
0.14027810096740723,93,-0.37382812499999996
0.14221787452697754,94,-0.270703125
0.1439669132232666,95,-0.193359375
0.14529895782470703,96,-0.20625
0.14650702476501465,97,-0.02578125
0.1476449966430664,98,-0.103125
0.14878201484680176,99,-0.167578125
0.14991497993469238,100,-0.37382812499999996
0.15104198455810547,101,-0.6187499999999999
0.15224695205688477,102,-0.734765625
0.15349102020263672,103,-1.353515625
0.1549079418182373,104,-1.65
0.15634989738464355,105,-0.193359375
0.15790987014770508,106,-0.4125
0.15945792198181152,107,-0.322265625
0.1609020233154297,108,-0.399609375
0.1624748706817627,109,-0.37382812499999996
0.1642298698425293,110,-0.012890625
0.16662001609802246,111,-0.064453125
0.16834592819213867,112,-0.33515625
0.16974186897277832,113,-0.6703125
0.17144203186035156,114,-1.456640625
0.17350292205810547,115,-0.193359375
0.17494988441467285,116,-0.399609375
0.17615008354187012,117,-0.270703125
0.17730188369750977,118,-0.33515625
0.17844295501708984,119,-0.4640625
0.17955994606018066,120,-0.30937499999999996
0.18074893951416016,121,-0.012890625
0.18191909790039062,122,-0.0515625
0.18305706977844238,123,-0.30937499999999996
0.1842670440673828,124,-0.6187499999999999
0.1856839656829834,125,-0.605859375
0.1871349811553955,126,-1.3019531249999998
0.18869709968566895,127,-0.12890625
0.19028091430664062,128,-0.270703125
0.1917879581451416,129,-0.167578125
0.19327592849731445,130,-0.29648437499999997
0.19491887092590332,131,-0.2578125
0.19737887382507324,132,-0.15468749999999998
0.19900989532470703,133,-0.064453125
0.20039892196655273,134,-0.23203125
0.20215988159179688,135,-0.42539062499999997
0.20414304733276367,136,-0.9410156249999999
0.20558595657348633,137,-0.270703125
0.20679688453674316,138,-0.4640625
0.2079479694366455,139,-0.20625
0.20907998085021973,140,-0.270703125
0.21020793914794922,141,-0.193359375
0.21131587028503418,142,-0.37382812499999996
0.2124640941619873,143,-0.38671875
0.2135910987854004,144,-0.02578125
0.21478986740112305,145,-0.103125
0.2161879539489746,146,-0.2578125
0.21762299537658691,147,-0.502734375
0.21918296813964844,148,-0.5285156249999999
0.22072601318359375,149,-1.26328125
0.22229504585266113,150,-0.167578125
0.22427797317504883,151,-0.36093749999999997
0.22651004791259766,152,-0.29648437499999997
0.22931504249572754,153,-0.270703125
0.23100590705871582,154,0.20625
0.2328169345855713,155,-0.141796875
0.2347719669342041,156,-0.36093749999999997
0.23638701438903809,157,-0.554296875
0.2376999855041504,158,-1.4437499999999999
0.23888397216796875,159,-0.116015625
0.24002408981323242,160,-0.322265625
0.24114704132080078,161,-0.451171875
0.24232101440429688,162,-0.30937499999999996
0.24346709251403809,163,-0.167578125
0.24459290504455566,164,-0.36093749999999997
0.2458629608154297,165,-0.33515625
0.24727892875671387,166,-0.012890625
0.24873089790344238,167,-0.012890625
0.25020790100097656,168,-0.30937499999999996
0.2517828941345215,169,-0.48984374999999997
0.2532799243927002,170,-0.928125
0.2547168731689453,171,-1.6242187499999998
0.25603508949279785,172,-0.15468749999999998
0.25850987434387207,173,-0.4125
0.26028895378112793,174,-0.29648437499999997
0.26175594329833984,175,-0.502734375
0.2636220455169678,176,-0.20625
0.26551008224487305,177,-0.0515625
0.2669229507446289,178,-0.21914062499999998
0.2681128978729248,179,-0.476953125
0.26924800872802734,180,-0.7863281249999999
0.27039098739624023,181,-1.3921875
0.27150988578796387,182,-0.43828124999999996
0.27274489402770996,183,-0.21914062499999998
0.2738990783691406,184,-0.399609375
0.27501988410949707,185,-0.322265625
0.2762420177459717,186,-0.2578125
0.277662992477417,187,-0.2578125
0.27910590171813965,188,-0.2578125
0.28064393997192383,189,-0.012890625
0.2821309566497803,190,-0.064453125
0.2836298942565918,191,-0.20625
0.2850649356842041,192,-0.4640625
0.2868199348449707,193,-0.8765624999999999
0.28922295570373535,194,-1.5597656249999998
0.29081201553344727,195,-0.30937499999999996
0.2922649383544922,196,-0.322265625
0.29419898986816406,197,-0.20625
0.29604291915893555,198,-0.23203125
0.29736804962158203,199,-0.012890625
0.29853391647338867,200,-0.12890625
0.29967308044433594,201,-0.2578125
0.300792932510376,202,-0.502734375
0.30194592475891113,203,-0.54140625
0.3030838966369629,204,-1.173046875
0.3041970729827881,205,-1.65
0.3053109645843506,206,-0.02578125
0.3065190315246582,207,-0.29648437499999997
0.3079259395599365,208,-0.605859375
0.3093879222869873,209,-0.30937499999999996
0.310945987701416,210,-0.322265625
0.31263303756713867,211,-0.2578125
0.31467604637145996,212,-0.012890625
0.31643104553222656,213,-0.167578125
0.31882691383361816,214,-0.4125
0.3202979564666748,215,-0.928125
0.32203006744384766,216,-1.65
0.3240039348602295,217,-0.2578125
0.32544994354248047,218,-0.322265625
0.32665109634399414,219,-0.167578125
0.32780003547668457,220,-0.4125
0.3289361000061035,221,-0.37382812499999996
0.33005809783935547,222,-0.064453125
0.3311638832092285,223,-0.064453125
0.33228397369384766,224,-0.20625
0.33339405059814453,225,-0.42539062499999997
0.3345160484313965,226,-0.64453125
0.33562588691711426,227,-0.7734375
0.3368370532989502,228,-1.3792968749999999
0.3382599353790283,229,-1.65
0.3396799564361572,230,-0.15468749999999998
0.3412458896636963,231,-0.399609375
0.3428189754486084,232,-0.23203125
0.3442099094390869,233,-0.33515625
0.34552502632141113,234,-0.270703125
0.34787607192993164,235,-0.0515625
0.34955787658691406,236,-0.07734374999999999
0.35103607177734375,237,-0.33515625
0.3530130386352539,238,-0.33515625
0.3547248840332031,239,-1.2890625
0.35601305961608887,240,-0.193359375
0.35718703269958496,241,-0.30937499999999996
0.3583250045776367,242,-0.2578125
0.35944390296936035,243,-0.23203125
0.3605520725250244,244,-0.36093749999999997
0.3617370128631592,245,-0.4125
0.36287403106689453,246,-0.270703125
0.36398887634277344,247,-0.064453125
0.3650960922241211,248,-0.0515625
0.3662068843841553,249,-0.29648437499999997
0.36740994453430176,250,-0.554296875
0.36881589889526367,251,-0.6832031249999999
0.370258092880249,252,-1.224609375
0.3718709945678711,253,-1.585546875
0.3734738826751709,254,-0.24492187499999998
0.37497401237487793,255,-0.399609375
0.3765079975128174,256,-0.270703125
0.3784339427947998,257,-0.270703125
0.38066697120666504,258,-0.167578125
0.38215088844299316,259,-0.0515625
0.38368797302246094,260,-0.21914062499999998
0.38574910163879395,261,-0.4640625
0.3873600959777832,262,-1.069921875
0.38863706588745117,263,-0.21914062499999998
0.38982605934143066,264,-0.36093749999999997
0.39096903800964355,265,-0.4640625
0.39211106300354004,266,-0.4640625
0.39322996139526367,267,-0.20625
0.3943440914154053,268,-0.4640625
0.39545202255249023,269,-0.42539062499999997
0.39655590057373047,270,-0.18046874999999998
0.3977789878845215,271,-0.02578125
0.3991730213165283,272,-0.167578125
0.40059709548950195,273,-0.451171875
0.4021570682525635,274,-0.5671875
0.4036719799041748,275,-1.1214843749999999
0.4050889015197754,276,-1.65
0.40648794174194336,277,-0.29648437499999997
0.4082520008087158,278,-0.4640625
0.4106180667877197,279,-0.20625
0.41225290298461914,280,-0.116015625
0.413707971572876,281,0.18046874999999998
0.41557788848876953,282,-0.0515625
0.4173610210418701,283,-0.21914062499999998
0.4186849594116211,284,-0.502734375
0.4198729991912842,285,-1.0828125
0.42101001739501953,286,-1.6371093749999999
0.4222300052642822,287,-0.103125
0.423353910446167,288,-0.24492187499999998
0.42447400093078613,289,-0.270703125
0.4255828857421875,290,-0.29648437499999997
0.4266939163208008,291,-0.12890625
0.42789506912231445,292,-0.476953125
0.4293029308319092,293,-0.4640625
0.4307398796081543,294,-0.012890625
0.4322669506072998,295,-0.064453125
0.4337959289550781,296,-0.29648437499999997
0.4351930618286133,297,-0.515625
0.43657398223876953,298,-1.044140625
0.4378969669342041,299,-1.65
0.4403660297393799,300,-0.116015625
0.44211888313293457,301,-0.4640625
0.4435138702392578,302,-0.23203125
0.44527387619018555,303,-0.399609375
0.4472229480743408,304,-0.167578125
0.44858598709106445,305,-0.064453125
0.4497718811035156,306,-0.167578125
0.45091700553894043,307,-0.4640625
0.4520590305328369,308,-0.5671875
0.45318102836608887,309,-1.147265625
0.45429301261901855,310,-1.65
0.4554009437561035,311,-0.0515625
0.45650601387023926,312,-0.348046875
0.4576098918914795,313,-0.33515625
0.45881009101867676,314,-0.30937499999999996
0.4602079391479492,315,-0.20625
0.4617140293121338,316,-0.4125
0.4632749557495117,317,-0.20625
0.46477389335632324,318,-0.02578125
0.46619105339050293,319,-0.193359375
0.46761107444763184,320,-0.4125
0.4694950580596924,321,-0.4640625
0.4719688892364502,322,-1.1859374999999999
0.4735569953918457,323,-0.20625
0.475053071975708,324,-0.103125
0.477031946182251,325,-0.20625
0.47875308990478516,326,-0.20625
0.48003292083740234,327,0.116015625
0.48119187355041504,328,-0.02578125
0.4823460578918457,329,-0.20625
0.48346710205078125,330,-0.4125
0.4845900535583496,331,-0.580078125
0.48570799827575684,332,-0.7863281249999999
0.4868290424346924,333,-1.405078125
0.48799800872802734,334,-1.65
0.48924708366394043,335,-0.12890625
0.49066996574401855,336,-0.399609375
0.49212193489074707,337,-0.29648437499999997
0.4937169551849365,338,-0.15468749999999998
0.49524807929992676,339,-0.36093749999999997
0.49666595458984375,340,-0.103125
0.4980440139770508,341,-0.09023437499999999
0.4995279312133789,342,-0.29648437499999997
0.5021390914916992,343,-0.5285156249999999
0.5037949085235596,344,-0.8507812499999999
0.5051789283752441,345,-1.4953124999999998
0.5070090293884277,346,-0.23203125
0.5088639259338379,347,-0.322265625
0.5102369785308838,348,-0.23203125
0.5114209651947021,349,-0.37382812499999996
0.5125958919525146,350,-0.270703125
0.51373291015625,351,-0.02578125
0.5148460865020752,352,-0.038671874999999994
0.5159540176391602,353,-0.29648437499999997
0.5170719623565674,354,-0.5671875
0.5181839466094971,355,-0.6832031249999999
0.51938796043396,356,-1.044140625
0.5207998752593994,357,-1.5726562499999999
0.5223219394683838,358,-0.193359375
0.523874044418335,359,-0.20625
0.5254189968109131,360,-0.20625
0.5268359184265137,361,-0.24492187499999998
0.5283088684082031,362,-0.4125
0.5301239490509033,363,-0.20625
0.5324180126190186,364,0.0
0.5339598655700684,365,-0.141796875
0.5354299545288086,366,-0.37382812499999996
0.5374240875244141,367,-0.95390625
0.5390880107879639,368,-1.405078125
0.5403730869293213,369,-0.48984374999999997
0.5415458679199219,370,-0.23203125
0.542773962020874,371,-0.37382812499999996
0.5439150333404541,372,-0.399609375
0.5450289249420166,373,-0.4125
0.5461399555206299,374,-0.29648437499999997
0.5472509860992432,375,-0.012890625
0.5483479499816895,376,-0.103125
0.5495560169219971,377,-0.21914062499999998
0.5509610176086426,378,-0.502734375
0.5524790287017822,379,-0.54140625
0.5540308952331543,380,-1.2890625
0.5555438995361328,381,-0.0515625
0.5569140911102295,382,-0.399609375
0.5583639144897461,383,-0.24492187499999998
0.5601480007171631,384,-0.15468749999999998
0.5627210140228271,385,-0.270703125
0.5642549991607666,386,-0.012890625
0.5657870769500732,387,-0.103125
0.5677840709686279,388,-0.33515625
0.5694100856781006,389,-0.43828124999999996
0.5707480907440186,390,-1.2890625
0.5719499588012695,391,-0.322265625
0.5730838775634766,392,-0.2578125
0.5742199420928955,393,-0.64453125
0.5753400325775146,394,-0.322265625
0.5764479637145996,395,-0.270703125
0.5775539875030518,396,-0.54140625
0.57865309715271,397,-0.580078125
0.5798749923706055,398,-0.28359375
0.581279993057251,399,-0.012890625
0.5827219486236572,400,-0.21914062499999998
0.5842709541320801,401,-0.4640625
0.5858218669891357,402,-0.4125
0.5872490406036377,403,-1.198828125
0.5886380672454834,404,-0.9152343749999999
0.5903480052947998,405,-0.322265625
0.5929479598999023,406,-0.8121093749999999
0.5946149826049805,407,-0.29648437499999997
0.5960910320281982,408,0.09023437499999999
0.5980050563812256,409,-0.012890625
0.5997529029846191,410,-0.103125
0.6010689735412598,411,-0.4125
0.6023309230804443,412,-0.4640625
0.6034719944000244,413,-1.224609375
0.6046090126037598,414,-1.65
0.6057789325714111,415,-0.18046874999999998
0.6072030067443848,416,-0.399609375
0.6086208820343018,417,-0.29648437499999997
0.6099488735198975,418,-0.2578125
0.6113638877868652,419,-0.4125
0.6128709316253662,420,-0.270703125
0.6144380569458008,421,0.0
0.6159279346466064,422,-0.07734374999999999
0.617318868637085,423,-0.322265625
0.6186769008636475,424,-0.451171875
0.6205220222473145,425,-0.992578125
0.6228470802307129,426,-1.65
0.6243219375610352,427,-0.322265625
0.6259219646453857,428,-0.30937499999999996
