time,count,voltage
0.0045850276947021484,1,-0.23203125
0.006298065185546875,2,0.038671874999999994
0.007625102996826172,3,-0.012890625
0.008795976638793945,4,-0.012890625
0.009936094284057617,5,-0.103125
0.011065006256103516,6,-0.476953125
0.012181997299194336,7,-0.631640625
0.013405084609985352,8,-1.2890625
0.014555931091308594,9,-0.37382812499999996
0.01588606834411621,10,0.0
0.01737499237060547,11,-0.064453125
0.018851041793823242,12,-0.28359375
0.020260095596313477,13,-0.20625
0.02167510986328125,14,-0.37382812499999996
0.02299213409423828,15,-0.103125
0.024148941040039062,16,0.0
0.025310039520263672,17,-0.012890625
0.026478052139282227,18,-0.064453125
0.027751922607421875,19,-0.399609375
0.028924942016601562,20,-0.605859375
0.030072927474975586,21,-1.340625
0.031388044357299805,22,-0.79921875
0.03287792205810547,23,0.0
0.0343019962310791,24,-0.064453125
0.03600001335144043,25,-0.29648437499999997
0.037724971771240234,26,-0.103125
0.03936505317687988,27,0.0
0.04072904586791992,28,0.0
0.04247593879699707,29,-0.012890625
0.04534006118774414,30,-0.103125
0.047354936599731445,31,-0.5671875
0.04882192611694336,32,-0.012890625
0.05060696601867676,33,0.0
0.05254197120666504,34,-0.20625
0.0539700984954834,35,-0.167578125
0.055212974548339844,36,-0.103125
0.05635809898376465,37,0.0515625
0.057492971420288086,38,0.0
0.058609962463378906,39,-0.012890625
0.05971813201904297,40,-0.09023437499999999
0.06089210510253906,41,-0.43828124999999996
0.06200695037841797,42,-0.476953125
0.06313300132751465,43,-1.16015625
0.06427812576293945,44,-1.65
0.06545305252075195,45,0.0
0.06655192375183105,46,0.0
0.06771492958068848,47,-0.07734374999999999
0.06889605522155762,48,-0.502734375
0.07000494003295898,49,-0.116015625
0.07112503051757812,50,-0.37382812499999996
0.07223296165466309,51,-0.2578125
0.07334709167480469,52,0.0
0.07443809509277344,53,-0.012890625
0.07554197311401367,54,-0.02578125
0.07664203643798828,55,-0.193359375
0.07779312133789062,56,-0.502734375
0.07899999618530273,57,-0.6574218749999999
0.08032393455505371,58,-1.3664062499999998
0.08178901672363281,59,0.0
0.08320093154907227,60,-0.0515625
0.08487796783447266,61,-0.15468749999999998
0.08644890785217285,62,-0.43828124999999996
0.08802509307861328,63,-0.28359375
0.08982300758361816,64,-0.09023437499999999
0.09231305122375488,65,0.0
0.09387493133544922,66,-0.064453125
0.09557509422302246,67,-0.43828124999999996
0.0984799861907959,68,-1.0570312499999999
0.10031700134277344,69,0.0
0.10149407386779785,70,-0.167578125
0.10266304016113281,71,-0.30937499999999996
0.10379195213317871,72,-0.37382812499999996
0.1049339771270752,73,-0.399609375
0.10604095458984375,74,-0.20625
0.10721707344055176,75,0.012890625
0.10837292671203613,76,-0.012890625
0.10957193374633789,77,-0.02578125
0.11101007461547852,78,-0.36093749999999997
0.11250710487365723,79,-0.515625
0.11401510238647461,80,-1.327734375
0.115570068359375,81,0.0
0.11725401878356934,82,0.012890625
0.11957097053527832,83,-0.07734374999999999
0.12195491790771484,84,-0.37382812499999996
0.12428998947143555,85,0.038671874999999994
0.12583208084106445,86,-0.012890625
0.12757396697998047,87,-0.20625
0.1296219825744629,88,-0.4125
0.13112092018127441,89,-1.3792968749999999
0.13241791725158691,90,0.012890625
0.13357305526733398,91,-0.116015625
0.1347489356994629,92,-0.193359375
0.13586807250976562,93,-0.30937499999999996
0.13698410987854004,94,-0.103125
0.13830804824829102,95,-0.23203125
0.13953900337219238,96,-0.0515625
0.14104604721069336,97,0.0
0.14255690574645996,98,-0.012890625
0.1441941261291504,99,-0.24492187499999998
0.14576196670532227,100,-0.43828124999999996
0.14730501174926758,101,-1.2503906249999999
0.1489241123199463,102,0.0
0.15111708641052246,103,0.0
0.15327811241149902,104,-0.29648437499999997
0.15479111671447754,105,-0.24492187499999998
0.15639209747314453,106,0.038671874999999994
0.1585400104522705,107,0.012890625
0.16008591651916504,108,-0.02578125
0.16136503219604492,109,-0.4125
0.1625220775604248,110,-0.708984375
0.16364502906799316,111,-1.41796875
0.16480708122253418,112,0.0
0.16593313217163086,113,0.0
0.1670360565185547,114,-0.09023437499999999
0.16824698448181152,115,-0.21914062499999998
0.16937804222106934,116,-0.33515625
0.17058610916137695,117,-0.348046875
0.17207908630371094,118,-0.36093749999999997
0.17358708381652832,119,-0.012890625
0.1751570701599121,120,-0.012890625
0.1767590045928955,121,-0.012890625
0.17822909355163574,122,-0.4125
0.17965912818908691,123,-0.7863281249999999
0.18160605430603027,124,-1.546875
0.18403196334838867,125,0.0
0.1855459213256836,126,-0.167578125
0.18701791763305664,127,-0.23203125
0.1892719268798828,128,-0.348046875
0.19092512130737305,129,0.0
0.19220900535583496,130,-0.012890625
0.19338107109069824,131,-0.116015625
0.19452404975891113,132,-0.42539062499999997
0.19563913345336914,133,-0.7218749999999999
0.19679903984069824,134,-1.353515625
0.19794106483459473,135,-0.20625
0.19905710220336914,136,0.0
0.2001509666442871,137,-0.20625
0.2013380527496338,138,-0.07734374999999999
0.20276403427124023,139,-0.29648437499999997
0.20421099662780762,140,-0.36093749999999997
0.20584511756896973,141,-0.20625
0.20744895935058594,142,0.0
0.20892095565795898,143,-0.012890625
0.2103590965270996,144,-0.12890625
0.21234393119812012,145,-0.399609375
0.21481895446777344,146,-0.95390625
0.21630406379699707,147,0.0
0.21787691116333008,148,-0.07734374999999999
0.21994805335998535,149,-0.36093749999999997
0.22165393829345703,150,-0.37382812499999996
0.22298502922058105,151,0.116015625
0.22418212890625,152,0.0
0.2253100872039795,153,-0.012890625
0.22642898559570312,154,-0.09023437499999999
0.22763395309448242,155,-0.43828124999999996
0.22881698608398438,156,-0.515625
0.2299480438232422,157,-1.2503906249999999
0.23106908798217773,158,-1.65
0.23227691650390625,159,0.0
0.23366498947143555,160,-0.064453125
0.23543691635131836,161,-0.141796875
0.237105131149292,162,-0.064453125
0.2387850284576416,163,-0.30937499999999996
0.24025392532348633,164,0.0
0.24169301986694336,165,-0.012890625
0.24310803413391113,166,-0.012890625
0.24480891227722168,167,-0.399609375
0.24644112586975098,168,-0.6703125
0.248291015625,169,-1.6242187499999998
0.25074100494384766,170,0.0
0.252269983291626,171,-0.24492187499999998
0.25411200523376465,172,-0.20625
0.25635600090026855,173,-0.23203125
0.25800609588623047,174,-0.012890625
0.2597329616546631,175,-0.02578125
0.26152992248535156,176,-0.322265625
0.26328492164611816,177,-0.7218749999999999
0.2651100158691406,178,-1.65
0.2669029235839844,179,0.0
0.2691330909729004,180,-0.09023437499999999
0.27121496200561523,181,-0.21914062499999998
0.2732560634613037,182,0.02578125
0.2762439250946045,183,-0.012890625
0.27835893630981445,184,-0.12890625
0.280548095703125,185,-0.6574218749999999
0.2827870845794678,186,-1.65
0.2843949794769287,187,-0.167578125
0.28606295585632324,188,-0.322265625
0.28784704208374023,189,-0.23203125
0.28951501846313477,190,0.038671874999999994
0.29111599922180176,191,0.012890625
0.29276204109191895,192,-0.0515625
0.29461097717285156,193,-0.270703125
0.2964510917663574,194,-0.515625
0.2984030246734619,195,-1.533984375
0.300368070602417,196,-0.02578125
0.3023989200592041,197,-0.116015625
0.30466294288635254,198,-0.167578125
0.30762290954589844,199,-0.012890625
0.3096449375152588,200,0.0
0.31194591522216797,201,-0.30937499999999996
0.31400489807128906,202,-0.734765625
0.3157219886779785,203,0.0
0.3180549144744873,204,0.0
0.31955504417419434,205,-0.33515625
0.3209860324859619,206,-0.33515625
0.32239699363708496,207,-0.15468749999999998
0.32401299476623535,208,-0.012890625
0.32575297355651855,209,0.0
0.327564001083374,210,-0.167578125
0.32910799980163574,211,-0.4125
0.3305089473724365,212,-1.26328125
0.33275508880615234,213,0.0
0.33486294746398926,214,0.0
0.33689212799072266,215,-0.43828124999999996
0.3390319347381592,216,-0.064453125
0.3416330814361572,217,0.012890625
0.3439979553222656,218,-0.012890625
0.34544992446899414,219,-0.37382812499999996
0.34748005867004395,220,-1.069921875
0.3501129150390625,221,0.012890625
0.35143208503723145,222,-0.15468749999999998
0.35260891914367676,223,-0.29648437499999997
0.35388803482055664,224,-0.270703125
0.35534191131591797,225,-0.322265625
0.3568110466003418,226,-0.012890625
0.3590230941772461,227,-0.012890625
0.36057591438293457,228,-0.02578125
0.3619709014892578,229,-0.399609375
0.36342501640319824,230,-1.018359375
0.366286039352417,231,-1.65
0.3680241107940674,232,-0.15468749999999998
0.36956000328063965,233,-0.322265625
0.3715081214904785,234,-0.37382812499999996
0.3733680248260498,235,-0.038671874999999994
0.37470293045043945,236,0.012890625
0.375885009765625,237,-0.0515625
0.3770289421081543,238,-0.29648437499999997
0.37824106216430664,239,-0.4640625
0.3793659210205078,240,-0.966796875
0.38049912452697754,241,-1.5597656249999998
0.3816370964050293,242,0.0
0.3827700614929199,243,-0.012890625
0.3840150833129883,244,-0.15468749999999998
0.3854999542236328,245,-0.29648437499999997
0.38695406913757324,246,-0.167578125
0.388700008392334,247,-0.322265625
0.39024901390075684,248,0.09023437499999999
0.39159512519836426,249,0.0
0.39286112785339355,250,-0.0515625
0.3953390121459961,251,-0.37382812499999996
0.3971140384674072,252,-0.7476562499999999
0.3987250328063965,253,0.0
0.40065693855285645,254,0.0
0.4023621082305908,255,-0.270703125
0.40364599227905273,256,-0.15468749999999998
0.40493106842041016,257,-0.270703125
0.40610504150390625,258,-0.0515625
0.4072999954223633,259,0.012890625
0.4084279537200928,260,0.0
0.40952205657958984,261,-0.038671874999999994
0.4106259346008301,262,-0.42539062499999997
0.41173505783081055,263,-0.54140625
0.4128990173339844,264,-1.0570312499999999
0.4141049385070801,265,-1.65
0.4155590534210205,266,0.0
0.4171149730682373,267,0.0
0.4186971187591553,268,-0.167578125
0.42021703720092773,269,-0.23203125
0.42168307304382324,270,-0.37382812499999996
0.42306995391845703,271,-0.0515625
0.425616979598999,272,0.0
0.4273390769958496,273,-0.02578125
0.42902612686157227,274,-0.399609375
0.4315309524536133,275,-1.0828125
0.43293094635009766,276,-0.09023437499999999
0.4341099262237549,277,-0.09023437499999999
0.43525004386901855,278,-0.348046875
0.4364171028137207,279,-0.18046874999999998
0.4376399517059326,280,-0.322265625
0.4388110637664795,281,-0.23203125
0.43991804122924805,282,0.0
0.44101905822753906,283,0.0
0.4421069622039795,284,-0.02578125
0.4432039260864258,285,-0.116015625
0.44443392753601074,286,-0.476953125
0.44592905044555664,287,-0.64453125
0.4474329948425293,288,-1.41796875
0.44901394844055176,289,0.0
0.4505040645599365,290,-0.116015625
0.45201706886291504,291,-0.167578125
0.4535489082336426,292,-0.20625
0.45540499687194824,293,-0.348046875
0.45776891708374023,294,-0.103125
0.45929503440856934,295,-0.02578125
0.4608950614929199,296,-0.2578125
0.4630300998687744,297,-0.48984374999999997
0.4646580219268799,298,-1.456640625
0.46590399742126465,299,0.0
0.4670979976654053,300,-0.116015625
0.4682650566101074,301,-0.23203125
0.46942996978759766,302,-0.23203125
0.47054100036621094,303,-0.37382812499999996
0.47165989875793457,304,-0.37382812499999996
0.4727599620819092,305,-0.167578125
0.4738609790802002,306,0.012890625
0.4750480651855469,307,-0.012890625
0.4764881134033203,308,-0.0515625
0.4780099391937256,309,-0.4125
0.47959208488464355,310,-0.64453125
0.4811849594116211,311,-1.5082031249999999
0.48258399963378906,312,0.0
0.48406004905700684,313,-0.167578125
0.4861440658569336,314,-0.2578125
0.48848795890808105,315,-0.193359375
0.48999691009521484,316,0.36093749999999997
0.4915900230407715,317,0.0
0.49376392364501953,318,-0.012890625
0.4952890872955322,319,-0.37382812499999996
0.49651408195495605,320,-1.03125
0.4977540969848633,321,-1.65
0.4988830089569092,322,0.0
0.5000131130218506,323,-0.0515625
0.5011289119720459,324,-0.103125
0.5023250579833984,325,-0.502734375
0.5034689903259277,326,-0.09023437499999999
0.504580020904541,327,-0.270703125
0.5057871341705322,328,-0.167578125
0.5073060989379883,329,0.0
0.5087950229644775,330,-0.02578125
0.5104119777679443,331,-0.07734374999999999
0.5119740962982178,332,-0.4640625
0.5134260654449463,333,-1.044140625
0.514868974685669,334,-1.65
0.5165739059448242,335,0.0
0.5193300247192383,336,-0.012890625
0.5208559036254883,337,-0.21914062499999998
0.5224640369415283,338,-0.064453125
0.5245110988616943,339,0.0
0.5261149406433105,340,0.0
0.5274040699005127,341,-0.29648437499999997
0.5285849571228027,342,-0.48984374999999997
0.5297260284423828,343,-1.1214843749999999
0.5308480262756348,344,-1.65
0.5319840908050537,345,0.012890625
0.533087968826294,346,0.0
0.5342180728912354,347,-0.20625
0.5353219509124756,348,-0.36093749999999997
0.5365240573883057,349,-0.167578125
0.5379641056060791,350,-0.4125
0.5394299030303955,351,-0.20625
0.5413000583648682,352,0.012890625
0.5429670810699463,353,-0.012890625
0.5445139408111572,354,-0.30937499999999996
0.5459589958190918,355,-0.5285156249999999
0.5478949546813965,356,-1.405078125
0.5503349304199219,357,0.0
0.5518209934234619,358,-0.167578125
0.5534090995788574,359,-0.193359375
0.5554559230804443,360,-0.21914062499999998
0.5571269989013672,361,0.20625
0.5584299564361572,362,0.0
0.5595889091491699,363,-0.02578125
0.5607321262359619,364,-0.399609375
0.5618510246276855,365,-0.4640625
0.56296706199646,366,-1.095703125
0.5640830993652344,367,-1.65
0.5652060508728027,368,0.0
0.5663299560546875,369,-0.0515625
0.5675439834594727,370,-0.116015625
0.5689659118652344,371,-0.38671875
0.5704290866851807,372,-0.141796875
0.5720739364624023,373,-0.24492187499999998
0.5736520290374756,374,0.038671874999999994
0.5751140117645264,375,0.012890625
0.5765590667724609,376,-0.0515625
0.5782470703125,377,-0.4125
0.580657958984375,378,-0.6187499999999999
0.5823049545288086,379,0.0
0.5837500095367432,380,-0.0515625
0.5856719017028809,381,-0.12890625
0.5874440670013428,382,-0.193359375
0.5888090133666992,383,-0.09023437499999999
0.590034008026123,384,0.0
0.5911970138549805,385,-0.012890625
0.5923600196838379,386,-0.02578125
0.59346604347229,387,-0.23203125
0.5945639610290527,388,-0.502734375
0.5956580638885498,389,-0.734765625
0.5967850685119629,390,-1.3921875
0.5980501174926758,391,-0.103125
0.5994899272918701,392,-0.012890625
0.6009330749511719,393,-0.15468749999999998
0.60247802734375,394,-0.33515625
0.604093074798584,395,-0.20625
0.6056311130523682,396,-0.15468749999999998
0.6072409152984619,397,0.0
0.6091821193695068,398,-0.012890625
0.6115419864654541,399,-0.0515625
0.6131501197814941,400,-0.5671875
0.6148319244384766,401,-1.5726562499999999
0.6167750358581543,402,0.0
0.6183609962463379,403,-0.12890625
0.6195900440216064,404,-0.2578125
0.6207420825958252,405,-0.30937499999999996
0.6219370365142822,406,-0.29648437499999997
0.6230881214141846,407,-0.012890625
0.6242270469665527,408,-0.012890625
0.6253480911254883,409,-0.02578125
0.6264469623565674,410,-0.103125
0.6276209354400635,411,-0.4125
0.6288979053497314,412,-0.54140625
0.6303660869598389,413,-1.2503906249999999
0.631843090057373,414,0.0
0.6333339214324951,415,-0.012890625
0.6348409652709961,416,-0.103125
0.6362740993499756,417,-0.2578125
0.6379821300506592,418,-0.322265625
0.6405699253082275,419,-0.064453125
0.6426420211791992,420,0.0
0.6441750526428223,421,-0.20625
0.6460120677947998,422,-0.38671875
0.648108959197998,423,-1.224609375
0.6494660377502441,424,0.0
0.650629997253418,425,-0.0515625
0.6517679691314697,426,-0.322265625
0.6529951095581055,427,-0.167578125
0.6541199684143066,428,-0.270703125
0.6552541255950928,429,-0.23203125
0.6564121246337891,430,-0.012890625
0.6576220989227295,431,0.0
0.658837080001831,432,-0.02578125
0.6602790355682373,433,-0.141796875
0.661750078201294,434,-0.4125
0.6633610725402832,435,-0.90234375
0.6648879051208496,436,-1.65
0.6662969589233398,437,-0.02578125
0.6678769588470459,438,-0.20625
0.6699199676513672,439,-0.4125
0.6725130081176758,440,-0.23203125
0.6740241050720215,441,0.012890625
0.6756820678710938,442,0.0
0.6778740882873535,443,-0.0515625
0.6793339252471924,444,-0.322265625
0.6805229187011719,445,-1.3148437499999999
