time,count,voltage
0.00556492805480957,1,-0.348046875
0.007173061370849609,2,-0.322265625
0.008695125579833984,3,-0.09023437499999999
0.01028895378112793,4,0.0
0.011696100234985352,5,-0.0515625
0.013082027435302734,6,-0.21914062499999998
0.014472007751464844,7,-0.2578125
0.01584911346435547,8,-0.837890625
0.01721501350402832,9,-1.5984375
0.02715301513671875,10,0.0
0.028730154037475586,11,-0.0515625
0.03039407730102539,12,-0.2578125
0.03181815147399902,13,-0.36093749999999997
0.033203125,14,-1.1859374999999999
0.03483700752258301,15,-0.12890625
0.03658413887023926,16,-0.0515625
0.038316965103149414,17,-0.21914062499999998
0.04014110565185547,18,-0.07734374999999999
0.042099952697753906,19,-0.116015625
0.043859004974365234,20,0.0
0.04564309120178223,21,-0.012890625
0.047363996505737305,22,-0.21914062499999998
0.04926609992980957,23,-0.4125
0.05180096626281738,24,-1.4308593749999998
0.05429792404174805,25,-0.103125
0.056028127670288086,26,-0.193359375
0.05776500701904297,27,-0.4125
0.06006002426147461,28,-0.103125
0.06219315528869629,29,-0.012890625
0.06394004821777344,30,-0.21914062499999998
0.06543111801147461,31,-0.37382812499999996
0.06683802604675293,32,-1.2890625
0.06822896003723145,33,0.0
0.06966209411621094,34,-0.167578125
0.07103300094604492,35,-0.20625
0.07241415977478027,36,-0.116015625
0.07376909255981445,37,-0.322265625
0.07510900497436523,38,-0.23203125
0.07647395133972168,39,0.012890625
0.0778970718383789,40,-0.012890625
0.07964611053466797,41,-0.0515625
0.08116793632507324,42,-0.18046874999999998
0.08257293701171875,43,-0.8121093749999999
0.08396792411804199,44,-1.5984375
0.08534812927246094,45,0.0
0.08670210838317871,46,-0.103125
0.08806300163269043,47,-0.33515625
0.0895071029663086,48,-0.20625
0.0909719467163086,49,-0.36093749999999997
0.09253692626953125,50,-0.064453125
0.09425497055053711,51,0.0
0.09595799446105957,52,-0.012890625
0.09775304794311523,53,-0.2578125
0.09974193572998047,54,-0.580078125
0.10149598121643066,55,-1.65
0.10317492485046387,56,-0.064453125
0.10531210899353027,57,-0.21914062499999998
0.10812902450561523,58,-0.0515625
0.1100461483001709,59,0.4640625
0.11168813705444336,60,-0.012890625
0.1135251522064209,61,-0.18046874999999998
0.11577415466308594,62,-0.23203125
0.11788105964660645,63,-1.2503906249999999
0.11962294578552246,64,-0.103125
0.12115597724914551,65,-0.193359375
0.12287402153015137,66,-0.20625
0.12465310096740723,67,-0.4125
0.12634706497192383,68,0.0515625
0.12822914123535156,69,0.0
0.12995505332946777,70,-0.07734374999999999
0.1315159797668457,71,-0.20625
0.1329340934753418,72,-0.9410156249999999
0.13503503799438477,73,-1.65
0.1371300220489502,74,0.0
0.13852310180664062,75,-0.20625
0.1402270793914795,76,-0.270703125
0.14234304428100586,77,-0.23203125
0.14408397674560547,78,0.012890625
0.1453859806060791,79,-0.02578125
0.14654207229614258,80,-0.21914062499999998
0.1477060317993164,81,-0.23203125
0.14892315864562988,82,-0.837890625
0.15010595321655273,83,-1.46953125
0.15133404731750488,84,0.0
0.15276813507080078,85,-0.12890625
0.15424513816833496,86,-0.20625
0.15578293800354004,87,-0.141796875
0.15732908248901367,88,-0.20625
0.15888094902038574,89,-0.0515625
0.1604471206665039,90,0.012890625
0.16182804107666016,91,-0.012890625
0.16410303115844727,92,-0.24492187499999998
0.16611909866333008,93,-0.24492187499999998
0.16762995719909668,94,-1.5082031249999999
0.16929912567138672,95,-0.07734374999999999
0.171220064163208,96,0.0
0.17286300659179688,97,-0.09023437499999999
0.17415714263916016,98,-0.322265625
0.17536401748657227,99,-0.09023437499999999
0.1765279769897461,100,0.012890625
0.17765402793884277,101,-0.012890625
0.1788339614868164,102,-0.02578125
0.17998313903808594,103,-0.33515625
0.18112397193908691,104,-0.2578125
0.1823430061340332,105,-0.889453125
0.18376898765563965,106,-1.5597656249999998
0.18526005744934082,107,0.0
0.18683099746704102,108,-0.141796875
0.18844008445739746,109,-0.2578125
0.19002103805541992,110,-0.0515625
0.19159197807312012,111,-0.09023437499999999
0.1931009292602539,112,0.0
0.19553399085998535,113,0.0
0.19728994369506836,114,-0.167578125
0.1986989974975586,115,-0.4125
0.2005021572113037,116,-1.26328125
0.20250296592712402,117,-0.07734374999999999
0.20395112037658691,118,-0.0515625
0.20516705513000488,119,-0.193359375
0.20632410049438477,120,-0.28359375
0.20746898651123047,121,-0.38671875
0.20862197875976562,122,-0.23203125
0.20984411239624023,123,0.012890625
0.2109670639038086,124,-0.02578125
0.21208715438842773,125,-0.02578125
0.2133040428161621,126,-0.270703125
0.21473193168640137,127,-0.270703125
0.21622395515441895,128,-0.95390625
0.21777606010437012,129,-1.65
0.21933412551879883,130,-0.0515625
0.22076106071472168,131,-0.064453125
0.2222001552581787,132,-0.0515625
0.22412800788879395,133,-0.322265625
0.22639012336730957,134,-0.20625
0.2278599739074707,135,0.0
0.22960615158081055,136,-0.064453125
0.23162293434143066,137,-0.23203125
0.23309993743896484,138,-0.9152343749999999
0.23432493209838867,139,-0.48984374999999997
0.23548102378845215,140,-0.02578125
0.23663616180419922,141,-0.21914062499999998
0.23778915405273438,142,-0.2578125
0.23894810676574707,143,-0.12890625
0.24007892608642578,144,-0.322265625
0.24118804931640625,145,-0.33515625
0.2422959804534912,146,-0.103125
0.2434840202331543,147,0.0
0.24489808082580566,148,-0.02578125
0.24634814262390137,149,-0.15468749999999998
0.24788999557495117,150,-0.20625
0.2496199607849121,151,-0.8121093749999999
0.25116801261901855,152,-1.65
0.2526850700378418,153,-0.12890625
0.25505995750427246,154,-0.064453125
0.25707411766052246,155,-0.103125
0.25867199897766113,156,0.0515625
0.26084208488464355,157,0.0
0.26247215270996094,158,-0.012890625
0.2637050151824951,159,-0.2578125
0.2648639678955078,160,-0.348046875
0.2659871578216553,161,-1.134375
0.2671060562133789,162,-1.65
0.26822614669799805,163,0.0
0.26947808265686035,164,-0.15468749999999998
0.27069711685180664,165,-0.20625
0.27184009552001953,166,-0.12890625
0.27295994758605957,167,-0.30937499999999996
0.2741701602935791,168,-0.43828124999999996
0.27558112144470215,169,-0.23203125
0.2770700454711914,170,0.0
0.27860307693481445,171,-0.012890625
0.28011012077331543,172,-0.23203125
0.28147006034851074,173,-0.24492187499999998
0.2828249931335449,174,-0.9796874999999999
0.28490304946899414,175,-1.65
0.28702712059020996,176,-0.0515625
0.28844308853149414,177,-0.2578125
0.29099297523498535,178,-0.116015625
0.29288697242736816,179,0.09023437499999999
0.294295072555542,180,-0.02578125
0.29558515548706055,181,-0.012890625
0.2968289852142334,182,-0.2578125
0.29807615280151367,183,-0.20625
0.2993600368499756,184,-0.928125
0.30069613456726074,185,-1.6371093749999999
0.3019700050354004,186,0.0
0.3075239658355713,187,-0.21914062499999998
0.31000399589538574,188,-0.21914062499999998
0.31194615364074707,189,0.0
0.3143270015716553,190,-0.12890625
0.3166661262512207,191,-0.193359375
0.31859397888183594,192,-1.611328125
0.3210000991821289,193,-0.064453125
0.32255005836486816,194,-0.167578125
0.32388806343078613,195,-0.37382812499999996
0.32518911361694336,196,-0.23203125
0.3266000747680664,197,0.012890625
0.32786011695861816,198,-0.012890625
0.32912206649780273,199,-0.0515625
0.33036112785339355,200,-0.30937499999999996
0.33161211013793945,201,-0.322265625
0.33286094665527344,202,-1.0828125
0.33872413635253906,203,-1.65
0.3411891460418701,204,0.02578125
0.34311699867248535,205,0.193359375
0.3458120822906494,206,0.0
0.3477630615234375,207,-0.103125
0.3497920036315918,208,-0.4640625
0.35202693939208984,209,-1.4953124999999998
0.35353612899780273,210,-0.116015625
0.35485410690307617,211,-0.36093749999999997
0.3561420440673828,212,0.0
0.35741114616394043,213,-0.36093749999999997
0.35866713523864746,214,-0.20625
0.3600120544433594,215,0.0
0.3612549304962158,216,-0.02578125
0.36248302459716797,217,-0.064453125
0.3637199401855469,218,-0.33515625
0.3698079586029053,219,-0.4125
0.3718850612640381,220,-1.1214843749999999
0.37380099296569824,221,-0.12890625
0.3765239715576172,222,-0.116015625
0.3792891502380371,223,0.012890625
0.3815269470214844,224,-0.24492187499999998
0.38364601135253906,225,-0.5929687499999999
0.385113000869751,226,-0.02578125
0.3864281177520752,227,-0.18046874999999998
0.38771796226501465,228,-0.21914062499999998
0.38909101486206055,229,-0.141796875
0.3903770446777344,230,-0.2578125
0.39163804054260254,231,-0.20625
0.3930380344390869,232,0.0
0.3942749500274658,233,-0.012890625
0.40032505989074707,234,0.0
0.40239906311035156,235,-0.24492187499999998
0.40432310104370117,236,-0.20625
0.4066181182861328,237,-0.193359375
0.4093501567840576,238,-0.23203125
0.41132402420043945,239,-0.012890625
0.4136371612548828,240,-0.012890625
0.4151771068572998,241,-0.103125
0.4165151119232178,242,-0.992578125
0.41779303550720215,243,-1.147265625
0.4190831184387207,244,-0.09023437499999999
0.4203650951385498,245,-0.0515625
0.4216949939727783,246,-0.28359375
0.42296695709228516,247,-0.0515625
0.42420005798339844,248,-0.2578125
0.43009209632873535,249,-0.167578125
0.4322481155395508,250,0.0
0.43404293060302734,251,-0.992578125
0.4355499744415283,252,0.0
0.4383881092071533,253,-0.103125
0.44033312797546387,254,-0.15468749999999998
0.442777156829834,255,-0.064453125
0.44478702545166016,256,0.0
0.4462161064147949,257,-0.0515625
0.44753313064575195,258,-0.2578125
0.44889211654663086,259,-0.605859375
0.4501941204071045,260,-1.340625
0.4514610767364502,261,0.0
0.4527130126953125,262,-0.15468749999999998
0.45396995544433594,263,-0.064453125
0.4552011489868164,264,-0.270703125
0.4611830711364746,265,-0.064453125
0.46325016021728516,266,-0.28359375
0.4651341438293457,267,-0.20625
0.46737098693847656,268,-0.837890625
0.4699840545654297,269,-0.2578125
0.4718501567840576,270,-0.18046874999999998
0.4742140769958496,271,-0.12890625
0.4760019779205322,272,0.038671874999999994
0.4773690700531006,273,0.0
0.47870302200317383,274,-0.02578125
0.48012495040893555,275,-0.23203125
0.4814140796661377,276,-0.23203125
0.4826641082763672,277,-0.9152343749999999
0.48392415046691895,278,-1.5984375
0.48517608642578125,279,0.0
0.4908139705657959,280,-0.167578125
0.49325108528137207,281,-0.23203125
0.4951930046081543,282,0.0
0.49755406379699707,283,-0.09023437499999999
0.4999690055847168,284,-0.167578125
0.5018870830535889,285,-1.5726562499999999
0.5041971206665039,286,-0.12890625
0.5057570934295654,287,-0.2578125
0.5070829391479492,288,-0.24492187499999998
0.508540153503418,289,-0.18046874999999998
0.5098600387573242,290,0.0
0.5111260414123535,291,0.0
0.5123651027679443,292,-0.0515625
0.5135960578918457,293,-0.322265625
0.5148279666900635,294,-0.21914062499999998
0.5160720348358154,295,-0.9796874999999999
0.5221531391143799,296,-1.65
0.5245480537414551,297,0.0
0.5266540050506592,298,0.18046874999999998
0.5294549465179443,299,0.012890625
0.5313799381256104,300,-0.20625
0.5335531234741211,301,-0.6832031249999999
0.5356650352478027,302,-1.65
0.5371160507202148,303,0.0
0.5384161472320557,304,-0.23203125
0.5397360324859619,305,-0.02578125
0.5410211086273193,306,-0.270703125
0.5424211025238037,307,-0.103125
0.5436639785766602,308,0.0
0.5448911190032959,309,-0.02578125
0.5461139678955078,310,-0.12890625
0.5517690181732178,311,-0.33515625
0.5539560317993164,312,-0.5285156249999999
0.5558230876922607,313,-0.29648437499999997
0.5575721263885498,314,-0.37382812499999996
0.5607571601867676,315,-0.103125
0.5625381469726562,316,-0.012890625
0.5647680759429932,317,-0.21914062499999998
0.566756010055542,318,-0.515625
0.5681760311126709,319,-0.270703125
0.5695841312408447,320,-0.07734374999999999
0.5708739757537842,321,-0.18046874999999998
0.5721609592437744,322,-0.116015625
0.5734231472015381,323,-0.33515625
0.5746650695800781,324,-0.36093749999999997
0.5760490894317627,325,-0.103125
0.5773050785064697,326,0.012890625
0.5834591388702393,327,-0.012890625
0.5851321220397949,328,-0.9796874999999999
0.5866930484771729,329,-0.07734374999999999
0.5889120101928711,330,-0.29648437499999997
0.5919690132141113,331,-0.064453125
0.5934679508209229,332,0.0
0.5954151153564453,333,-0.038671874999999994
0.5972700119018555,334,-0.18046874999999998
0.5985989570617676,335,-0.322265625
0.5998549461364746,336,-1.198828125
0.6010091304779053,337,-0.20625
0.6021299362182617,338,0.0
0.603309154510498,339,-0.167578125
0.6044321060180664,340,-0.348046875
0.6056010723114014,341,0.012890625
0.6067090034484863,342,-0.2578125
0.6078100204467773,343,-0.322265625
0.609065055847168,344,-0.167578125
0.6105060577392578,345,0.012890625
0.6120259761810303,346,-0.02578125
0.6136610507965088,347,-0.2578125
0.6151249408721924,348,-0.193359375
0.6164660453796387,349,-1.0828125
0.6177849769592285,350,-0.103125
0.619966983795166,351,-0.09023437499999999
0.6223831176757812,352,-0.167578125
0.624122142791748,353,-0.29648437499999997
0.625993013381958,354,0.012890625
0.6280090808868408,355,-0.012890625
0.6294901371002197,356,-0.02578125
0.630695104598999,357,-0.2578125
0.6318440437316895,358,-0.605859375
0.6329660415649414,359,-1.26328125
0.6340761184692383,360,-0.399609375
0.6352269649505615,361,0.012890625
0.6363470554351807,362,-0.20625
0.6374900341033936,363,-0.20625
0.638592004776001,364,-0.116015625
0.6398451328277588,365,-0.348046875
0.6412811279296875,366,-0.42539062499999997
0.6427879333496094,367,-0.116015625
0.6444361209869385,368,-0.012890625
0.6459751129150391,369,-0.02578125
0.6473710536956787,370,-0.193359375
0.6486420631408691,371,-0.4640625
0.6513080596923828,372,-1.2503906249999999
0.6530210971832275,373,-0.141796875
0.6546330451965332,374,-0.167578125
0.6567211151123047,375,-0.116015625
0.6581780910491943,376,-0.21914062499999998
0.659494161605835,377,0.0
0.6607041358947754,378,-0.012890625
0.661837100982666,379,-0.012890625
0.6629481315612793,380,-0.2578125
0.6640529632568359,381,-0.2578125
0.6651499271392822,382,-0.6703125
0.6662521362304688,383,-1.3019531249999998
0.6673951148986816,384,-1.018359375
0.6685130596160889,385,-0.012890625
0.6697449684143066,386,-0.18046874999999998
0.6712009906768799,387,-0.23203125
0.6727149486541748,388,-0.167578125
0.6743030548095703,389,-0.399609375
0.6761541366577148,390,-0.167578125
0.6776330471038818,391,0.0
0.6790280342102051,392,-0.012890625
0.6808450222015381,393,-0.29648437499999997
0.6832799911499023,394,-0.2578125
0.6893899440765381,395,-1.65
0.6910960674285889,396,-0.0515625
0.6927030086517334,397,0.399609375
0.6940109729766846,398,0.0
0.6952581405639648,399,-0.012890625
0.696491003036499,400,-0.2578125
0.6977200508117676,401,-0.28359375
0.7034809589385986,402,-0.7863281249999999
0.7097821235656738,403,-1.456640625
0.7110459804534912,404,0.0
0.71238112449646,405,-0.02578125
0.7139451503753662,406,-0.30937499999999996
0.7155361175537109,407,-0.38671875
0.7171311378479004,408,-1.276171875
0.7191710472106934,409,-0.012890625
0.7212951183319092,410,-0.20625
0.7231371402740479,411,-0.103125
0.725640058517456,412,-0.4125
0.7272140979766846,413,0.012890625
0.7285220623016357,414,-0.012890625
0.738914966583252,415,-0.167578125
0.7404870986938477,416,-0.193359375
0.7420649528503418,417,0.09023437499999999
0.7450461387634277,418,0.0
0.7469029426574707,419,-0.02578125
0.7489759922027588,420,-0.103125
0.7510631084442139,421,-0.992578125
0.7530360221862793,422,0.0
0.7544751167297363,423,-0.064453125
0.7558040618896484,424,-0.103125
0.7571029663085938,425,-0.30937499999999996
0.7583639621734619,426,-0.23203125
0.7689850330352783,427,0.012890625
0.7708489894866943,428,-0.012890625
0.7734150886535645,429,-0.116015625
0.7754030227661133,430,-0.193359375
0.7768471240997314,431,0.0
0.7786540985107422,432,-0.02578125
0.7811839580535889,433,-0.167578125
0.7826180458068848,434,-0.322265625
0.783811092376709,435,-1.4953124999999998
0.784965991973877,436,0.0
0.7861709594726562,437,-0.167578125
0.7873380184173584,438,-0.18046874999999998
0.7884969711303711,439,-0.23203125
0.7896599769592285,440,-0.167578125
0.790930986404419,441,-0.322265625
0.7923829555511475,442,-0.167578125
0.7938110828399658,443,0.0
0.7953319549560547,444,-0.012890625
0.7968101501464844,445,-0.23203125
