time,count,voltage
0.005711078643798828,1,0.399609375
0.007241010665893555,2,-0.012890625
0.008646011352539062,3,-0.15468749999999998
0.010014057159423828,4,-0.038671874999999994
0.011384963989257812,5,-0.631640625
0.012850046157836914,6,-1.3148437499999999
0.01434016227722168,7,-0.012890625
0.015990018844604492,8,-0.2578125
0.017716169357299805,9,-0.23203125
0.019401073455810547,10,-0.37382812499999996
0.021154165267944336,11,-0.2578125
0.022884130477905273,12,-0.02578125
0.024492979049682617,13,-0.07734374999999999
0.025913000106811523,14,-0.18046874999999998
0.027296066284179688,15,-0.116015625
0.028712987899780273,16,-0.928125
0.030183076858520508,17,-1.5726562499999999
0.031852006912231445,18,-0.21914062499999998
0.0335850715637207,19,-0.193359375
0.035279035568237305,20,-0.07734374999999999
0.0371241569519043,21,-0.33515625
0.03889608383178711,22,-0.09023437499999999
0.04047703742980957,23,-0.0515625
0.042173147201538086,24,-0.103125
0.043824195861816406,25,-0.064453125
0.04551506042480469,26,-0.7476562499999999
0.04812002182006836,27,-1.5597656249999998
0.050466060638427734,28,-0.348046875
0.052288055419921875,29,-0.02578125
0.0540471076965332,30,-0.21914062499999998
0.0561671257019043,31,-0.012890625
0.05828714370727539,32,-0.103125
0.05993914604187012,33,-0.12890625
0.06137514114379883,34,-0.5285156249999999
0.0628499984741211,35,-1.2503906249999999
0.06422305107116699,36,-0.36093749999999997
0.0655660629272461,37,-0.36093749999999997
0.06689715385437012,38,-0.2578125
0.0682370662689209,39,-0.0515625
0.0695650577545166,40,-0.42539062499999997
0.07088804244995117,41,-0.37382812499999996
0.07239198684692383,42,-0.09023437499999999
0.07371997833251953,43,-0.0515625
0.07491302490234375,44,-0.103125
0.07603907585144043,45,-0.103125
0.0771641731262207,46,-0.2578125
0.0782780647277832,47,-0.992578125
0.07937216758728027,48,-1.482421875
0.08046317100524902,49,-0.38671875
0.08160018920898438,50,-0.2578125
0.08276700973510742,51,-0.141796875
0.08403706550598145,52,-0.193359375
0.08550214767456055,53,-0.02578125
0.0869290828704834,54,-0.20625
0.08850502967834473,55,-0.07734374999999999
0.0898890495300293,56,-0.012890625
0.09119415283203125,57,-0.0515625
0.09285116195678711,58,-0.20625
0.09538102149963379,59,-0.103125
0.09687304496765137,60,-1.340625
0.09856414794921875,61,-0.20625
0.1005091667175293,62,-0.23203125
0.10190200805664062,63,-0.064453125
0.10308718681335449,64,-0.29648437499999997
0.10423398017883301,65,-0.29648437499999997
0.10534811019897461,66,-0.038671874999999994
0.10645103454589844,67,-0.02578125
0.10755419731140137,68,-0.064453125
0.10866117477416992,69,-0.2578125
0.10976004600524902,70,-0.103125
0.11085796356201172,71,-0.554296875
0.11203217506408691,72,-1.16015625
0.11323213577270508,73,-1.65
0.11461615562438965,74,-0.20625
0.11606311798095703,75,-0.2578125
0.11765408515930176,76,-0.23203125
0.11915898323059082,77,-0.270703125
0.12052702903747559,78,-0.23203125
0.12190604209899902,79,-0.103125
0.12351512908935547,80,-0.038671874999999994
0.12610602378845215,81,-0.02578125
0.12778210639953613,82,-0.02578125
0.12916302680969238,83,-0.992578125
0.13076996803283691,84,-1.65
0.13276314735412598,85,-0.2578125
0.13440203666687012,86,-0.23203125
0.13566803932189941,87,-0.322265625
0.13683009147644043,88,-0.36093749999999997
0.1379711627960205,89,-0.24492187499999998
0.139085054397583,90,-0.012890625
0.14018917083740234,91,-0.07734374999999999
0.14129996299743652,92,-0.064453125
0.1424870491027832,93,-0.21914062499999998
0.14368104934692383,94,-0.167578125
0.1450800895690918,95,-0.8507812499999999
0.1465320587158203,96,-1.4953124999999998
0.14809799194335938,97,-0.29648437499999997
0.149644136428833,98,-0.20625
0.15102219581604004,99,-0.12890625
0.1524829864501953,100,-0.33515625
0.15425896644592285,101,-0.348046875
0.15666413307189941,102,-0.167578125
0.15825200080871582,103,-0.02578125
0.15972900390625,104,-0.064453125
0.16170597076416016,105,-0.33515625
0.16339802742004395,106,-1.2374999999999998
0.16470813751220703,107,-0.29648437499999997
0.16588401794433594,108,-0.167578125
0.16701817512512207,109,-0.167578125
0.16813111305236816,110,-0.09023437499999999
0.16923308372497559,111,-0.43828124999999996
0.17032909393310547,112,-0.4640625
0.17142605781555176,113,-0.33515625
0.17261219024658203,114,-0.012890625
0.17377996444702148,115,-0.103125
0.17518401145935059,116,-0.18046874999999998
0.1766190528869629,117,-0.12890625
0.17815017700195312,118,-0.605859375
0.1796550750732422,119,-1.2890625
0.1810159683227539,120,-0.348046875
0.18243098258972168,121,-0.24492187499999998
0.18407201766967773,122,-0.2578125
0.18652915954589844,123,-0.141796875
0.188215970993042,124,0.09023437499999999
0.18967103958129883,125,-0.02578125
0.19161319732666016,126,-0.09023437499999999
0.1933729648590088,127,-0.15468749999999998
0.19466519355773926,128,-0.54140625
0.19584298133850098,129,-1.2890625
0.1969921588897705,130,-1.65
0.19811010360717773,131,-0.20625
0.19922113418579102,132,-0.103125
0.2003180980682373,133,-0.23203125
0.2014150619506836,134,0.0
0.20258617401123047,135,-0.476953125
0.20377516746520996,136,-0.4125
0.2052161693572998,137,-0.29648437499999997
0.20665216445922852,138,-0.012890625
0.20816397666931152,139,-0.038671874999999994
0.20968317985534668,140,-0.20625
0.21105504035949707,141,-0.322265625
0.21249008178710938,142,-1.134375
0.21383213996887207,143,-1.65
0.21615314483642578,144,-0.30937499999999996
0.21811199188232422,145,-0.270703125
0.2195451259613037,146,-0.2578125
0.22131609916687012,147,-0.193359375
0.223283052444458,148,-0.02578125
0.22466611862182617,149,-0.02578125
0.22583913803100586,150,-0.15468749999999998
0.22698116302490234,151,-0.116015625
0.22811198234558105,152,-0.825
0.22924399375915527,153,-1.405078125
0.23034906387329102,154,-0.8765624999999999
0.23151111602783203,155,-0.270703125
0.2326490879058838,156,-0.103125
0.23382997512817383,157,-0.20625
0.2352440357208252,158,-0.07734374999999999
0.2368910312652588,159,-0.37382812499999996
0.238800048828125,160,-0.167578125
0.24033212661743164,161,-0.02578125
0.24177217483520508,162,-0.07734374999999999
0.24326801300048828,163,-0.103125
0.2458820343017578,164,-0.54140625
0.24758219718933105,165,-1.5597656249999998
0.2492070198059082,166,-0.4125
0.2513091564178467,167,-0.2578125
0.25299811363220215,168,-0.322265625
0.2543010711669922,169,-0.103125
0.2554631233215332,170,-0.012890625
0.25658416748046875,171,-0.02578125
0.2576940059661865,172,-0.07734374999999999
0.258803129196167,173,-0.23203125
0.2599790096282959,174,-0.09023437499999999
0.2611379623413086,175,-0.6832031249999999
0.2622990608215332,176,-1.2890625
0.26346516609191895,177,-1.65
0.26467108726501465,178,-0.2578125
0.2662370204925537,179,-0.23203125
0.2678241729736328,180,-0.12890625
0.2694671154022217,181,-0.322265625
0.27099013328552246,182,-0.2578125
0.27251100540161133,183,-0.02578125
0.27393007278442383,184,-0.064453125
0.27658915519714355,185,-0.167578125
0.2784101963043213,186,-0.0515625
0.28003597259521484,187,-1.26328125
0.28209805488586426,188,-0.43828124999999996
0.28368616104125977,189,-0.23203125
0.28495216369628906,190,-0.0515625
0.2861011028289795,191,-0.399609375
0.28722310066223145,192,-0.37382812499999996
0.28834104537963867,193,-0.2578125
0.289445161819458,194,-0.0515625
0.29053807258605957,195,-0.0515625
0.291668176651001,196,-0.21914062499999998
0.29287004470825195,197,-0.20625
0.2939879894256592,198,-0.348046875
0.2951979637145996,199,-1.044140625
0.29665517807006836,200,-1.611328125
0.2981240749359131,201,-0.18046874999999998
0.29979705810546875,202,-0.167578125
0.30135297775268555,203,-0.103125
0.3030099868774414,204,-0.20625
0.3049330711364746,205,-0.15468749999999998
0.30739712715148926,206,-0.012890625
0.30898118019104004,207,-0.103125
0.3109140396118164,208,-0.012890625
0.31290602684020996,209,-0.837890625
0.314208984375,210,-0.33515625
0.3154280185699463,211,-0.2578125
0.3165721893310547,212,-0.20625
0.3177201747894287,213,-0.15468749999999998
0.31884098052978516,214,-0.322265625
0.3205239772796631,215,-0.42539062499999997
0.3217501640319824,216,-0.141796875
0.32294416427612305,217,-0.038671874999999994
0.3241159915924072,218,-0.09023437499999999
0.3254380226135254,219,-0.18046874999999998
0.326984167098999,220,-0.12890625
0.32859015464782715,221,-0.734765625
0.33017396926879883,222,-1.52109375
0.3318181037902832,223,-0.2578125
0.3334331512451172,224,-0.193359375
0.3349161148071289,225,-0.141796875
0.33681702613830566,226,-0.42539062499999997
0.3382079601287842,227,-0.103125
0.3396260738372803,228,-0.012890625
0.3417830467224121,229,-0.09023437499999999
0.34407901763916016,230,-0.141796875
0.34555602073669434,231,-0.8765624999999999
0.3473529815673828,232,-1.611328125
0.3494431972503662,233,-0.193359375
0.35085606575012207,234,-0.2578125
0.35213804244995117,235,-0.2578125
0.35334110260009766,236,-0.33515625
0.3544790744781494,237,-0.270703125
0.3557310104370117,238,0.0
0.35718512535095215,239,-0.0515625
0.3586549758911133,240,-0.141796875
0.3602771759033203,241,-0.0515625
0.36179614067077637,242,-0.708984375
0.36329102516174316,243,-1.46953125
0.3647761344909668,244,-0.29648437499999997
0.3668861389160156,245,-0.103125
0.3690330982208252,246,-0.116015625
0.3705101013183594,247,-0.20625
0.37216901779174805,248,-0.012890625
0.3742330074310303,249,-0.012890625
0.37572717666625977,250,-0.15468749999999998
0.37697815895080566,251,0.0
0.3781290054321289,252,-0.7476562499999999
0.37926316261291504,253,-1.3664062499999998
0.3804140090942383,254,-1.2890625
0.38159918785095215,255,-0.24492187499999998
0.38275599479675293,256,-0.15468749999999998
0.38387513160705566,257,-0.23203125
0.3849921226501465,258,-0.07734374999999999
0.3862011432647705,259,-0.37382812499999996
0.3876941204071045,260,-0.36093749999999997
0.3891739845275879,261,-0.038671874999999994
0.39073610305786133,262,-0.064453125
0.39238905906677246,263,-0.15468749999999998
0.39379405975341797,264,-0.02578125
0.3952369689941406,265,-0.7734375
0.3975791931152344,266,-1.4953124999999998
0.39963603019714355,267,-0.36093749999999997
0.40111708641052246,268,-0.167578125
0.40276217460632324,269,-0.33515625
0.40500307083129883,270,-0.33515625
0.40645718574523926,271,-0.012890625
0.4076380729675293,272,-0.09023437499999999
0.40879106521606445,273,-0.167578125
0.4099149703979492,274,-0.09023437499999999
0.41106414794921875,275,-0.6574218749999999
0.4122130870819092,276,-1.2374999999999998
0.4134070873260498,277,-1.65
0.41451096534729004,278,-0.12890625
0.4156210422515869,279,-0.270703125
0.41681909561157227,280,-0.20625
0.41823697090148926,281,-0.09023437499999999
0.41978001594543457,282,-0.43828124999999996
0.4214200973510742,283,-0.270703125
0.4230790138244629,284,0.0
0.42451000213623047,285,-0.09023437499999999
0.4259030818939209,286,-0.15468749999999998
0.4277620315551758,287,-0.103125
0.43036413192749023,288,-0.889453125
0.4318561553955078,289,-0.5285156249999999
0.4334220886230469,290,-0.24492187499999998
0.43555307388305664,291,-0.103125
0.4371299743652344,292,-0.29648437499999997
0.4384310245513916,293,0.012890625
0.4395921230316162,294,-0.02578125
0.440716028213501,295,-0.103125
0.4418630599975586,296,-0.2578125
0.4430351257324219,297,-0.12890625
0.4441540241241455,298,-0.4640625
0.44528698921203613,299,-1.134375
0.44640016555786133,300,-1.6371093749999999
0.447613000869751,301,-0.141796875
0.44904303550720215,302,-0.29648437499999997
0.4505009651184082,303,-0.2578125
0.45211315155029297,304,-0.064453125
0.4537210464477539,305,-0.322265625
0.45515918731689453,306,-0.02578125
0.4565269947052002,307,-0.02578125
0.4582860469818115,308,-0.0515625
0.46067118644714355,309,-0.21914062499999998
0.4623560905456543,310,-0.7218749999999999
0.46382904052734375,311,-1.6371093749999999
0.46579813957214355,312,-0.20625
0.46753716468811035,313,-0.193359375
0.46887803077697754,314,-0.20625
0.4700460433959961,315,-0.270703125
0.4711940288543701,316,-0.18046874999999998
0.4723701477050781,317,-0.012890625
0.4734761714935303,318,-0.0515625
0.4745790958404541,319,-0.07734374999999999
0.475689172744751,320,-0.2578125
0.47682905197143555,321,-0.103125
0.4780580997467041,322,-0.7476562499999999
0.47948217391967773,323,-1.3921875
0.4809131622314453,324,-0.2578125
0.48400115966796875,325,-0.30937499999999996
0.48557019233703613,326,-0.12890625
0.4870491027832031,327,-0.23203125
0.48929619789123535,328,-0.07734374999999999
0.4913501739501953,329,-0.012890625
0.49296998977661133,330,-0.15468749999999998
0.49469518661499023,331,-0.30937499999999996
0.49666404724121094,332,-1.134375
0.4980771541595459,333,-0.42539062499999997
0.4992799758911133,334,-0.064453125
0.5004701614379883,335,-0.167578125
0.5016591548919678,336,-0.09023437499999999
0.5028159618377686,337,-0.4125
0.5039629936218262,338,-0.399609375
0.5050761699676514,339,-0.23203125
0.5061700344085693,340,-0.02578125
0.5072681903839111,341,-0.116015625
0.5085141658782959,342,-0.20625
0.5099990367889404,343,-0.141796875
0.5115060806274414,344,-0.5671875
0.5130729675292969,345,-1.2890625
0.5145940780639648,346,-0.012890625
0.5160269737243652,347,-0.29648437499999997
0.517585039138794,348,-0.21914062499999998
0.5195801258087158,349,-0.21914062499999998
0.5219771862030029,350,-0.23203125
0.5235280990600586,351,-0.012890625
0.5252370834350586,352,-0.064453125
0.5272691249847412,353,-0.116015625
0.5287811756134033,354,-0.7734375
0.5300149917602539,355,-1.611328125
0.5311989784240723,356,-0.2578125
0.5324270725250244,357,-0.20625
0.533581018447876,358,-0.21914062499999998
0.5347111225128174,359,-0.103125
0.5358560085296631,360,-0.4640625
0.5369551181793213,361,-0.4640625
0.5380451679229736,362,-0.33515625
0.5392329692840576,363,0.0
0.5406630039215088,364,-0.103125
0.5422770977020264,365,-0.18046874999999998
0.5438241958618164,366,-0.02578125
0.545767068862915,367,-0.760546875
0.5472061634063721,368,-1.65
0.5486509799957275,369,-0.20625
0.550523042678833,370,-0.20625
0.5529541969299316,371,-0.09023437499999999
0.5545480251312256,372,0.038671874999999994
0.5561740398406982,373,-0.012890625
0.5583059787750244,374,-0.07734374999999999
0.5597929954528809,375,-0.167578125
0.561007022857666,376,-0.451171875
0.5621659755706787,377,-1.16015625
0.5632870197296143,378,-1.65
0.5644361972808838,379,-0.21914062499999998
0.5655560493469238,380,-0.12890625
0.5666511058807373,381,-0.2578125
0.5677640438079834,382,-0.116015625
0.5688571929931641,383,-0.322265625
0.5700361728668213,384,-0.451171875
0.5714361667633057,385,-0.322265625
0.5735599994659424,386,-0.012890625
0.5751810073852539,387,-0.02578125
0.5766630172729492,388,-0.103125
0.5780291557312012,389,-0.54140625
0.5793850421905518,390,-1.2503906249999999
0.5813210010528564,391,-1.2374999999999998
0.5838279724121094,392,-0.30937499999999996
0.5853400230407715,393,-0.064453125
0.5869581699371338,394,-0.322265625
0.5891079902648926,395,-0.20625
0.5906310081481934,396,-0.0515625
0.5918831825256348,397,-0.12890625
0.5930471420288086,398,-0.038671874999999994
0.5941791534423828,399,-0.4640625
0.5952901840209961,400,-1.069921875
0.5964450836181641,401,-1.546875
0.5975561141967773,402,-0.708984375
0.5986700057983398,403,-0.48984374999999997
0.5997960567474365,404,-0.4640625
0.6009950637817383,405,-0.23203125
0.602445125579834,406,-0.322265625
0.6039190292358398,407,-0.28359375
0.6054999828338623,408,-0.0515625
0.6069920063018799,409,-0.0515625
0.6083791255950928,410,-0.064453125
0.609748125076294,411,-0.103125
0.6117031574249268,412,-0.399609375
0.6147260665893555,413,-1.16015625
0.6162819862365723,414,-0.193359375
0.6177060604095459,415,-0.20625
0.6195361614227295,416,-0.322265625
0.6216840744018555,417,-0.23203125
0.6231560707092285,418,-0.012890625
0.6243741512298584,419,-0.0515625
0.6255149841308594,420,-0.23203125
0.6266369819641113,421,-0.0515625
0.6277611255645752,422,-0.64453125
0.6289429664611816,423,-1.2503906249999999
0.6300699710845947,424,-1.65
0.6312999725341797,425,-0.167578125
0.6328270435333252,426,-0.20625
0.6342871189117432,427,-0.20625
0.6359381675720215,428,-0.28359375
0.6376020908355713,429,-0.270703125
