time,count,voltage
0.0057489871978759766,1,-0.167578125
0.0075190067291259766,2,-0.141796875
0.009449005126953125,3,-0.12890625
0.011034965515136719,4,0.038671874999999994
0.012707948684692383,5,-0.103125
0.022716999053955078,6,-0.20625
0.024827003479003906,7,-0.193359375
0.02669382095336914,8,0.012890625
0.02827000617980957,9,-0.012890625
0.04823803901672363,10,-0.0515625
0.05110287666320801,11,-0.141796875
0.05335092544555664,12,-1.533984375
0.05563998222351074,13,-0.2578125
0.05714988708496094,14,-0.116015625
0.05847287178039551,15,-0.12890625
0.059866905212402344,16,-0.09023437499999999
0.06124687194824219,17,-0.012890625
0.06251883506774902,18,-0.09023437499999999
0.06382393836975098,19,-0.2578125
0.06505703926086426,20,-0.07734374999999999
0.06629180908203125,21,-0.7734375
0.06751680374145508,22,-1.3792968749999999
0.0687708854675293,23,-1.456640625
0.07010483741760254,24,-0.29648437499999997
0.07135486602783203,25,-0.193359375
0.07259488105773926,26,-0.12890625
0.07382392883300781,27,-0.322265625
0.0750589370727539,28,-0.4125
0.0763239860534668,29,-0.270703125
0.07758784294128418,30,-0.012890625
0.07888197898864746,31,-0.07734374999999999
0.08963799476623535,32,-0.20625
0.09223389625549316,33,-0.193359375
0.0941469669342041,34,0.322265625
0.09552788734436035,35,-0.103125
0.09733796119689941,36,-0.18046874999999998
0.09917187690734863,37,-0.0515625
0.10046696662902832,38,-0.95390625
0.10165786743164062,39,-1.611328125
0.10305285453796387,40,-0.37382812499999996
0.10430598258972168,41,-0.09023437499999999
0.10545992851257324,42,-0.193359375
0.10658097267150879,43,-0.103125
0.10772395133972168,44,-0.37382812499999996
0.10891199111938477,45,-0.37382812499999996
0.11005902290344238,46,-0.23203125
0.11130690574645996,47,-0.02578125
0.11273193359375,48,-0.09023437499999999
0.1141669750213623,49,-0.20625
0.11567497253417969,50,-0.2578125
0.11715483665466309,51,-1.03125
0.11849689483642578,52,-1.65
0.12003898620605469,53,-0.20625
0.12204289436340332,54,-0.23203125
0.1242818832397461,55,-0.12890625
0.1258258819580078,56,-0.012890625
0.12755203247070312,57,0.038671874999999994
0.12951993942260742,58,-0.103125
0.1308729648590088,59,-0.193359375
0.13204503059387207,60,-0.29648437499999997
0.1331930160522461,61,-1.018359375
0.1343069076538086,62,-1.533984375
0.1354069709777832,63,-0.4640625
0.1365039348602295,64,-0.30937499999999996
0.13759994506835938,65,-0.07734374999999999
0.13869786262512207,66,-0.116015625
0.1398758888244629,67,-0.012890625
0.1409928798675537,68,-0.322265625
0.14217400550842285,69,-0.33515625
0.1436138153076172,70,-0.24492187499999998
0.14506196975708008,71,-0.02578125
0.1465590000152588,72,-0.09023437499999999
0.14807581901550293,73,-0.193359375
0.14967703819274902,74,-0.5929687499999999
0.15125799179077148,75,-1.340625
0.15355682373046875,76,-0.4640625
0.15552687644958496,77,-0.167578125
0.1569678783416748,78,-0.0515625
0.1589949131011963,79,-0.21914062499999998
0.16078400611877441,80,-0.012890625
0.16204380989074707,81,-0.038671874999999994
0.16321182250976562,82,-0.193359375
0.16435599327087402,83,-0.20625
0.1654808521270752,84,-0.4640625
0.1665959358215332,85,-1.134375
0.1676959991455078,86,-1.611328125
0.16879582405090332,87,-0.37382812499999996
0.17004680633544922,88,-0.33515625
0.17121195793151855,89,-0.24492187499999998
0.1724560260772705,90,-0.167578125
0.1738569736480713,91,-0.36093749999999997
0.1752920150756836,92,-0.38671875
0.17682981491088867,93,-0.167578125
0.17830586433410645,94,-0.02578125
0.17982792854309082,95,-0.0515625
0.18126392364501953,96,-0.193359375
0.18351197242736816,97,-0.515625
0.1855030059814453,98,-1.3664062499999998
0.18695497512817383,99,-0.348046875
0.1889200210571289,100,-0.21914062499999998
0.19075703620910645,101,-0.30937499999999996
0.19226503372192383,102,-0.09023437499999999
0.19378399848937988,103,0.012890625
0.19527983665466309,104,-0.038671874999999994
0.19674897193908691,105,-0.12890625
0.19823598861694336,106,-0.12890625
0.19977092742919922,107,-0.708984375
0.20140385627746582,108,-1.41796875
0.20305895805358887,109,-0.476953125
0.20485496520996094,110,-0.038671874999999994
0.20664191246032715,111,-0.103125
0.20855402946472168,112,-0.36093749999999997
0.21052289009094238,113,-0.064453125
0.21234488487243652,114,-0.038671874999999994
0.21515202522277832,115,-0.167578125
0.21706485748291016,116,-0.43828124999999996
0.21901202201843262,117,-1.4953124999999998
0.22141385078430176,118,-0.167578125
0.22316789627075195,119,-0.103125
0.22475981712341309,120,-0.38671875
0.22628402709960938,121,-0.20625
0.22781085968017578,122,-0.012890625
0.2293410301208496,123,-0.09023437499999999
0.2308659553527832,124,-0.21914062499999998
0.23238897323608398,125,-0.21914062499999998
0.23406982421875,126,-1.0828125
0.235886812210083,127,-1.65
0.237746000289917,128,-0.42539062499999997
0.23978400230407715,129,-0.23203125
0.24173784255981445,130,-0.141796875
0.24392986297607422,131,0.038671874999999994
0.24667596817016602,132,-0.0515625
0.2484300136566162,133,-0.12890625
0.2505068778991699,134,-0.734765625
0.2527468204498291,135,-1.585546875
0.2544238567352295,136,-0.2578125
0.25602102279663086,137,-0.270703125
0.25802183151245117,138,-0.30937499999999996
0.2597508430480957,139,-0.141796875
0.26117491722106934,140,-0.012890625
0.26251792907714844,141,-0.07734374999999999
0.2640078067779541,142,-0.20625
0.265625,143,-0.103125
0.26726198196411133,144,-0.95390625
0.2688169479370117,145,-1.65
0.27028894424438477,146,-0.37382812499999996
0.271651029586792,147,-0.322265625
0.2736339569091797,148,-0.193359375
0.27554798126220703,149,-0.38671875
0.27742981910705566,150,0.0
0.2793450355529785,151,-0.09023437499999999
0.281574010848999,152,-0.167578125
0.2838869094848633,153,-0.37382812499999996
0.2853848934173584,154,-1.5726562499999999
0.28717803955078125,155,-0.270703125
0.28925299644470215,156,-0.167578125
0.2906808853149414,157,-0.36093749999999997
0.29190492630004883,158,-0.270703125
0.29305481910705566,159,-0.167578125
0.2942488193511963,160,-0.02578125
0.2956359386444092,161,-0.15468749999999998
0.2970719337463379,162,-0.2578125
0.29856300354003906,163,-0.0515625
0.30025601387023926,164,-0.8121093749999999
0.30176591873168945,165,-1.5984375
0.3031749725341797,166,-0.29648437499999997
0.3054978847503662,167,-0.12890625
0.30747294425964355,168,-0.12890625
0.3090348243713379,169,0.0
0.31095099449157715,170,0.07734374999999999
0.3127458095550537,171,-0.103125
0.3140108585357666,172,-0.20625
0.31514883041381836,173,-0.167578125
0.31629300117492676,174,-0.9152343749999999
0.31746983528137207,175,-1.46953125
0.3185858726501465,176,-0.515625
0.319713830947876,177,-0.167578125
0.32082080841064453,178,-0.12890625
0.32191991806030273,179,-0.24492187499999998
0.32301902770996094,180,-0.09023437499999999
0.32419300079345703,181,-0.37382812499999996
0.3255918025970459,182,-0.399609375
0.3270418643951416,183,-0.20625
0.3285329341888428,184,-0.0515625
0.33020591735839844,185,-0.103125
0.33158183097839355,186,-0.103125
0.3329780101776123,187,-0.7218749999999999
0.3351290225982666,188,-1.3921875
0.3372519016265869,189,-0.515625
0.33866095542907715,190,-0.270703125
0.3406839370727539,191,-0.07734374999999999
0.34250688552856445,192,-0.15468749999999998
0.34377288818359375,193,-0.02578125
0.3449280261993408,194,-0.064453125
0.3460500240325928,195,-0.07734374999999999
0.34716081619262695,196,-0.270703125
0.34826183319091797,197,-0.21914062499999998
0.3494729995727539,198,-0.8507812499999999
0.35059690475463867,199,-1.4308593749999998
0.351701021194458,200,-0.7218749999999999
0.3527970314025879,201,-0.23203125
0.35388994216918945,202,-0.103125
0.35511183738708496,203,-0.20625
0.35652589797973633,204,-0.09023437499999999
0.3579738140106201,205,-0.37382812499999996
0.36945581436157227,206,-0.2578125
0.3710198402404785,207,-0.02578125
0.37248897552490234,208,-0.07734374999999999
0.37398386001586914,209,-0.322265625
0.37547802925109863,210,-0.322265625
0.3769810199737549,211,-0.15468749999999998
0.3784208297729492,212,-0.038671874999999994
0.38033199310302734,213,-0.103125
0.3815329074859619,214,-0.012890625
0.3826639652252197,215,-0.7218749999999999
0.3837888240814209,216,-1.2890625
0.38489389419555664,217,-1.65
0.3860909938812256,218,-0.2578125
0.38750195503234863,219,-0.38671875
0.3889729976654053,220,-0.0515625
0.3905308246612549,221,-0.23203125
0.39203500747680664,222,-0.24492187499999998
0.39344286918640137,223,-0.0515625
0.39485788345336914,224,-0.012890625
0.3972949981689453,225,-0.064453125
0.399075984954834,226,-0.038671874999999994
0.40048980712890625,227,-0.95390625
0.4022529125213623,228,-1.6371093749999999
0.40416789054870605,229,-0.28359375
0.4055478572845459,230,-0.2578125
0.40673303604125977,231,-0.322265625
0.40785980224609375,232,-0.4125
0.4090278148651123,233,-0.36093749999999997
0.41015195846557617,234,-0.09023437499999999
0.4112718105316162,235,-0.0515625
0.4123678207397461,236,-0.064453125
0.4134659767150879,237,-0.29648437499999997
0.41456103324890137,238,-0.20625
0.4156630039215088,239,-0.708984375
0.4168248176574707,240,-1.2503906249999999
0.4181938171386719,241,-1.65
0.41971492767333984,242,-0.23203125
0.4212520122528076,243,-0.167578125
0.4227738380432129,244,-0.21914062499999998
0.4241788387298584,245,-0.23203125
0.425570011138916,246,-0.2578125
0.42781686782836914,247,-0.116015625
0.4298720359802246,248,-0.07734374999999999
0.431272029876709,249,-0.15468749999999998
0.432858943939209,250,-0.580078125
0.43482398986816406,251,-1.2503906249999999
0.4363279342651367,252,-0.476953125
0.43756103515625,253,-0.18046874999999998
0.4387178421020508,254,-0.193359375
0.4399149417877197,255,-0.0515625
0.44103288650512695,256,-0.322265625
0.44213080406188965,257,-0.348046875
0.44322800636291504,258,-0.116015625
0.4443199634552002,259,-0.012890625
0.4454329013824463,260,-0.12890625
0.4465329647064209,261,-0.21914062499999998
0.44768786430358887,262,-0.23203125
0.44910192489624023,263,-0.554296875
0.4505338668823242,264,-1.1859374999999999
0.4520738124847412,265,-1.6371093749999999
0.4536428451538086,266,-0.23203125
0.45501184463500977,267,-0.2578125
0.45637989044189453,268,-0.09023437499999999
0.4586148262023926,269,-0.4125
0.46062684059143066,270,-0.167578125
0.46206092834472656,271,-0.103125
0.4636688232421875,272,-0.18046874999999998
0.4656388759613037,273,-0.116015625
0.46712803840637207,274,-0.9152343749999999
0.46837496757507324,275,-1.65
0.4695708751678467,276,-0.2578125
0.4707069396972656,277,-0.193359375
0.47181081771850586,278,-0.141796875
0.4729149341583252,279,-0.07734374999999999
0.474017858505249,280,-0.4125
0.4751098155975342,281,-0.42539062499999997
0.47620701789855957,282,-0.322265625
0.47729992866516113,283,0.0
0.4784820079803467,284,-0.103125
0.4798758029937744,285,-0.167578125
0.4812929630279541,286,-0.21914062499999998
0.4827840328216553,287,-0.631640625
0.4843318462371826,288,-1.3148437499999999
0.48580098152160645,289,-0.43828124999999996
0.4871950149536133,290,-0.30937499999999996
0.48936891555786133,291,-0.270703125
0.4914388656616211,292,-0.33515625
0.49289393424987793,293,0.038671874999999994
0.49442601203918457,294,-0.012890625
0.4963958263397217,295,-0.103125
0.49794983863830566,296,-0.20625
0.4992220401763916,297,-0.554296875
0.5003929138183594,298,-1.2374999999999998
0.5015568733215332,299,-1.65
0.502687931060791,300,-0.2578125
0.5037989616394043,301,-0.141796875
0.5049259662628174,302,-0.167578125
0.5060248374938965,303,0.0
0.5071098804473877,304,-0.4640625
0.5082108974456787,305,-0.502734375
0.5094490051269531,306,-0.37382812499999996
0.5108568668365479,307,-0.012890625
0.5123848915100098,308,-0.141796875
0.5137779712677002,309,-0.21914062499999998
0.5150959491729736,310,-0.07734374999999999
0.5164649486541748,311,-0.825
0.517941951751709,312,-1.4953124999999998
0.5193808078765869,313,-0.4640625
0.5217368602752686,314,-0.167578125
0.5236289501190186,315,-0.09023437499999999
0.5250639915466309,316,-0.24492187499999998
0.5266988277435303,317,-0.0515625
0.5286688804626465,318,-0.012890625
0.5302059650421143,319,-0.0515625
0.5314068794250488,320,-0.0515625
0.5325448513031006,321,-0.6832031249999999
0.5336768627166748,322,-1.26328125
0.5347850322723389,323,-1.65
0.5358870029449463,324,-0.167578125
0.5369839668273926,325,-0.322265625
0.5380768775939941,326,-0.20625
0.5391848087310791,327,-0.103125
0.5403459072113037,328,-0.37382812499999996
0.5417308807373047,329,-0.4640625
0.5431540012359619,330,-0.28359375
0.5446658134460449,331,-0.012890625
0.5461759567260742,332,-0.064453125
0.5475599765777588,333,-0.167578125
0.5490720272064209,334,-0.30937499999999996
0.5514178276062012,335,-1.095703125
0.5532958507537842,336,-0.4640625
0.5546720027923584,337,-0.23203125
0.5565869808197021,338,-0.064453125
0.558305025100708,339,-0.29648437499999997
0.5595908164978027,340,0.0
0.5607378482818604,341,-0.038671874999999994
0.5618648529052734,342,-0.116015625
0.5629849433898926,343,-0.21914062499999998
0.5641598701477051,344,-0.23203125
0.5652859210968018,345,-0.37382812499999996
0.5664060115814209,346,-1.0828125
0.5675079822540283,347,-1.5597656249999998
0.5686049461364746,348,-0.30937499999999996
0.5697259902954102,349,-0.270703125
0.5708818435668945,350,-0.20625
0.5722458362579346,351,-0.12890625
0.5736849308013916,352,-0.29648437499999997
0.5751538276672363,353,-0.322265625
0.5766959190368652,354,-0.167578125
0.5781199932098389,355,-0.038671874999999994
0.5796599388122559,356,-0.0515625
0.5811398029327393,357,-0.21914062499999998
0.5836260318756104,358,-0.4125
0.5852999687194824,359,-1.4308593749999998
0.5866539478302002,360,-0.167578125
0.5883669853210449,361,-0.23203125
0.5903048515319824,362,-0.15468749999999998
0.5917439460754395,363,-0.2578125
0.5929238796234131,364,-0.02578125
0.5940539836883545,365,-0.0515625
0.5951588153839111,366,-0.141796875
0.5962598323822021,367,-0.167578125
0.5973539352416992,368,-0.270703125
0.5984418392181396,369,-0.37382812499999996
0.5995659828186035,370,-1.00546875
0.6006648540496826,371,-1.52109375
0.601815938949585,372,-0.28359375
0.603179931640625,373,-0.2578125
0.6046149730682373,374,-0.167578125
0.6061019897460938,375,-0.167578125
0.6076338291168213,376,-0.2578125
0.6091690063476562,377,-0.193359375
0.6106398105621338,378,-0.012890625
0.612217903137207,379,-0.064453125
0.6146409511566162,380,-0.15468749999999998
0.616257905960083,381,-0.37382812499999996
0.617609977722168,382,-1.2890625
0.6193869113922119,383,-0.502734375
0.6213088035583496,384,-0.322265625
0.6226840019226074,385,-0.064453125
0.6238608360290527,386,-0.4125
0.6249978542327881,387,-0.43828124999999996
0.6261138916015625,388,-0.322265625
0.6272180080413818,389,-0.012890625
0.6283190250396729,390,-0.141796875
0.6295080184936523,391,-0.167578125
0.6306178569793701,392,-0.23203125
0.6317639350891113,393,-0.322265625
0.6331319808959961,394,-0.992578125
0.6345620155334473,395,-1.5597656249999998
0.6360719203948975,396,-0.30937499999999996
0.6376328468322754,397,-0.30937499999999996
0.6391229629516602,398,-0.167578125
0.6405899524688721,399,-0.36093749999999997
0.642143964767456,400,-0.322265625
0.6446449756622314,401,-0.141796875
0.6463158130645752,402,-0.09023437499999999
0.6476638317108154,403,-0.103125
0.6493308544158936,404,-0.42539062499999997
0.6512730121612549,405,-1.198828125
0.6526739597320557,406,-0.515625
0.653864860534668,407,-0.167578125
0.6550009250640869,408,-0.23203125
0.6561198234558105,409,-0.038671874999999994
0.6572239398956299,410,-0.43828124999999996
0.658329963684082,411,-0.43828124999999996
0.6594858169555664,412,-0.33515625
0.6605880260467529,413,-0.02578125
0.6617980003356934,414,-0.103125
0.663214921951294,415,-0.193359375
0.6646149158477783,416,-0.20625
0.6660869121551514,417,-0.631640625
0.667637825012207,418,-1.3148437499999999
0.6691498756408691,419,-0.515625
0.670598030090332,420,-0.2578125
0.6722300052642822,421,-0.30937499999999996
0.6747360229492188,422,0.0
0.6763529777526855,423,0.12890625
0.6777329444885254,424,-0.02578125
0.6794860363006592,425,-0.0515625
0.6813278198242188,426,-0.21914062499999998
