time,count,voltage
0.004394054412841797,1,-0.12890625
0.005796194076538086,2,0.193359375
0.0070340633392333984,3,0.0
0.008185148239135742,4,-0.064453125
0.009309053421020508,5,-0.2578125
0.010512113571166992,6,-0.322265625
0.011634111404418945,7,-0.734765625
0.01279902458190918,8,-1.3792968749999999
0.013962984085083008,9,0.0
0.015070199966430664,10,0.0
0.022378206253051758,11,-0.23203125
0.02368307113647461,12,0.012890625
0.02484917640686035,13,-0.0515625
0.025982141494750977,14,-0.2578125
0.02709817886352539,15,-0.36093749999999997
0.028216123580932617,16,-0.708984375
0.029339075088500977,17,-1.340625
0.030534982681274414,18,-0.09023437499999999
0.05102109909057617,19,-0.0515625
0.0523531436920166,20,-0.193359375
0.05353713035583496,21,-0.4125
0.05466604232788086,22,-0.29648437499999997
0.05578303337097168,23,0.012890625
0.05688214302062988,24,-0.012890625
0.057978153228759766,25,-0.064453125
0.059095144271850586,26,-0.18046874999999998
0.060227155685424805,27,-0.348046875
0.06133699417114258,28,-0.5671875
0.06244611740112305,29,-1.224609375
0.0635530948638916,30,-1.65
0.06464505195617676,31,0.0
0.06574010848999023,32,-0.21914062499999998
0.06684112548828125,33,-0.18046874999999998
0.0679481029510498,34,-0.15468749999999998
0.06917119026184082,35,-0.103125
0.07039403915405273,36,-0.33515625
0.07160401344299316,37,-0.2578125
0.07281112670898438,38,0.0
0.07401013374328613,39,0.0
0.07520604133605957,40,-0.038671874999999994
0.07642602920532227,41,-0.2578125
0.07764410972595215,42,-0.2578125
0.07885599136352539,43,-0.9152343749999999
0.08014512062072754,44,-1.533984375
0.09873104095458984,45,0.0
0.10052919387817383,46,-0.20625
0.10191202163696289,47,-0.141796875
0.10319113731384277,48,-0.322265625
0.10443401336669922,49,-0.270703125
0.1056511402130127,50,-0.02578125
0.10685515403747559,51,0.0
0.1080629825592041,52,-0.0515625
0.10928201675415039,53,-0.20625
0.11058306694030762,54,-0.37382812499999996
0.11588907241821289,55,-0.6832031249999999
0.12862110137939453,56,-1.405078125
0.13060998916625977,57,-1.16015625
0.13201117515563965,58,-0.02578125
0.13324403762817383,59,-0.167578125
0.13437414169311523,60,-0.270703125
0.135498046875,61,-0.167578125
0.13660407066345215,62,-0.43828124999999996
0.13797616958618164,63,-0.399609375
0.13963103294372559,64,0.012890625
0.1413261890411377,65,-0.012890625
0.1428830623626709,66,-0.103125
0.14467215538024902,67,-0.29648437499999997
0.14648699760437012,68,-0.992578125
0.1485140323638916,69,-0.116015625
0.1508021354675293,70,-0.20625
0.15269207954406738,71,-0.167578125
0.15528512001037598,72,-0.33515625
0.1578969955444336,73,-0.012890625
0.16013002395629883,74,-0.0515625
0.16251707077026367,75,-0.20625
0.16431498527526855,76,-1.340625
0.16599607467651367,77,-0.0515625
0.16753101348876953,78,-0.18046874999999998
0.16909098625183105,79,-0.116015625
0.17070913314819336,80,-0.37382812499999996
0.1723930835723877,81,-0.07734374999999999
0.17409610748291016,82,0.0
0.17596912384033203,83,-0.0515625
0.17780613899230957,84,-0.2578125
0.17992210388183594,85,-0.8765624999999999
0.18207502365112305,86,-0.734765625
0.1840071678161621,87,-0.21914062499999998
0.18673205375671387,88,-0.193359375
0.18903803825378418,89,0.012890625
0.19112300872802734,90,-0.012890625
0.1936051845550537,91,-0.012890625
0.19539999961853027,92,-0.116015625
0.1971139907836914,93,-1.26328125
0.19870615005493164,94,0.0
0.20020818710327148,95,-0.20625
0.20189809799194336,96,-0.322265625
0.203902006149292,97,-0.30937499999999996
0.20562219619750977,98,0.07734374999999999
0.20734214782714844,99,-0.012890625
0.20903611183166504,100,-0.012890625
0.21066498756408691,101,-0.29648437499999997
0.21210718154907227,102,-0.631640625
0.2135300636291504,103,-1.456640625
0.2149372100830078,104,0.0
0.21627521514892578,105,-0.21914062499999998
0.218062162399292,106,-0.23203125
0.22019410133361816,107,-0.20625
0.22229719161987305,108,-0.012890625
0.22423410415649414,109,-0.012890625
0.22703814506530762,110,-0.02578125
0.22937297821044922,111,-0.15468749999999998
0.23090505599975586,112,-1.5597656249999998
0.23286819458007812,113,-0.09023437499999999
0.23470115661621094,114,0.0
0.23630404472351074,115,-0.103125
0.2379601001739502,116,-0.20625
0.239670991897583,117,-0.012890625
0.24139404296875,118,-0.012890625
0.24288415908813477,119,-0.15468749999999998
0.24480819702148438,120,-0.2578125
0.24746918678283691,121,-0.992578125
0.24904918670654297,122,-0.15468749999999998
0.2507669925689697,123,-0.012890625
0.2528860569000244,124,-0.09023437499999999
0.2543370723724365,125,-0.23203125
0.2555241584777832,126,0.09023437499999999
0.256695032119751,127,0.0
0.2577991485595703,128,-0.0515625
0.25890302658081055,129,-0.15468749999999998
0.2600431442260742,130,-0.322265625
0.26118016242980957,131,-0.4125
0.2622849941253662,132,-1.16015625
0.2633821964263916,133,-1.65
0.2644782066345215,134,-0.012890625
0.26571202278137207,135,-0.167578125
0.26711201667785645,136,-0.012890625
0.26865315437316895,137,-0.20625
0.27028703689575195,138,-0.322265625
0.2718780040740967,139,-0.18046874999999998
0.27326297760009766,140,0.0
0.2745940685272217,141,-0.0515625
0.2765040397644043,142,-0.15468749999999998
0.2788400650024414,143,-0.322265625
0.2802741527557373,144,-1.3792968749999999
0.28217411041259766,145,-0.0515625
0.28401899337768555,146,-0.20625
0.28531908988952637,147,-0.116015625
0.286513090133667,148,-0.23203125
0.28766918182373047,149,-0.23203125
0.28878116607666016,150,-0.012890625
0.28994202613830566,151,-0.012890625
0.2910881042480469,152,-0.038671874999999994
0.29225611686706543,153,-0.09023437499999999
0.29337215423583984,154,-0.348046875
0.2945070266723633,155,-0.4640625
0.2956972122192383,156,-1.147265625
0.29712700843811035,157,-1.65
0.2985830307006836,158,-0.02578125
0.30012011528015137,159,-0.167578125
0.30170321464538574,160,-0.2578125
0.30317211151123047,161,-0.167578125
0.3047151565551758,162,-0.103125
0.3069911003112793,163,0.0
0.3090360164642334,164,-0.012890625
0.31063413619995117,165,-0.2578125
0.3126840591430664,166,-0.605859375
0.31449198722839355,167,-1.611328125
0.3158450126647949,168,-0.0515625
0.317033052444458,169,-0.02578125
0.31818413734436035,170,-0.20625
0.31929516792297363,171,-0.18046874999999998
0.32056403160095215,172,-0.322265625
0.32172513008117676,173,-0.167578125
0.32283902168273926,174,0.012890625
0.32424306869506836,175,-0.012890625
0.32538819313049316,176,-0.0515625
0.3266561031341553,177,-0.28359375
0.32811903953552246,178,-0.36093749999999997
0.3295860290527344,179,-1.16015625
0.3312041759490967,180,-0.0515625
0.3326911926269531,181,-0.103125
0.3340160846710205,182,-0.103125
0.335313081741333,183,-0.167578125
0.33770012855529785,184,-0.23203125
0.3395421504974365,185,0.0515625
0.34120798110961914,186,-0.012890625
0.3431820869445801,187,-0.07734374999999999
0.34496212005615234,188,-0.20625
0.34625720977783203,189,-1.147265625
0.347445011138916,190,0.0
0.3486490249633789,191,-0.02578125
0.34978413581848145,192,-0.193359375
0.3510010242462158,193,-0.270703125
0.35216307640075684,194,-0.103125
0.3532741069793701,195,-0.4125
0.35436320304870605,196,-0.36093749999999997
0.35546112060546875,197,-0.012890625
0.3567161560058594,198,-0.012890625
0.3582019805908203,199,-0.0515625
0.35965514183044434,200,-0.20625
0.36127710342407227,201,-0.23203125
0.3627290725708008,202,-0.9796874999999999
0.36406803131103516,203,-0.9410156249999999
0.3654201030731201,204,-0.103125
0.3678891658782959,205,-0.103125
0.3696441650390625,206,-0.193359375
0.3712010383605957,207,-0.167578125
0.3732321262359619,208,0.0
0.375042200088501,209,-0.02578125
0.3764309883117676,210,-0.21914062499999998
0.37795114517211914,211,-0.28359375
0.3794732093811035,212,-1.018359375
0.38130998611450195,213,-0.580078125
0.3829209804534912,214,-0.0515625
0.38437819480895996,215,-0.15468749999999998
0.38560009002685547,216,-0.12890625
0.3868570327758789,217,-0.43828124999999996
0.38839006423950195,218,-0.33515625
0.3899800777435303,219,0.0
0.3916151523590088,220,-0.012890625
0.39307117462158203,221,-0.167578125
0.3953101634979248,222,-0.2578125
0.39791417121887207,223,-1.26328125
0.40004611015319824,224,-0.02578125
0.40146803855895996,225,-0.21914062499999998
0.40324997901916504,226,-0.064453125
0.40546512603759766,227,-0.141796875
0.40687108039855957,228,0.012890625
0.4080531597137451,229,-0.0515625
0.40918898582458496,230,-0.167578125
0.4103240966796875,231,-0.30937499999999996
0.4114689826965332,232,-0.580078125
0.41264820098876953,233,-1.26328125
0.413776159286499,234,-0.7863281249999999
0.41491103172302246,235,0.0
0.4160270690917969,236,-0.2578125
0.4172232151031494,237,-0.15468749999999998
0.4186420440673828,238,-0.167578125
0.42016005516052246,239,-0.29648437499999997
0.4218940734863281,240,-0.167578125
0.423443078994751,241,0.012890625
0.42477917671203613,242,-0.064453125
0.42616701126098633,243,-0.193359375
0.42847418785095215,244,-0.2578125
0.43079400062561035,245,-0.992578125
0.43224215507507324,246,0.0
0.4339320659637451,247,-0.09023437499999999
0.43615007400512695,248,-0.0515625
0.43753504753112793,249,-0.23203125
0.43877100944519043,250,0.038671874999999994
0.43999314308166504,251,0.012890625
0.44112205505371094,252,-0.012890625
0.44223809242248535,253,-0.12890625
0.44333910942077637,254,-0.36093749999999997
0.44445204734802246,255,-0.399609375
0.4456140995025635,256,-1.134375
0.44671106338500977,257,-1.65
0.44791698455810547,258,0.0
0.44934511184692383,259,-0.0515625
0.4507720470428467,260,-0.18046874999999998
0.4523651599884033,261,-0.12890625
0.4540090560913086,262,-0.167578125
0.4554250240325928,263,0.038671874999999994
0.45683813095092773,264,0.0
0.4591391086578369,265,-0.02578125
0.46114206314086914,266,-0.23203125
0.4625852108001709,267,-0.863671875
0.464277982711792,268,-1.65
0.4662601947784424,269,0.0
0.46770405769348145,270,-0.141796875
0.46894216537475586,271,-0.012890625
0.4701840877532959,272,-0.399609375
0.4713129997253418,273,-0.29648437499999997
0.47243499755859375,274,0.012890625
0.4735410213470459,275,0.0
0.47463202476501465,276,-0.09023437499999999
0.4757721424102783,277,-0.167578125
0.4768710136413574,278,-0.37382812499999996
0.47812509536743164,279,-0.5285156249999999
0.47956418991088867,280,-1.2503906249999999
0.48120808601379395,281,0.012890625
0.4827611446380615,282,-0.0515625
0.48435521125793457,283,-0.02578125
0.48595213890075684,284,-0.064453125
0.487598180770874,285,-0.37382812499999996
0.4901571273803711,286,-0.09023437499999999
0.4918251037597656,287,-0.02578125
0.4933311939239502,288,-0.20625
0.4953291416168213,289,-0.21914062499999998
0.4971489906311035,290,-1.21171875
0.49846315383911133,291,-0.02578125
0.49966907501220703,292,-0.270703125
0.5009250640869141,293,-0.15468749999999998
0.5021681785583496,294,-0.064453125
0.5033221244812012,295,-0.36093749999999997
0.5044481754302979,296,-0.322265625
0.5055592060089111,297,-0.012890625
0.5066530704498291,298,0.0
0.507789134979248,299,-0.0515625
0.5090169906616211,300,-0.09023437499999999
0.5105271339416504,301,-0.30937499999999996
0.5120270252227783,302,-0.580078125
0.5135641098022461,303,-1.405078125
0.5150802135467529,304,0.0
0.5165410041809082,305,-0.20625
0.518017053604126,306,-0.29648437499999997
0.5199670791625977,307,-0.12890625
0.5224201679229736,308,-0.2578125
0.5239970684051514,309,0.0
0.5255491733551025,310,-0.0515625
0.5277121067047119,311,-0.29648437499999997
0.529350996017456,312,-0.631640625
0.5306491851806641,313,-1.65
0.5318551063537598,314,0.0
0.5332200527191162,315,-0.20625
0.5343611240386963,316,-0.30937499999999996
0.5354840755462646,317,-0.12890625
0.536588191986084,318,-0.43828124999999996
0.5376920700073242,319,-0.37382812499999996
0.5387899875640869,320,-0.012890625
0.5400760173797607,321,-0.012890625
0.5415360927581787,322,-0.012890625
0.543039083480835,323,-0.193359375
0.5446410179138184,324,-0.29648437499999997
0.5461530685424805,325,-0.992578125
0.5475590229034424,326,-0.15468749999999998
0.5491230487823486,327,-0.0515625
0.5513989925384521,328,-0.09023437499999999
0.553443193435669,329,-0.167578125
0.5549750328063965,330,0.0
0.5567781925201416,331,0.012890625
0.5590131282806396,332,0.0
0.5608110427856445,333,-0.2578125
0.5622761249542236,334,-0.631640625
0.5634970664978027,335,-1.52109375
0.5647270679473877,336,0.0
0.5658531188964844,337,-0.116015625
0.5669851303100586,338,-0.103125
0.5680820941925049,339,-0.20625
0.5691771507263184,340,-0.02578125
0.5704441070556641,341,-0.322265625
0.571958065032959,342,-0.193359375
0.5734641551971436,343,0.012890625
0.5750610828399658,344,-0.02578125
0.576552152633667,345,-0.18046874999999998
0.5779809951782227,346,-0.24492187499999998
0.5793581008911133,347,-1.03125
0.5815231800079346,348,-1.4953124999999998
0.5837910175323486,349,-0.064453125
0.585252046585083,350,-0.167578125
0.5868420600891113,351,-0.30937499999999996
0.5890870094299316,352,-0.23203125
0.5906500816345215,353,0.012890625
0.5918831825256348,354,-0.012890625
0.5930500030517578,355,-0.2578125
0.5941669940948486,356,-0.23203125
0.5952661037445068,357,-0.8765624999999999
0.5963821411132812,358,-1.46953125
0.5975041389465332,359,0.0
0.598635196685791,360,-0.012890625
0.5997281074523926,361,-0.21914062499999998
0.6009700298309326,362,-0.28359375
0.6024081707000732,363,-0.064453125
0.603931188583374,364,-0.37382812499999996
0.6055521965026855,365,-0.167578125
0.6071140766143799,366,0.012890625
0.6084761619567871,367,-0.0515625
0.6099560260772705,368,-0.2578125
0.6124870777130127,369,-0.21914062499999998
0.614314079284668,370,-1.276171875
0.6157670021057129,371,-0.0515625
0.6177031993865967,372,-0.07734374999999999
0.619279146194458,373,-0.12890625
0.6213271617889404,374,-0.30937499999999996
0.6229190826416016,375,-0.012890625
0.6243541240692139,376,-0.012890625
0.625709056854248,377,-0.0515625
0.6270542144775391,378,-0.322265625
0.6284501552581787,379,-0.515625
0.6298861503601074,380,-1.340625
0.6316890716552734,381,0.0
0.633357048034668,382,-0.167578125
0.6350071430206299,383,-0.270703125
0.6368350982666016,384,-0.012890625
0.6388401985168457,385,0.0
0.6408600807189941,386,0.0
0.642611026763916,387,-0.012890625
0.6444270610809326,388,-0.270703125
0.6474881172180176,389,-0.825
0.6495661735534668,390,-0.0515625
0.6513051986694336,391,-0.0515625
0.6531531810760498,392,-0.103125
0.655407190322876,393,-0.23203125
0.6576399803161621,394,0.0
0.6592512130737305,395,-0.02578125
0.6607789993286133,396,-0.2578125
0.6624171733856201,397,-0.69609375
0.6655640602111816,398,-1.5597656249999998
0.6673390865325928,399,-0.21914062499999998
0.6693429946899414,400,-0.12890625
0.6712591648101807,401,-0.37382812499999996
0.6732490062713623,402,0.116015625
0.6756041049957275,403,-0.012890625
0.678422212600708,404,-0.20625
0.6802341938018799,405,-1.044140625
0.6821119785308838,406,-0.012890625
0.6843430995941162,407,-0.116015625
0.6863870620727539,408,-0.103125
0.6879801750183105,409,-0.15468749999999998
0.6894371509552002,410,0.0
0.6908230781555176,411,0.0
0.6923789978027344,412,-0.02578125
0.6941699981689453,413,-0.270703125
0.6958811283111572,414,-0.631640625
0.6976699829101562,415,-1.5984375
0.6993770599365234,416,0.0
0.7012159824371338,417,-0.103125
0.7030160427093506,418,-0.167578125
0.7052791118621826,419,-0.167578125
0.7082421779632568,420,0.012890625
0.7102460861206055,421,-0.09023437499999999
0.7121140956878662,422,-0.18046874999999998
0.7144291400909424,423,-1.21171875
0.7164790630340576,424,-0.116015625
0.7180380821228027,425,-0.2578125
0.719444990158081,426,-0.0515625
0.7208549976348877,427,-0.2578125
0.7223160266876221,428,-0.012890625
0.7240622043609619,429,-0.012890625
0.7258701324462891,430,-0.012890625
0.7276511192321777,431,-0.270703125
0.7294750213623047,432,-0.734765625
0.7312381267547607,433,-1.65
0.7330741882324219,434,-0.12890625
0.7348430156707764,435,-0.193359375
0.7373480796813965,436,-0.0515625
0.7388350963592529,437,0.24492187499999998
0.7409210205078125,438,0.0
0.7432241439819336,439,-0.02578125
0.7445189952850342,440,-0.15468749999999998
0.7456860542297363,441,-0.928125
0.746798038482666,442,-1.585546875
