time,count,voltage
0.005574941635131836,1,-0.02578125
0.007116794586181641,2,-0.02578125
0.00851297378540039,3,-0.167578125
0.009866952896118164,4,-0.36093749999999997
0.01193380355834961,5,-1.1214843749999999
0.013728857040405273,6,-0.64453125
0.015452861785888672,7,-0.103125
0.01705479621887207,8,-0.2578125
0.018656015396118164,9,-0.399609375
0.020187854766845703,10,-0.30937499999999996
0.021605968475341797,11,-0.012890625
0.023000001907348633,12,-0.103125
0.02434682846069336,13,-0.20625
0.025676965713500977,14,-0.12890625
0.027165889739990234,15,-0.734765625
0.028834819793701172,16,-1.405078125
0.030501842498779297,17,-0.502734375
0.03223299980163574,18,-0.02578125
0.034060001373291016,19,-0.193359375
0.035678863525390625,20,-0.4125
0.03736686706542969,21,-0.20625
0.039047956466674805,22,-0.02578125
0.04069995880126953,23,-0.0515625
0.042402029037475586,24,-0.103125
0.045274972915649414,25,-0.631640625
0.04735398292541504,26,-1.65
0.04892086982727051,27,-0.37382812499999996
0.050807952880859375,28,-0.0515625
0.05311989784240723,29,-0.33515625
0.05500602722167969,30,0.09023437499999999
0.056550025939941406,31,-0.103125
0.057953834533691406,32,-0.20625
0.05932784080505371,33,-0.0515625
0.06067395210266113,34,-0.8507812499999999
0.062103986740112305,35,-1.46953125
0.06346988677978516,36,-0.4640625
0.06480193138122559,37,-0.270703125
0.06612801551818848,38,-0.193359375
0.06745791435241699,39,-0.103125
0.06877684593200684,40,-0.30937499999999996
0.07010889053344727,41,-0.2578125
0.07142496109008789,42,-0.012890625
0.0733039379119873,43,-0.103125
0.07482600212097168,44,-0.20625
0.07643580436706543,45,-0.167578125
0.07869791984558105,46,-1.018359375
0.08045387268066406,47,-1.03125
0.08242583274841309,48,-0.12890625
0.08474302291870117,49,-0.103125
0.0863637924194336,50,-0.167578125
0.08873701095581055,51,0.012890625
0.09075593948364258,52,-0.07734374999999999
0.09225797653198242,53,-0.103125
0.0941460132598877,54,-0.580078125
0.09600996971130371,55,-1.405078125
0.09735298156738281,56,-0.33515625
0.09852290153503418,57,-0.20625
0.09973597526550293,58,-0.23203125
0.10086989402770996,59,-0.37382812499999996
0.10248088836669922,60,-0.48984374999999997
0.10382890701293945,61,-0.23203125
0.10516190528869629,62,-0.02578125
0.10658788681030273,63,-0.116015625
0.10804486274719238,64,-0.21914062499999998
0.10965299606323242,65,-0.15468749999999998
0.11121201515197754,66,-0.928125
0.11274099349975586,67,-1.65
0.1141958236694336,68,-0.2578125
0.11601090431213379,69,-0.23203125
0.11857986450195312,70,-0.12890625
0.12017297744750977,71,0.0515625
0.12169098854064941,72,0.0
0.12375783920288086,73,-0.103125
0.12540888786315918,74,-0.15468749999999998
0.1267077922821045,75,-0.54140625
0.12787294387817383,76,-1.21171875
0.1289958953857422,77,-1.65
0.13008689880371094,78,-0.23203125
0.13122797012329102,79,-0.2578125
0.13234686851501465,80,-0.18046874999999998
0.13350582122802734,81,-0.15468749999999998
0.13462090492248535,82,-0.476953125
0.1357889175415039,83,-0.515625
0.13715696334838867,84,-0.36093749999999997
0.13868284225463867,85,-0.02578125
0.14019489288330078,86,-0.103125
0.14187979698181152,87,-0.23203125
0.14352083206176758,88,-0.37382812499999996
0.14506196975708008,89,-1.224609375
0.1473689079284668,90,-0.5671875
0.1493818759918213,91,-0.20625
0.1508629322052002,92,-0.012890625
0.15299201011657715,93,-0.270703125
0.15465283393859863,94,0.0
0.15592193603515625,95,-0.07734374999999999
0.15715289115905762,96,-0.12890625
0.1582789421081543,97,-0.2578125
0.15938782691955566,98,-0.36093749999999997
0.16049695014953613,99,-1.03125
0.16158485412597656,100,-1.546875
0.16270089149475098,101,-0.36093749999999997
0.16384601593017578,102,-0.270703125
0.16497302055358887,103,-0.15468749999999998
0.16617488861083984,104,-0.20625
0.16758179664611816,105,-0.064453125
0.1690218448638916,106,-0.270703125
0.1705479621887207,107,-0.141796875
0.17213988304138184,108,-0.038671874999999994
0.17377400398254395,109,-0.0515625
0.17513489723205566,110,-0.18046874999999998
0.17789793014526367,111,-0.399609375
0.17951393127441406,112,-1.533984375
0.18123292922973633,113,-0.270703125
0.18368792533874512,114,-0.2578125
0.1850118637084961,115,-0.193359375
0.18617987632751465,116,-0.193359375
0.18734192848205566,117,-0.15468749999999998
0.18850088119506836,118,-0.012890625
0.18964290618896484,119,-0.09023437499999999
0.19077181816101074,120,-0.23203125
0.19187688827514648,121,-0.21914062499999998
0.19306588172912598,122,-0.64453125
0.19418597221374512,123,-1.224609375
0.19530701637268066,124,-1.65
0.1964869499206543,125,-0.23203125
0.19790196418762207,126,-0.30937499999999996
0.19941496849060059,127,-0.2578125
0.2010059356689453,128,-0.103125
0.20247387886047363,129,-0.24492187499999998
0.203995943069458,130,-0.12890625
0.20544195175170898,131,-0.0515625
0.20804786682128906,132,-0.0515625
0.20968890190124512,133,-0.0515625
0.2113950252532959,134,-0.928125
0.21356797218322754,135,-1.585546875
0.21495985984802246,136,-0.399609375
0.2162339687347412,137,-0.23203125
0.2174088954925537,138,-0.23203125
0.2185378074645996,139,-0.37382812499999996
0.21970796585083008,140,-0.37382812499999996
0.22083187103271484,141,-0.103125
0.22200989723205566,142,-0.02578125
0.2231748104095459,143,-0.09023437499999999
0.22429680824279785,144,-0.29648437499999997
0.22541284561157227,145,-0.116015625
0.2265918254852295,146,-0.734765625
0.22803497314453125,147,-1.3019531249999998
0.22956180572509766,148,-1.65
0.23115181922912598,149,-0.30937499999999996
0.23293685913085938,150,-0.28359375
0.23445391654968262,151,-0.012890625
0.23655986785888672,152,-0.167578125
0.23871898651123047,153,-0.02578125
0.2403099536895752,154,-0.09023437499999999
0.24190282821655273,155,-0.20625
0.24356579780578613,156,-0.399609375
0.24559402465820312,157,-1.2374999999999998
0.24729180335998535,158,-0.515625
0.2488880157470703,159,-0.07734374999999999
0.2510039806365967,160,-0.15468749999999998
0.25292086601257324,161,-0.322265625
0.2542388439178467,162,0.038671874999999994
0.25540685653686523,163,-0.012890625
0.25661802291870117,164,-0.064453125
0.25804996490478516,165,-0.270703125
0.2595248222351074,166,-0.18046874999999998
0.2611708641052246,167,-0.9796874999999999
0.26286792755126953,168,-1.65
0.2643918991088867,169,-0.30937499999999996
0.2659149169921875,170,-0.28359375
0.2687098979949951,171,-0.103125
0.270427942276001,172,0.09023437499999999
0.27228689193725586,173,-0.012890625
0.2742938995361328,174,-0.0515625
0.27567386627197266,175,-0.07734374999999999
0.2768669128417969,176,-0.734765625
0.278033971786499,177,-1.340625
0.2791929244995117,178,-1.65
0.2805328369140625,179,-0.29648437499999997
0.2816929817199707,180,-0.23203125
0.282850980758667,181,-0.103125
0.2839789390563965,182,-0.2578125
0.28514981269836426,183,-0.4125
0.28626585006713867,184,-0.38671875
0.2874448299407959,185,-0.167578125
0.288834810256958,186,-0.038671874999999994
0.29029297828674316,187,-0.0515625
0.2918839454650879,188,-0.15468749999999998
0.2937159538269043,189,-0.37382812499999996
0.2952768802642822,190,-1.26328125
0.29674601554870605,191,-0.399609375
0.299346923828125,192,-0.29648437499999997
0.3011620044708252,193,-0.103125
0.30285096168518066,194,-0.167578125
0.30495691299438477,195,-0.038671874999999994
0.3063929080963135,196,-0.103125
0.3076508045196533,197,-0.20625
0.3088109493255615,198,-0.064453125
0.3099648952484131,199,-0.734765625
0.3110809326171875,200,-1.2890625
0.31223583221435547,201,-1.65
0.3133518695831299,202,-0.23203125
0.3144500255584717,203,-0.2578125
0.3155519962310791,204,-0.270703125
0.31667280197143555,205,-0.12890625
0.3178379535675049,206,-0.43828124999999996
0.3192479610443115,207,-0.4640625
0.3206968307495117,208,-0.28359375
0.3223228454589844,209,-0.012890625
0.32393598556518555,210,-0.064453125
0.325394868850708,211,-0.103125
0.3267519474029541,212,-0.5929687499999999
0.32937097549438477,213,-1.3019531249999998
0.3309638500213623,214,-0.515625
0.3325798511505127,215,-0.322265625
0.33464694023132324,216,-0.12890625
0.3368539810180664,217,-0.167578125
0.33814287185668945,218,-0.012890625
0.3393537998199463,219,-0.103125
0.34052586555480957,220,-0.20625
0.34168481826782227,221,-0.21914062499999998
0.3428308963775635,222,-0.4640625
0.3439610004425049,223,-1.1214843749999999
0.3450779914855957,224,-1.6371093749999999
0.346235990524292,225,-0.28359375
0.34739184379577637,226,-0.322265625
0.34859681129455566,227,-0.21914062499999998
0.35001587867736816,228,-0.167578125
0.35148096084594727,229,-0.29648437499999997
0.35303401947021484,230,-0.270703125
0.35454297065734863,231,-0.103125
0.35600900650024414,232,-0.064453125
0.35742688179016113,233,-0.141796875
0.35975098609924316,234,-0.167578125
0.36179184913635254,235,-0.7734375
0.36339688301086426,236,-0.554296875
0.36539387702941895,237,-0.23203125
0.36730480194091797,238,-0.18046874999999998
0.3686509132385254,239,-0.37382812499999996
0.3698418140411377,240,-0.24492187499999998
0.37097692489624023,241,-0.012890625
0.37219882011413574,242,-0.0515625
0.3733479976654053,243,-0.103125
0.37449193000793457,244,-0.23203125
0.37563180923461914,245,-0.20625
0.37674379348754883,246,-0.8765624999999999
0.37784481048583984,247,-1.3792968749999999
0.37900280952453613,248,-1.52109375
0.38043880462646484,249,-0.23203125
0.3820219039916992,250,-0.20625
0.38360595703125,251,-0.15468749999999998
0.3851308822631836,252,-0.322265625
0.3865089416503906,253,-0.21914062499999998
0.388002872467041,254,-0.012890625
0.39000988006591797,255,-0.103125
0.39284491539001465,256,-0.20625
0.3943178653717041,257,-0.928125
0.3960299491882324,258,-1.611328125
0.3980858325958252,259,-0.193359375
0.3994920253753662,260,-0.2578125
0.400676965713501,261,-0.15468749999999998
0.40181589126586914,262,-0.322265625
0.403026819229126,263,-0.36093749999999997
0.40425801277160645,264,-0.0515625
0.40538692474365234,265,-0.038671874999999994
0.4065268039703369,266,-0.116015625
0.4076659679412842,267,-0.29648437499999997
0.40877294540405273,268,-0.167578125
0.4099388122558594,269,-0.7734375
0.4114079475402832,270,-1.327734375
0.412930965423584,271,-1.46953125
0.4144887924194336,272,-0.322265625
0.41594791412353516,273,-0.322265625
0.4172708988189697,274,-0.103125
0.41857385635375977,275,-0.30937499999999996
0.42108893394470215,276,-0.270703125
0.42303895950317383,277,-0.02578125
0.42447686195373535,278,-0.20625
0.42629480361938477,279,-0.0515625
0.4283289909362793,280,-0.889453125
0.4297490119934082,281,-1.340625
0.4309229850769043,282,-0.2578125
0.43213701248168945,283,-0.29648437499999997
0.43328285217285156,284,-0.141796875
0.43439483642578125,285,-0.399609375
0.43549680709838867,286,-0.476953125
0.4366459846496582,287,-0.37382812499999996
0.43776583671569824,288,-0.012890625
0.4388699531555176,289,-0.09023437499999999
0.4400758743286133,290,-0.103125
0.4414799213409424,291,-0.29648437499999997
0.4429318904876709,292,-0.322265625
0.44462084770202637,293,-1.095703125
0.44617486000061035,294,-1.65
0.4475119113922119,295,-0.30937499999999996
0.4488499164581299,296,-0.24492187499999998
0.45139288902282715,297,-0.12890625
0.4532899856567383,298,-0.270703125
0.4547388553619385,299,-0.012890625
0.4566779136657715,300,-0.09023437499999999
0.4585258960723877,301,-0.167578125
0.459932804107666,302,-0.37382812499999996
0.4611988067626953,303,-1.173046875
0.46236300468444824,304,-1.65
0.4634828567504883,305,-0.2578125
0.46460580825805664,306,-0.103125
0.46570682525634766,307,-0.167578125
0.46680688858032227,308,-0.15468749999999998
0.4679148197174072,309,-0.476953125
0.46903300285339355,310,-0.515625
0.4702320098876953,311,-0.37382812499999996
0.47167086601257324,312,-0.0515625
0.4731428623199463,313,-0.12890625
0.4746840000152588,314,-0.20625
0.47621893882751465,315,-0.15468749999999998
0.47761082649230957,316,-0.992578125
0.4789278507232666,317,-1.611328125
0.48073387145996094,318,-0.21914062499999998
0.48352599143981934,319,-0.012890625
0.4849708080291748,320,-0.21914062499999998
0.48676490783691406,321,-0.167578125
0.48897695541381836,322,-0.012890625
0.490358829498291,323,-0.064453125
0.491549015045166,324,-0.116015625
0.49381399154663086,325,-0.37382812499999996
0.4950408935546875,326,-1.26328125
0.49617981910705566,327,-0.42539062499999997
0.49729180335998535,328,-0.36093749999999997
0.49838781356811523,329,-0.29648437499999997
0.49949193000793457,330,-0.09023437499999999
0.5007109642028809,331,-0.33515625
0.5021998882293701,332,-0.4640625
0.5036838054656982,333,-0.30937499999999996
0.5052399635314941,334,-0.012890625
0.5067288875579834,335,-0.064453125
0.5081689357757568,336,-0.23203125
0.5096068382263184,337,-0.270703125
0.5113339424133301,338,-1.0570312499999999
0.5137150287628174,339,-1.65
0.5153369903564453,340,-0.20625
0.5169248580932617,341,-0.064453125
0.5189568996429443,342,-0.30937499999999996
0.5206630229949951,343,-0.0515625
0.5219459533691406,344,-0.02578125
0.5232269763946533,345,-0.038671874999999994
0.5244908332824707,346,-0.2578125
0.5260579586029053,347,-0.12890625
0.5275969505310059,348,-0.928125
0.5288348197937012,349,-1.6371093749999999
0.5299859046936035,350,-0.322265625
0.5311968326568604,351,-0.0515625
0.5327517986297607,352,-0.20625
0.5342268943786621,353,-0.038671874999999994
0.5358059406280518,354,-0.21914062499999998
0.5372519493103027,355,-0.07734374999999999
0.5386018753051758,356,-0.012890625
0.5399789810180664,357,-0.09023437499999999
0.5426249504089355,358,-0.193359375
0.5444200038909912,359,-0.605859375
0.5458118915557861,360,-1.5597656249999998
0.5476629734039307,361,-0.2578125
0.5496158599853516,362,-0.18046874999999998
0.550980806350708,363,-0.2578125
0.5522170066833496,364,-0.270703125
0.5533750057220459,365,-0.193359375
0.5544979572296143,366,-0.012890625
0.5556278228759766,367,-0.116015625
0.5567588806152344,368,-0.167578125
0.5578579902648926,369,-0.2578125
0.5589578151702881,370,-0.29648437499999997
0.5600578784942627,371,-0.95390625
0.5612139701843262,372,-1.4308593749999998
0.5626859664916992,373,-0.631640625
0.5641648769378662,374,-0.28359375
0.5657639503479004,375,-0.28359375
0.5672829151153564,376,-0.15468749999999998
0.568681001663208,377,-0.28359375
0.5699880123138428,378,-0.20625
0.572376012802124,379,-0.02578125
0.5744178295135498,380,-0.0515625
0.5758328437805176,381,-0.012890625
0.5775518417358398,382,-0.825
0.5795779228210449,383,-1.5082031249999999
0.5809478759765625,384,-0.2578125
0.5822010040283203,385,-0.322265625
0.58335280418396,386,-0.103125
0.5844860076904297,387,-0.4640625
0.5855917930603027,388,-0.476953125
0.5866899490356445,389,-0.36093749999999997
0.587878942489624,390,-0.02578125
0.5890369415283203,391,-0.103125
0.5901668071746826,392,-0.193359375
0.5913228988647461,393,-0.29648437499999997
0.5927939414978027,394,-0.33515625
0.5942378044128418,395,-1.095703125
0.5957767963409424,396,-1.65
0.5972838401794434,397,-0.28359375
0.5986299514770508,398,-0.193359375
0.6000549793243408,399,-0.167578125
0.6023259162902832,400,-0.20625
0.6043398380279541,401,-0.064453125
0.6058340072631836,402,-0.0515625
0.6076138019561768,403,-0.141796875
0.609522819519043,404,-0.167578125
0.6108858585357666,405,-0.928125
0.6121759414672852,406,-1.6371093749999999
0.6133468151092529,407,-0.270703125
0.6144888401031494,408,-0.12890625
0.6156189441680908,409,-0.20625
0.6167168617248535,410,-0.12890625
0.6178109645843506,411,-0.4640625
0.6188960075378418,412,-0.502734375
0.6199889183044434,413,-0.36093749999999997
0.6211318969726562,414,-0.038671874999999994
0.622337818145752,415,-0.103125
0.6236979961395264,416,-0.12890625
0.6251709461212158,417,-0.21914062499999998
0.6266329288482666,418,-0.54140625
0.628242015838623,419,-1.2503906249999999
0.6296358108520508,420,-0.37382812499999996
0.6309609413146973,421,-0.42539062499999997
0.6333158016204834,422,-0.2578125
0.6355679035186768,423,-0.116015625
0.6371278762817383,424,0.20625
0.6393508911132812,425,-0.038671874999999994
0.6408967971801758,426,-0.103125
0.6421709060668945,427,-0.02578125
0.6433999538421631,428,-0.7476562499999999
0.6445798873901367,429,-1.327734375
