time,count,voltage
0.0054590702056884766,1,-1.03125
0.00699305534362793,2,-0.64453125
0.008395910263061523,3,-0.193359375
0.009753942489624023,4,-0.193359375
0.01120305061340332,5,-0.2578125
0.012844085693359375,6,-0.322265625
0.014637947082519531,7,-0.15468749999999998
0.01637101173400879,8,-0.02578125
0.018074989318847656,9,-0.167578125
0.019618988037109375,10,-0.038671874999999994
0.021281003952026367,11,-0.889453125
0.022719860076904297,12,-1.611328125
0.02409505844116211,13,-0.141796875
0.025482892990112305,14,-0.23203125
0.026824951171875,15,-0.02578125
0.028303861618041992,16,-0.2578125
0.029973983764648438,17,-0.2578125
0.03166389465332031,18,-0.0515625
0.03327798843383789,19,-0.0515625
0.0350949764251709,20,-0.24492187499999998
0.036834001541137695,21,-0.20625
0.03851199150085449,22,-1.10859375
0.0401768684387207,23,-1.456640625
0.041825056076049805,24,-0.23203125
0.04343295097351074,25,-0.21914062499999998
0.04599595069885254,26,-0.322265625
0.04857802391052246,27,0.038671874999999994
0.05029606819152832,28,-0.09023437499999999
0.0519108772277832,29,-0.193359375
0.05397796630859375,30,-0.29648437499999997
0.056114912033081055,31,-1.2503906249999999
0.05781388282775879,32,-0.29648437499999997
0.059262990951538086,33,-0.167578125
0.06066298484802246,34,-0.116015625
0.0620269775390625,35,-0.42539062499999997
0.06339192390441895,36,-0.322265625
0.06475996971130371,37,-0.012890625
0.06609702110290527,38,-0.09023437499999999
0.06743502616882324,39,-0.12890625
0.06876087188720703,40,-0.12890625
0.07010698318481445,41,-0.5671875
0.07144498825073242,42,-1.2374999999999998
0.07278203964233398,43,-1.65
0.07410192489624023,44,-0.4125
0.07542991638183594,45,-0.167578125
0.07688093185424805,46,-0.141796875
0.07837486267089844,47,-0.2578125
0.08006095886230469,48,-0.2578125
0.0817420482635498,49,-0.012890625
0.08348488807678223,50,-0.07734374999999999
0.08551597595214844,51,-0.15468749999999998
0.0872659683227539,52,-0.4125
0.08867192268371582,53,-1.276171875
0.09001803398132324,54,-0.54140625
0.09214997291564941,55,-0.36093749999999997
0.0942239761352539,56,-0.20625
0.09576892852783203,57,-0.33515625
0.09722399711608887,58,-0.12890625
0.09904003143310547,59,-0.012890625
0.10086393356323242,60,-0.0515625
0.10220503807067871,61,-0.064453125
0.10339188575744629,62,-0.631640625
0.10460805892944336,63,-1.26328125
0.10575103759765625,64,-1.65
0.10694694519042969,65,-0.2578125
0.10834503173828125,66,-0.167578125
0.1097869873046875,67,-0.21914062499999998
0.11127805709838867,68,-0.28359375
0.11283206939697266,69,-0.30937499999999996
0.1142280101776123,70,-0.12890625
0.11581587791442871,71,-0.0515625
0.11768507957458496,72,-0.064453125
0.12026286125183105,73,-0.103125
0.12197709083557129,74,-0.992578125
0.12336087226867676,75,-0.580078125
0.1250300407409668,76,-0.270703125
0.12695097923278809,77,-0.322265625
0.12862205505371094,78,-0.322265625
0.12988495826721191,79,-0.103125
0.13104486465454102,80,-0.012890625
0.13219690322875977,81,-0.0515625
0.13331389427185059,82,-0.064453125
0.13446998596191406,83,-0.29648437499999997
0.13571691513061523,84,-0.15468749999999998
0.1369469165802002,85,-0.7218749999999999
0.13837409019470215,86,-1.3664062499999998
0.1398298740386963,87,-0.4640625
0.1413440704345703,88,-0.30937499999999996
0.1428840160369873,89,-0.270703125
0.14421296119689941,90,-0.02578125
0.14571785926818848,91,-0.30937499999999996
0.14799809455871582,92,-0.15468749999999998
0.15007305145263672,93,-0.012890625
0.15151190757751465,94,-0.167578125
0.15330290794372559,95,-0.12890625
0.15526795387268066,96,-0.992578125
0.15658092498779297,97,-0.37382812499999996
0.15775704383850098,98,-0.322265625
0.15888094902038574,99,-0.2578125
0.1599879264831543,100,-0.15468749999999998
0.1610870361328125,101,-0.30937499999999996
0.16218304634094238,102,-0.43828124999999996
0.16328191757202148,103,-0.36093749999999997
0.16438698768615723,104,-0.0515625
0.16554903984069824,105,-0.064453125
0.16666293144226074,106,-0.09023437499999999
0.16785407066345215,107,-0.23203125
0.16920685768127441,108,-0.116015625
0.17064309120178223,109,-0.7476562499999999
0.1721649169921875,110,-1.46953125
0.17366290092468262,111,-0.4125
0.17572689056396484,112,-0.167578125
0.1780838966369629,113,-0.15468749999999998
0.1807548999786377,114,-0.4125
0.1825850009918213,115,-0.012890625
0.18491792678833008,116,-0.064453125
0.18651795387268066,117,-0.02578125
0.1878650188446045,118,-0.928125
0.1891310214996338,119,-1.5597656249999998
0.19038105010986328,120,-0.20625
0.1916050910949707,121,-0.193359375
0.1928269863128662,122,-0.18046874999999998
0.1940469741821289,123,0.0
0.19529294967651367,124,-0.37382812499999996
0.19653701782226562,125,-0.322265625
0.20489501953125,126,-0.103125
0.2067580223083496,127,-0.038671874999999994
0.2087080478668213,128,-0.21914062499999998
0.21091008186340332,129,-0.2578125
0.21235203742980957,130,-0.37382812499999996
0.21396899223327637,131,-0.15468749999999998
0.21596908569335938,132,-0.012890625
0.2176499366760254,133,-0.0515625
0.21890997886657715,134,-0.0515625
0.22007107734680176,135,-0.6703125
0.2212209701538086,136,-1.26328125
0.22234702110290527,137,-1.65
0.22345399856567383,138,-0.20625
0.22463393211364746,139,-0.20625
0.22575592994689941,140,-0.20625
0.22685003280639648,141,-0.012890625
0.22794604301452637,142,-0.502734375
0.22916293144226074,143,-0.515625
0.23059606552124023,144,-0.33515625
0.23201894760131836,145,-0.02578125
0.23352909088134766,146,-0.064453125
0.23508000373840332,147,-0.167578125
0.2364950180053711,148,-0.2578125
0.23792195320129395,149,-1.0570312499999999
0.23971104621887207,150,-1.65
0.2468559741973877,151,-0.36093749999999997
0.24946093559265137,152,0.38671875
0.2507460117340088,153,-0.116015625
0.2519049644470215,154,-0.07734374999999999
0.2530488967895508,155,-0.476953125
0.2541670799255371,156,-1.1214843749999999
0.2553079128265381,157,-1.611328125
0.2564210891723633,158,-0.322265625
0.25751805305480957,159,-0.30937499999999996
0.2586069107055664,160,-0.24492187499999998
0.2598140239715576,161,-0.12890625
0.26123595237731934,162,-0.348046875
0.26267194747924805,163,-0.37382812499999996
0.2642030715942383,164,-0.193359375
0.2661309242248535,165,-0.02578125
0.26767706871032715,166,-0.12890625
0.2690739631652832,167,-0.02578125
0.2716679573059082,168,-0.734765625
0.27332401275634766,169,-1.6371093749999999
0.2750999927520752,170,-0.322265625
0.27721190452575684,171,-0.2578125
0.27862000465393066,172,-0.167578125
0.2798140048980713,173,-0.09023437499999999
0.28096795082092285,174,-0.0515625
0.2820730209350586,175,-0.012890625
0.2831759452819824,176,-0.103125
0.28433990478515625,177,-0.29648437499999997
0.2856419086456299,178,-0.103125
0.28678107261657715,179,-0.7476562499999999
0.28789687156677246,180,-1.327734375
0.2890040874481201,181,-1.65
0.29018306732177734,182,-0.12890625
0.2915959358215332,183,-0.18046874999999998
0.2930879592895508,184,-0.2578125
0.294727087020874,185,-0.2578125
0.29639697074890137,186,-0.30937499999999996
0.2979249954223633,187,-0.012890625
0.29937005043029785,188,-0.0515625
0.3018169403076172,189,-0.12890625
0.3036539554595947,190,-0.0515625
0.3051340579986572,191,-1.1214843749999999
0.3071310520172119,192,-1.10859375
0.3088550567626953,193,-0.20625
0.3101170063018799,194,-0.02578125
0.31127405166625977,195,-0.33515625
0.31239795684814453,196,-0.399609375
0.3135099411010742,197,-0.28359375
0.3146989345550537,198,-0.012890625
0.3158290386199951,199,-0.064453125
0.3169400691986084,200,-0.103125
0.31804609298706055,201,-0.2578125
0.3191518783569336,202,-0.193359375
0.3203389644622803,203,-0.8507812499999999
0.32173895835876465,204,-1.4308593749999998
0.3231830596923828,205,-0.30937499999999996
0.32480907440185547,206,-0.37382812499999996
0.3263819217681885,207,-0.2578125
0.3278019428253174,208,-0.193359375
0.32915306091308594,209,-0.270703125
0.33173489570617676,210,-0.141796875
0.3333699703216553,211,-0.064453125
0.334928035736084,212,-0.15468749999999998
0.33695387840270996,213,-0.15468749999999998
0.3388969898223877,214,-1.0828125
0.34014105796813965,215,-0.322265625
0.34131789207458496,216,-0.23203125
0.34244489669799805,217,-0.21914062499999998
0.34362196922302246,218,-0.12890625
0.3448009490966797,219,-0.43828124999999996
0.34593701362609863,220,-0.43828124999999996
0.3470590114593506,221,-0.322265625
0.3482069969177246,222,-0.0515625
0.3493778705596924,223,-0.15468749999999998
0.3505818843841553,224,-0.21914062499999998
0.351970911026001,225,-0.20625
0.3533768653869629,226,-0.502734375
0.35496091842651367,227,-1.2374999999999998
0.35657191276550293,228,-1.65
0.35797905921936035,229,-0.28359375
0.35933494567871094,230,-0.2578125
0.36191296577453613,231,-0.12890625
0.3636329174041748,232,-0.02578125
0.3652920722961426,233,0.0
0.3673560619354248,234,-0.064453125
0.36873602867126465,235,-0.116015625
0.36990809440612793,236,-0.580078125
0.3710439205169678,237,-1.224609375
0.3721730709075928,238,-1.65
0.37329602241516113,239,-0.2578125
0.3744208812713623,240,-0.21914062499999998
0.37563395500183105,241,-0.322265625
0.3767549991607666,242,-0.116015625
0.37786006927490234,243,-0.37382812499999996
0.37896299362182617,244,-0.451171875
0.3800618648529053,245,-0.36093749999999997
0.3812680244445801,246,-0.012890625
0.38267993927001953,247,-0.064453125
0.38411402702331543,248,-0.103125
0.38560986518859863,249,-0.15468749999999998
0.38712096214294434,250,-0.580078125
0.38847994804382324,251,-1.353515625
0.389833927154541,252,-0.476953125
0.3917510509490967,253,-0.193359375
0.39391207695007324,254,-0.21914062499999998
0.39543890953063965,255,-0.193359375
0.39740586280822754,256,-0.103125
0.39927005767822266,257,-0.012890625
0.4005439281463623,258,-0.064453125
0.40169286727905273,259,-0.167578125
0.40280890464782715,260,-0.37382812499999996
0.4039440155029297,261,-1.03125
0.40517091751098633,262,-1.5726562499999999
0.40631985664367676,263,-0.322265625
0.4074380397796631,264,-0.36093749999999997
0.40854406356811523,265,-0.20625
0.4096388816833496,266,-0.0515625
0.41072893142700195,267,-0.322265625
0.41191887855529785,268,-0.502734375
0.41333603858947754,269,-0.4125
0.4148120880126953,270,0.0
0.41634106636047363,271,-0.103125
0.41786789894104004,272,-0.167578125
0.4192168712615967,273,-0.0515625
0.42055392265319824,274,-0.760546875
0.42277097702026367,275,-1.3921875
0.42490291595458984,276,-0.476953125
0.4263179302215576,277,-0.15468749999999998
0.42806386947631836,278,-0.141796875
0.430095911026001,279,-0.20625
0.4314920902252197,280,-0.012890625
0.43266892433166504,281,-0.103125
0.4337930679321289,282,-0.193359375
0.4349250793457031,283,-0.20625
0.4360380172729492,284,-0.322265625
0.43715786933898926,285,-0.992578125
0.4382669925689697,286,-1.52109375
0.4393908977508545,287,-0.29648437499999997
0.44049596786499023,288,-0.270703125
0.44173407554626465,289,-0.193359375
0.4430220127105713,290,-0.0515625
0.4445629119873047,291,-0.2578125
0.446058988571167,292,-0.30937499999999996
0.44762206077575684,293,-0.116015625
0.4490799903869629,294,-0.02578125
0.4504110813140869,295,-0.103125
0.45181798934936523,296,-0.193359375
0.45437097549438477,297,-0.37382812499999996
0.4561948776245117,298,-1.3664062499999998
0.4575679302215576,299,-0.270703125
0.45943593978881836,300,-0.20625
0.46141600608825684,301,-0.0515625
0.4628028869628906,302,-0.103125
0.46399402618408203,303,0.0
0.4652140140533447,304,-0.012890625
0.46634697914123535,305,-0.0515625
0.4674949645996094,306,-0.2578125
0.468641996383667,307,-0.20625
0.4697549343109131,308,-0.5929687499999999
0.4708690643310547,309,-1.198828125
0.47200989723205566,310,-1.65
0.4731869697570801,311,-0.24492187499999998
0.47467494010925293,312,-0.2578125
0.47616100311279297,313,-0.270703125
0.47780299186706543,314,0.0
0.479280948638916,315,-0.2578125
0.4806089401245117,316,-0.0515625
0.4819490909576416,317,-0.02578125
0.4842529296875,318,-0.0515625
0.48688387870788574,319,-0.167578125
0.4883899688720703,320,-1.1214843749999999
0.490293025970459,321,-1.3664062499999998
0.49219202995300293,322,-0.30937499999999996
0.4935770034790039,323,-0.09023437499999999
0.49478793144226074,324,-0.38671875
0.4959390163421631,325,-0.4125
0.49704909324645996,326,-0.28359375
0.49814391136169434,327,-0.02578125
0.4992668628692627,328,-0.09023437499999999
0.5003929138183594,329,-0.15468749999999998
0.5015530586242676,330,-0.20625
0.5026810169219971,331,-0.33515625
0.503903865814209,332,-0.9796874999999999
0.5054020881652832,333,-1.533984375
0.5068330764770508,334,-0.36093749999999997
0.5084919929504395,335,-0.28359375
0.5100569725036621,336,-0.20625
0.5114378929138184,337,-0.322265625
0.5128219127655029,338,-0.322265625
0.5146830081939697,339,-0.18046874999999998
0.517340898513794,340,-0.02578125
0.5188570022583008,341,-0.07734374999999999
0.5205130577087402,342,-0.580078125
0.5224850177764893,343,-1.327734375
0.5240459442138672,344,-0.54140625
0.5253260135650635,345,-0.21914062499999998
0.5265200138092041,346,-0.09023437499999999
0.5276460647583008,347,-0.322265625
0.5287630558013916,348,-0.42539062499999997
0.5298769474029541,349,-0.38671875
0.5309748649597168,350,-0.0515625
0.5321440696716309,351,-0.02578125
0.5332469940185547,352,-0.103125
0.5344738960266113,353,-0.2578125
0.5359399318695068,354,-0.0515625
0.5373599529266357,355,-0.8121093749999999
0.5388789176940918,356,-1.52109375
0.5404980182647705,357,-0.37382812499999996
0.5418510437011719,358,-0.12890625
0.5432178974151611,359,-0.0515625
0.5450608730316162,360,-0.33515625
0.5475430488586426,361,-0.37382812499999996
0.5491700172424316,362,-0.02578125
0.5507569313049316,363,-0.09023437499999999
0.5527329444885254,364,-0.141796875
0.55430006980896,365,-0.7734375
0.5557050704956055,366,-1.5726562499999999
0.5569050312042236,367,-0.2578125
0.5580599308013916,368,-0.193359375
0.5591650009155273,369,-0.2578125
0.5602738857269287,370,-0.0515625
0.5613830089569092,371,-0.4640625
0.5624780654907227,372,-0.476953125
0.563615083694458,373,-0.33515625
0.5648109912872314,374,-0.02578125
0.5662949085235596,375,-0.103125
0.567781925201416,376,-0.20625
0.5692698955535889,377,-0.103125
0.570775032043457,378,-0.7218749999999999
0.5723049640655518,379,-1.52109375
0.5737900733947754,380,-0.322265625
0.5756130218505859,381,-0.167578125
0.5779690742492676,382,-0.09023437499999999
0.5795810222625732,383,-0.24492187499999998
0.5811080932617188,384,0.012890625
0.5831120014190674,385,-0.0515625
0.5848450660705566,386,-0.103125
0.5861070156097412,387,-0.15468749999999998
0.587306022644043,388,-0.928125
0.5884749889373779,389,-1.4953124999999998
0.5896260738372803,390,-0.4125
0.5907430648803711,391,-0.37382812499999996
0.5918469429016113,392,-0.15468749999999998
0.5929410457611084,393,-0.103125
0.5940320491790771,394,-0.33515625
0.5952639579772949,395,-0.515625
0.5967118740081787,396,-0.43828124999999996
0.5981800556182861,397,-0.012890625
0.5997788906097412,398,-0.07734374999999999
0.6013028621673584,399,-0.193359375
0.6026840209960938,400,-0.0515625
0.6041219234466553,401,-0.825
0.6058399677276611,402,-1.5082031249999999
0.6082549095153809,403,-0.322265625
0.609839916229248,404,-0.2578125
0.6113379001617432,405,-0.322265625
0.6134328842163086,406,-0.348046875
0.6152498722076416,407,-0.02578125
0.6165680885314941,408,-0.103125
0.6177430152893066,409,-0.21914062499999998
0.6188740730285645,410,-0.0515625
0.6200339794158936,411,-0.64453125
0.6211669445037842,412,-1.2890625
0.6222710609436035,413,-1.65
0.6233658790588379,414,-0.24492187499999998
0.6244630813598633,415,-0.21914062499999998
0.6257190704345703,416,-0.2578125
0.6271710395812988,417,-0.038671874999999994
0.6286928653717041,418,-0.4125
0.630263090133667,419,-0.23203125
0.6317908763885498,420,0.0
0.633152961730957,421,-0.0515625
0.6345639228820801,422,-0.21914062499999998
0.6365969181060791,423,-0.0515625
0.6389009952545166,424,-0.7863281249999999
0.6404039859771729,425,-0.515625
0.6419210433959961,426,-0.167578125
0.6438090801239014,427,-0.193359375
0.6455740928649902,428,-0.167578125
0.6468758583068848,429,0.012890625
0.6480720043182373,430,-0.012890625
