time,count,voltage
0.004262208938598633,1,-0.37382812499999996
0.005629062652587891,2,-1.2374999999999998
0.006843090057373047,3,-0.02578125
0.007980108261108398,4,-0.09023437499999999
0.00911402702331543,5,-0.43828124999999996
0.010220050811767578,6,-0.37382812499999996
0.011321067810058594,7,-0.322265625
0.01242518424987793,8,-0.30937499999999996
0.013692140579223633,9,-0.36093749999999997
0.015162229537963867,10,-0.09023437499999999
0.016630172729492188,11,-0.012890625
0.018000125885009766,12,-0.103125
0.01938605308532715,13,-0.515625
0.020615100860595703,14,-0.605859375
0.021752119064331055,15,-1.327734375
0.022875070571899414,16,-1.198828125
0.02399921417236328,17,0.0
0.025098085403442383,18,-0.193359375
0.026196002960205078,19,-0.09023437499999999
0.02729511260986328,20,-0.580078125
0.028391122817993164,21,-0.476953125
0.02962803840637207,22,-0.4640625
0.03104710578918457,23,-0.2578125
0.03247404098510742,24,0.012890625
0.033968210220336914,25,-0.012890625
0.03540515899658203,26,-0.167578125
0.03672313690185547,27,-0.5929687499999999
0.038085222244262695,28,-1.03125
0.040203094482421875,29,-1.65
0.042257070541381836,30,-0.02578125
0.043615102767944336,31,-0.322265625
0.045475006103515625,32,-0.476953125
0.04752802848815918,33,-0.0515625
0.048812150955200195,34,0.0
0.05005311965942383,35,0.0
0.05119919776916504,36,-0.07734374999999999
0.0523371696472168,37,-0.54140625
0.05344700813293457,38,-0.734765625
0.05455613136291504,39,-1.198828125
0.05565619468688965,40,-1.65
0.05675101280212402,41,0.0
0.05783700942993164,42,-0.193359375
0.05897808074951172,43,-0.23203125
0.06008720397949219,44,-0.322265625
0.06118512153625488,45,-0.7476562499999999
0.0622861385345459,46,-0.33515625
0.06338310241699219,47,-0.28359375
0.06447100639343262,48,-0.103125
0.06555819511413574,49,0.0
0.0666351318359375,50,-0.012890625
0.0677192211151123,51,-0.064453125
0.06879901885986328,52,-0.476953125
0.06995701789855957,53,-0.7863281249999999
0.07106518745422363,54,-1.1214843749999999
0.07216310501098633,55,-1.65
0.07325315475463867,56,0.0
0.07439613342285156,57,-0.167578125
0.07552409172058105,58,-0.2578125
0.07663106918334961,59,-0.30937499999999996
0.07781505584716797,60,-0.69609375
0.07904601097106934,61,-0.476953125
0.08041715621948242,62,-0.322265625
0.08185505867004395,63,0.012890625
0.08341503143310547,64,-0.02578125
0.08493518829345703,65,-0.103125
0.08629012107849121,66,-0.54140625
0.08764910697937012,67,-0.69609375
0.08982706069946289,68,-1.546875
0.09176206588745117,69,0.0
0.0931100845336914,70,-0.0515625
0.09508109092712402,71,-0.4640625
0.09686613082885742,72,-0.399609375
0.09816622734069824,73,0.07734374999999999
0.09934020042419434,74,-0.012890625
0.10049200057983398,75,-0.0515625
0.10160112380981445,76,-0.23203125
0.10276007652282715,77,-0.605859375
0.10392403602600098,78,-0.734765625
0.10505819320678711,79,-1.4437499999999999
0.1061701774597168,80,-0.116015625
0.10727214813232422,81,-0.064453125
0.10844111442565918,82,-0.103125
0.10974621772766113,83,-0.167578125
0.11120915412902832,84,-0.4640625
0.11263513565063477,85,-0.476953125
0.11418604850769043,86,-0.193359375
0.11556410789489746,87,0.0
0.1168820858001709,88,-0.012890625
0.11861014366149902,89,-0.116015625
0.12111306190490723,90,-0.5671875
0.12255120277404785,91,-1.456640625
0.12428617477416992,92,0.0
0.12617206573486328,93,-0.30937499999999996
0.12748003005981445,94,-0.42539062499999997
0.12867116928100586,95,-0.116015625
0.13022303581237793,96,-0.322265625
0.13177800178527832,97,0.012890625
0.13334321975708008,98,-0.012890625
0.13476204872131348,99,-0.103125
0.13596701622009277,100,-0.5285156249999999
0.1371161937713623,101,-0.605859375
0.1382441520690918,102,-1.2890625
0.13952422142028809,103,-0.43828124999999996
0.14090299606323242,104,-0.012890625
0.1423652172088623,105,-0.0515625
0.14379405975341797,106,-0.30937499999999996
0.14534211158752441,107,-0.580078125
0.14676904678344727,108,-0.42539062499999997
0.1482222080230713,109,-0.09023437499999999
0.14977717399597168,110,-0.012890625
0.15227913856506348,111,-0.064453125
0.15404105186462402,112,-0.476953125
0.1554431915283203,113,-1.2503906249999999
0.15712308883666992,114,0.0
0.15916013717651367,115,-0.20625
0.16062021255493164,116,-0.30937499999999996
0.16183209419250488,117,-0.37382812499999996
0.16300010681152344,118,-0.4125
0.1641402244567871,119,-0.20625
0.16524505615234375,120,-0.012890625
0.1663532257080078,121,-0.012890625
0.16746902465820312,122,-0.116015625
0.16856813430786133,123,-0.37382812499999996
0.16983509063720703,124,-0.6832031249999999
0.17119216918945312,125,-0.9796874999999999
0.17265820503234863,126,-1.65
0.1741161346435547,127,0.0
0.17564821243286133,128,-0.21914062499999998
0.17713713645935059,129,-0.43828124999999996
0.17855119705200195,130,-0.37382812499999996
0.18003511428833008,131,-0.36093749999999997
0.1818680763244629,132,-0.15468749999999998
0.18425202369689941,133,0.0
0.18584108352661133,134,-0.20625
0.1872081756591797,135,-0.580078125
0.18903708457946777,136,-1.3148437499999999
0.19097399711608887,137,0.0
0.1923530101776123,138,-0.193359375
0.193526029586792,139,-0.36093749999999997
0.1946702003479004,140,-0.30937499999999996
0.19580602645874023,141,-0.193359375
0.19692516326904297,142,-0.12890625
0.1980440616607666,143,0.0
0.19916701316833496,144,0.0
0.20037007331848145,145,-0.02578125
0.20177721977233887,146,-0.270703125
0.20324206352233887,147,-0.6187499999999999
0.20478200912475586,148,-0.9796874999999999
0.20631909370422363,149,-1.65
0.20775413513183594,150,-0.064453125
0.20912718772888184,151,-0.270703125
0.2106029987335205,152,-0.4125
0.21239304542541504,153,-0.38671875
0.2148430347442627,154,-0.29648437499999997
0.2164311408996582,155,0.012890625
0.21780800819396973,156,-0.09023437499999999
0.21952319145202637,157,-0.43828124999999996
0.2210860252380371,158,-0.5285156249999999
0.2228851318359375,159,-1.5597656249999998
0.22435402870178223,160,-0.0515625
0.22556614875793457,161,-0.23203125
0.22669315338134766,162,-0.30937499999999996
0.22783422470092773,163,-0.103125
0.22904109954833984,164,-0.348046875
0.2301950454711914,165,-0.2578125
0.2314000129699707,166,0.0
0.2327861785888672,167,0.0
0.23422908782958984,168,-0.0515625
0.2357032299041748,169,-0.322265625
0.23719310760498047,170,-0.64453125
0.23865008354187012,171,-1.3019531249999998
0.24014806747436523,172,0.0
0.2417130470275879,173,-0.20625
0.24411821365356445,174,-0.12890625
0.24567413330078125,175,-0.399609375
0.24718213081359863,176,-0.21914062499999998
0.24919819831848145,177,0.0
0.2507750988006592,178,-0.02578125
0.2520592212677002,179,-0.24492187499999998
0.2532310485839844,180,-0.6187499999999999
0.2543830871582031,181,-1.0570312499999999
0.25551915168762207,182,-1.65
0.25662803649902344,183,0.0
0.25772809982299805,184,-0.12890625
0.25882506370544434,185,-0.30937499999999996
0.260059118270874,186,-0.4125
0.26117706298828125,187,-0.20625
0.26235222816467285,188,-0.4125
0.2637310028076172,189,-0.29648437499999997
0.2652010917663574,190,0.012890625
0.26674818992614746,191,-0.02578125
0.26824116706848145,192,-0.07734374999999999
0.26976609230041504,193,-0.515625
0.2712070941925049,194,-0.837890625
0.27332210540771484,195,-1.611328125
0.275435209274292,196,0.0
0.2767941951751709,197,-0.2578125
0.27844810485839844,198,-0.21914062499999998
0.2804410457611084,199,-0.0515625
0.2819671630859375,200,0.28359375
0.2832012176513672,201,-0.012890625
0.2843790054321289,202,-0.12890625
0.2855050563812256,203,-0.5671875
0.28662109375,204,-0.7218749999999999
0.28774309158325195,205,-1.224609375
0.2889580726623535,206,-1.65
0.2901010513305664,207,0.0
0.2912170886993408,208,-0.02578125
0.29241013526916504,209,-0.30937499999999996
0.29378509521484375,210,-0.476953125
0.2952420711517334,211,-0.515625
0.29671216011047363,212,-0.4640625
0.29822206497192383,213,-0.116015625
0.2996971607208252,214,-0.012890625
0.3010830879211426,215,-0.064453125
0.30252909660339355,216,-0.476953125
0.305009126663208,217,-0.708984375
0.3065609931945801,218,-1.65
