time,count,voltage
0.004425048828125,1,-0.02578125
0.005814075469970703,2,-0.02578125
0.007036924362182617,3,-0.167578125
0.008210897445678711,4,-0.23203125
0.00934600830078125,5,-0.9796874999999999
0.010467052459716797,6,-1.4953124999999998
0.011590957641601562,7,-0.24492187499999998
0.012774944305419922,8,-0.21914062499999998
0.013937950134277344,9,-0.193359375
0.015058040618896484,10,-0.12890625
0.0161740779876709,11,-0.18046874999999998
0.01816391944885254,12,-0.37382812499999996
0.019504070281982422,13,0.012890625
0.020828962326049805,14,-0.012890625
0.02211904525756836,15,-0.103125
0.023379087448120117,16,-0.23203125
0.02715587615966797,17,-0.038671874999999994
0.028645992279052734,18,-0.7863281249999999
0.029867887496948242,19,-0.322265625
0.03102397918701172,20,-0.30937499999999996
0.03215789794921875,21,-0.09023437499999999
0.048521995544433594,22,-0.29648437499999997
0.04991793632507324,23,-0.07734374999999999
0.0512540340423584,24,-0.193359375
0.05269289016723633,25,-0.103125
0.0565030574798584,26,-0.02578125
0.05793499946594238,27,-0.012890625
0.059127092361450195,28,-0.7218749999999999
0.060278892517089844,29,-1.405078125
0.06154298782348633,30,-1.198828125
0.06279587745666504,31,-0.23203125
0.06403398513793945,32,-0.20625
0.06527090072631836,33,-0.15468749999999998
0.06650400161743164,34,-0.270703125
0.06775188446044922,35,-0.4125
0.06899595260620117,36,-0.2578125
0.07022500038146973,37,-0.012890625
0.07146000862121582,38,-0.064453125
0.07268309593200684,39,-0.116015625
0.07391095161437988,40,-0.21914062499999998
0.0751349925994873,41,-0.33515625
0.0763540267944336,42,-1.044140625
0.07761192321777344,43,-1.6371093749999999
0.09754490852355957,44,-0.20625
0.09902787208557129,45,-0.15468749999999998
0.10035109519958496,46,-0.2578125
0.10163688659667969,47,-0.29648437499999997
0.1029050350189209,48,-0.141796875
0.10414886474609375,49,-0.02578125
0.10538792610168457,50,-0.09023437499999999
0.10662603378295898,51,-0.2578125
0.10803890228271484,52,-0.103125
0.1155390739440918,53,-0.7863281249999999
0.12871098518371582,54,-1.65
0.13039588928222656,55,-0.322265625
0.13184094429016113,56,-0.2578125
0.13325905799865723,57,-0.2578125
0.13470196723937988,58,-0.29648437499999997
0.1361680030822754,59,-0.103125
0.1378459930419922,60,-0.02578125
0.14493203163146973,61,-0.02578125
0.1468799114227295,62,-0.15468749999999998
0.14881300926208496,63,-0.2578125
0.1510019302368164,64,-0.12890625
0.1529829502105713,65,0.02578125
0.15899109840393066,66,-0.02578125
0.16164207458496094,67,-0.928125
0.16513991355895996,68,-0.54140625
0.16763901710510254,69,-0.193359375
0.17765307426452637,70,0.09023437499999999
0.17990899085998535,71,-0.012890625
0.18172907829284668,72,-0.24492187499999998
0.18360090255737305,73,-0.02578125
0.1866769790649414,74,-0.116015625
0.18863391876220703,75,-0.02578125
0.1903080940246582,76,-0.167578125
0.1922929286956787,77,-0.103125
0.19448304176330566,78,-1.147265625
0.1962120532989502,79,-0.4125
0.19768309593200684,80,-0.23203125
0.1990809440612793,81,-0.103125
0.20044898986816406,82,-0.37382812499999996
0.20199799537658691,83,-0.20625
0.20372486114501953,84,-0.02578125
0.20541691780090332,85,-0.07734374999999999
0.20723891258239746,86,-0.20625
0.2093660831451416,87,-0.193359375
0.21088886260986328,88,-1.3019531249999998
0.21228909492492676,89,-0.33515625
0.21431994438171387,90,-0.23203125
0.21671700477600098,91,-0.167578125
0.21827101707458496,92,-0.193359375
0.22003507614135742,93,0.02578125
0.22198200225830078,94,-0.038671874999999994
0.2233130931854248,95,-0.20625
0.2244858741760254,96,-0.0515625
0.22562003135681152,97,-0.734765625
0.22673606872558594,98,-1.3921875
0.22794103622436523,99,-1.2890625
0.22907400131225586,100,-0.21914062499999998
0.23019194602966309,101,-0.167578125
0.23130202293395996,102,-0.23203125
0.23249602317810059,103,-0.103125
0.2339019775390625,104,-0.43828124999999996
0.23533892631530762,105,-0.322265625
0.23687386512756348,106,-0.012890625
0.238508939743042,107,-0.0515625
0.23995590209960938,108,-0.18046874999999998
0.2414090633392334,109,-0.103125
0.24371790885925293,110,-0.7863281249999999
0.2456068992614746,111,-1.65
0.2470710277557373,112,-0.20625
0.24911904335021973,113,-0.20625
0.25074100494384766,114,-0.2578125
0.2520148754119873,115,-0.012890625
0.2531919479370117,116,0.0
0.25432586669921875,117,-0.02578125
0.2554359436035156,118,-0.0515625
0.2565469741821289,119,-0.23203125
0.25767993927001953,120,-0.12890625
0.2587869167327881,121,-0.7734375
0.2598879337310791,122,-1.3921875
0.26099705696105957,123,-1.65
0.262099027633667,124,-0.24492187499999998
0.26328301429748535,125,-0.322265625
0.2646780014038086,126,-0.2578125
0.2661170959472656,127,-0.012890625
0.267672061920166,128,-0.33515625
0.2692699432373047,129,-0.193359375
0.2706730365753174,130,-0.012890625
0.27207303047180176,131,-0.09023437499999999
0.2743840217590332,132,-0.21914062499999998
0.27626895904541016,133,-0.33515625
0.2777130603790283,134,-1.482421875
0.27970290184020996,135,-0.21914062499999998
0.28139495849609375,136,-0.23203125
0.28264904022216797,137,-0.012890625
0.28380799293518066,138,-0.36093749999999997
0.2849569320678711,139,-0.29648437499999997
0.2860848903656006,140,-0.12890625
0.2873399257659912,141,0.0
0.2885160446166992,142,-0.09023437499999999
0.2896609306335449,143,-0.2578125
0.29077696800231934,144,-0.15468749999999998
0.2919039726257324,145,-0.6574218749999999
0.2930159568786621,146,-1.26328125
0.2942020893096924,147,-1.65
0.29559993743896484,148,-0.2578125
0.29703187942504883,149,-0.23203125
0.29865407943725586,150,-0.20625
0.3001859188079834,151,-0.29648437499999997
0.3015909194946289,152,-0.21914062499999998
0.3030250072479248,153,-0.064453125
0.30546998977661133,154,-0.02578125
0.30719900131225586,155,-0.15468749999999998
0.30872106552124023,156,-0.2578125
0.31383609771728516,157,-1.16015625
0.3151528835296631,158,-0.48984374999999997
0.3163430690765381,159,-0.270703125
0.31754398345947266,160,-0.37382812499999996
0.31870388984680176,161,-0.30937499999999996
0.3198239803314209,162,0.012890625
0.3209359645843506,163,-0.038671874999999994
0.32204508781433105,164,-0.0515625
0.32314109802246094,165,-0.29648437499999997
0.3243389129638672,166,-0.167578125
0.32570695877075195,167,-0.7476562499999999
0.32709288597106934,168,-1.46953125
0.3287699222564697,169,-0.0515625
0.33025693893432617,170,-0.21914062499999998
0.3315849304199219,171,-0.23203125
0.33297204971313477,172,-0.07734374999999999
0.3354489803314209,173,-0.29648437499999997
0.3371548652648926,174,0.09023437499999999
0.3387289047241211,175,-0.09023437499999999
0.3405189514160156,176,-0.167578125
0.3423330783843994,177,-0.20625
0.3436620235443115,178,-1.26328125
0.3448319435119629,179,-0.270703125
0.3459639549255371,180,-0.21914062499999998
0.3470780849456787,181,-0.18046874999999998
0.3483560085296631,182,-0.20625
0.3495059013366699,183,-0.167578125
0.3506340980529785,184,-0.33515625
0.3517489433288574,185,-0.270703125
0.3528599739074707,186,-0.0515625
0.35400891304016113,187,-0.012890625
0.3551969528198242,188,-0.103125
0.35660505294799805,189,-0.2578125
0.3581209182739258,190,-0.09023437499999999
0.3596329689025879,191,-0.8507812499999999
0.36112093925476074,192,-1.5597656249999998
0.3624598979949951,193,-0.23203125
0.36385202407836914,194,-0.24492187499999998
0.36617588996887207,195,-0.15468749999999998
0.36825990676879883,196,-0.193359375
0.36966991424560547,197,0.2578125
0.3713500499725342,198,-0.012890625
0.37328600883483887,199,-0.064453125
0.3747239112854004,200,-0.02578125
0.3759119510650635,201,-0.837890625
0.37705206871032715,202,-1.46953125
0.37821006774902344,203,-0.322265625
0.3793299198150635,204,-0.270703125
0.3804469108581543,205,-0.20625
0.3815610408782959,206,-0.193359375
0.3826758861541748,207,-0.012890625
0.38378405570983887,208,-0.33515625
0.3849310874938965,209,-0.28359375
0.38617396354675293,210,-0.18046874999999998
0.3875899314880371,211,-0.02578125
0.38905787467956543,212,-0.0515625
0.3906090259552002,213,-0.23203125
0.39301490783691406,214,-0.30937499999999996
0.39452195167541504,215,-1.533984375
0.39630794525146484,216,-0.23203125
0.39872002601623535,217,-0.103125
0.400346040725708,218,-0.02578125
0.40223097801208496,219,0.0515625
0.404202938079834,220,0.07734374999999999
0.4058420658111572,221,-0.064453125
0.4071168899536133,222,-0.167578125
0.4083569049835205,223,-0.322265625
0.4094960689544678,224,-1.044140625
0.41060495376586914,225,-1.6371093749999999
0.4117250442504883,226,-0.193359375
0.4128379821777344,227,-0.29648437499999997
0.4139580726623535,228,-0.23203125
0.4150660037994385,229,-0.103125
0.41626596450805664,230,-0.270703125
0.41770005226135254,231,-0.42539062499999997
0.41914987564086914,232,-0.2578125
0.4206669330596924,233,-0.012890625
0.42221999168395996,234,-0.09023437499999999
0.42365002632141113,235,-0.167578125
0.4250640869140625,236,-0.20625
0.42714595794677734,237,-1.00546875
0.4293639659881592,238,-1.65
0.4308309555053711,239,-0.2578125
0.4323868751525879,240,-0.064453125
0.43431591987609863,241,-0.2578125
0.43593406677246094,242,-0.0515625
0.43720293045043945,243,-0.012890625
0.43845486640930176,244,-0.103125
0.43959689140319824,245,-0.23203125
0.4407200813293457,246,-0.12890625
0.44182586669921875,247,-0.64453125
0.44292497634887695,248,-1.26328125
0.4440279006958008,249,-1.65
0.44513797760009766,250,-0.20625
0.44632792472839355,251,-0.36093749999999997
0.44776201248168945,252,-0.2578125
0.4492170810699463,253,-0.0515625
0.4507460594177246,254,-0.37382812499999996
0.45227909088134766,255,-0.18046874999999998
0.45368504524230957,256,-0.012890625
0.455111026763916,257,-0.103125
0.457381010055542,258,-0.21914062499999998
0.45934200286865234,259,-0.116015625
0.4607858657836914,260,-1.327734375
0.4624490737915039,261,-0.4640625
0.4644138813018799,262,-0.2578125
0.46591687202453613,263,-0.141796875
0.4671509265899658,264,-0.399609375
0.4683959484100342,265,-0.2578125
0.4695448875427246,266,-0.038671874999999994
0.47067689895629883,267,-0.02578125
0.47179102897644043,268,-0.038671874999999994
0.4729039669036865,269,-0.2578125
0.4740118980407715,270,-0.193359375
0.4751088619232178,271,-0.5929687499999999
0.4762859344482422,272,-1.2374999999999998
0.4776930809020996,273,-1.65
0.479140043258667,274,-0.24492187499999998
0.48067498207092285,275,-0.12890625
0.482219934463501,276,-0.20625
0.48370909690856934,277,-0.28359375
0.48522090911865234,278,-0.18046874999999998
0.48702287673950195,279,-0.012890625
0.4894700050354004,280,-0.038671874999999994
0.49105191230773926,281,-0.038671874999999994
0.49247002601623535,282,-0.5671875
0.4943358898162842,283,-1.26328125
0.4961268901824951,284,-1.65
0.4975259304046631,285,-0.4640625
0.49871301651000977,286,-0.18046874999999998
0.4998788833618164,287,-0.30937499999999996
0.5010209083557129,288,-0.399609375
0.5021700859069824,289,-0.28359375
0.5033159255981445,290,-0.012890625
0.5044300556182861,291,-0.0515625
0.5055360794067383,292,-0.103125
0.5067250728607178,293,-0.23203125
0.5081439018249512,294,-0.15468749999999998
0.5095748901367188,295,-0.9152343749999999
0.5111010074615479,296,-1.611328125
0.5126838684082031,297,-0.21914062499999998
0.5142300128936768,298,-0.116015625
0.5156590938568115,299,0.0
0.5171768665313721,300,-0.322265625
0.5191359519958496,301,-0.20625
0.5214989185333252,302,0.0
0.523068904876709,303,-0.09023437499999999
0.52447509765625,304,-0.038671874999999994
0.5263550281524658,305,-0.7218749999999999
0.5283138751983643,306,-1.533984375
0.5297510623931885,307,-0.2578125
0.5309739112854004,308,-0.270703125
0.5321259498596191,309,-0.064453125
0.5332510471343994,310,-0.322265625
0.5343639850616455,311,-0.37382812499999996
0.5354809761047363,312,-0.270703125
0.536653995513916,313,-0.012890625
0.5381219387054443,314,-0.0515625
0.5395638942718506,315,-0.12890625
0.5410919189453125,316,-0.064453125
0.5426220893859863,317,-0.6703125
0.5440559387207031,318,-1.456640625
0.5454928874969482,319,-0.515625
0.5473709106445312,320,-0.2578125
0.5497870445251465,321,-0.23203125
0.5514070987701416,322,-0.23203125
0.5528240203857422,323,0.038671874999999994
0.5546889305114746,324,-0.012890625
0.5564699172973633,325,-0.064453125
0.5578780174255371,326,-0.0515625
0.5590589046478271,327,-0.7734375
0.5601930618286133,328,-1.405078125
0.5613138675689697,329,-0.54140625
0.5624239444732666,330,-0.23203125
0.5635249614715576,331,-0.15468749999999998
0.5646359920501709,332,-0.30937499999999996
0.5657510757446289,333,-0.0515625
0.5669379234313965,334,-0.4125
0.5683529376983643,335,-0.36093749999999997
0.5698080062866211,336,-0.103125
0.5713069438934326,337,-0.0515625
0.5728418827056885,338,-0.09023437499999999
0.5742418766021729,339,-0.167578125
0.5757079124450684,340,-0.6574218749999999
0.5772109031677246,341,-1.4437499999999999
0.579827070236206,342,-0.29648437499999997
0.5815320014953613,343,-0.064453125
0.5829038619995117,344,-0.02578125
0.5846378803253174,345,-0.30937499999999996
0.586540937423706,346,-0.116015625
0.5880110263824463,347,-0.012890625
0.5892090797424316,348,-0.103125
0.5903599262237549,349,-0.20625
0.5917019844055176,350,-0.36093749999999997
0.5932419300079346,351,-1.0570312499999999
0.5948290824890137,352,-1.65
0.596350908279419,353,-0.30937499999999996
0.598160982131958,354,-0.12890625
0.5997428894042969,355,-0.103125
0.6012330055236816,356,-0.23203125
0.6027359962463379,357,-0.064453125
0.6042060852050781,358,-0.012890625
0.6056599617004395,359,-0.0515625
0.6070990562438965,360,-0.18046874999999998
0.608799934387207,361,-0.30937499999999996
0.6102108955383301,362,-1.2503906249999999
0.6115729808807373,363,-0.4125
0.6129159927368164,364,-0.2578125
0.6146528720855713,365,-0.23203125
0.6164350509643555,366,-0.116015625
0.619438886642456,367,-0.23203125
0.6214849948883057,368,-0.012890625
0.6233470439910889,369,-0.103125
0.6256959438323975,370,-0.02578125
0.6275119781494141,371,-1.069921875
0.6292860507965088,372,-0.42539062499999997
0.631105899810791,373,-0.193359375
0.6328909397125244,374,-0.116015625
0.6348330974578857,375,-0.36093749999999997
0.6367330551147461,376,-0.012890625
0.638948917388916,377,-0.038671874999999994
0.6417009830474854,378,-0.21914062499999998
0.6435558795928955,379,-0.7863281249999999
0.645672082901001,380,-1.65
0.647892951965332,381,-0.2578125
0.6495249271392822,382,-0.15468749999999998
0.6510770320892334,383,-0.322265625
0.6526250839233398,384,-0.116015625
0.6541600227355957,385,-0.02578125
0.6556918621063232,386,-0.02578125
0.6572160720825195,387,-0.20625
0.6593809127807617,388,-0.33515625
0.6611449718475342,389,-1.3664062499999998
0.6627700328826904,390,-0.2578125
0.6643149852752686,391,-0.064453125
0.6657130718231201,392,-0.20625
0.6670858860015869,393,-0.4640625
0.6686179637908936,394,-0.30937499999999996
0.6700479984283447,395,-0.012890625
0.6714239120483398,396,-0.0515625
0.6729590892791748,397,-0.141796875
0.675102949142456,398,-0.18046874999999998
0.6769750118255615,399,-0.9410156249999999
0.6789720058441162,400,-1.6242187499999998
0.6807138919830322,401,-0.30937499999999996
0.6833200454711914,402,-0.103125
0.6850509643554688,403,-0.23203125
0.6866180896759033,404,0.12890625
0.6886780261993408,405,-0.0515625
0.6904580593109131,406,-0.18046874999999998
0.691992998123169,407,-0.28359375
0.6935958862304688,408,-1.147265625
0.6951820850372314,409,-1.611328125
0.6965670585632324,410,-0.322265625
0.6980910301208496,411,-0.28359375
0.7003250122070312,412,-0.103125
0.7024049758911133,413,-0.116015625
0.7038519382476807,414,-0.012890625
0.7058029174804688,415,-0.103125
0.7075560092926025,416,-0.167578125
0.708824872970581,417,-0.580078125
0.7099800109863281,418,-1.353515625
0.7111110687255859,419,-1.65
0.7122259140014648,420,-0.2578125
0.7133400440216064,421,-0.20625
0.7144420146942139,422,-0.322265625
0.7155508995056152,423,-0.141796875
0.7166609764099121,424,-0.42539062499999997
0.717871904373169,425,-0.4125
0.7190759181976318,426,-0.2578125
0.7204890251159668,427,-0.012890625
0.7219350337982178,428,-0.0515625
0.7234389781951904,429,-0.23203125
0.7249760627746582,430,-0.02578125
