time,count,voltage
0.00528407096862793,1,-0.0515625
0.0068340301513671875,2,-0.2578125
0.008240222930908203,3,-0.580078125
0.00961613655090332,4,-1.3664062499999998
0.01097416877746582,5,0.0
0.012606143951416016,6,-0.193359375
0.01456308364868164,7,-0.23203125
0.016405105590820312,8,-0.0515625
0.018172025680541992,9,0.0
0.019861221313476562,10,0.012890625
0.021418094635009766,11,-0.02578125
0.022837162017822266,12,-0.2578125
0.02432107925415039,13,-0.270703125
0.025718212127685547,14,-1.044140625
0.027090072631835938,15,-1.095703125
0.028678178787231445,16,-0.103125
0.030378103256225586,17,-0.103125
0.032096147537231445,18,-0.21914062499999998
0.03389310836791992,19,-0.42539062499999997
0.03683900833129883,20,-0.103125
0.0392000675201416,21,-0.012890625
0.04119610786437988,22,-0.21914062499999998
0.043502092361450195,23,-0.95390625
0.04714703559875488,24,0.0
0.04959821701049805,25,-0.29648437499999997
0.0522150993347168,26,-0.2578125
0.056385040283203125,27,0.0
0.058320045471191406,28,-0.18046874999999998
0.060064077377319336,29,-1.147265625
0.06173300743103027,30,-0.193359375
0.06329202651977539,31,-0.193359375
0.07124900817871094,32,-0.193359375
0.07377314567565918,33,-0.322265625
0.07596302032470703,34,-0.37382812499999996
0.07800412178039551,35,-1.546875
0.08117222785949707,36,-0.20625
0.08384418487548828,37,-0.21914062499999998
0.0862882137298584,38,0.116015625
0.08904314041137695,39,0.0
0.09098100662231445,40,-0.2578125
0.09274816513061523,41,-0.928125
0.09447717666625977,42,-1.147265625
0.10241413116455078,43,-0.09023437499999999
0.10483503341674805,44,-0.270703125
0.10702919960021973,45,-0.167578125
0.10962820053100586,46,-0.399609375
0.11285901069641113,47,-1.5984375
0.11545014381408691,48,-0.23203125
0.11825323104858398,49,-0.37382812499999996
0.12025022506713867,50,0.348046875
0.12167620658874512,51,-0.012890625
0.12297201156616211,52,-0.24492187499999998
0.12438201904296875,53,-0.322265625
0.13099408149719238,54,-1.0828125
0.13336610794067383,55,-1.5984375
0.1355600357055664,56,-0.36093749999999997
0.13829612731933594,57,0.0
0.14043521881103516,58,-0.116015625
0.14243006706237793,59,-0.515625
0.14478015899658203,60,-1.482421875
0.14628219604492188,61,-0.20625
0.14761018753051758,62,-0.20625
0.14892005920410156,63,-0.103125
0.15021419525146484,64,-0.29648437499999997
0.15162420272827148,65,-0.12890625
0.15287208557128906,66,-0.012890625
0.15417122840881348,67,-0.02578125
0.1554582118988037,68,-0.20625
0.16089320182800293,69,-0.28359375
0.16260600090026855,70,-0.6703125
0.16401314735412598,71,-0.322265625
0.16561603546142578,72,-0.15468749999999998
0.16789817810058594,73,-0.322265625
0.16991615295410156,74,0.038671874999999994
0.1714000701904297,75,-0.012890625
0.17325711250305176,76,-0.29648437499999997
0.17522311210632324,77,-0.348046875
0.17673110961914062,78,-1.456640625
0.17796921730041504,79,-0.07734374999999999
0.17917203903198242,80,-0.20625
0.1803441047668457,81,-0.29648437499999997
0.1815171241760254,82,-0.0515625
0.18262720108032227,83,-0.4125
0.1837451457977295,84,-0.4125
0.18487000465393066,85,-0.18046874999999998
0.18597412109375,86,0.012890625
0.18706107139587402,87,-0.02578125
0.1883540153503418,88,-0.07734374999999999
0.18989205360412598,89,-0.37382812499999996
0.1913130283355713,90,-0.515625
0.19284319877624512,91,-1.353515625
0.19433307647705078,92,-0.0515625
0.19580507278442383,93,-0.20625
0.1972341537475586,94,-0.29648437499999997
0.1998910903930664,95,-0.103125
0.20147299766540527,96,-0.02578125
0.20301222801208496,97,0.0
0.20532011985778809,98,-0.0515625
0.20684409141540527,99,-0.2578125
0.2080399990081787,100,-0.734765625
0.2091832160949707,101,-1.405078125
0.2102971076965332,102,-0.103125
0.21142816543579102,103,-0.12890625
0.21255707740783691,104,-0.12890625
0.213698148727417,105,-0.322265625
0.21483707427978516,106,-0.103125
0.21596717834472656,107,-0.4125
0.2170720100402832,108,-0.4125
0.21827411651611328,109,-0.21914062499999998
0.2196822166442871,110,-0.012890625
0.2211921215057373,111,-0.0515625
0.22275114059448242,112,-0.23203125
0.22431111335754395,113,-0.21914062499999998
0.22576904296875,114,-1.069921875
0.22765517234802246,115,-0.5671875
0.23007416725158691,116,-0.15468749999999998
0.23205304145812988,117,-0.167578125
0.23347806930541992,118,-0.36093749999999997
0.23537802696228027,119,-0.116015625
0.2374560832977295,120,-0.012890625
0.23885011672973633,121,-0.103125
0.24003314971923828,122,-0.193359375
0.24116015434265137,123,-0.7218749999999999
0.24227118492126465,124,-1.340625
0.24339509010314941,125,-0.64453125
0.24465107917785645,126,-0.0515625
0.24579405784606934,127,-0.20625
0.24691009521484375,128,-0.322265625
0.2480452060699463,129,-0.103125
0.24923300743103027,130,-0.270703125
0.25063204765319824,131,-0.322265625
0.25216221809387207,132,-0.09023437499999999
0.25375819206237793,133,-0.012890625
0.2553582191467285,134,-0.064453125
0.25671815872192383,135,-0.270703125
0.25809407234191895,136,-0.64453125
0.25977420806884766,137,-1.3921875
0.2623000144958496,138,0.0
0.2639141082763672,139,-0.167578125
0.2654430866241455,140,-0.064453125
0.26746511459350586,141,-0.33515625
0.26929211616516113,142,0.038671874999999994
0.2706270217895508,143,-0.012890625
0.2717900276184082,144,-0.15468749999999998
0.27292799949645996,145,-0.33515625
0.2740750312805176,146,-0.502734375
0.2752361297607422,147,-1.16015625
0.27638912200927734,148,-1.65
0.27754902839660645,149,-0.038671874999999994
0.2786741256713867,150,-0.21914062499999998
0.2798762321472168,151,-0.20625
0.2812950611114502,152,-0.2578125
0.2827341556549072,153,-0.38671875
0.2843921184539795,154,-0.30937499999999996
0.2860422134399414,155,-0.012890625
0.28739404678344727,156,-0.0515625
0.28877711296081543,157,-0.167578125
0.2904341220855713,158,-0.28359375
0.29284000396728516,159,-0.7476562499999999
0.2944810390472412,160,-0.012890625
0.29596710205078125,161,-0.270703125
0.29791808128356934,162,-0.270703125
0.2997000217437744,163,-0.103125
0.30106520652770996,164,0.07734374999999999
0.30228710174560547,165,0.012890625
0.30341410636901855,166,-0.012890625
0.30461716651916504,167,-0.0515625
0.30579304695129395,168,-0.28359375
0.30690908432006836,169,-0.2578125
0.30802106857299805,170,-0.8765624999999999
0.3091862201690674,171,-1.456640625
0.31037402153015137,172,-0.0515625
0.3118431568145752,173,-0.116015625
0.3133091926574707,174,-0.103125
0.3149302005767822,175,-0.20625
0.31660008430480957,176,-0.20625
0.31799912452697754,177,-0.012890625
0.31941699981689453,178,-0.012890625
0.3208131790161133,179,-0.0515625
0.3233811855316162,180,-0.193359375
0.3251030445098877,181,-0.21914062499999998
0.3265380859375,182,-1.405078125
0.3285050392150879,183,0.0
0.3303380012512207,184,-0.038671874999999994
0.33173704147338867,185,-0.12890625
0.33292508125305176,186,-0.42539062499999997
0.3341860771179199,187,-0.30937499999999996
0.3353400230407715,188,0.0
0.33646106719970703,189,0.012890625
0.3377830982208252,190,-0.038671874999999994
0.33893609046936035,191,-0.270703125
0.34007906913757324,192,-0.2578125
0.3413271903991699,193,-0.7863281249999999
0.34277820587158203,194,-1.456640625
0.3443281650543213,195,0.0
0.3458831310272217,196,-0.18046874999999998
0.347487211227417,197,-0.28359375
0.3489542007446289,198,-0.02578125
0.3504350185394287,199,-0.20625
0.3522770404815674,200,0.038671874999999994
0.35456418991088867,201,0.0
0.35611510276794434,202,-0.21914062499999998
0.35768699645996094,203,-0.2578125
0.3598170280456543,204,-1.069921875
0.36141014099121094,205,-0.116015625
0.36267614364624023,206,-0.193359375
0.36387014389038086,207,-0.29648437499999997
0.36539220809936523,208,-0.141796875
0.3668961524963379,209,-0.37382812499999996
0.36837315559387207,210,-0.09023437499999999
0.3696310520172119,211,-0.012890625
0.370772123336792,212,-0.038671874999999994
0.37201499938964844,213,-0.21914062499999998
0.37348413467407227,214,-0.348046875
0.37494921684265137,215,-0.825
0.3765251636505127,216,-1.533984375
0.37797021865844727,217,0.0
0.3793790340423584,218,-0.23203125
0.3821861743927002,219,-0.28359375
0.3844921588897705,220,-0.20625
0.38597917556762695,221,0.0
0.38770318031311035,222,-0.0515625
0.3897831439971924,223,-0.193359375
0.3912670612335205,224,-0.30937499999999996
0.3924829959869385,225,-1.2503906249999999
0.3936350345611572,226,-0.0515625
0.3947892189025879,227,-0.103125
0.3959321975708008,228,-0.103125
0.39707422256469727,229,-0.21914062499999998
0.3982210159301758,230,-0.15468749999999998
0.3993351459503174,231,-0.43828124999999996
0.40044307708740234,232,-0.4125
0.4015340805053711,233,-0.103125
0.4027070999145508,234,-0.012890625
0.4042220115661621,235,-0.064453125
0.4058220386505127,236,-0.20625
0.40742921829223633,237,-0.193359375
0.40894317626953125,238,-0.9410156249999999
0.41030001640319824,239,-1.3664062499999998
0.41159605979919434,240,-0.07734374999999999
0.41415905952453613,241,-0.064453125
0.41608405113220215,242,-0.12890625
0.4175760746002197,243,0.0
0.4194190502166748,244,0.012890625
0.4215390682220459,245,-0.012890625
0.42290520668029785,246,-0.2578125
0.42418718338012695,247,-0.37382812499999996
0.4253530502319336,248,-1.147265625
0.42647409439086914,249,-1.65
0.427584171295166,250,-0.064453125
0.4287281036376953,251,-0.2578125
0.42983412742614746,252,-0.24492187499999998
0.4309401512145996,253,-0.15468749999999998
0.43204212188720703,254,-0.322265625
0.43324708938598633,255,-0.43828124999999996
0.4347500801086426,256,-0.270703125
0.4364290237426758,257,0.0
0.4380922317504883,258,-0.038671874999999994
0.4395761489868164,259,-0.30937499999999996
0.4409019947052002,260,-0.38671875
0.4421560764312744,261,-1.198828125
0.4446730613708496,262,-0.928125
0.4466841220855713,263,-0.167578125
0.4481232166290283,264,-0.28359375
0.44985508918762207,265,-0.23203125
0.4518301486968994,266,-0.15468749999999998
0.4533240795135498,267,0.0
0.4546182155609131,268,-0.012890625
0.4557991027832031,269,-0.270703125
0.45691418647766113,270,-0.2578125
0.45801711082458496,271,-0.889453125
0.45911717414855957,272,-1.46953125
0.4602830410003662,273,-0.012890625
0.46138501167297363,274,-0.116015625
0.4625091552734375,275,-0.116015625
0.46370601654052734,276,-0.270703125
0.4651172161102295,277,-0.12890625
0.4665811061859131,278,-0.42539062499999997
0.4682881832122803,279,-0.20625
0.4699211120605469,280,-0.012890625
0.4713630676269531,281,-0.012890625
0.4728231430053711,282,-0.2578125
0.47465014457702637,283,-0.348046875
0.4771130084991455,284,-1.147265625
0.47872400283813477,285,-0.103125
0.48028111457824707,286,-0.20625
0.48226308822631836,287,-0.09023437499999999
0.4839761257171631,288,-0.29648437499999997
0.48537206649780273,289,-0.012890625
0.4865710735321045,290,-0.02578125
0.4877331256866455,291,-0.0515625
0.4888570308685303,292,-0.30937499999999996
0.4899721145629883,293,-0.2578125
0.49106502532958984,294,-0.8121093749999999
0.4922330379486084,295,-1.405078125
0.4933621883392334,296,-0.20625
0.4946460723876953,297,-0.02578125
0.49607014656066895,298,-0.15468749999999998
0.49750614166259766,299,-0.29648437499999997
0.49904417991638184,300,-0.103125
0.5007421970367432,301,-0.18046874999999998
0.5021891593933105,302,-0.012890625
0.5036442279815674,303,0.0
0.5054280757904053,304,-0.07734374999999999
0.5077621936798096,305,-0.322265625
0.5093860626220703,306,-1.095703125
0.5109050273895264,307,-0.167578125
0.5129070281982422,308,-0.12890625
0.5146059989929199,309,-0.348046875
0.515937089920044,310,-0.33515625
0.5171780586242676,311,-0.23203125
0.5183401107788086,312,-0.02578125
0.5194530487060547,313,-0.012890625
0.5205841064453125,314,-0.02578125
0.5216870307922363,315,-0.20625
0.5227911472320557,316,-0.37382812499999996
0.5239121913909912,317,-0.502734375
0.5252671241760254,318,-1.173046875
0.5267481803894043,319,-1.65
0.5281920433044434,320,-0.103125
0.5297160148620605,321,-0.103125
0.531245231628418,322,-0.20625
0.5327181816101074,323,-0.33515625
0.5345950126647949,324,-0.23203125
0.5368311405181885,325,0.012890625
0.5389430522918701,326,-0.0515625
0.5404810905456543,327,-0.20625
0.542168140411377,328,-0.889453125
0.5442321300506592,329,-1.65
0.5456891059875488,330,-0.193359375
0.546889066696167,331,-0.2578125
0.5480420589447021,332,-0.15468749999999998
0.549246072769165,333,-0.4125
0.5503652095794678,334,-0.38671875
0.5515031814575195,335,-0.12890625
0.5526440143585205,336,-0.012890625
0.5537400245666504,337,-0.103125
0.5548660755157471,338,-0.15468749999999998
0.5560600757598877,339,-0.322265625
0.5574891567230225,340,-0.451171875
0.5589761734008789,341,-1.1859374999999999
0.560509204864502,342,-0.12890625
0.5620200634002686,343,-0.09023437499999999
0.5635120868682861,344,-0.193359375
0.5650181770324707,345,-0.15468749999999998
0.5668280124664307,346,-0.33515625
0.5693230628967285,347,-0.20625
0.5708701610565186,348,-0.012890625
0.5724301338195801,349,-0.24492187499999998
0.5745470523834229,350,-0.23203125
0.576160192489624,351,-1.147265625
0.5774261951446533,352,0.0
0.5785892009735107,353,-0.21914062499999998
0.579801082611084,354,-0.21914062499999998
0.5809261798858643,355,-0.20625
0.5820591449737549,356,-0.37382812499999996
0.583186149597168,357,-0.43828124999999996
0.5843241214752197,358,-0.322265625
0.585435152053833,359,0.012890625
0.5866320133209229,360,-0.012890625
0.5880911350250244,361,-0.0515625
0.5896131992340088,362,-0.322265625
0.5911412239074707,363,-0.4125
0.5926330089569092,364,-1.26328125
0.594102144241333,365,-0.064453125
0.5956342220306396,366,-0.167578125
0.5976412296295166,367,-0.270703125
0.6000981330871582,368,0.0
0.6016080379486084,369,0.30937499999999996
0.6032180786132812,370,-0.012890625
0.6055150032043457,371,-0.0515625
0.6070370674133301,372,-0.23203125
0.608241081237793,373,-0.8765624999999999
0.6093971729278564,374,-1.546875
0.6105160713195801,375,-0.02578125
0.6118230819702148,376,-0.12890625
0.6129841804504395,377,-0.193359375
0.6142191886901855,378,-0.21914062499999998
0.615380048751831,379,-0.23203125
0.6166181564331055,380,-0.322265625
0.6180250644683838,381,-0.167578125
0.6195042133331299,382,0.012890625
0.621082067489624,383,-0.02578125
0.6225881576538086,384,-0.24492187499999998
0.6239771842956543,385,-0.2578125
0.6254961490631104,386,-1.0570312499999999
0.627129077911377,387,-1.2890625
0.6297800540924072,388,-0.038671874999999994
0.6314041614532471,389,-0.193359375
0.6329290866851807,390,-0.2578125
0.6349320411682129,391,-0.193359375
0.6367261409759521,392,0.012890625
0.6380031108856201,393,-0.02578125
0.6391611099243164,394,-0.2578125
0.6402790546417236,395,-0.29648437499999997
0.6413781642913818,396,-0.9410156249999999
0.6424720287322998,397,-1.5082031249999999
0.6435692310333252,398,-0.012890625
0.6450021266937256,399,-0.064453125
0.6462140083312988,400,-0.116015625
0.6474552154541016,401,-0.167578125
0.648914098739624,402,-0.103125
0.6503551006317139,403,-0.20625
0.6519670486450195,404,0.038671874999999994
0.6535170078277588,405,0.0
0.6549701690673828,406,-0.0515625
0.6563630104064941,407,-0.23203125
0.6581602096557617,408,-0.4640625
0.6606810092926025,409,-1.2503906249999999
0.6622381210327148,410,-0.103125
0.6638591289520264,411,-0.28359375
0.6659390926361084,412,-0.15468749999999998
0.6676020622253418,413,-0.103125
0.6688961982727051,414,0.012890625
0.6700851917266846,415,-0.012890625
0.6712131500244141,416,-0.02578125
0.672321081161499,417,-0.193359375
0.6734271049499512,418,-0.038671874999999994
0.6746201515197754,419,-0.7218749999999999
0.6757922172546387,420,-1.3664062499999998
0.6769170761108398,421,-0.322265625
0.6781511306762695,422,-0.103125
0.6796011924743652,423,-0.141796875
0.6810641288757324,424,-0.29648437499999997
0.6826112270355225,425,-0.33515625
0.684326171875,426,-0.270703125
0.686265230178833,427,0.0
0.6877892017364502,428,-0.0515625
0.6892750263214111,429,-0.28359375
0.6917991638183594,430,-0.20625
0.6935181617736816,431,-1.2890625
0.6949710845947266,432,-0.167578125
0.6966550350189209,433,-0.0515625
0.6986432075500488,434,-0.23203125
0.7006261348724365,435,-0.23203125
0.7019321918487549,436,0.21914062499999998
0.7031002044677734,437,-0.012890625
