time,count,voltage
0.005234956741333008,1,0.0
0.006785869598388672,2,-0.012890625
0.008314847946166992,3,-0.270703125
0.009697914123535156,4,-0.322265625
0.011062860488891602,5,-1.198828125
0.012668848037719727,6,0.0
0.014400005340576172,7,-0.012890625
0.016089916229248047,8,-0.20625
0.017940998077392578,9,-0.103125
0.019607067108154297,10,-0.20625
0.02131795883178711,11,0.012890625
0.02280282974243164,12,0.0
0.024188995361328125,13,-0.09023437499999999
0.025552988052368164,14,-0.30937499999999996
0.026905059814453125,15,-0.7218749999999999
0.02850198745727539,16,-1.4953124999999998
0.030230998992919922,17,0.0
0.032012939453125,18,-0.20625
0.03365588188171387,19,-0.270703125
0.03549599647521973,20,-0.33515625
0.037222862243652344,21,0.038671874999999994
0.03898501396179199,22,0.0
0.0405888557434082,23,0.0
0.042259931564331055,24,-0.33515625
0.043988943099975586,25,-0.5671875
0.04621601104736328,26,-1.585546875
0.04930686950683594,27,0.0
0.05123400688171387,28,-0.23203125
0.05289101600646973,29,-0.23203125
0.05482196807861328,30,0.0
0.057044029235839844,31,-0.012890625
0.058949947357177734,32,-0.270703125
0.06044197082519531,33,-0.6187499999999999
0.06185483932495117,34,-1.533984375
0.06322789192199707,35,0.0
0.0645909309387207,36,-0.15468749999999998
0.06594991683959961,37,-0.2578125
0.06729698181152344,38,-0.167578125
0.06873202323913574,39,-0.399609375
0.07008695602416992,40,-0.116015625
0.07142996788024902,41,0.0
0.0727548599243164,42,-0.012890625
0.07408285140991211,43,-0.09023437499999999
0.07542991638183594,44,-0.38671875
0.07676005363464355,45,-0.6574218749999999
0.07816386222839355,46,-1.4437499999999999
0.07953786849975586,47,0.0
0.08087992668151855,48,-0.07734374999999999
0.08222389221191406,49,-0.103125
0.08355998992919922,50,-0.167578125
0.0849008560180664,51,-0.322265625
0.08649086952209473,52,-0.20625
0.0880889892578125,53,0.012890625
0.08960700035095215,54,-0.012890625
0.09103798866271973,55,-0.12890625
0.09267187118530273,56,-0.30937499999999996
0.09437704086303711,57,-0.9410156249999999
0.09605884552001953,58,-0.7476562499999999
0.09802103042602539,59,0.0
0.09977388381958008,60,-0.23203125
0.10141897201538086,61,-0.15468749999999998
0.10313892364501953,62,-0.064453125
0.10571694374084473,63,0.0
0.10806798934936523,64,-0.0515625
0.10978984832763672,65,-0.23203125
0.1113729476928711,66,-1.1214843749999999
0.11325883865356445,67,0.0
0.11542797088623047,68,-0.103125
0.11745595932006836,69,-0.29648437499999997
0.11925292015075684,70,-0.09023437499999999
0.12083101272583008,71,0.28359375
0.12254500389099121,72,0.0
0.12431693077087402,73,-0.0515625
0.1260068416595459,74,-0.33515625
0.1279449462890625,75,-0.95390625
0.1297290325164795,76,0.0
0.1312389373779297,77,-0.07734374999999999
0.13270783424377441,78,-0.2578125
0.13418197631835938,79,-0.15468749999999998
0.13674592971801758,80,-0.38671875
0.13858604431152344,81,0.012890625
0.14004087448120117,82,0.0
0.14159083366394043,83,-0.322265625
0.14350605010986328,84,-0.37382812499999996
0.1451728343963623,85,-1.340625
0.14645695686340332,86,0.0
0.14769983291625977,87,-0.167578125
0.1488790512084961,88,-0.193359375
0.15012884140014648,89,-0.23203125
0.1515798568725586,90,-0.36093749999999997
0.15308904647827148,91,-0.23203125
0.15466785430908203,92,0.0
0.15621685981750488,93,0.0
0.15775704383850098,94,-0.103125
0.15926384925842285,95,-0.37382812499999996
0.1605830192565918,96,-0.966796875
0.16286587715148926,97,-1.65
0.16482186317443848,98,0.0
0.16626787185668945,99,-0.2578125
0.16784286499023438,100,-0.15468749999999998
0.1699199676513672,101,-0.322265625
0.17154693603515625,102,0.012890625
0.1728229522705078,103,0.0
0.17399096488952637,104,-0.12890625
0.17513394355773926,105,-0.37382812499999996
0.17626500129699707,106,-0.580078125
0.17737388610839844,107,-1.3019531249999998
0.17856693267822266,108,-1.2503906249999999
0.17969989776611328,109,0.0
0.18089699745178223,110,-0.15468749999999998
0.18231606483459473,111,-0.18046874999999998
0.18380284309387207,112,-0.167578125
0.1852400302886963,113,-0.15468749999999998
0.1867809295654297,114,-0.02578125
0.18841195106506348,115,0.0
0.18993091583251953,116,-0.02578125
0.19144392013549805,117,-0.2578125
0.1929779052734375,118,-0.322265625
0.19446086883544922,119,-1.1214843749999999
0.19580698013305664,120,0.0
0.19717097282409668,121,-0.038671874999999994
0.1985938549041748,122,0.0
0.20099401473999023,123,-0.29648437499999997
0.20301294326782227,124,-0.20625
0.20447087287902832,125,-0.012890625
0.20608305931091309,126,0.0
0.2080240249633789,127,-0.038671874999999994
0.20962905883789062,128,-0.29648437499999997
0.21098995208740234,129,-1.147265625
0.21245384216308594,130,0.0
0.21389484405517578,131,-0.0515625
0.21540188789367676,132,-0.103125
0.21691584587097168,133,-0.322265625
0.21845602989196777,134,-0.33515625
0.21994686126708984,135,-0.07734374999999999
0.22133493423461914,136,0.0
0.22320985794067383,137,0.0
0.22552800178527832,138,-0.09023437499999999
0.2270488739013672,139,-0.515625
0.228471040725708,140,-1.546875
0.23029088973999023,141,0.0
0.23216700553894043,142,-0.064453125
0.2335820198059082,143,-0.29648437499999997
0.2347710132598877,144,-0.29648437499999997
0.23593401908874512,145,-0.21914062499999998
0.23709797859191895,146,0.0
0.2382650375366211,147,0.0
0.23938798904418945,148,-0.02578125
0.2405099868774414,149,-0.103125
0.2416980266571045,150,-0.4125
0.2430880069732666,151,-0.54140625
0.24455690383911133,152,-1.327734375
0.24602794647216797,153,-0.02578125
0.24766302108764648,154,-0.116015625
0.24914884567260742,155,-0.09023437499999999
0.25058984756469727,156,-0.193359375
0.2520120143890381,157,-0.322265625
0.25409603118896484,158,-0.07734374999999999
0.2563629150390625,159,0.0
0.25787901878356934,160,-0.116015625
0.25933289527893066,161,-0.322265625
0.26123785972595215,162,-0.95390625
0.2630300521850586,163,0.0
0.2643399238586426,164,-0.0515625
0.26552391052246094,165,-0.2578125
0.26665186882019043,166,-0.193359375
0.2678079605102539,167,-0.37382812499999996
0.2689700126647949,168,-0.37382812499999996
0.2701148986816406,169,-0.12890625
0.27123093605041504,170,0.012890625
0.27241992950439453,171,-0.012890625
0.27382993698120117,172,-0.0515625
0.27529287338256836,173,-0.322265625
0.2767679691314697,174,-0.54140625
0.2784240245819092,175,-1.4308593749999998
0.27986598014831543,176,0.012890625
0.28128504753112793,177,-0.12890625
0.2826089859008789,178,-0.2578125
0.2848379611968994,179,-0.09023437499999999
0.2869589328765869,180,-0.20625
0.28844594955444336,181,-0.012890625
0.2899129390716553,182,-0.012890625
0.29184889793395996,183,-0.23203125
0.2935669422149658,184,-0.30937499999999996
0.2948899269104004,185,-1.4308593749999998
0.2960629463195801,186,0.0
0.29718995094299316,187,0.0
0.29833197593688965,188,-0.064453125
0.2994658946990967,189,-0.43828124999999996
0.30059289932250977,190,0.012890625
0.3017129898071289,191,-0.36093749999999997
0.30292606353759766,192,-0.21914062499999998
0.3043498992919922,193,0.0
0.3058030605316162,194,-0.012890625
0.3073258399963379,195,-0.02578125
0.3089919090270996,196,-0.36093749999999997
0.31046104431152344,197,-0.7476562499999999
0.311892032623291,198,-1.65
0.31319594383239746,199,0.0
0.3154869079589844,200,-0.09023437499999999
0.3174779415130615,201,-0.2578125
0.3190958499908447,202,-0.116015625
0.3207058906555176,203,0.20625
0.32267284393310547,204,0.0
0.3242640495300293,205,-0.012890625
0.32553791999816895,206,-0.322265625
0.32670092582702637,207,-0.837890625
0.327862024307251,208,-1.4953124999999998
0.328981876373291,209,0.0
0.33008790016174316,210,0.0
0.33119702339172363,211,-0.0515625
0.33231592178344727,212,-0.322265625
0.3335239887237549,213,-0.103125
0.3349430561065674,214,-0.30937499999999996
0.33646392822265625,215,-0.193359375
0.3379850387573242,216,0.0
0.3395860195159912,217,0.012890625
0.34107303619384766,218,-0.116015625
0.3425178527832031,219,-0.322265625
0.34383106231689453,220,-0.9410156249999999
0.3459649085998535,221,-1.65
0.3480339050292969,222,0.0
0.3496358394622803,223,-0.23203125
0.3517570495605469,224,-0.15468749999999998
0.3532068729400635,225,0.103125
0.3547859191894531,226,0.0
0.35672783851623535,227,0.0
0.3585200309753418,228,-0.21914062499999998
0.35985493659973145,229,-0.4125
0.3610188961029053,230,-1.340625
0.36217498779296875,231,-0.064453125
0.3633129596710205,232,0.0
0.3645470142364502,233,-0.24492187499999998
0.3659789562225342,234,-0.29648437499999997
0.36745190620422363,235,-0.09023437499999999
0.36902403831481934,236,-0.322265625
0.3706068992614746,237,0.012890625
0.37208104133605957,238,-0.012890625
0.3735239505767822,239,-0.012890625
0.37491393089294434,240,-0.322265625
0.376755952835083,241,-0.30937499999999996
0.3791060447692871,242,-1.21171875
0.3807089328765869,243,0.0
0.3820688724517822,244,-0.0515625
0.3838179111480713,245,-0.23203125
0.3857898712158203,246,-0.29648437499999997
0.3872239589691162,247,0.20625
0.3884608745574951,248,-0.012890625
0.3896348476409912,249,-0.02578125
0.3907928466796875,250,-0.2578125
0.39191293716430664,251,-0.43828124999999996
0.39302492141723633,252,-0.64453125
0.3941199779510498,253,-1.353515625
0.39529991149902344,254,0.0
0.39670896530151367,255,0.0
0.3982429504394531,256,-0.20625
0.3997378349304199,257,-0.322265625
0.40127086639404297,258,-0.103125
0.40273284912109375,259,-0.116015625
0.4041578769683838,260,0.0
0.4058659076690674,261,-0.012890625
0.4083418846130371,262,0.012890625
0.4098198413848877,263,-0.21914062499999998
0.4112398624420166,264,-1.198828125
0.4131050109863281,265,0.0
0.4149179458618164,266,-0.012890625
0.41628599166870117,267,-0.30937499999999996
0.4174818992614746,268,-0.103125
0.41870594024658203,269,-0.30937499999999996
0.4198479652404785,270,-0.116015625
0.42097902297973633,271,0.0
0.42209506034851074,272,0.0
0.4232058525085449,273,-0.012890625
0.4243049621582031,274,-0.2578125
0.42549705505371094,275,-0.4125
0.42687487602233887,276,-0.8765624999999999
0.42841196060180664,277,-1.5597656249999998
0.4298579692840576,278,0.012890625
0.431445837020874,279,-0.20625
0.4328749179840088,280,-0.270703125
0.43424391746520996,281,-0.167578125
0.4356100559234619,282,-0.28359375
0.43804287910461426,283,-0.012890625
0.43996596336364746,284,0.0
0.44139695167541504,285,-0.23203125
0.4429960250854492,286,-0.30937499999999996
0.444943904876709,287,-1.069921875
0.44654202461242676,288,0.0
0.4478318691253662,289,-0.193359375
0.4490079879760742,290,-0.270703125
0.4501340389251709,291,-0.141796875
0.4512598514556885,292,-0.2578125
0.4523758888244629,293,-0.2578125
0.4535079002380371,294,-0.064453125
0.45462584495544434,295,0.0
0.45580387115478516,296,-0.012890625
0.4572269916534424,297,-0.0515625
0.45870089530944824,298,-0.37382812499999996
0.460191011428833,299,-0.580078125
0.4617469310760498,300,-1.46953125
0.46323394775390625,301,0.0
0.4646880626678467,302,-0.02578125
0.46604299545288086,303,-0.37382812499999996
0.46832895278930664,304,-0.103125
0.4704248905181885,305,-0.167578125
0.47189784049987793,306,0.0
0.47341084480285645,307,-0.012890625
0.4753868579864502,308,-0.30937499999999996
0.47703003883361816,309,-0.476953125
0.4783480167388916,310,-1.5984375
0.4795360565185547,311,0.0
0.48067593574523926,312,-0.0515625
0.48181796073913574,313,-0.103125
0.48292994499206543,314,-0.37382812499999996
0.4840428829193115,315,-0.103125
0.48514890670776367,316,-0.2578125
0.4863400459289551,317,-0.15468749999999998
0.4878048896789551,318,0.0
0.4894108772277832,319,-0.012890625
0.49091291427612305,320,-0.09023437499999999
0.4924349784851074,321,-0.37382812499999996
0.4938340187072754,322,-0.90234375
0.4953298568725586,323,-1.65
0.4967968463897705,324,0.0
0.4987599849700928,325,-0.064453125
0.5010929107666016,326,-0.33515625
0.5027549266815186,327,-0.012890625
0.5042159557342529,328,0.0
0.5061049461364746,329,-0.012890625
0.5079469680786133,330,-0.0515625
0.5092849731445312,331,-0.29648437499999997
0.5104720592498779,332,-1.018359375
0.5116288661956787,333,-1.65
0.5127508640289307,334,0.0
0.513861894607544,335,-0.0515625
0.5149650573730469,336,-0.012890625
0.5160808563232422,337,-0.2578125
0.5172719955444336,338,-0.103125
0.5186419486999512,339,-0.348046875
0.5201199054718018,340,-0.15468749999999998
0.5215590000152588,341,0.0
0.5231080055236816,342,-0.012890625
0.524554967880249,343,-0.21914062499999998
0.5259699821472168,344,-0.322265625
0.5272810459136963,345,-1.018359375
0.5299110412597656,346,-1.65
0.5315709114074707,347,-0.09023437499999999
0.5329978466033936,348,-0.36093749999999997
0.5349888801574707,349,-0.167578125
0.5366790294647217,350,0.012890625
0.5379810333251953,351,0.0
0.5391819477081299,352,-0.012890625
0.5403399467468262,353,-0.0515625
0.5414719581604004,354,-0.37382812499999996
0.5425939559936523,355,-0.33515625
0.5437009334564209,356,-1.0828125
0.5448129177093506,357,-1.65
0.5459098815917969,358,0.0
0.547003984451294,359,-0.0515625
0.5482568740844727,360,-0.038671874999999994
0.5496399402618408,361,-0.451171875
0.5511288642883301,362,-0.0515625
0.5526208877563477,363,-0.15468749999999998
0.5541958808898926,364,-0.012890625
0.5556888580322266,365,-0.012890625
0.557175874710083,366,-0.012890625
0.5587348937988281,367,-0.348046875
0.5605740547180176,368,-0.580078125
0.5629220008850098,369,-1.4953124999999998
0.5644700527191162,370,-0.0515625
0.5658769607543945,371,-0.23203125
0.5678060054779053,372,-0.18046874999999998
0.5697228908538818,373,-0.30937499999999996
0.571058988571167,374,0.0
0.5722589492797852,375,0.0
0.573401927947998,376,-0.012890625
0.5745289325714111,377,-0.36093749999999997
0.5756490230560303,378,-0.4125
0.5767519474029541,379,-0.95390625
0.5779058933258057,380,-1.5984375
0.5790958404541016,381,0.0
0.5804660320281982,382,-0.02578125
0.5819408893585205,383,0.0
0.5833859443664551,384,-0.322265625
0.5849828720092773,385,-0.37382812499999996
0.5864720344543457,386,-0.15468749999999998
0.5879199504852295,387,0.012890625
0.589378833770752,388,0.012890625
0.5918698310852051,389,-0.0515625
0.5937149524688721,390,-0.270703125
0.5951268672943115,391,-1.456640625
0.5970468521118164,392,0.0
0.5988619327545166,393,0.0
0.6001639366149902,394,-0.24492187499999998
0.6013510227203369,395,-0.30937499999999996
0.6024839878082275,396,-0.2578125
0.6036200523376465,397,0.0
0.6047530174255371,398,0.0
0.6058669090270996,399,-0.02578125
0.606982946395874,400,-0.07734374999999999
0.6081738471984863,401,-0.36093749999999997
0.6093690395355225,402,-0.4125
0.6107430458068848,403,-1.16015625
0.6122510433197021,404,-1.456640625
0.6137399673461914,405,-0.07734374999999999
0.6153268814086914,406,-0.12890625
0.6167309284210205,407,-0.167578125
0.6181039810180664,408,-0.4125
0.619696855545044,409,-0.270703125
0.622143030166626,410,0.012890625
0.623715877532959,411,-0.0515625
0.6252138614654541,412,-0.322265625
0.6271679401397705,413,-0.451171875
0.6288008689880371,414,-1.533984375
0.6300499439239502,415,0.0
0.631199836730957,416,-0.0515625
0.6323258876800537,417,-0.348046875
0.6334400177001953,418,-0.02578125
0.6345469951629639,419,-0.29648437499999997
0.6356630325317383,420,-0.28359375
0.6367690563201904,421,-0.103125
0.6378910541534424,422,0.0
0.6389968395233154,423,0.0
0.640239953994751,424,-0.012890625
0.641589879989624,425,-0.38671875
0.6430568695068359,426,-0.38671875
0.6444978713989258,427,-1.276171875
0.646064043045044,428,0.012890625
0.6476318836212158,429,0.0
0.6491148471832275,430,-0.0515625
0.650536060333252,431,-0.167578125
0.6524200439453125,432,-0.33515625
0.6547348499298096,433,-0.064453125
0.6563398838043213,434,-0.012890625
0.6577789783477783,435,-0.167578125
0.6595518589019775,436,-0.37382812499999996
0.6614689826965332,437,-1.0570312499999999
0.6628718376159668,438,-0.0515625
0.6640670299530029,439,0.0
0.6652050018310547,440,-0.064453125
0.6663239002227783,441,-0.270703125
0.6674418449401855,442,-0.167578125
0.6686630249023438,443,-0.30937499999999996
0.6698379516601562,444,-0.116015625
0.6710529327392578,445,0.012890625
0.672461986541748,446,-0.012890625
0.6739230155944824,447,-0.02578125
0.6754329204559326,448,-0.322265625
