time,count,voltage
0.005305051803588867,1,-0.09023437499999999
0.0069239139556884766,2,-0.399609375
0.008420944213867188,3,-0.42539062499999997
0.009822845458984375,4,-0.116015625
0.011467933654785156,5,-0.09023437499999999
0.013376951217651367,6,0.0
0.01520991325378418,7,-0.0515625
0.01711106300354004,8,-0.476953125
0.018811941146850586,9,-0.760546875
0.0205538272857666,10,-1.65
0.022150039672851562,11,-0.09023437499999999
0.023834943771362305,12,-0.36093749999999997
0.025361061096191406,13,-0.37382812499999996
0.026939868927001953,14,-0.4640625
0.028694868087768555,15,-0.21914062499999998
0.030478954315185547,16,-0.012890625
0.03215599060058594,17,-0.15468749999999998
0.034108877182006836,18,-0.515625
0.0362248420715332,19,-0.8765624999999999
0.03829002380371094,20,-1.65
0.04003500938415527,21,-0.270703125
0.04186582565307617,22,-0.5285156249999999
0.04478001594543457,23,-0.2578125
0.047308921813964844,24,0.12890625
0.04912090301513672,25,-0.103125
0.05071592330932617,26,-0.48984374999999997
0.0531468391418457,27,-0.8765624999999999
0.05553388595581055,28,-0.02578125
0.05734992027282715,29,-0.30937499999999996
0.05883002281188965,30,-0.5285156249999999
0.060269832611083984,31,-0.29648437499999997
0.06173086166381836,32,-0.270703125
0.06313586235046387,33,0.0
0.06452584266662598,34,-0.064453125
0.06594586372375488,35,-0.2578125
0.06733202934265137,36,-0.605859375
0.06869101524353027,37,-1.00546875
0.07047700881958008,38,-1.6371093749999999
0.07213687896728516,39,-0.193359375
0.07367396354675293,40,-0.399609375
0.07506799697875977,41,-0.4125
0.07658100128173828,42,-0.2578125
0.07814598083496094,43,-0.167578125
0.07973289489746094,44,0.012890625
0.08143401145935059,45,-0.02578125
0.08308100700378418,46,-0.270703125
0.08490586280822754,47,-0.605859375
0.08696889877319336,48,-1.3148437499999999
0.08873295783996582,49,-0.103125
0.0905008316040039,50,-0.38671875
0.09367489814758301,51,-0.33515625
0.09570884704589844,52,0.141796875
0.0976710319519043,53,-0.02578125
0.09940886497497559,54,-0.21914062499999998
0.10147595405578613,55,-0.580078125
0.1029820442199707,56,-1.2374999999999998
0.10420584678649902,57,-0.0515625
0.1053779125213623,58,-0.21914062499999998
0.10655093193054199,59,-0.4125
0.10775995254516602,60,-0.4640625
0.1092538833618164,61,-0.21914062499999998
0.11073589324951172,62,-0.38671875
0.11237692832946777,63,-0.116015625
0.11393499374389648,64,-0.012890625
0.11533999443054199,65,-0.167578125
0.11682486534118652,66,-0.580078125
0.11868000030517578,67,-0.7218749999999999
0.12124300003051758,68,-1.5082031249999999
0.12282490730285645,69,-0.20625
0.12439584732055664,70,-0.28359375
0.12656283378601074,71,-0.4125
0.1282958984375,72,-0.2578125
0.12963485717773438,73,-0.012890625
0.1308150291442871,74,-0.0515625
0.1319420337677002,75,-0.21914062499999998
0.13306093215942383,76,-0.605859375
0.13445186614990234,77,-0.8121093749999999
0.13564801216125488,78,-1.2890625
0.13689398765563965,79,-1.533984375
0.13814401626586914,80,-0.167578125
0.13962697982788086,81,-0.167578125
0.14111685752868652,82,-0.30937499999999996
0.1427619457244873,83,-0.36093749999999997
0.14439702033996582,84,-0.399609375
0.1459028720855713,85,-0.103125
0.14740800857543945,86,-0.02578125
0.14914894104003906,87,-0.23203125
0.15173697471618652,88,-0.554296875
0.1534879207611084,89,-1.340625
0.15514588356018066,90,0.012890625
0.1572718620300293,91,-0.30937499999999996
0.1588900089263916,92,-0.399609375
0.16014790534973145,93,-0.21914062499999998
0.16137003898620605,94,-0.270703125
0.1625080108642578,95,0.0
0.16361689567565918,96,-0.103125
0.16472601890563965,97,-0.20625
0.16593503952026367,98,-0.4125
0.16707682609558105,99,-0.7476562499999999
0.16829395294189453,100,-1.018359375
0.16971898078918457,101,-1.5726562499999999
0.1711740493774414,102,-0.09023437499999999
0.17278599739074707,103,-0.15468749999999998
0.17438101768493652,104,-0.42539062499999997
0.17588090896606445,105,-0.2578125
0.1773519515991211,106,-0.4125
0.1791079044342041,107,-0.15468749999999998
0.18160796165466309,108,0.0
0.1831798553466797,109,-0.21914062499999998
0.18472599983215332,110,-0.54140625
0.18682599067687988,111,-1.2374999999999998
0.18852806091308594,112,-0.20625
0.18991494178771973,113,-0.348046875
0.19110989570617676,114,-0.399609375
0.1922760009765625,115,-0.270703125
0.19342994689941406,116,-0.43828124999999996
0.19456195831298828,117,-0.33515625
0.19567203521728516,118,-0.012890625
0.19685697555541992,119,-0.02578125
0.19799304008483887,120,-0.12890625
0.19916892051696777,121,-0.42539062499999997
0.2005939483642578,122,-0.734765625
0.20204687118530273,123,-0.9796874999999999
0.20359396934509277,124,-1.65
0.2053229808807373,125,-0.064453125
0.20684194564819336,126,-0.33515625
0.20845603942871094,127,-0.476953125
0.2103869915008545,128,-0.103125
0.21277189254760742,129,-0.15468749999999998
0.21436500549316406,130,-0.0515625
0.21591496467590332,131,-0.20625
0.21802783012390137,132,-0.605859375
0.21962690353393555,133,-1.173046875
0.22096991539001465,134,-0.02578125
0.22217702865600586,135,-0.21914062499999998
0.22333693504333496,136,-0.399609375
0.22447991371154785,137,-0.42539062499999997
0.22561192512512207,138,-0.29648437499999997
0.22683501243591309,139,-0.502734375
0.22795605659484863,140,-0.322265625
0.22913503646850586,141,0.012890625
0.23063302040100098,142,-0.0515625
0.2320709228515625,143,-0.167578125
0.23370790481567383,144,-0.515625
0.23525190353393555,145,-0.7476562499999999
0.23676395416259766,146,-1.5984375
0.23828887939453125,147,-0.012890625
0.24001789093017578,148,-0.23203125
0.24257802963256836,149,-0.30937499999999996
0.24421286582946777,150,-0.24492187499999998
0.24620985984802246,151,0.0
0.2482738494873047,152,-0.02578125
0.2498478889465332,153,-0.20625
0.2511169910430908,154,-0.54140625
0.2523210048675537,155,-1.21171875
0.25347399711608887,156,-1.65
0.25462985038757324,157,-0.20625
0.25603294372558594,158,-0.2578125
0.2572498321533203,159,-0.37382812499999996
0.25840187072753906,160,-0.33515625
0.2596008777618408,161,-0.37382812499999996
0.2610208988189697,162,-0.38671875
0.262584924697876,163,-0.12890625
0.26416802406311035,164,-0.0515625
0.26586198806762695,165,-0.20625
0.2673189640045166,166,-0.554296875
0.2688159942626953,167,-0.928125
0.2706630229949951,168,-1.65
0.2732229232788086,169,-0.103125
0.27480292320251465,170,-0.322265625
0.27627992630004883,171,-0.29648437499999997
0.2783780097961426,172,-0.2578125
0.2800920009613037,173,0.012890625
0.2814748287200928,174,-0.064453125
0.2826399803161621,175,-0.4640625
0.2837698459625244,176,-0.69609375
0.28490495681762695,177,-1.00546875
0.2860538959503174,178,-1.5726562499999999
0.287186861038208,179,0.0
0.28832101821899414,180,-0.193359375
0.2895369529724121,181,-0.33515625
0.2909519672393799,182,-0.37382812499999996
0.2924840450286865,183,-0.29648437499999997
0.29416394233703613,184,-0.48984374999999997
0.2957429885864258,185,-0.141796875
0.297313928604126,186,-0.012890625
0.29875993728637695,187,-0.193359375
0.3006918430328369,188,-0.5929687499999999
0.3032360076904297,189,-0.734765625
0.3048708438873291,190,0.0
0.3063778877258301,191,-0.20625
0.3084099292755127,192,-0.2578125
0.3101799488067627,193,-0.116015625
0.3115358352661133,194,0.07734374999999999
0.312762975692749,195,-0.012890625
0.31391286849975586,196,-0.0515625
0.31503796577453613,197,-0.193359375
0.31616997718811035,198,-0.515625
0.31736183166503906,199,-0.734765625
0.31849193572998047,200,-1.1214843749999999
0.31969594955444336,201,-1.65
0.3211519718170166,202,0.0
0.32262301445007324,203,-0.23203125
0.32416486740112305,204,-0.37382812499999996
0.32588791847229004,205,-0.322265625
0.32741403579711914,206,-0.37382812499999996
0.3289680480957031,207,-0.0515625
0.33050084114074707,208,-0.012890625
0.3330729007720947,209,-0.193359375
0.33480095863342285,210,-0.54140625
0.33618998527526855,211,-1.2890625
0.3381328582763672,212,0.0
0.34000396728515625,213,-0.21914062499999998
0.34142398834228516,214,-0.399609375
0.342663049697876,215,-0.20625
0.3446660041809082,216,-0.33515625
0.34596896171569824,217,-0.012890625
0.34713196754455566,218,-0.0515625
0.34828901290893555,219,-0.193359375
0.3494248390197754,220,-0.476953125
0.35066795349121094,221,-0.708984375
0.3520958423614502,222,-1.1214843749999999
0.3536520004272461,223,-1.65
0.3552379608154297,224,-0.07734374999999999
0.3568110466003418,225,-0.322265625
0.3586280345916748,226,-0.37382812499999996
0.36026883125305176,227,-0.193359375
0.3624398708343506,228,0.064453125
0.3647589683532715,229,-0.012890625
0.36626195907592773,230,-0.20625
0.36785888671875,231,-0.5671875
0.3699228763580322,232,-1.134375
0.3715038299560547,233,0.0
0.37276291847229004,234,-0.23203125
0.3739628791809082,235,-0.322265625
0.37511587142944336,236,-0.33515625
0.3763718605041504,237,-0.36093749999999997
0.37752795219421387,238,-0.33515625
0.3786618709564209,239,-0.15468749999999998
0.3797879219055176,240,0.0
0.38097095489501953,241,-0.0515625
0.3824000358581543,242,-0.28359375
0.3838679790496826,243,-0.631640625
0.38538599014282227,244,-0.9152343749999999
0.3869919776916504,245,-1.65
0.38842296600341797,246,-0.09023437499999999
0.3900179862976074,247,-0.30937499999999996
0.3914780616760254,248,-0.30937499999999996
0.3940000534057617,249,-0.02578125
0.3961658477783203,250,0.116015625
0.39801788330078125,251,-0.02578125
0.39992785453796387,252,-0.20625
0.4017970561981201,253,-0.5671875
0.40309906005859375,254,-1.4308593749999998
0.40427303314208984,255,0.0
0.4054419994354248,256,-0.23203125
0.406635046005249,257,-0.30937499999999996
0.40776705741882324,258,-0.4125
0.4089200496673584,259,-0.43828124999999996
0.4100358486175537,260,-0.515625
0.4112060070037842,261,-0.399609375
0.4126260280609131,262,-0.012890625
0.4141578674316406,263,-0.012890625
0.4157109260559082,264,-0.20625
0.4173409938812256,265,-0.54140625
0.4188199043273926,266,-0.9410156249999999
0.4202699661254883,267,-1.65
0.4228799343109131,268,-0.0515625
0.4253818988800049,269,-0.322265625
0.42685890197753906,270,-0.42539062499999997
0.42876601219177246,271,-0.20625
0.4309999942779541,272,-0.012890625
0.4324150085449219,273,-0.18046874999999998
0.4336209297180176,274,-0.515625
0.4347720146179199,275,-0.8121093749999999
0.4359910488128662,276,-1.456640625
0.43714094161987305,277,-0.103125
0.43830084800720215,278,-0.193359375
0.4394218921661377,279,-0.270703125
0.44052696228027344,280,-0.33515625
0.441788911819458,281,-0.33515625
0.44321489334106445,282,-0.270703125
0.44470787048339844,283,-0.20625
0.4462399482727051,284,0.0
0.44779491424560547,285,-0.0515625
0.44919800758361816,286,-0.23203125
0.4506189823150635,287,-0.580078125
0.4520120620727539,288,-0.95390625
0.45462894439697266,289,-1.65
0.45644283294677734,290,-0.167578125
0.4578549861907959,291,-0.322265625
0.4596419334411621,292,-0.348046875
0.46198296546936035,293,-0.37382812499999996
0.4633510112762451,294,-0.012890625
0.46456003189086914,295,-0.09023437499999999
0.46571803092956543,296,-0.33515625
0.46694302558898926,297,-0.64453125
0.4680819511413574,298,-0.8507812499999999
0.4692080020904541,299,-1.4953124999999998
0.4703948497772217,300,-0.0515625
0.47150588035583496,301,-0.167578125
0.47269701957702637,302,-0.2578125
0.4741039276123047,303,-0.2578125
0.4755690097808838,304,-0.4640625
0.47735095024108887,305,-0.2578125
0.47891902923583984,306,-0.012890625
0.480334997177124,307,-0.02578125
0.4817490577697754,308,-0.09023437499999999
0.4840199947357178,309,-0.42539062499999997
0.4861938953399658,310,-0.6832031249999999
0.48762989044189453,311,-1.3921875
0.48956799507141113,312,-0.12890625
0.4914250373840332,313,-0.2578125
0.49286484718322754,314,-0.28359375
0.49407505989074707,315,-0.29648437499999997
0.49523401260375977,316,-0.103125
0.496474027633667,317,-0.02578125
0.4976179599761963,318,-0.116015625
0.4987330436706543,319,-0.270703125
0.49984002113342285,320,-0.6703125
0.5009469985961914,321,-0.79921875
0.5021078586578369,322,-1.2890625
0.5033080577850342,323,-1.65
0.504741907119751,324,-0.012890625
0.506356954574585,325,-0.29648437499999997
0.5078248977661133,326,-0.4125
0.5094709396362305,327,-0.29648437499999997
0.5110030174255371,328,-0.38671875
0.5125579833984375,329,-0.012890625
0.5144548416137695,330,-0.012890625
0.5168728828430176,331,-0.20625
0.5185518264770508,332,-0.502734375
0.5201020240783691,333,-1.456640625
0.5222079753875732,334,-0.0515625
0.5238208770751953,335,-0.42539062499999997
0.5251119136810303,336,-0.37382812499999996
0.5264379978179932,337,-0.322265625
0.527601957321167,338,-0.2578125
0.5287859439849854,339,-0.09023437499999999
0.5299248695373535,340,-0.012890625
0.5310359001159668,341,-0.103125
0.5321369171142578,342,-0.36093749999999997
0.5333750247955322,343,-0.6574218749999999
0.534843921661377,344,-0.7476562499999999
0.5363938808441162,345,-1.4953124999999998
0.5379970073699951,346,0.0
0.5395219326019287,347,-0.193359375
0.5410768985748291,348,-0.37382812499999996
0.542604923248291,349,-0.322265625
0.5444738864898682,350,-0.515625
0.5469870567321777,351,-0.20625
0.548537015914917,352,-0.064453125
0.5500750541687012,353,-0.451171875
0.552332878112793,354,-0.6187499999999999
0.5540649890899658,355,-1.4953124999999998
0.5553679466247559,356,-0.20625
0.5565788745880127,357,-0.42539062499999997
0.5578138828277588,358,-0.4125
0.558974027633667,359,-0.23203125
0.5600929260253906,360,-0.4125
0.5612249374389648,361,-0.33515625
0.5623400211334229,362,0.0
0.5637760162353516,363,-0.0515625
0.5652010440826416,364,-0.116015625
0.5667219161987305,365,-0.4640625
0.5683498382568359,366,-0.6574218749999999
0.5699248313903809,367,-1.3921875
0.5713250637054443,368,-0.02578125
0.5728359222412109,369,-0.23203125
0.5748319625854492,370,-0.36093749999999997
0.5773088932037354,371,-0.399609375
0.5788049697875977,372,0.15468749999999998
0.5803558826446533,373,-0.012890625
0.5823948383331299,374,-0.116015625
0.5839889049530029,375,-0.4125
0.5853140354156494,376,-0.8765624999999999
0.5865249633789062,377,-1.5984375
0.5876710414886475,378,-0.012890625
0.5888350009918213,379,-0.2578125
0.5899908542633057,380,-0.451171875
0.5911169052124023,381,-0.4125
0.5922229290008545,382,-0.270703125
0.5933759212493896,383,-0.476953125
0.5945529937744141,384,-0.38671875
0.5959959030151367,385,0.0
0.5975220203399658,386,-0.0515625
0.5991089344024658,387,-0.23203125
0.600679874420166,388,-0.54140625
0.6020939350128174,389,-0.9410156249999999
0.6035099029541016,390,-1.65
0.6054449081420898,391,0.0
0.6080410480499268,392,-0.28359375
0.6096818447113037,393,-0.28359375
0.6112158298492432,394,-0.20625
0.6132409572601318,395,0.038671874999999994
0.6150069236755371,396,-0.0515625
0.6163139343261719,397,-0.36093749999999997
0.6175439357757568,398,-0.64453125
0.6186840534210205,399,-1.1859374999999999
0.61981201171875,400,-1.65
0.6209268569946289,401,0.0
0.6220619678497314,402,-0.23203125
0.6231749057769775,403,-0.37382812499999996
0.6243109703063965,404,-0.554296875
0.6255218982696533,405,-0.2578125
0.6269378662109375,406,-0.322265625
0.628424882888794,407,-0.20625
0.6301150321960449,408,0.0
0.6316499710083008,409,-0.0515625
0.6330759525299072,410,-0.399609375
0.634497880935669,411,-0.6574218749999999
0.6370730400085449,412,-1.2374999999999998
0.6391539573669434,413,-0.20625
0.6406219005584717,414,-0.322265625
0.6423819065093994,415,-0.515625
0.644381046295166,416,-0.322265625
0.6459448337554932,417,0.141796875
0.6471848487854004,418,-0.064453125
0.6483590602874756,419,-0.167578125
0.6495130062103271,420,-0.476953125
0.6506710052490234,421,-0.734765625
0.6518428325653076,422,-1.10859375
0.6529760360717773,423,-1.65
0.654120922088623,424,0.0
0.6552309989929199,425,-0.20625
0.6565258502960205,426,-0.33515625
0.6579549312591553,427,-0.38671875
0.6594288349151611,428,-0.322265625
0.6609678268432617,429,-0.36093749999999997
0.6626489162445068,430,-0.09023437499999999
0.6640448570251465,431,-0.02578125
0.6658918857574463,432,-0.20625
0.6685090065002441,433,-0.515625
0.6701819896697998,434,-1.26328125
0.6717479228973389,435,0.0
0.6737618446350098,436,-0.2578125
0.6756060123443604,437,-0.399609375
0.6769368648529053,438,-0.21914062499999998
0.6781699657440186,439,-0.15468749999999998
0.6793239116668701,440,-0.012890625
0.6804690361022949,441,-0.09023437499999999
0.6816399097442627,442,-0.20625
0.6827700138092041,443,-0.54140625
0.6838879585266113,444,-0.760546875
0.6850059032440186,445,-1.10859375
0.6861488819122314,446,-1.611328125
0.6873519420623779,447,0.0
0.6887750625610352,448,-0.270703125
0.6902530193328857,449,-0.399609375
0.6918070316314697,450,-0.4125
0.6934828758239746,451,-0.12890625
0.6950929164886475,452,-0.02578125
0.6968128681182861,453,0.0
0.6990230083465576,454,-0.09023437499999999
0.7011129856109619,455,-0.42539062499999997
0.7026450634002686,456,-1.044140625
0.7043440341949463,457,-0.928125
0.7064330577850342,458,-0.193359375
0.7078979015350342,459,-0.29648437499999997
0.7091250419616699,460,-0.21914062499999998
0.7103478908538818,461,-0.399609375
0.7114849090576172,462,-0.348046875
0.7126350402832031,463,-0.012890625
0.7137548923492432,464,-0.02578125
0.7148568630218506,465,-0.193359375
0.7159779071807861,466,-0.515625
0.7171030044555664,467,-0.7734375
0.7183859348297119,468,-1.00546875
0.7197999954223633,469,-1.611328125
0.7212820053100586,470,0.0
0.7228610515594482,471,-0.23203125
0.7243750095367432,472,-0.33515625
0.7258329391479492,473,-0.4125
0.7273769378662109,474,-0.5285156249999999
0.7297499179840088,475,-0.167578125
0.7316908836364746,476,-0.064453125
0.7331359386444092,477,-0.33515625
0.7352468967437744,478,-0.605859375
0.7370140552520752,479,-1.4308593749999998
0.7382948398590088,480,-0.103125
0.7394599914550781,481,-0.2578125
0.7405810356140137,482,-0.2578125
0.7417299747467041,483,-0.502734375
0.7428889274597168,484,-0.24492187499999998
0.7440078258514404,485,-0.30937499999999996
0.7451560497283936,486,-0.18046874999999998
0.7463529109954834,487,-0.012890625
0.7474820613861084,488,-0.064453125
0.7489278316497803,489,-0.23203125
0.7504489421844482,490,-0.580078125
0.7519009113311768,491,-0.889453125
0.7534818649291992,492,-1.6242187499999998
0.755051851272583,493,0.012890625
0.756584882736206,494,-0.30937499999999996
0.7582769393920898,495,-0.322265625
0.7605578899383545,496,-0.141796875
0.7626838684082031,497,-0.064453125
0.7641539573669434,498,-0.0515625
0.7658779621124268,499,-0.20625
0.7682130336761475,500,-0.5285156249999999
0.7697429656982422,501,-1.10859375
0.7709429264068604,502,-0.038671874999999994
0.7720918655395508,503,-0.21914062499999998
0.7732288837432861,504,-0.6703125
0.774418830871582,505,-0.399609375
0.7755398750305176,506,-0.2578125
0.7766890525817871,507,-0.5671875
0.7778069972991943,508,-0.43828124999999996
0.77901291847229,509,-0.02578125
0.7804780006408691,510,-0.012890625
0.7828359603881836,511,-0.167578125
0.784600019454956,512,-0.502734375
0.7860660552978516,513,-1.134375
0.7875258922576904,514,-0.30937499999999996
0.7889318466186523,515,-0.20625
0.7913949489593506,516,-0.37382812499999996
0.7933859825134277,517,-0.2578125
0.7948639392852783,518,-0.0515625
0.7969188690185547,519,0.012890625
0.7988848686218262,520,-0.064453125
0.8002309799194336,521,-0.4125
0.8014829158782959,522,-0.6574218749999999
0.8026399612426758,523,-1.405078125
0.8037660121917725,524,-0.12890625
0.8048770427703857,525,-0.0515625
0.8060479164123535,526,-0.2578125
0.8071708679199219,527,-0.23203125
0.8082969188690186,528,-0.515625
0.8095359802246094,529,-0.12890625
0.8109450340270996,530,-0.21914062499999998
0.8124668598175049,531,-0.02578125
0.8141539096832275,532,-0.038671874999999994
0.815680980682373,533,-0.167578125
0.8172428607940674,534,-0.5671875
0.8186728954315186,535,-0.863671875
0.820361852645874,536,-1.5984375
0.8229498863220215,537,0.0
0.8246040344238281,538,-0.20625
0.8261818885803223,539,-0.29648437499999997
0.8281879425048828,540,-0.37382812499999996
0.8300559520721436,541,-0.012890625
0.8313539028167725,542,-0.064453125
0.8325388431549072,543,-0.29648437499999997
0.8336999416351318,544,-0.631640625
0.8348350524902344,545,-0.8765624999999999
0.8359830379486084,546,-1.4953124999999998
0.8371078968048096,547,-0.0515625
0.8382718563079834,548,-0.23203125
0.8394808769226074,549,-0.21914062499999998
0.8409359455108643,550,-0.193359375
0.8423998355865479,551,-0.322265625
0.8439550399780273,552,-0.348046875
0.8456928730010986,553,-0.21914062499999998
0.8473410606384277,554,-0.012890625
0.8488149642944336,555,-0.193359375
0.8509998321533203,556,-0.48984374999999997
0.8531029224395752,557,-0.863671875
0.8546619415283203,558,0.012890625
0.8561289310455322,559,-0.24492187499999998
0.8577778339385986,560,-0.33515625
0.8595399856567383,561,-0.42539062499999997
0.8612179756164551,562,-0.43828124999999996
0.8628249168395996,563,0.0515625
0.8649120330810547,564,-0.02578125
0.8667359352111816,565,-0.23203125
0.8681628704071045,566,-0.5285156249999999
0.8694548606872559,567,-1.327734375
0.8710329532623291,568,-0.167578125
0.8725829124450684,569,-0.24492187499999998
0.874060869216919,570,-0.502734375
0.8756489753723145,571,-0.33515625
0.8773689270019531,572,-0.23203125
0.8788008689880371,573,0.038671874999999994
0.8805408477783203,574,0.0
0.8829560279846191,575,-0.116015625
0.8844850063323975,576,-0.48984374999999997
0.8862218856811523,577,-1.134375
0.888218879699707,578,-0.54140625
0.8898768424987793,579,-0.21914062499999998
0.8911468982696533,580,-0.54140625
0.8923599720001221,581,-0.23203125
0.8935110569000244,582,-0.4640625
0.8946719169616699,583,-0.322265625
0.8958680629730225,584,0.0
0.8970508575439453,585,-0.0515625
0.8981850147247314,586,-0.15468749999999998
0.8993020057678223,587,-0.4640625
0.900475025177002,588,-0.708984375
0.9019079208374023,589,-0.95390625
0.9033918380737305,590,-1.6371093749999999
0.9049210548400879,591,0.0
0.9065589904785156,592,-0.20625
0.9080519676208496,593,-0.29648437499999997
0.9096920490264893,594,-0.2578125
0.9116220474243164,595,-0.2578125
0.9140019416809082,596,0.09023437499999999
0.9155399799346924,597,-0.116015625
0.9170429706573486,598,-0.476953125
0.9191319942474365,599,-0.7218749999999999
0.9208769798278809,600,-1.65
0.9221930503845215,601,-0.322265625
0.9233798980712891,602,-0.33515625
0.9245219230651855,603,-0.4125
0.9257068634033203,604,-0.2578125
0.9269709587097168,605,-0.580078125
0.9281010627746582,606,-0.36093749999999997
0.9292519092559814,607,0.0
0.9303629398345947,608,-0.02578125
0.9315469264984131,609,-0.167578125
0.9329400062561035,610,-0.42539062499999997
0.9344558715820312,611,-0.708984375
0.9360918998718262,612,-1.2503906249999999
0.9377658367156982,613,-0.928125
0.9391779899597168,614,-0.270703125
0.9407939910888672,615,-0.4125
0.9426610469818115,616,-0.37382812499999996
0.945112943649292,617,-0.29648437499999997
0.9466919898986816,618,-0.012890625
0.9481170177459717,619,-0.103125
0.9500949382781982,620,-0.322265625
0.9518778324127197,621,-0.554296875
0.9532020092010498,622,-1.4308593749999998
0.9543929100036621,623,0.0
0.9555258750915527,624,-0.29648437499999997
0.9567148685455322,625,-0.6832031249999999
0.9579429626464844,626,-1.044140625
0.959122896194458,627,-0.8121093749999999
0.9602630138397217,628,-0.64453125
0.9614248275756836,629,-0.515625
0.9626269340515137,630,0.0
0.964047908782959,631,-0.02578125
0.9655439853668213,632,-0.20625
0.9675798416137695,633,-0.580078125
0.9693000316619873,634,-0.992578125
0.9706590175628662,635,-1.405078125
0.9720818996429443,636,-0.09023437499999999
0.9745960235595703,637,-0.36093749999999997
0.9767439365386963,638,-0.33515625
0.9782860279083252,639,-0.103125
0.9797148704528809,640,0.012890625
0.9816498756408691,641,-0.0515625
0.9835870265960693,642,-0.270703125
0.9850339889526367,643,-0.5285156249999999
0.986259937286377,644,-1.405078125
0.9874129295349121,645,0.0
0.988541841506958,646,-0.2578125
0.9897170066833496,647,-0.399609375
0.990851879119873,648,-0.322265625
0.9919719696044922,649,-0.6187499999999999
0.9931819438934326,650,-0.4640625
0.9945950508117676,651,-0.38671875
0.9960908889770508,652,-0.012890625
0.997776985168457,653,-0.12890625
0.9993839263916016,654,-0.20625
