time,count,voltage
0.005106925964355469,1,-0.103125
0.006773948669433594,2,-0.37382812499999996
0.008220911026000977,3,-1.0828125
0.00969386100769043,4,0.0
0.011307001113891602,5,-0.064453125
0.013048887252807617,6,-0.02578125
0.014728784561157227,7,-0.2578125
0.01651477813720703,8,-0.399609375
0.018083810806274414,9,0.09023437499999999
0.01974797248840332,10,0.0
0.021257877349853516,11,-0.012890625
0.022668838500976562,12,-0.37382812499999996
0.024045944213867188,13,-0.64453125
0.025444984436035156,14,-1.456640625
0.027043819427490234,15,0.0
0.02873992919921875,16,-0.15468749999999998
0.030470848083496094,17,-0.2578125
0.03227376937866211,18,-0.0515625
0.03406882286071777,19,0.012890625
0.03570890426635742,20,0.0
0.037477970123291016,21,-0.0515625
0.03916192054748535,22,-0.28359375
0.04082083702087402,23,-0.476953125
0.04253578186035156,24,-1.405078125
0.04528689384460449,25,0.0
0.04778099060058594,26,-0.07734374999999999
0.04962897300720215,27,-0.2578125
0.0512537956237793,28,0.18046874999999998
0.05315399169921875,29,0.0
0.05539083480834961,30,-0.02578125
0.05746197700500488,31,-0.2578125
0.059065818786621094,32,-1.26328125
0.06059980392456055,33,0.0
0.062030792236328125,34,-0.21914062499999998
0.0634307861328125,35,-0.4125
0.0648038387298584,36,-0.103125
0.06619596481323242,37,-0.270703125
0.06768584251403809,38,-0.012890625
0.06931686401367188,39,0.012890625
0.07104086875915527,40,0.0
0.07275700569152832,41,-0.36093749999999997
0.07450580596923828,42,-0.554296875
0.0764169692993164,43,-1.546875
0.07813692092895508,44,-0.116015625
0.07977986335754395,45,-0.103125
0.08132195472717285,46,-0.15468749999999998
0.08387899398803711,47,-0.37382812499999996
0.08632993698120117,48,0.0
0.08809089660644531,49,-0.012890625
0.08970880508422852,50,-0.36093749999999997
0.09142684936523438,51,-0.837890625
0.09353995323181152,52,-1.65
0.09573078155517578,53,-0.02578125
0.09748697280883789,54,-0.322265625
0.09907078742980957,55,-0.33515625
0.10079693794250488,56,-0.116015625
0.10249590873718262,57,0.012890625
0.10417795181274414,58,-0.012890625
0.10617899894714355,59,-0.30937499999999996
0.10799598693847656,60,-0.631640625
0.10974383354187012,61,-1.65
0.11143183708190918,62,-0.0515625
0.11339092254638672,63,0.0
0.1161949634552002,64,-0.193359375
0.1182098388671875,65,0.141796875
0.11990785598754883,66,0.0
0.12148880958557129,67,-0.0515625
0.12312078475952148,68,-0.322265625
0.12530088424682617,69,-0.8507812499999999
0.12756800651550293,70,0.0
0.12935781478881836,71,-0.20625
0.13112497329711914,72,-0.2578125
0.1329360008239746,73,-0.18046874999999998
0.13463187217712402,74,0.141796875
0.13650798797607422,75,0.0
0.13814687728881836,76,-0.02578125
0.13960599899291992,77,-0.322265625
0.1410989761352539,78,-0.825
0.14288783073425293,79,-1.611328125
0.14528393745422363,80,0.0
0.1468639373779297,81,-0.270703125
0.1482830047607422,82,-0.15468749999999998
0.15012097358703613,83,-0.23203125
0.1519777774810791,84,0.0
0.1533207893371582,85,0.0
0.1544950008392334,86,-0.141796875
0.15575385093688965,87,-0.43828124999999996
0.15691399574279785,88,-0.5671875
0.15806889533996582,89,-1.3019531249999998
0.1593317985534668,90,0.0
0.16075587272644043,91,-0.012890625
0.16222786903381348,92,-0.064453125
0.1637558937072754,93,-0.42539062499999997
0.16538000106811523,94,-0.02578125
0.16697096824645996,95,-0.0515625
0.16840386390686035,96,-0.012890625
0.16979598999023438,97,-0.012890625
0.17214488983154297,98,-0.0515625
0.17403292655944824,99,-0.38671875
0.1755058765411377,100,-1.327734375
0.1770927906036377,101,0.0
0.17902898788452148,102,-0.0515625
0.18064594268798828,103,-0.36093749999999997
0.18192386627197266,104,-0.399609375
0.18311095237731934,105,-0.28359375
0.18423795700073242,106,-0.012890625
0.18541479110717773,107,0.012890625
0.18654584884643555,108,-0.012890625
0.18767690658569336,109,-0.09023437499999999
0.1887989044189453,110,-0.43828124999999996
0.18999981880187988,111,-0.4640625
0.1914198398590088,112,-1.16015625
0.19289088249206543,113,-0.708984375
0.19443297386169434,114,-0.0515625
0.1960749626159668,115,-0.0515625
0.19753694534301758,116,-0.29648437499999997
0.1990048885345459,117,-0.2578125
0.20041298866271973,118,-0.141796875
0.20247197151184082,119,0.0
0.2046048641204834,120,-0.012890625
0.2061328887939453,121,-0.29648437499999997
0.2076129913330078,122,-0.734765625
0.20956683158874512,123,-1.4953124999999998
0.21131086349487305,124,0.0
0.21262097358703613,125,-0.167578125
0.21380186080932617,126,-0.2578125
0.21495389938354492,127,-0.2578125
0.21611499786376953,128,-0.322265625
0.2172408103942871,129,-0.141796875
0.2183399200439453,130,0.0
0.21943879127502441,131,-0.012890625
0.2206428050994873,132,-0.02578125
0.22203993797302246,133,-0.33515625
0.22350597381591797,134,-0.36093749999999997
0.2250068187713623,135,-1.147265625
0.2266368865966797,136,0.0
0.22808098793029785,137,-0.02578125
0.22953200340270996,138,-0.193359375
0.2309129238128662,139,-0.12890625
0.2331409454345703,140,-0.2578125
0.2351059913635254,141,0.0515625
0.23665189743041992,142,0.0
0.2382059097290039,143,-0.103125
0.2401719093322754,144,-0.4125
0.24178695678710938,145,-1.03125
0.2430717945098877,146,-0.0515625
0.24424982070922852,147,0.0
0.24540495872497559,148,-0.064453125
0.24654889106750488,149,-0.4125
0.24766182899475098,150,-0.0515625
0.2487797737121582,151,-0.42539062499999997
0.2498939037322998,152,-0.33515625
0.2511129379272461,153,-0.012890625
0.25250983238220215,154,0.0
0.25397777557373047,155,-0.012890625
0.25553297996520996,156,-0.322265625
0.2570829391479492,157,-0.37382812499999996
0.2585158348083496,158,-1.26328125
0.2599217891693115,159,0.0
0.2613239288330078,160,-0.09023437499999999
0.263530969619751,161,-0.0515625
0.26557087898254395,162,-0.23203125
0.2671358585357666,163,-0.02578125
0.26868295669555664,164,0.012890625
0.2706029415130615,165,-0.012890625
0.2723269462585449,166,-0.20625
0.27362489700317383,167,-0.4125
0.27480578422546387,168,-1.2503906249999999
0.2759988307952881,169,0.0
0.2771439552307129,170,0.0
0.27824997901916504,171,-0.20625
0.27936577796936035,172,-0.24492187499999998
0.2804849147796631,173,-0.2578125
0.2816898822784424,174,-0.33515625
0.28310394287109375,175,-0.38671875
0.2845778465270996,176,-0.09023437499999999
0.2861189842224121,177,-0.012890625
0.2876598834991455,178,-0.012890625
0.289050817489624,179,-0.322265625
0.29040980339050293,180,-0.502734375
0.29198694229125977,181,-1.3019531249999998
0.2944059371948242,182,0.0
0.2960848808288574,183,0.0
0.2977719306945801,184,-0.23203125
0.2998988628387451,185,-0.2578125
0.30133986473083496,186,0.24492187499999998
0.3025319576263428,187,0.0
0.30365681648254395,188,-0.02578125
0.3047668933868408,189,-0.29648437499999997
0.3059048652648926,190,-0.4125
0.30701780319213867,191,-0.7476562499999999
0.3081319332122803,192,-1.3921875
0.30928587913513184,193,0.0
0.3103818893432617,194,0.0
0.3114778995513916,195,-0.20625
0.3126487731933594,196,-0.21914062499999998
0.3140439987182617,197,-0.2578125
0.31551098823547363,198,-0.36093749999999997
0.31716394424438477,199,-0.193359375
0.3186979293823242,200,0.0
0.3200860023498535,201,-0.012890625
0.32147884368896484,202,-0.15468749999999998
0.323699951171875,203,-0.4125
0.3257639408111572,204,-0.9410156249999999
0.3272287845611572,205,0.0
0.3290669918060303,206,-0.167578125
0.3309798240661621,207,-0.4125
0.3323178291320801,208,-0.29648437499999997
0.3335418701171875,209,-0.103125
0.33469295501708984,210,0.012890625
0.3358488082885742,211,0.0
0.3369607925415039,212,-0.012890625
0.3380699157714844,213,-0.28359375
0.33918094635009766,214,-0.502734375
0.3402857780456543,215,-0.6832031249999999
0.34139490127563477,216,-1.340625
0.34248995780944824,217,-0.064453125
0.34366583824157715,218,0.0
0.3450469970703125,219,-0.012890625
0.34659481048583984,220,-0.20625
0.3481760025024414,221,-0.02578125
0.3497018814086914,222,-0.37382812499999996
0.3510317802429199,223,0.038671874999999994
0.35231995582580566,224,0.012890625
0.3543109893798828,225,-0.012890625
0.3570737838745117,226,-0.2578125
0.35851097106933594,227,-1.1214843749999999
0.3602437973022461,228,-0.0515625
0.36218690872192383,229,0.0
0.363569974899292,230,-0.29648437499999997
0.36477184295654297,231,-0.103125
0.3659389019012451,232,-0.322265625
0.3671119213104248,233,-0.167578125
0.3682868480682373,234,0.012890625
0.369412899017334,235,-0.012890625
0.3705158233642578,236,-0.02578125
0.3716268539428711,237,-0.29648437499999997
0.3727447986602783,238,-0.4640625
0.3739359378814697,239,-0.8765624999999999
0.37542080879211426,240,-1.4953124999999998
0.37688779830932617,241,0.0
0.37840700149536133,242,-0.103125
0.37992286682128906,243,-0.23203125
0.38133788108825684,244,-0.15468749999999998
0.3827087879180908,245,-0.37382812499999996
0.38427186012268066,246,-0.167578125
0.38675880432128906,247,0.0
0.38834691047668457,248,-0.0515625
0.38975977897644043,249,-0.36093749999999997
0.39153480529785156,250,-0.928125
0.3931119441986084,251,-1.65
0.3946387767791748,252,-0.012890625
0.39656686782836914,253,-0.07734374999999999
0.3981947898864746,254,-0.15468749999999998
0.3994879722595215,255,-0.29648437499999997
0.4006619453430176,256,-0.0515625
0.40178489685058594,257,0.0
0.4028949737548828,258,-0.012890625
0.40411996841430664,259,-0.038671874999999994
0.40555596351623535,260,-0.399609375
0.407031774520874,261,-0.38671875
0.4086117744445801,262,-1.2374999999999998
0.41010379791259766,263,0.0
0.41146087646484375,264,-0.02578125
0.41292285919189453,265,-0.167578125
0.41533398628234863,266,-0.270703125
0.41732192039489746,267,0.0
0.41872096061706543,268,0.0
0.4205489158630371,269,-0.012890625
0.42244386672973633,270,-0.20625
0.42380285263061523,271,-0.399609375
0.42496800422668457,272,-1.3019531249999998
0.42615699768066406,273,0.0
0.4273109436035156,274,-0.02578125
0.42844676971435547,275,-0.12890625
0.42957282066345215,276,-0.270703125
0.430682897567749,277,-0.20625
0.4317789077758789,278,-0.2578125
0.4328768253326416,279,-0.322265625
0.4340479373931885,280,-0.141796875
0.4355199337005615,281,-0.012890625
0.4369847774505615,282,-0.02578125
0.43854188919067383,283,-0.20625
0.4400448799133301,284,-0.43828124999999996
0.4414057731628418,285,-1.0570312499999999
0.4427459239959717,286,-1.611328125
0.4444098472595215,287,-0.038671874999999994
0.44677186012268066,288,0.0
0.4483358860015869,289,-0.193359375
0.44976186752319336,290,-0.2578125
0.4516568183898926,291,-0.012890625
0.4534759521484375,292,0.0
0.4547698497772217,293,-0.09023437499999999
0.4559757709503174,294,-0.399609375
0.45711183547973633,295,-0.7218749999999999
0.4582328796386719,296,-1.3664062499999998
0.4593489170074463,297,0.0
0.4604518413543701,298,0.0
0.46157193183898926,299,-0.193359375
0.46268177032470703,300,-0.103125
0.4637789726257324,301,-0.20625
0.46495795249938965,302,-0.24492187499999998
0.4664778709411621,303,-0.33515625
0.4679398536682129,304,-0.012890625
0.4694838523864746,305,0.0
0.4709799289703369,306,0.0
0.47237277030944824,307,-0.33515625
0.4737567901611328,308,-0.451171875
0.47527194023132324,309,-1.26328125
0.4777688980102539,310,0.0
0.47942185401916504,311,-0.29648437499999997
0.48086977005004883,312,-0.270703125
0.48236584663391113,313,-0.33515625
0.4839518070220947,314,-0.12890625
0.4858520030975342,315,0.0
0.48767995834350586,316,-0.012890625
0.48904895782470703,317,-0.33515625
0.49022483825683594,318,-0.4640625
0.4913828372955322,319,-1.26328125
0.4925198554992676,320,-0.837890625
0.493635892868042,321,0.0
0.4947378635406494,322,-0.064453125
0.49594783782958984,323,-0.15468749999999998
0.49734997749328613,324,-0.42539062499999997
0.49878597259521484,325,-0.348046875
0.5003969669342041,326,-0.193359375
0.5018727779388428,327,0.012890625
0.5032479763031006,328,0.0
0.5046238899230957,329,-0.07734374999999999
0.5063979625701904,330,-0.43828124999999996
0.5088169574737549,331,-0.64453125
0.5104048252105713,332,-0.012890625
0.5118768215179443,333,-0.103125
0.5138459205627441,334,-0.20625
0.515582799911499,335,-0.12890625
0.5169758796691895,336,0.064453125
0.518164873123169,337,0.0
0.5193028450012207,338,0.012890625
0.5204238891601562,339,0.0
0.5215299129486084,340,-0.29648437499999997
0.5226349830627441,341,-0.4640625
0.5237579345703125,342,-0.7863281249999999
0.5248608589172363,343,-1.41796875
0.5260570049285889,344,0.0
0.5274457931518555,345,-0.103125
0.5288808345794678,346,-0.0515625
0.5303938388824463,347,-0.348046875
0.5319259166717529,348,-0.141796875
0.5333960056304932,349,-0.116015625
0.5347738265991211,350,0.012890625
0.5361649990081787,351,-0.012890625
0.5381898880004883,352,0.0
0.540428876876831,353,-0.322265625
0.5419068336486816,354,-1.1214843749999999
0.5434010028839111,355,-0.193359375
0.5454847812652588,356,-0.064453125
0.5471348762512207,357,-0.21914062499999998
0.5484228134155273,358,-0.02578125
0.5495867729187012,359,-0.15468749999999998
0.5507159233093262,360,-0.012890625
0.5518159866333008,361,0.0
0.5529069900512695,362,-0.02578125
0.5540049076080322,363,-0.012890625
0.5551059246063232,364,-0.36093749999999997
0.5563819408416748,365,-0.4125
0.5577898025512695,366,-0.9796874999999999
0.5592379570007324,367,-1.65
0.5607719421386719,368,0.0
0.5622899532318115,369,-0.21914062499999998
0.5637309551239014,370,-0.28359375
0.565161943435669,371,-0.064453125
0.5670199394226074,372,-0.12890625
0.5693328380584717,373,-0.012890625
0.5709037780761719,374,-0.012890625
0.5723378658294678,375,-0.348046875
0.5742778778076172,376,-0.37382812499999996
0.5761198997497559,377,-1.405078125
0.5774369239807129,378,0.0
0.5786018371582031,379,-0.20625
0.5797507762908936,380,-0.4125
0.5808839797973633,381,-0.193359375
0.5820028781890869,382,-0.2578125
0.5831048488616943,383,-0.2578125
0.5842278003692627,384,-0.012890625
0.5853629112243652,385,0.0
0.5865519046783447,386,-0.012890625
0.5879628658294678,387,-0.103125
0.5894269943237305,388,-0.4125
0.590986967086792,389,-0.6703125
0.5924937725067139,390,-1.52109375
0.5938718318939209,391,0.0
0.595268964767456,392,-0.193359375
0.5967268943786621,393,-0.2578125
0.5992259979248047,394,-0.09023437499999999
0.6009209156036377,395,-0.02578125
0.6022768020629883,396,0.012890625
0.6041219234466553,397,-0.02578125
0.6060788631439209,398,-0.24492187499999998
0.6074409484863281,399,-0.605859375
0.6086249351501465,400,-1.4953124999999998
0.6097569465637207,401,0.0
0.6108739376068115,402,-0.07734374999999999
0.6119978427886963,403,-0.103125
0.6131048202514648,404,-0.322265625
0.6142008304595947,405,-0.20625
0.6153647899627686,406,-0.28359375
0.6165568828582764,407,-0.29648437499999997
0.6179308891296387,408,0.0
0.6193637847900391,409,-0.012890625
0.6209089756011963,410,-0.012890625
0.622438907623291,411,-0.30937499999999996
0.623837947845459,412,-0.476953125
0.6252529621124268,413,-1.327734375
0.6267948150634766,414,-0.02578125
0.6293389797210693,415,-0.064453125
0.6309669017791748,416,-0.2578125
0.632349967956543,417,-0.29648437499999997
0.634185791015625,418,-0.15468749999999998
0.6361448764801025,419,0.0
0.6374838352203369,420,-0.02578125
0.6386559009552002,421,-0.322265625
0.6397919654846191,422,-0.33515625
0.6409118175506592,423,-0.992578125
0.6420128345489502,424,-1.611328125
0.6431097984313965,425,0.0
0.6442058086395264,426,-0.02578125
0.645378828048706,427,-0.12890625
0.6466569900512695,428,-0.322265625
0.6480967998504639,429,-0.167578125
0.6495659351348877,430,-0.348046875
0.6511068344116211,431,-0.02578125
0.6526498794555664,432,0.012890625
0.6541359424591064,433,-0.012890625
0.655587911605835,434,-0.322265625
0.6572427749633789,435,-0.30937499999999996
0.6596798896789551,436,-1.173046875
0.6612789630889893,437,0.0
0.6626877784729004,438,-0.116015625
0.6645538806915283,439,-0.29648437499999997
0.6664409637451172,440,-0.23203125
0.6677658557891846,441,0.193359375
0.6689298152923584,442,0.012890625
0.6700608730316162,443,-0.012890625
0.6711759567260742,444,-0.167578125
0.6722819805145264,445,-0.4640625
0.6733808517456055,446,-0.515625
0.6745219230651855,447,-1.224609375
0.6757638454437256,448,-1.65
0.6770179271697998,449,0.0
0.6788909435272217,450,-0.141796875
0.6803438663482666,451,-0.399609375
0.6819169521331787,452,0.0
0.6834008693695068,453,-0.141796875
0.6847708225250244,454,0.012890625
0.6862139701843262,455,0.012890625
0.6881887912750244,456,-0.012890625
0.6903669834136963,457,-0.37382812499999996
0.6918549537658691,458,-1.095703125
0.6934449672698975,459,-0.07734374999999999
0.6954758167266846,460,0.012890625
0.6970608234405518,461,-0.2578125
0.6983048915863037,462,-0.103125
0.6994578838348389,463,-0.20625
0.7006049156188965,464,-0.0515625
0.7017269134521484,465,0.012890625
0.7028298377990723,466,0.0
0.7039318084716797,467,-0.012890625
0.7050278186798096,468,-0.322265625
0.7062180042266846,469,-0.4640625
0.7074179649353027,470,-0.95390625
0.7088289260864258,471,-1.5597656249999998
0.7102808952331543,472,0.0
0.7118089199066162,473,-0.167578125
0.7132818698883057,474,-0.20625
0.7146689891815186,475,-0.167578125
0.7160899639129639,476,-0.38671875
0.7174148559570312,477,-0.167578125
0.7196619510650635,478,0.0
0.7215240001678467,479,-0.012890625
0.7229428291320801,480,-0.29648437499999997
0.7246968746185303,481,-0.8121093749999999
0.7266509532928467,482,-1.611328125
0.7280669212341309,483,-0.09023437499999999
0.729252815246582,484,-0.15468749999999998
0.7303907871246338,485,-0.2578125
0.7315168380737305,486,-0.0515625
0.7326309680938721,487,-0.24492187499999998
0.7337369918823242,488,-0.15468749999999998
0.7348299026489258,489,0.0
0.7359409332275391,490,-0.012890625
0.7370378971099854,491,-0.012890625
0.7382149696350098,492,-0.30937499999999996
0.7396128177642822,493,-0.42539062499999997
0.7410678863525391,494,-0.863671875
0.742595911026001,495,-1.585546875
0.7441208362579346,496,0.0
0.7455399036407471,497,-0.0515625
0.7469639778137207,498,-0.37382812499999996
0.748621940612793,499,-0.15468749999999998
0.7510719299316406,500,-0.20625
0.7526359558105469,501,0.012890625
0.754072904586792,502,-0.012890625
0.7561168670654297,503,-0.322265625
0.7578539848327637,504,-0.515625
0.7591438293457031,505,-1.6371093749999999
0.7603387832641602,506,0.0
0.7614707946777344,507,-0.116015625
0.7625777721405029,508,-0.18046874999999998
0.7637069225311279,509,-0.5285156249999999
0.7648220062255859,510,0.0
0.7659509181976318,511,-0.28359375
0.7670497894287109,512,-0.141796875
0.7682209014892578,513,0.012890625
0.7696239948272705,514,0.0
0.771061897277832,515,-0.012890625
0.7726328372955322,516,-0.37382812499999996
0.7742359638214111,517,-0.54140625
0.7757179737091064,518,-1.4953124999999998
0.7771368026733398,519,0.0
0.7784419059753418,520,-0.15468749999999998
0.7809028625488281,521,-0.21914062499999998
0.7827339172363281,522,-0.103125
0.7841198444366455,523,0.24492187499999998
0.7858748435974121,524,0.0
0.7877938747406006,525,-0.02578125
0.7891788482666016,526,-0.322265625
0.7903649806976318,527,-0.5285156249999999
0.7914998531341553,528,-1.276171875
0.7926068305969238,529,-0.0515625
0.7937068939208984,530,0.0
0.7948098182678223,531,-0.167578125
0.7959508895874023,532,-0.193359375
0.797062873840332,533,-0.30937499999999996
0.7982618808746338,534,-0.012890625
0.7997047901153564,535,-0.270703125
0.801231861114502,536,-0.064453125
0.8025388717651367,537,0.0
0.8038759231567383,538,-0.012890625
0.8051509857177734,539,-0.2578125
0.8067259788513184,540,-0.4125
0.8081579208374023,541,-1.044140625
0.8105559349060059,542,-1.65
0.8123838901519775,543,-0.038671874999999994
0.8138008117675781,544,-0.37382812499999996
0.8156158924102783,545,-0.064453125
0.8175549507141113,546,-0.064453125
0.8189167976379395,547,0.012890625
0.8201148509979248,548,-0.0515625
0.8212599754333496,549,-0.167578125
0.8223798274993896,550,-0.399609375
0.8234918117523193,551,-0.5285156249999999
0.8245999813079834,552,-1.224609375
0.8257918357849121,553,-1.65
0.8269047737121582,554,0.012890625
0.8280119895935059,555,-0.12890625
0.829197883605957,556,-0.193359375
0.8306128978729248,557,-0.2578125
0.8320667743682861,558,-0.20625
0.8336679935455322,559,-0.09023437499999999
0.8352279663085938,560,0.0
0.8366940021514893,561,-0.012890625
0.8381109237670898,562,-0.116015625
0.8398098945617676,563,-0.4125
0.8421928882598877,564,-0.6574218749999999
0.843782901763916,565,-0.09023437499999999
0.8452968597412109,566,-0.20625
0.8472239971160889,567,-0.2578125
0.8490269184112549,568,-0.141796875
0.8503239154815674,569,0.141796875
0.8514759540557861,570,0.0
0.8525919914245605,571,0.0
0.8536999225616455,572,-0.012890625
0.8548099994659424,573,-0.2578125
0.8559408187866211,574,-0.399609375
0.8570449352264404,575,-0.605859375
0.858144998550415,576,-1.3019531249999998
0.8593459129333496,577,-0.580078125
0.8607587814331055,578,0.0
0.8622198104858398,579,-0.0515625
0.8637650012969971,580,-0.322265625
0.865372896194458,581,-0.116015625
0.8668849468231201,582,-0.103125
0.8683419227600098,583,0.0
0.8698198795318604,584,-0.012890625
0.8721168041229248,585,-0.012890625
0.8741397857666016,586,-0.37382812499999996
0.8756368160247803,587,-1.2890625
0.8770828247070312,588,0.0
0.878896951675415,589,-0.167578125
0.8807878494262695,590,-0.270703125
0.8822948932647705,591,-0.30937499999999996
0.8835737705230713,592,-0.0515625
0.8847849369049072,593,0.0
0.8859269618988037,594,-0.012890625
0.8870539665222168,595,-0.02578125
0.8881700038909912,596,-0.24492187499999998
0.8893778324127197,597,-0.4125
0.89078688621521,598,-0.7476562499999999
0.8922507762908936,599,-1.456640625
0.8937709331512451,600,0.0
0.8952968120574951,601,-0.103125
0.8967189788818359,602,-0.270703125
0.8981239795684814,603,-0.15468749999999998
0.8995969295501709,604,-0.36093749999999997
0.9020969867706299,605,-0.09023437499999999
0.903756856918335,606,0.012890625
0.905113935470581,607,-0.21914062499999998
0.907031774520874,608,-0.348046875
0.9089028835296631,609,-1.0570312499999999
0.910275936126709,610,0.0
0.9114429950714111,611,-0.116015625
0.9125709533691406,612,-0.167578125
0.9136829376220703,613,-0.2578125
0.9147849082946777,614,-0.038671874999999994
0.915930986404419,615,-0.270703125
0.9170429706573486,616,-0.167578125
0.9181418418884277,617,0.012890625
0.9193198680877686,618,-0.012890625
0.9207158088684082,619,-0.012890625
0.9221580028533936,620,-0.322265625
0.9237089157104492,621,-0.29648437499999997
0.9252889156341553,622,-1.1214843749999999
0.9267458915710449,623,-0.02578125
0.9281449317932129,624,-0.012890625
0.9297599792480469,625,-0.09023437499999999
0.9322137832641602,626,-0.30937499999999996
0.9338979721069336,627,-0.167578125
0.9353787899017334,628,0.012890625
0.9373447895050049,629,-0.012890625
0.9391038417816162,630,-0.21914062499999998
0.9404149055480957,631,-0.399609375
0.9415979385375977,632,-1.26328125
0.9427268505096436,633,0.0
0.943842887878418,634,-0.02578125
0.9449567794799805,635,-0.15468749999999998
0.9460899829864502,636,-0.20625
0.9472007751464844,637,-0.322265625
0.9483108520507812,638,-0.270703125
0.9494948387145996,639,-0.36093749999999997
0.9509279727935791,640,-0.15468749999999998
0.9524078369140625,641,0.012890625
0.9539399147033691,642,-0.064453125
0.9555079936981201,643,-0.2578125
0.9569308757781982,644,-0.4125
0.9583549499511719,645,-1.147265625
0.9597368240356445,646,0.0
0.9621868133544922,647,-0.12890625
0.9639008045196533,648,-0.21914062499999998
0.9653778076171875,649,-0.064453125
0.967282772064209,650,-0.09023437499999999
0.9691479206085205,651,0.012890625
0.9705009460449219,652,-0.02578125
0.9716849327087402,653,-0.2578125
0.9728298187255859,654,-0.42539062499999997
0.9739599227905273,655,-0.8765624999999999
0.9750728607177734,656,-1.482421875
0.9762499332427979,657,0.0
0.9773619174957275,658,-0.038671874999999994
0.9784669876098633,659,-0.116015625
0.9796559810638428,660,-0.2578125
0.9810738563537598,661,-0.193359375
0.9825809001922607,662,-0.193359375
0.9841699600219727,663,-0.02578125
0.9857289791107178,664,-0.012890625
0.9872128963470459,665,-0.28359375
0.9887008666992188,666,-0.580078125
0.9902877807617188,667,-0.6187499999999999
0.9927308559417725,668,-1.2374999999999998
0.9943249225616455,669,0.0
0.995715856552124,670,-0.064453125
