time,count,voltage
0.005895137786865234,1,-0.476953125
0.007917165756225586,2,-0.15468749999999998
0.009578943252563477,3,0.012890625
0.011171102523803711,4,-0.02578125
0.012753009796142578,5,-0.30937499999999996
0.014750957489013672,6,-0.605859375
0.024862051010131836,7,-1.6371093749999999
0.026777982711791992,8,0.02578125
0.028535127639770508,9,-0.038671874999999994
0.030189037322998047,10,-0.4125
0.049551963806152344,11,-0.966796875
0.05973315238952637,12,-1.65
0.06151413917541504,13,-0.0515625
0.06310200691223145,14,-0.38671875
0.06466007232666016,15,-0.7476562499999999
0.06666207313537598,16,-1.65
0.06851911544799805,17,0.0
0.07018709182739258,18,-0.193359375
0.07158112525939941,19,-0.515625
0.07284402847290039,20,-0.451171875
0.07408404350280762,21,-0.20625
0.07532095909118652,22,0.0
0.07655501365661621,23,-0.012890625
0.07780313491821289,24,-0.02578125
0.08346104621887207,25,-0.399609375
0.09626412391662598,26,-0.631640625
0.0977010726928711,27,-0.4640625
0.0991671085357666,28,-1.405078125
0.10055208206176758,29,0.0
0.10194516181945801,30,-0.02578125
0.10335206985473633,31,-0.167578125
0.10477900505065918,32,-0.399609375
0.10639405250549316,33,-0.30937499999999996
0.10797810554504395,34,-0.09023437499999999
0.11382603645324707,35,0.0
0.11553597450256348,36,-0.02578125
0.11705398559570312,37,0.0
0.1186380386352539,38,0.0
0.12017011642456055,39,-0.20625
0.12163400650024414,40,-0.37382812499999996
0.12309598922729492,41,-0.29648437499999997
0.12472295761108398,42,-0.064453125
0.12613916397094727,43,0.0
0.1275160312652588,44,-0.02578125
0.12942814826965332,45,-0.23203125
0.1315159797668457,46,-0.554296875
0.14440202713012695,47,-1.5597656249999998
0.14589905738830566,48,0.6574218749999999
0.1472170352935791,49,-0.2578125
0.14857101440429688,50,-1.1859374999999999
0.14987993240356445,51,-0.0515625
0.15114903450012207,52,0.0
0.15239810943603516,53,-0.12890625
0.15366101264953613,54,-0.399609375
0.1549091339111328,55,-0.30937499999999996
0.15620994567871094,56,-0.42539062499999997
0.15750694274902344,57,-0.18046874999999998
0.15907001495361328,58,0.0
0.16046810150146484,59,0.0
0.16211295127868652,60,-0.116015625
0.16414904594421387,61,-0.515625
0.16643095016479492,62,-1.198828125
0.16856002807617188,63,0.0
0.17467904090881348,64,-0.15468749999999998
0.17658209800720215,65,-0.4640625
0.17841815948486328,66,-0.012890625
0.18963408470153809,67,-0.4125
0.1913299560546875,68,0.322265625
0.19293212890625,69,0.012890625
0.19452214241027832,70,-0.02578125
0.19608497619628906,71,-0.28359375
0.19802212715148926,72,-0.515625
0.1997051239013672,73,-1.4308593749999998
0.20507001876831055,74,0.0
0.20676112174987793,75,-0.20625
0.20836997032165527,76,0.399609375
0.2099151611328125,77,0.0
0.21155714988708496,78,-0.02578125
0.21303915977478027,79,-0.33515625
0.21433711051940918,80,-0.69609375
0.21556401252746582,81,-1.5082031249999999
0.2169051170349121,82,0.0
0.21820592880249023,83,-0.064453125
0.21964216232299805,84,-0.141796875
0.22097206115722656,85,-0.322265625
0.22225499153137207,86,-0.21914062499999998
0.22355198860168457,87,-0.141796875
0.22483396530151367,88,0.0
0.22608113288879395,89,0.012890625
0.22727513313293457,90,-0.0515625
0.22868800163269043,91,-0.18046874999999998
0.23952603340148926,92,-0.476953125
0.24103999137878418,93,0.29648437499999997
0.24247503280639648,94,0.012890625
0.24413013458251953,95,-0.012890625
0.2456531524658203,96,-0.18046874999999998
0.2471170425415039,97,-0.4640625
0.2486109733581543,98,-1.16015625
0.25037598609924316,99,-0.012890625
0.25270700454711914,100,-0.02578125
0.2542729377746582,101,-0.270703125
0.2556791305541992,102,-0.18046874999999998
0.2576150894165039,103,-0.103125
0.25941014289855957,104,0.012890625
0.2607259750366211,105,-0.02578125
0.2619030475616455,106,-0.20625
0.263031005859375,107,-0.515625
0.26413893699645996,108,-0.8507812499999999
0.2652609348297119,109,-1.5082031249999999
0.26639413833618164,110,0.012890625
0.2675001621246338,111,0.0
0.2687060832977295,112,-0.167578125
0.27011704444885254,113,-0.23203125
0.27157115936279297,114,-0.37382812499999996
0.2730600833892822,115,-0.2578125
0.27460694313049316,116,-0.012890625
0.27608203887939453,117,0.0
0.2775599956512451,118,-0.02578125
0.27904796600341797,119,-0.20625
0.2814459800720215,120,-0.515625
0.283236026763916,121,-1.4437499999999999
0.2846260070800781,122,0.0
0.2862570285797119,123,-0.15468749999999998
0.28821516036987305,124,-0.33515625
0.289762020111084,125,-0.37382812499999996
0.2909669876098633,126,0.0515625
0.29212307929992676,127,0.012890625
0.29325413703918457,128,0.0
0.2943580150604248,129,-0.038671874999999994
0.2954699993133545,130,-0.30937499999999996
0.29657411575317383,131,-0.5285156249999999
0.29767704010009766,132,-1.03125
0.29892611503601074,133,-1.611328125
0.30031704902648926,134,0.0
0.3017420768737793,135,0.0
0.3032500743865967,136,-0.12890625
0.30482912063598633,137,-0.23203125
0.3062901496887207,138,-0.23203125
0.3077709674835205,139,-0.012890625
0.309406042098999,140,0.012890625
0.31188297271728516,141,-0.012890625
0.3135530948638916,142,-0.29648437499999997
0.31491708755493164,143,-0.992578125
0.3166370391845703,144,-1.65
0.31858015060424805,145,0.0
0.31996703147888184,146,-0.09023437499999999
0.32116103172302246,147,-0.2578125
0.3222990036010742,148,-0.36093749999999997
0.32343316078186035,149,-0.29648437499999997
0.32456016540527344,150,-0.02578125
0.32569408416748047,151,0.0
0.32678699493408203,152,-0.012890625
0.3278789520263672,153,-0.07734374999999999
0.3290729522705078,154,-0.42539062499999997
0.3304750919342041,155,-0.554296875
0.3319089412689209,156,-1.2374999999999998
0.3333749771118164,157,-0.0515625
0.33489012718200684,158,0.0
0.3363499641418457,159,-0.09023437499999999
0.33777403831481934,160,-0.451171875
0.33922815322875977,161,-0.30937499999999996
0.3417820930480957,162,-0.116015625
0.3436310291290283,163,0.012890625
0.3450310230255127,164,-0.02578125
0.3466949462890625,165,-0.4640625
0.3487279415130615,166,-0.79921875
0.3501460552215576,167,0.012890625
0.3513181209564209,168,-0.02578125
0.3524470329284668,169,-0.103125
0.3535590171813965,170,-0.322265625
0.35466909408569336,171,-0.36093749999999997
0.3557751178741455,172,-0.2578125
0.356874942779541,173,-0.21914062499999998
0.35800600051879883,174,-0.012890625
0.3592081069946289,175,-0.012890625
0.3605949878692627,176,-0.012890625
0.3620290756225586,177,-0.116015625
0.3635070323944092,178,-0.4640625
0.36507201194763184,179,-1.03125
0.3665139675140381,180,-0.79921875
0.36795616149902344,181,0.0
0.36937808990478516,182,-0.0515625
0.3716850280761719,183,-0.29648437499999997
0.37369394302368164,184,-0.4125
0.37513303756713867,185,0.28359375
0.37675905227661133,186,0.0
0.37880396842956543,187,-0.02578125
0.38025903701782227,188,-0.36093749999999997
0.3814680576324463,189,-1.0570312499999999
0.38263797760009766,190,-1.65
0.383774995803833,191,0.0
0.3849329948425293,192,-0.0515625
0.3860640525817871,193,-0.141796875
0.3871750831604004,194,-0.29648437499999997
0.3883681297302246,195,-0.23203125
0.3896059989929199,196,-0.4125
0.39099812507629395,197,-0.193359375
0.39244794845581055,198,0.012890625
0.39395809173583984,199,-0.012890625
0.39550113677978516,200,-0.103125
0.39698004722595215,201,-0.42539062499999997
0.39856505393981934,202,-1.0828125
0.4000861644744873,203,-0.5671875
0.4025540351867676,204,-0.012890625
0.4042379856109619,205,-0.2578125
0.4056050777435303,206,-0.15468749999999998
0.4073660373687744,207,-0.09023437499999999
0.4093799591064453,208,0.0
0.410750150680542,209,-0.012890625
0.41193413734436035,210,-0.24492187499999998
0.4130840301513672,211,-0.54140625
0.4142000675201416,212,-0.889453125
0.41530609130859375,213,-1.5726562499999999
0.4164590835571289,214,0.0
0.4175529479980469,215,0.0
0.4187021255493164,216,-0.12890625
0.41990208625793457,217,-0.193359375
0.421314001083374,218,-0.4125
0.42275404930114746,219,-0.322265625
0.42426514625549316,220,-0.07734374999999999
0.4257700443267822,221,-0.012890625
0.4272310733795166,222,-0.012890625
0.4294271469116211,223,-0.103125
0.4313080310821533,224,-0.4640625
0.4336071014404297,225,-1.405078125
0.435150146484375,226,-0.012890625
0.43659114837646484,227,-0.18046874999999998
0.4385061264038086,228,-0.4640625
0.4404580593109131,229,-0.193359375
0.44181108474731445,230,0.0
0.44297194480895996,231,-0.012890625
0.444119930267334,232,-0.038671874999999994
0.44525599479675293,233,-0.2578125
0.44637608528137207,234,-0.580078125
0.4474830627441406,235,-0.966796875
0.4486081600189209,236,-1.5597656249999998
0.44971299171447754,237,0.0
0.4508800506591797,238,0.0
0.45229101181030273,239,-0.15468749999999998
0.4537520408630371,240,-0.2578125
0.4552609920501709,241,-0.270703125
0.4568009376525879,242,-0.4125
0.45832204818725586,243,0.038671874999999994
0.45984816551208496,244,0.012890625
0.4613461494445801,245,-0.038671874999999994
0.4638810157775879,246,-0.348046875
0.465562105178833,247,-0.9410156249999999
0.4669179916381836,248,0.0
0.4687211513519287,249,-0.012890625
0.47063207626342773,250,-0.23203125
0.47200798988342285,251,-0.23203125
0.4731740951538086,252,-0.23203125
0.47432494163513184,253,-0.09023437499999999
0.4754509925842285,254,0.012890625
0.4765620231628418,255,0.0
0.4776730537414551,256,-0.038671874999999994
0.47887396812438965,257,-0.399609375
0.4799990653991699,258,-0.605859375
0.48121094703674316,259,-1.147265625
0.4826200008392334,260,-1.65
0.4840250015258789,261,0.0
0.4855339527130127,262,-0.064453125
0.487091064453125,263,-0.23203125
0.48854899406433105,264,-0.23203125
0.4900081157684326,265,-0.33515625
0.49144816398620605,266,-0.038671874999999994
0.4939610958099365,267,0.012890625
0.4957120418548584,268,-0.0515625
0.4970860481262207,269,-0.4640625
0.4987671375274658,270,-1.21171875
0.5007131099700928,271,0.0
0.5021200180053711,272,0.0
0.5033011436462402,273,-0.193359375
0.504439115524292,274,-0.605859375
0.5055480003356934,275,-0.322265625
0.5066471099853516,276,-0.30937499999999996
0.5077600479125977,277,-0.09023437499999999
0.508965015411377,278,0.012890625
0.5100891590118408,279,-0.012890625
0.5112831592559814,280,-0.064453125
0.5126709938049316,281,-0.476953125
0.5141010284423828,282,-0.6703125
0.5156280994415283,283,-1.46953125
0.5171599388122559,284,0.0
0.518578052520752,285,0.0
0.5200190544128418,286,-0.15468749999999998
0.5217199325561523,287,-0.54140625
0.52423095703125,288,-0.29648437499999997
0.5258340835571289,289,0.0
0.5272021293640137,290,-0.012890625
0.5290369987487793,291,-0.116015625
0.5308811664581299,292,-0.515625
0.5322420597076416,293,-1.3921875
0.5334451198577881,294,0.012890625
0.5345790386199951,295,-0.116015625
0.5357050895690918,296,-0.20625
0.5368101596832275,297,-0.322265625
0.5379519462585449,298,-0.2578125
0.5391380786895752,299,-0.322265625
0.5402719974517822,300,-0.23203125
0.5414841175079346,301,0.0
0.5428769588470459,302,0.0
0.5443029403686523,303,-0.038671874999999994
0.5458011627197266,304,-0.270703125
0.5473361015319824,305,-0.580078125
0.5488030910491943,306,-1.340625
0.550246000289917,307,0.0
0.5516149997711182,308,0.0
0.5539059638977051,309,-0.116015625
0.5558321475982666,310,-0.29648437499999997
0.5573489665985107,311,-0.064453125
0.5590400695800781,312,0.0
0.5610160827636719,313,0.0
0.5624680519104004,314,-0.193359375
0.5636751651763916,315,-0.515625
0.5648319721221924,316,-1.21171875
0.5659661293029785,317,-1.65
0.5670731067657471,318,0.0
0.5681660175323486,319,-0.116015625
0.5693471431732178,320,-0.09023437499999999
0.5704679489135742,321,-0.4640625
0.5716569423675537,322,-0.23203125
0.5730690956115723,323,-0.38671875
0.5745401382446289,324,-0.141796875
0.576038122177124,325,0.0
0.5775661468505859,326,-0.012890625
0.5791330337524414,327,-0.270703125
0.5806429386138916,328,-0.5671875
0.582085132598877,329,-1.3019531249999998
0.5844900608062744,330,0.0
0.5862340927124023,331,-0.0515625
0.587615966796875,332,-0.476953125
0.5894341468811035,333,-0.18046874999999998
0.5913650989532471,334,0.038671874999999994
0.592764139175415,335,0.012890625
0.5939490795135498,336,-0.012890625
0.5950870513916016,337,-0.23203125
0.5962100028991699,338,-0.605859375
0.5973250865936279,339,-0.8507812499999999
0.5984570980072021,340,-1.533984375
0.5995919704437256,341,0.0
0.6006820201873779,342,0.0
0.6018581390380859,343,0.0
0.6032431125640869,344,-0.103125
0.6046760082244873,345,-0.5285156249999999
0.6061830520629883,346,-0.322265625
0.6077721118927002,347,-0.103125
0.6092920303344727,348,-0.012890625
0.6107161045074463,349,-0.012890625
0.6121821403503418,350,-0.193359375
0.6147029399871826,351,-0.5671875
0.6164131164550781,352,-1.46953125
0.6177499294281006,353,0.0
0.6194181442260742,354,-0.167578125
0.621380090713501,355,-0.322265625
0.622812032699585,356,-0.42539062499999997
0.6240091323852539,357,-0.0515625
0.6251349449157715,358,0.012890625
0.6262459754943848,359,0.0
0.627345085144043,360,-0.09023437499999999
0.6284689903259277,361,-0.23203125
0.6295831203460693,362,-0.580078125
0.6306869983673096,363,-0.8765624999999999
0.6318740844726562,364,-1.52109375
0.633296012878418,365,0.0
0.6346909999847412,366,-0.012890625
0.6362259387969971,367,-0.20625
0.6377921104431152,368,-0.37382812499999996
0.6392631530761719,369,-0.37382812499999996
0.6407411098480225,370,-0.167578125
0.64227294921875,371,0.0
0.6447629928588867,372,-0.012890625
0.6464149951934814,373,-0.2578125
0.6477701663970947,374,-0.734765625
0.6495590209960938,375,-1.5597656249999998
0.6515071392059326,376,0.0
0.6529779434204102,377,-0.141796875
0.6541790962219238,378,-0.37382812499999996
0.6553571224212646,379,-0.18046874999999998
0.6564919948577881,380,-0.20625
0.657602071762085,381,-0.07734374999999999
0.6587629318237305,382,0.0
0.6599631309509277,383,0.0
0.6610889434814453,384,-0.0515625
0.6623311042785645,385,-0.42539062499999997
0.6637470722198486,386,-0.631640625
0.6651899814605713,387,-1.276171875
0.6666851043701172,388,0.0
0.6683840751647949,389,0.0
0.669867992401123,390,-0.116015625
0.6713659763336182,391,-0.5671875
0.6730310916900635,392,-0.36093749999999997
0.6755640506744385,393,-0.064453125
0.6772270202636719,394,-0.012890625
0.6786410808563232,395,-0.167578125
0.6804571151733398,396,-0.54140625
0.6823289394378662,397,-1.134375
0.6836910247802734,398,0.0
0.6849191188812256,399,0.0
0.6862220764160156,400,-0.07734374999999999
0.6877989768981934,401,-0.43828124999999996
0.6893751621246338,402,-0.270703125
0.6908800601959229,403,-0.012890625
0.6926660537719727,404,0.012890625
0.6944730281829834,405,-0.012890625
0.6962780952453613,406,-0.270703125
0.6982159614562988,407,-0.6703125
0.7003509998321533,408,-1.65
0.7023589611053467,409,-0.12890625
0.704949140548706,410,-0.21914062499999998
0.7075541019439697,411,-0.15468749999999998
0.7095370292663574,412,0.0
0.7117609977722168,413,-0.02578125
0.7139639854431152,414,-0.322265625
0.7157211303710938,415,-1.147265625
0.7173731327056885,416,0.0
0.7190990447998047,417,-0.02578125
0.720736026763916,418,-0.20625
0.7222881317138672,419,-0.2578125
0.7241480350494385,420,-0.167578125
0.7261631488800049,421,-0.012890625
0.7280371189117432,422,-0.012890625
0.7301850318908691,423,-0.28359375
0.732248067855835,424,-0.7863281249999999
0.7344920635223389,425,-0.20625
0.7374520301818848,426,-0.12890625
0.7394759654998779,427,-0.37382812499999996
0.7417130470275879,428,0.07734374999999999
0.7440979480743408,429,0.0
0.745948076248169,430,-0.064453125
0.7477309703826904,431,-0.476953125
0.7497420310974121,432,-1.456640625
0.7516169548034668,433,0.0
0.7534060478210449,434,-0.0515625
0.7552621364593506,435,-0.54140625
0.7573320865631104,436,-0.23203125
0.759490966796875,437,0.0
0.7612781524658203,438,-0.02578125
0.762688159942627,439,-0.36093749999999997
0.7641639709472656,440,-0.5929687499999999
0.7656309604644775,441,-1.456640625
0.767038106918335,442,0.0
0.7685439586639404,443,0.0
0.7699949741363525,444,-0.141796875
0.7713990211486816,445,-0.6574218749999999
0.7727940082550049,446,-0.2578125
0.7749130725860596,447,-0.038671874999999994
0.7766621112823486,448,0.0
0.779634952545166,449,-0.012890625
