time,count,voltage
0.004147052764892578,1,-0.02578125
0.00545501708984375,2,-0.09023437499999999
0.006652116775512695,3,-0.399609375
0.007812023162841797,4,-0.6832031249999999
0.008964061737060547,5,-1.134375
0.010099172592163086,6,-1.65
0.011216163635253906,7,0.0
0.012456178665161133,8,-0.20625
0.013619184494018555,9,-0.37382812499999996
0.014864206314086914,10,-0.42539062499999997
0.01644611358642578,11,-0.4125
0.017920970916748047,12,-0.54140625
0.01942920684814453,13,-0.23203125
0.02077198028564453,14,-0.012890625
0.02218008041381836,15,-0.116015625
0.023406028747558594,16,-0.48984374999999997
0.02459406852722168,17,-0.7218749999999999
0.02577805519104004,18,-1.198828125
0.026920080184936523,19,-1.65
0.02804708480834961,20,0.0
0.029165983200073242,21,-0.29648437499999997
0.030308008193969727,22,-0.4125
0.031571149826049805,23,-0.37382812499999996
0.03303813934326172,24,-0.30937499999999996
0.03449106216430664,25,-0.37382812499999996
0.0360720157623291,26,-0.103125
0.03754305839538574,27,0.0
0.038871049880981445,28,-0.15468749999999998
0.040232181549072266,29,-0.5285156249999999
0.042240142822265625,30,-0.708984375
0.04436612129211426,31,-1.3664062499999998
0.04589700698852539,32,-0.0515625
0.04752516746520996,33,-0.322265625
0.04955005645751953,34,-0.43828124999999996
0.0510401725769043,35,-0.270703125
0.05227804183959961,36,0.038671874999999994
0.0535581111907959,37,-0.012890625
0.05474400520324707,38,-0.0515625
0.055889129638671875,39,-0.2578125
0.05704617500305176,40,-0.631640625
0.05818819999694824,41,-0.7476562499999999
0.059329986572265625,42,-1.340625
0.06045413017272949,43,-1.3664062499999998
0.06158304214477539,44,-0.20625
0.06286501884460449,45,-0.270703125
0.06404900550842285,46,-0.322265625
0.06525015830993652,47,-0.6832031249999999
0.0664210319519043,48,-0.2578125
0.06755518913269043,49,-0.42539062499999997
0.06869316101074219,50,-0.322265625
0.06989312171936035,51,0.0
0.07114911079406738,52,-0.02578125
0.07240915298461914,53,-0.167578125
0.07368111610412598,54,-0.554296875
0.07492804527282715,55,-0.69609375
0.08669900894165039,56,-1.26328125
0.08880114555358887,57,-0.23203125
0.09110498428344727,58,-0.23203125
0.09256219863891602,59,-0.7863281249999999
0.09444713592529297,60,-1.65
0.0964210033416748,61,-0.0515625
0.09782719612121582,62,-0.20625
0.09902405738830566,63,-0.5285156249999999
0.10018301010131836,64,-0.322265625
0.10141110420227051,65,-0.322265625
0.10256600379943848,66,-0.07734374999999999
0.10370397567749023,67,0.0
0.1048421859741211,68,-0.103125
0.10604500770568848,69,-0.348046875
0.10732507705688477,70,-0.708984375
0.10878705978393555,71,-0.889453125
0.11026906967163086,72,-1.611328125
0.11184906959533691,73,0.0
0.11330199241638184,74,-0.2578125
0.11465811729431152,75,-0.33515625
0.1164250373840332,76,-0.515625
0.12179708480834961,77,-0.36093749999999997
0.12381911277770996,78,-0.07734374999999999
0.1257929801940918,79,-0.4640625
0.12705111503601074,80,-1.5726562499999999
0.12821412086486816,81,-0.064453125
0.12937712669372559,82,-0.2578125
0.13050103187561035,83,-0.36093749999999997
0.13162016868591309,84,-0.5929687499999999
0.1327531337738037,85,-0.23203125
0.13389801979064941,86,-0.43828124999999996
0.13513612747192383,87,-0.28359375
0.13632512092590332,88,0.012890625
0.13764309883117676,89,-0.012890625
0.13905715942382812,90,-0.167578125
0.14048004150390625,91,-0.5285156249999999
0.14217400550842285,92,-0.708984375
0.14362597465515137,93,-1.52109375
0.1452641487121582,94,0.0
0.14672517776489258,95,-0.21914062499999998
0.14864706993103027,96,-0.33515625
0.15135908126831055,97,-0.580078125
0.15288114547729492,98,0.2578125
0.15446209907531738,99,-0.02578125
0.15638208389282227,100,-0.116015625
0.1580359935760498,101,-0.5671875
0.1593019962310791,102,-1.095703125
0.16053318977355957,103,-1.65
0.16168999671936035,104,-0.193359375
0.1628260612487793,105,-0.2578125
0.16395115852355957,106,-0.270703125
0.16541409492492676,107,-0.580078125
0.16661405563354492,108,-0.28359375
0.1678791046142578,109,-0.21914062499999998
0.16934418678283691,110,-0.0515625
0.17078018188476562,111,-0.012890625
0.17232108116149902,112,-0.12890625
0.17387914657592773,113,-0.42539062499999997
0.17538213729858398,114,-0.6574218749999999
0.17686200141906738,115,-1.456640625
0.17885398864746094,116,-0.103125
0.18108105659484863,117,-0.37382812499999996
0.18265509605407715,118,-0.42539062499999997
0.18427419662475586,119,-0.23203125
0.1863551139831543,120,-0.103125
0.18790507316589355,121,-0.0515625
0.18915009498596191,122,-0.167578125
0.19041919708251953,123,-0.54140625
0.1915721893310547,124,-0.734765625
0.19271016120910645,125,-1.3664062499999998
0.19384312629699707,126,-1.26328125
0.1949770450592041,127,-0.02578125
0.19619297981262207,128,-0.20625
0.19739198684692383,129,-0.4125
0.19865703582763672,130,-0.5285156249999999
0.2001051902770996,131,-0.20625
0.20160412788391113,132,-0.28359375
0.20312809944152832,133,0.0
0.20461106300354004,134,-0.02578125
0.2061920166015625,135,-0.23203125
0.20766997337341309,136,-0.631640625
0.2095961570739746,137,-0.9796874999999999
0.2119140625,138,-1.65
0.21351003646850586,139,-0.24492187499999998
0.2151951789855957,140,-0.38671875
0.21726298332214355,141,-0.24492187499999998
0.21882319450378418,142,-0.012890625
0.22007513046264648,143,-0.012890625
0.22124004364013672,144,-0.0515625
0.22243905067443848,145,-0.21914062499999998
0.22359013557434082,146,-0.6187499999999999
0.22472620010375977,147,-0.708984375
0.22589707374572754,148,-1.3148437499999999
0.2270350456237793,149,-1.65
0.22815418243408203,150,-0.141796875
0.2294621467590332,151,-0.193359375
0.2309281826019287,152,-0.2578125
0.23242616653442383,153,-0.7734375
0.23405098915100098,154,-0.322265625
0.235565185546875,155,-0.09023437499999999
0.23697710037231445,156,-0.012890625
0.2384190559387207,157,-0.0515625
0.2403090000152588,158,-0.29648437499999997
0.24260997772216797,159,-0.64453125
0.24410009384155273,160,-1.65
0.24595212936401367,161,-0.0515625
0.24799513816833496,162,-0.23203125
0.2496941089630127,163,-0.631640625
0.25096917152404785,164,-0.554296875
0.25217509269714355,165,-0.193359375
0.25333309173583984,166,-0.02578125
0.25453901290893555,167,-0.0515625
0.25568699836730957,168,-0.167578125
0.2568349838256836,169,-0.580078125
0.25797200202941895,170,-0.7476562499999999
0.25910115242004395,171,-1.26328125
0.2603302001953125,172,-1.65
0.2618370056152344,173,-0.02578125
0.263336181640625,174,-0.270703125
0.2648801803588867,175,-0.270703125
0.2664680480957031,176,-0.451171875
0.26795101165771484,177,-0.4125
0.26949119567871094,178,-0.09023437499999999
0.2714390754699707,179,-0.012890625
0.273773193359375,180,-0.167578125
0.27528810501098633,181,-0.515625
0.27694201469421387,182,-1.353515625
0.2790501117706299,183,0.0
0.28066205978393555,184,-0.36093749999999997
0.28194308280944824,185,-0.4125
0.28312015533447266,186,-0.4125
0.28426504135131836,187,-0.322265625
0.285520076751709,188,-0.167578125
0.2866699695587158,189,-0.02578125
0.2877922058105469,190,-0.0515625
0.28893208503723145,191,-0.2578125
0.29005908966064453,192,-0.605859375
0.2912900447845459,193,-0.760546875
0.29271411895751953,194,-1.2890625
0.29427409172058105,195,-1.3664062499999998
0.29593706130981445,196,-0.20625
0.2974221706390381,197,-0.21914062499999998
0.29883503913879395,198,-0.38671875
0.30024003982543945,199,-0.36093749999999997
0.3023831844329834,200,-0.24492187499999998
0.30466318130493164,201,0.0
0.30611610412597656,202,-0.167578125
0.30768609046936035,203,-0.6187499999999999
0.30992603302001953,204,-0.8507812499999999
0.3114461898803711,205,-0.116015625
0.3127000331878662,206,-0.20625
0.31386804580688477,207,-0.30937499999999996
0.3151731491088867,208,-0.631640625
0.31636905670166016,209,-0.18046874999999998
0.31754112243652344,210,-0.38671875
0.3187081813812256,211,-0.193359375
0.3198230266571045,212,-0.012890625
0.32097506523132324,213,-0.0515625
0.3222041130065918,214,-0.167578125
0.3236119747161865,215,-0.5671875
0.32517313957214355,216,-0.734765625
0.3273770809173584,217,-1.456640625
0.32887911796569824,218,-0.012890625
0.3302571773529053,219,-0.270703125
0.3316361904144287,220,-0.37382812499999996
0.33448100090026855,221,-0.348046875
0.33688807487487793,222,-0.167578125
0.3384711742401123,223,-0.0515625
0.34052205085754395,224,-0.23203125
0.34219908714294434,225,-0.580078125
0.3434741497039795,226,-1.5082031249999999
0.34469103813171387,227,0.0
0.3458681106567383,228,-0.28359375
0.34701013565063477,229,-0.2578125
0.34813404083251953,230,-0.4125
0.3492600917816162,231,-0.322265625
0.3504149913787842,232,-0.580078125
0.3515360355377197,233,-0.4125
0.3527650833129883,234,-0.02578125
0.3542020320892334,235,-0.0515625
0.35571813583374023,236,-0.193359375
0.3573470115661621,237,-0.515625
0.35892319679260254,238,-0.7734375
0.3604621887207031,239,-1.611328125
0.3619980812072754,240,0.0
0.3642871379852295,241,-0.322265625
0.3663601875305176,242,-0.399609375
0.3678610324859619,243,-0.2578125
0.369657039642334,244,0.0515625
0.3718380928039551,245,-0.012890625
0.373211145401001,246,-0.2578125
0.37444210052490234,247,-0.605859375
0.3756861686706543,248,-1.134375
0.37683701515197754,249,-1.65
0.37798213958740234,250,0.0
0.37910008430480957,251,-0.2578125
0.38022613525390625,252,-0.399609375
0.38135719299316406,253,-0.580078125
0.3825340270996094,254,-0.322265625
0.38376498222351074,255,-0.43828124999999996
0.38533520698547363,256,-0.322265625
0.38681817054748535,257,0.0
0.38832998275756836,258,-0.103125
0.38996005058288574,259,-0.36093749999999997
0.3914310932159424,260,-0.708984375
0.39290904998779297,261,-1.26328125
0.3948831558227539,262,0.0
0.39721202850341797,263,-0.09023437499999999
0.3988151550292969,264,-0.399609375
0.40046000480651855,265,-0.38671875
0.4025130271911621,266,-0.33515625
0.40404605865478516,267,-0.012890625
0.40534520149230957,268,-0.103125
0.40658116340637207,269,-0.515625
0.4077470302581787,270,-0.7476562499999999
0.4089171886444092,271,-1.1859374999999999
0.4100501537322998,272,-1.65
0.41117310523986816,273,0.0
0.41228818893432617,274,-0.21914062499999998
0.41344118118286133,275,-0.33515625
0.41469812393188477,276,-0.399609375
0.4161231517791748,277,-0.5285156249999999
0.41764211654663086,278,-0.515625
0.4192161560058594,279,-0.15468749999999998
0.42079997062683105,280,0.0
0.4223461151123047,281,-0.141796875
0.4237661361694336,282,-0.48984374999999997
0.42592501640319824,283,-0.708984375
0.4280831813812256,284,-1.585546875
0.42963218688964844,285,-0.2578125
0.4312620162963867,286,-0.20625
0.43329501152038574,287,-0.4640625
0.43485116958618164,288,-0.4125
0.4362461566925049,289,0.0
0.43752312660217285,290,-0.038671874999999994
0.43866920471191406,291,-0.167578125
0.4398050308227539,292,-0.451171875
0.4409501552581787,293,-0.7218749999999999
0.4420750141143799,294,-1.147265625
0.4431910514831543,295,-1.65
0.4442939758300781,296,0.0
0.4455430507659912,297,-0.23203125
0.44699716567993164,298,-0.580078125
0.44849205017089844,299,-0.37382812499999996
0.45006608963012695,300,-0.2578125
0.45155906677246094,301,-0.42539062499999997
0.4530680179595947,302,0.0
0.4545280933380127,303,-0.038671874999999994
0.4564321041107178,304,-0.167578125
0.45891809463500977,305,-0.5929687499999999
0.4605231285095215,306,-1.4953124999999998
0.46219801902770996,307,-0.0515625
0.4642050266265869,308,-0.28359375
0.46589112281799316,309,-0.37382812499999996
0.46717214584350586,310,-0.20625
0.468433141708374,311,-0.116015625
0.46960020065307617,312,0.012890625
0.47077298164367676,313,-0.038671874999999994
0.47189903259277344,314,-0.20625
0.47312307357788086,315,-0.515625
0.4742860794067383,316,-0.734765625
0.4756171703338623,317,-1.134375
0.4770810604095459,318,-1.65
0.4785749912261963,319,-0.0515625
0.480133056640625,320,-0.2578125
0.4817631244659424,321,-0.36093749999999997
0.4831700325012207,322,-0.20625
0.4846642017364502,323,-0.21914062499999998
0.4866909980773926,324,0.038671874999999994
0.48899316787719727,325,-0.02578125
0.49051403999328613,326,-0.29648437499999997
0.4920930862426758,327,-0.4640625
0.4941840171813965,328,-1.2503906249999999
0.4958510398864746,329,-0.322265625
0.4971580505371094,330,-0.37382812499999996
0.4983639717102051,331,-0.5671875
0.49952197074890137,332,-0.23203125
0.500662088394165,333,-0.36093749999999997
0.5018670558929443,334,-0.20625
0.5036160945892334,335,0.0
0.5051941871643066,336,-0.064453125
0.5065650939941406,337,-0.30937499999999996
0.5080471038818359,338,-0.631640625
0.5095582008361816,339,-1.1859374999999999
0.5112400054931641,340,-0.23203125
0.5127601623535156,341,-0.2578125
0.5141770839691162,342,-0.4125
0.5156869888305664,343,-0.6187499999999999
0.518449068069458,344,-0.322265625
0.5202431678771973,345,0.0515625
0.5217361450195312,346,-0.116015625
0.5235919952392578,347,-0.270703125
0.5255429744720459,348,-0.6187499999999999
0.5269560813903809,349,-1.4953124999999998
0.528156042098999,350,-0.18046874999999998
0.5293231010437012,351,-0.28359375
0.5304741859436035,352,-0.270703125
0.531609058380127,353,-0.7218749999999999
0.5327451229095459,354,-0.4125
0.5339410305023193,355,-0.43828124999999996
0.5351641178131104,356,-0.28359375
0.5364570617675781,357,-0.012890625
0.5379271507263184,358,-0.02578125
0.539344072341919,359,-0.193359375
0.540930986404419,360,-0.5671875
0.5424890518188477,361,-0.9152343749999999
0.5439600944519043,362,-1.65
0.5455269813537598,363,-0.012890625
0.5478010177612305,364,-0.30937499999999996
0.549929141998291,365,-0.399609375
0.5514631271362305,366,-0.4125
0.5531561374664307,367,-0.012890625
0.5551600456237793,368,-0.0515625
0.5566160678863525,369,-0.23203125
0.5578701496124268,370,-0.5671875
0.5590670108795166,371,-1.134375
0.5602061748504639,372,-1.65
0.5613670349121094,373,0.0
0.5624961853027344,374,-0.2578125
0.5636250972747803,375,-0.348046875
0.5647552013397217,376,-0.605859375
0.5659501552581787,377,-0.29648437499999997
0.567234992980957,378,-0.554296875
0.5687479972839355,379,-0.322265625
0.570214033126831,380,-0.012890625
0.5717689990997314,381,-0.103125
0.5732741355895996,382,-0.33515625
0.5752091407775879,383,-0.6703125
0.57676100730896,384,-1.276171875
0.5793070793151855,385,0.0
0.5811030864715576,386,-0.322265625
0.5826621055603027,387,-0.7218749999999999
0.5847270488739014,388,-0.322265625
0.5865721702575684,389,0.0515625
0.5878841876983643,390,-0.02578125
0.5890710353851318,391,-0.167578125
0.5902421474456787,392,-0.580078125
0.591386079788208,393,-0.708984375
0.5925631523132324,394,-1.327734375
0.593703031539917,395,-1.5984375
0.5948309898376465,396,0.0
0.5960421562194824,397,-0.29648437499999997
0.5972921848297119,398,-0.2578125
0.5988061428070068,399,-0.580078125
0.6002562046051025,400,-0.37382812499999996
0.6019799709320068,401,-0.23203125
0.6034610271453857,402,-0.012890625
0.6048359870910645,403,-0.0515625
0.6064860820770264,404,-0.21914062499999998
0.608942985534668,405,-0.6187499999999999
0.6108920574188232,406,-1.2890625
0.6123120784759521,407,-0.064453125
0.6142771244049072,408,-0.36093749999999997
0.6162130832672119,409,-0.4125
0.6177241802215576,410,-0.141796875
0.6189351081848145,411,0.141796875
0.6202089786529541,412,-0.012890625
0.6214301586151123,413,-0.064453125
0.6226081848144531,414,-0.2578125
0.6237480640411377,415,-0.64453125
0.6249091625213623,416,-0.837890625
0.6261191368103027,417,-1.456640625
0.6273620128631592,418,0.0
0.6288440227508545,419,-0.064453125
0.6303281784057617,420,-0.322265625
0.6318950653076172,421,-0.37382812499999996
0.6335010528564453,422,-0.29648437499999997
0.6349740028381348,423,-0.193359375
0.6365840435028076,424,0.0
0.6383721828460693,425,-0.02578125
0.640902042388916,426,-0.20625
0.6425070762634277,427,-0.64453125
0.6440210342407227,428,-1.65
0.6462490558624268,429,-0.09023437499999999
0.6479041576385498,430,-0.270703125
0.6492249965667725,431,-0.33515625
0.6504271030426025,432,-0.5671875
0.6515681743621826,433,-0.33515625
0.6527070999145508,434,0.0
0.6538550853729248,435,-0.103125
0.6550500392913818,436,-0.103125
0.656203031539917,437,-0.476953125
0.6574821472167969,438,-0.7863281249999999
