time,count,voltage
0.004940986633300781,1,-0.20625
0.006246805191040039,2,-1.0570312499999999
0.007403850555419922,3,-0.103125
0.008523941040039062,4,-0.0515625
0.009630918502807617,5,-0.012890625
0.010870933532714844,6,-0.29648437499999997
0.012254953384399414,7,-0.2578125
0.013749837875366211,8,-0.193359375
0.015196800231933594,9,-0.064453125
0.0166778564453125,10,0.012890625
0.018045902252197266,11,-0.0515625
0.01938796043395996,12,-0.141796875
0.020604848861694336,13,-0.4640625
0.021771907806396484,14,-0.8121093749999999
0.022893905639648438,15,-1.456640625
0.02399897575378418,16,0.0
0.025105953216552734,17,0.0
0.026198863983154297,18,-0.28359375
0.027431964874267578,19,-0.21914062499999998
0.02884984016418457,20,-0.33515625
0.030303955078125,21,-0.30937499999999996
0.03194284439086914,22,-0.167578125
0.0334470272064209,23,0.012890625
0.03483390808105469,24,-0.0515625
0.03624701499938965,25,-0.193359375
0.037667036056518555,26,-0.4640625
0.03908395767211914,27,-0.992578125
0.04159188270568848,28,-1.65
0.04326796531677246,29,-0.07734374999999999
0.04469180107116699,30,-0.322265625
0.04662680625915527,31,-0.167578125
0.04839897155761719,32,-0.21914062499999998
0.04967093467712402,33,0.0
0.05091500282287598,34,-0.012890625
0.05208897590637207,35,-0.0515625
0.05324101448059082,36,-0.4125
0.05435681343078613,37,-0.4640625
0.055467844009399414,38,-1.0570312499999999
0.056578874588012695,39,-1.611328125
0.0576779842376709,40,0.0
0.058763980865478516,41,-0.103125
0.059916019439697266,42,-0.20625
0.06104588508605957,43,-0.4125
0.062155961990356445,44,-0.167578125
0.0632638931274414,45,-0.37382812499999996
0.06436991691589355,46,-0.37382812499999996
0.0654909610748291,47,-0.15468749999999998
0.06659197807312012,48,0.0
0.06769680976867676,49,-0.012890625
0.06880402565002441,50,-0.09023437499999999
0.06999397277832031,51,-0.4640625
0.07115483283996582,52,-0.42539062499999997
0.07228493690490723,53,-1.095703125
0.07338094711303711,54,-1.65
0.07446885108947754,55,0.0
0.07558083534240723,56,-0.12890625
0.07668590545654297,57,-0.09023437499999999
0.07779598236083984,58,-0.42539062499999997
0.07900381088256836,59,-0.116015625
0.08022880554199219,60,-0.43828124999999996
0.08167695999145508,61,-0.322265625
0.08311986923217773,62,0.012890625
0.08466386795043945,63,-0.012890625
0.08621001243591309,64,-0.116015625
0.08766889572143555,65,-0.42539062499999997
0.08908295631408691,66,-0.9410156249999999
0.0913839340209961,67,-1.65
0.09332585334777832,68,-0.0515625
0.0948648452758789,69,-0.322265625
0.09630084037780762,70,-0.103125
0.0980689525604248,71,-0.2578125
0.10005688667297363,72,0.09023437499999999
0.10150384902954102,73,-0.012890625
0.10270190238952637,74,-0.23203125
0.10384798049926758,75,-0.502734375
0.1049659252166748,76,-0.7863281249999999
0.10608196258544922,77,-1.405078125
0.10718202590942383,78,0.012890625
0.10829401016235352,79,-0.0515625
0.10953688621520996,80,-0.270703125
0.11095595359802246,81,-0.23203125
0.1123960018157959,82,-0.270703125
0.11391592025756836,83,-0.33515625
0.11547398567199707,84,-0.15468749999999998
0.11697983741760254,85,0.012890625
0.11844992637634277,86,-0.02578125
0.1199038028717041,87,-0.270703125
0.12233400344848633,88,-0.43828124999999996
0.12414002418518066,89,-1.340625
0.12556982040405273,90,0.0
0.12715792655944824,91,-0.167578125
0.12912583351135254,92,-0.4125
0.13068580627441406,93,-0.322265625
0.13193488121032715,94,0.0
0.13309192657470703,95,0.0
0.13421297073364258,96,-0.012890625
0.13533282279968262,97,-0.0515625
0.1364428997039795,98,-0.4125
0.1375408172607422,99,-0.502734375
0.13863301277160645,100,-1.03125
0.13985490798950195,101,-1.5597656249999998
0.14127802848815918,102,0.0
0.14272189140319824,103,-0.0515625
0.1442279815673828,104,-0.23203125
0.14580988883972168,105,-0.20625
0.14727997779846191,106,-0.29648437499999997
0.14881086349487305,107,-0.09023437499999999
0.15024399757385254,108,0.012890625
0.15265202522277832,109,-0.07734374999999999
0.15454792976379395,110,-0.322265625
0.15598583221435547,111,-0.966796875
0.1575489044189453,112,-1.65
0.15951180458068848,113,0.0
0.16116786003112793,114,-0.24492187499999998
0.1624298095703125,115,-0.20625
0.16359901428222656,116,-0.43828124999999996
0.16474580764770508,117,-0.29648437499999997
0.16587090492248535,118,0.0
0.16697192192077637,119,-0.012890625
0.16807794570922852,120,-0.0515625
0.1691739559173584,121,-0.2578125
0.17042183876037598,122,-0.515625
0.17184686660766602,123,-0.708984375
0.17328190803527832,124,-1.4437499999999999
0.17477703094482422,125,0.0
0.1763019561767578,126,-0.103125
0.17778801918029785,127,-0.21914062499999998
0.17932391166687012,128,-0.20625
0.18079495429992676,129,-0.4125
0.1830759048461914,130,-0.103125
0.18506193161010742,131,0.0
0.18651580810546875,132,-0.24492187499999998
0.18807697296142578,133,-0.42539062499999997
0.19005799293518066,134,-1.069921875
0.19170880317687988,135,-0.167578125
0.19299697875976562,136,-0.20625
0.19415783882141113,137,-0.30937499999999996
0.19530391693115234,138,-0.23203125
0.19643497467041016,139,-0.322265625
0.19755887985229492,140,-0.37382812499999996
0.19869780540466309,141,-0.15468749999999998
0.19987988471984863,142,0.0
0.20109891891479492,143,-0.012890625
0.20251083374023438,144,-0.064453125
0.20395994186401367,145,-0.451171875
0.20545387268066406,146,-0.7476562499999999
0.20695996284484863,147,-1.5082031249999999
0.2084178924560547,148,0.0
0.2099308967590332,149,-0.24492187499999998
0.2113509178161621,150,-0.30937499999999996
0.21361303329467773,151,-0.20625
0.2156059741973877,152,-0.167578125
0.2170720100402832,153,0.0
0.21860980987548828,154,-0.02578125
0.22053885459899902,155,-0.29648437499999997
0.22226285934448242,156,-0.54140625
0.22355389595031738,157,-1.546875
0.22472691535949707,158,0.0
0.22613000869750977,159,-0.167578125
0.2276759147644043,160,-0.23203125
0.22908782958984375,161,-0.20625
0.23041200637817383,162,-0.42539062499999997
0.23169994354248047,163,-0.23203125
0.2331240177154541,164,0.0
0.23453402519226074,165,-0.012890625
0.23606395721435547,166,-0.103125
0.23758387565612793,167,-0.4125
0.23898887634277344,168,-0.928125
0.240339994430542,169,-1.65
0.2425370216369629,170,0.012890625
0.2445058822631836,171,-0.193359375
0.2458808422088623,172,-0.103125
0.2476058006286621,173,-0.37382812499999996
0.2495260238647461,174,-0.116015625
0.25104594230651855,175,0.0
0.25225281715393066,176,-0.09023437499999999
0.2534298896789551,177,-0.4640625
0.25455284118652344,178,-0.515625
0.2556498050689697,179,-1.1859374999999999
0.256742000579834,180,-1.65
0.25781893730163574,181,0.0
0.2588930130004883,182,-0.038671874999999994
0.2600369453430176,183,0.0
0.26115989685058594,184,-0.4640625
0.2623429298400879,185,-0.103125
0.2637369632720947,186,-0.43828124999999996
0.2652018070220947,187,-0.2578125
0.26666784286499023,188,-0.012890625
0.26819491386413574,189,-0.012890625
0.26971983909606934,190,-0.23203125
0.27133798599243164,191,-0.476953125
0.27271580696105957,192,-1.095703125
0.2749369144439697,193,-0.54140625
0.27689480781555176,194,0.0
0.27837085723876953,195,-0.38671875
0.2798609733581543,196,-0.167578125
0.28181886672973633,197,-0.20625
0.283627986907959,198,0.012890625
0.2849438190460205,199,-0.0515625
0.2861499786376953,200,-0.29648437499999997
0.2872889041900635,201,-0.515625
0.2884078025817871,202,-0.928125
0.2895088195800781,203,-1.46953125
0.2906618118286133,204,-0.141796875
0.2917749881744385,205,-0.0515625
0.29296088218688965,206,-0.29648437499999997
0.29435086250305176,207,-0.270703125
0.29581284523010254,208,-0.20625
0.29725003242492676,209,-0.42539062499999997
0.2988109588623047,210,-0.20625
0.30032801628112793,211,0.0
0.3017919063568115,212,-0.02578125
0.3032050132751465,213,-0.30937499999999996
0.30522799491882324,214,-0.43828124999999996
0.30742883682250977,215,-1.1859374999999999
0.30893492698669434,216,0.0
0.3103458881378174,217,-0.193359375
0.31224679946899414,218,-0.348046875
0.31407999992370605,219,-0.33515625
0.3154029846191406,220,0.038671874999999994
0.3170928955078125,221,0.012890625
0.31829094886779785,222,-0.0515625
0.31942296028137207,223,-0.322265625
0.3205678462982178,224,-0.4640625
0.3216729164123535,225,-0.863671875
0.32277798652648926,226,-1.456640625
0.32393598556518555,227,-0.02578125
0.3253178596496582,228,-0.02578125
0.3267710208892822,229,-0.15468749999999998
0.328233003616333,230,-0.4125
0.3297429084777832,231,-0.12890625
0.3313329219818115,232,-0.167578125
0.3328089714050293,233,0.012890625
0.33425402641296387,234,-0.012890625
0.33643198013305664,235,-0.02578125
0.3384549617767334,236,-0.4125
0.3399808406829834,237,-1.2890625
0.34152698516845703,238,0.0
0.34352993965148926,239,-0.064453125
0.3451848030090332,240,-0.37382812499999996
0.3464679718017578,241,-0.348046875
0.347667932510376,242,-0.30937499999999996
0.3488168716430664,243,-0.0515625
0.35001182556152344,244,0.012890625
0.3511378765106201,245,-0.012890625
0.35224294662475586,246,-0.116015625
0.35336995124816895,247,-0.515625
0.35457301139831543,248,-0.580078125
0.35599184036254883,249,-1.224609375
0.3575479984283447,250,-1.198828125
0.3589608669281006,251,-0.02578125
0.3603830337524414,252,-0.012890625
0.36171603202819824,253,-0.4125
0.3632049560546875,254,-0.2578125
0.3646838665008545,255,-0.15468749999999998
0.3668828010559082,256,0.0
0.3689858913421631,257,-0.012890625
0.37055397033691406,258,-0.37382812499999996
0.37205982208251953,259,-0.69609375
0.37395501136779785,260,-1.456640625
0.3756749629974365,261,0.0
0.3770298957824707,262,0.0
0.37826085090637207,263,-0.42539062499999997
0.37941884994506836,264,-0.12890625
0.380565881729126,265,-0.29648437499999997
0.381699800491333,266,-0.193359375
0.3828318119049072,267,0.0
0.3839390277862549,268,-0.012890625
0.38512182235717773,269,-0.02578125
0.38649797439575195,270,-0.33515625
0.3879408836364746,271,-0.4640625
0.38938188552856445,272,-1.134375
0.39088892936706543,273,-1.4308593749999998
0.39240193367004395,274,-0.012890625
0.39380884170532227,275,-0.103125
0.3951888084411621,276,-0.322265625
0.39710092544555664,277,-0.399609375
0.399371862411499,278,-0.29648437499999997
0.4009389877319336,279,0.0
0.40230894088745117,280,-0.038671874999999994
0.40410900115966797,281,-0.399609375
0.4059929847717285,282,-0.6832031249999999
0.40735888481140137,283,-1.65
0.4085359573364258,284,-0.09023437499999999
0.4096648693084717,285,-0.064453125
0.410916805267334,286,-0.37382812499999996
0.4120748043060303,287,-0.15468749999999998
0.41319894790649414,288,-0.270703125
0.41431188583374023,289,-0.30937499999999996
0.41550397872924805,290,-0.116015625
0.4168848991394043,291,-0.012890625
0.41832399368286133,292,-0.064453125
0.419907808303833,293,-0.30937499999999996
0.4215409755706787,294,-0.42539062499999997
0.4229919910430908,295,-1.198828125
0.42441582679748535,296,-0.0515625
0.4257659912109375,297,-0.09023437499999999
0.42806291580200195,298,-0.103125
0.43010783195495605,299,-0.270703125
0.4316279888153076,300,-0.07734374999999999
0.433229923248291,301,0.0
0.43516993522644043,302,-0.012890625
0.4367690086364746,303,-0.2578125
0.43804383277893066,304,-0.4125
0.4392068386077881,305,-1.21171875
0.4404168128967285,306,-1.65
0.44155192375183105,307,0.0
0.44264984130859375,308,-0.12890625
0.4437680244445801,309,-0.15468749999999998
0.44490694999694824,310,-0.515625
0.44609689712524414,311,-0.02578125
0.44750189781188965,312,-0.2578125
0.4489898681640625,313,-0.07734374999999999
0.45061492919921875,314,0.012890625
0.4522058963775635,315,-0.0515625
0.4536869525909424,316,-0.399609375
0.4551420211791992,317,-0.5929687499999999
0.4564988613128662,318,-1.3792968749999999
0.4586598873138428,319,0.0
0.4608190059661865,320,-0.12890625
0.4623088836669922,321,-0.28359375
0.46377086639404297,322,-0.322265625
0.4657309055328369,323,-0.20625
0.46742796897888184,324,0.012890625
0.46872496604919434,325,-0.038671874999999994
0.4699888229370117,326,-0.37382812499999996
0.47116899490356445,327,-0.42539062499999997
0.4723169803619385,328,-1.1214843749999999
0.4734339714050293,329,-1.65
0.4745349884033203,330,0.012890625
0.4756498336791992,331,-0.103125
0.4768359661102295,332,-0.09023437499999999
0.4782538414001465,333,-0.33515625
0.4797039031982422,334,-0.0515625
0.4813218116760254,335,-0.167578125
0.48288702964782715,336,0.02578125
0.484285831451416,337,-0.012890625
0.4857649803161621,338,-0.0515625
0.4871559143066406,339,-0.399609375
0.48921990394592285,340,-0.6832031249999999
0.4913609027862549,341,-1.5082031249999999
0.49289393424987793,342,-0.064453125
0.4943068027496338,343,-0.2578125
0.4961860179901123,344,-0.20625
0.4980049133300781,345,-0.30937499999999996
0.49933600425720215,346,0.012890625
0.500579833984375,347,-0.012890625
0.5017728805541992,348,-0.02578125
0.5029079914093018,349,-0.37382812499999996
0.5040328502655029,350,-0.4640625
0.5051438808441162,351,-0.95390625
0.50624680519104,352,-1.52109375
0.5074198246002197,353,-0.167578125
0.5088298320770264,354,-0.012890625
0.510286808013916,355,-0.18046874999999998
0.5117340087890625,356,-0.5929687499999999
0.5132918357849121,357,-0.193359375
0.5148019790649414,358,-0.103125
0.5163190364837646,359,-0.012890625
0.5177810192108154,360,-0.012890625
0.5200049877166748,361,-0.064453125
0.5220949649810791,362,-0.42539062499999997
0.523561954498291,363,-1.405078125
0.5250198841094971,364,0.0
0.5269520282745361,365,-0.012890625
0.5286879539489746,366,-0.37382812499999996
0.5300178527832031,367,-0.37382812499999996
0.5312058925628662,368,-0.2578125
0.5323939323425293,369,-0.012890625
0.5335378646850586,370,0.0
0.5346729755401611,371,-0.0515625
0.5358259677886963,372,-0.23203125
0.5369548797607422,373,-0.515625
0.5381448268890381,374,-0.69609375
0.5395359992980957,375,-1.340625
0.5410339832305908,376,0.0
0.5425310134887695,377,-0.02578125
0.5440969467163086,378,-0.0515625
0.5455319881439209,379,-0.23203125
0.5468969345092773,380,-0.24492187499999998
0.5486569404602051,381,-0.193359375
0.5510659217834473,382,0.0
0.5526478290557861,383,-0.02578125
0.5540030002593994,384,-0.399609375
0.5557918548583984,385,-0.825
0.5576488971710205,386,-1.585546875
0.5590469837188721,387,-0.064453125
0.5602579116821289,388,-0.012890625
0.5613939762115479,389,-0.399609375
0.5625169277191162,390,-0.103125
0.563654899597168,391,-0.33515625
0.5647690296173096,392,-0.28359375
0.5658810138702393,393,0.0
0.566978931427002,394,0.0
0.5681648254394531,395,-0.0515625
0.5695688724517822,396,-0.28359375
0.5711019039154053,397,-0.43828124999999996
0.5726578235626221,398,-1.044140625
0.5742218494415283,399,-1.65
0.5756299495697021,400,-0.012890625
0.5769779682159424,401,-0.12890625
0.5789048671722412,402,-0.30937499999999996
0.581183910369873,403,-0.28359375
0.5827410221099854,404,0.33515625
0.5841288566589355,405,-0.012890625
0.5858700275421143,406,-0.0515625
0.5877869129180908,407,-0.4125
0.5892198085784912,408,-0.8765624999999999
0.5904719829559326,409,-1.65
0.5916268825531006,410,0.0
0.5927448272705078,411,-0.193359375
0.5938518047332764,412,-0.33515625
0.5949559211730957,413,-0.502734375
0.5962278842926025,414,-0.24492187499999998
0.5977280139923096,415,-0.37382812499999996
0.5992679595947266,416,-0.02578125
0.6008539199829102,417,-0.012890625
0.6023058891296387,418,-0.012890625
0.6036479473114014,419,-0.4125
0.6050679683685303,420,-0.605859375
0.6064820289611816,421,-1.3921875
0.6079378128051758,422,-0.103125
0.6094708442687988,423,-0.167578125
0.6110219955444336,424,-0.20625
0.6124579906463623,425,-0.23203125
0.6138830184936523,426,-0.4125
0.6157448291778564,427,-0.167578125
0.6181488037109375,428,-0.012890625
0.6196558475494385,429,-0.12890625
0.6213438510894775,430,-0.42539062499999997
0.6233289241790771,431,-1.069921875
0.6248860359191895,432,-0.2578125
0.6261019706726074,433,-0.167578125
0.6272449493408203,434,-0.270703125
0.6283769607543945,435,-0.2578125
0.6294870376586914,436,-0.37382812499999996
0.6306259632110596,437,-0.43828124999999996
0.6317539215087891,438,-0.2578125
0.6328549385070801,439,0.0
0.6340088844299316,440,0.0
0.635368824005127,441,-0.038671874999999994
