time,count,voltage
0.005239009857177734,1,-0.038671874999999994
0.006855010986328125,2,-0.116015625
0.00830698013305664,3,-0.502734375
0.009681940078735352,4,-0.7218749999999999
0.011047124862670898,5,-1.4953124999999998
0.012398958206176758,6,-0.064453125
0.01374197006225586,7,-0.20625
0.015317916870117188,8,-0.4125
0.017004013061523438,9,-0.4640625
0.019009113311767578,10,-0.21914062499999998
0.0207669734954834,11,0.012890625
0.02239203453063965,12,-0.0515625
0.023940086364746094,13,-0.20625
0.025357961654663086,14,-0.580078125
0.026732921600341797,15,-0.95390625
0.02812504768371582,16,-1.65
0.02950310707092285,17,-0.0515625
0.031044960021972656,18,-0.2578125
0.03271198272705078,19,-0.4125
0.03435111045837402,20,-0.193359375
0.03621196746826172,21,-0.20625
0.038079023361206055,22,0.0
0.03966712951660156,23,-0.064453125
0.04122591018676758,24,-0.322265625
0.042726993560791016,25,-0.5929687499999999
0.04440808296203613,26,-1.2890625
0.04671311378479004,27,-0.038671874999999994
0.049588918685913086,28,-0.29648437499999997
0.051386117935180664,29,-0.270703125
0.05302596092224121,30,-0.064453125
0.054995059967041016,31,0.0
0.057177066802978516,32,-0.064453125
0.05924510955810547,33,-0.4125
0.06079697608947754,34,-1.134375
0.06222391128540039,35,0.0
0.06359195709228516,36,-0.23203125
0.06494712829589844,37,-0.5671875
0.06628108024597168,38,-0.33515625
0.06763410568237305,39,-0.09023437499999999
0.06897997856140137,40,-0.28359375
0.07031607627868652,41,-0.0515625
0.07164311408996582,42,-0.02578125
0.07297205924987793,43,-0.167578125
0.07429289817810059,44,-0.4640625
0.07561492919921875,45,-0.6703125
0.07693600654602051,46,-1.198828125
0.07829594612121582,47,-1.65
0.07973790168762207,48,-0.103125
0.08126211166381836,49,-0.33515625
0.08294010162353516,50,-0.38671875
0.08462190628051758,51,-0.18046874999999998
0.08663606643676758,52,-0.038671874999999994
0.08843612670898438,53,0.0
0.09000205993652344,54,-0.12890625
0.09157204627990723,55,-0.48984374999999997
0.09356307983398438,56,-0.64453125
0.09635806083679199,57,-1.533984375
0.09827804565429688,58,-0.24492187499999998
0.09985494613647461,59,-0.42539062499999997
0.10175299644470215,60,-0.37382812499999996
0.10395193099975586,61,-0.09023437499999999
0.10612607002258301,62,-0.0515625
0.10782599449157715,63,-0.20625
0.10930109024047852,64,-0.5671875
0.11083102226257324,65,-1.2503906249999999
0.11252212524414062,66,-0.21914062499999998
0.11422896385192871,67,-0.23203125
0.11597609519958496,68,-0.28359375
0.11774396896362305,69,-0.2578125
0.11945009231567383,70,-0.21914062499999998
0.12105607986450195,71,0.012890625
0.12259912490844727,72,-0.0515625
0.12572503089904785,73,-0.23203125
0.12781500816345215,74,-0.631640625
0.12955212593078613,75,-0.012890625
0.13120794296264648,76,-0.2578125
0.13312196731567383,77,-0.30937499999999996
0.13466095924377441,78,-0.167578125
0.1359269618988037,79,0.0
0.13707304000854492,80,0.012890625
0.13836193084716797,81,-0.09023437499999999
0.13948512077331543,82,-0.20625
0.14070606231689453,83,-0.476953125
0.14211606979370117,84,-0.734765625
0.14352798461914062,85,-1.16015625
0.14503002166748047,86,-1.65
0.14647793769836426,87,-0.103125
0.14809513092041016,88,-0.4125
0.14955806732177734,89,-0.38671875
0.15089893341064453,90,-0.12890625
0.15321612358093262,91,-0.18046874999999998
0.15513396263122559,92,0.0
0.15654897689819336,93,-0.193359375
0.15832805633544922,94,-0.54140625
0.16030502319335938,95,-0.7218749999999999
0.16176605224609375,96,-1.65
0.1629500389099121,97,-0.167578125
0.1640760898590088,98,-0.28359375
0.1651780605316162,99,-0.322265625
0.16628789901733398,100,-0.322265625
0.16749191284179688,101,-0.29648437499999997
0.16863107681274414,102,-0.33515625
0.16974091529846191,103,-0.167578125
0.17093706130981445,104,-0.012890625
0.17234396934509277,105,-0.0515625
0.17378592491149902,106,-0.2578125
0.17531394958496094,107,-0.6187499999999999
0.17676496505737305,108,-0.928125
0.17816805839538574,109,-1.65
0.17957401275634766,110,-0.103125
0.18112611770629883,111,-0.29648437499999997
0.18363404273986816,112,-0.33515625
0.18526506423950195,113,-0.36093749999999997
0.18666911125183105,114,0.0515625
0.18852591514587402,115,-0.02578125
0.19040989875793457,116,-0.103125
0.19175195693969727,117,-0.515625
0.19293498992919922,118,-0.837890625
0.19406390190124512,119,-1.4953124999999998
0.19518709182739258,120,-0.12890625
0.19629311561584473,121,-0.23203125
0.19742202758789062,122,-0.322265625
0.1985340118408203,123,-0.270703125
0.19963312149047852,124,-0.54140625
0.20073199272155762,125,-0.37382812499999996
0.20192790031433105,126,-0.399609375
0.2033710479736328,127,-0.20625
0.20482110977172852,128,-0.012890625
0.2063889503479004,129,-0.116015625
0.2079761028289795,130,-0.37382812499999996
0.20941400527954102,131,-0.605859375
0.21080303192138672,132,-1.3921875
0.21220803260803223,133,0.0
0.21466803550720215,134,-0.322265625
0.21636199951171875,135,-0.30937499999999996
0.21771502494812012,136,-0.2578125
0.21944594383239746,137,-0.167578125
0.22143101692199707,138,0.0
0.2228250503540039,139,-0.07734374999999999
0.22401905059814453,140,-0.43828124999999996
0.2251589298248291,141,-0.6703125
0.22627496719360352,142,-1.0828125
0.22742509841918945,143,-1.611328125
0.22855591773986816,144,0.0
0.22965693473815918,145,-0.20625
0.23076701164245605,146,-0.4125
0.23197007179260254,147,-0.23203125
0.23335909843444824,148,-0.33515625
0.2347710132598877,149,-0.322265625
0.236328125,150,-0.15468749999999998
0.2378530502319336,151,-0.012890625
0.23927593231201172,152,-0.103125
0.2406461238861084,153,-0.36093749999999997
0.2422950267791748,154,-0.708984375
0.24471211433410645,155,-1.1214843749999999
0.24631690979003906,156,-0.167578125
0.24770712852478027,157,-0.270703125
0.24956607818603516,158,-0.37382812499999996
0.25136303901672363,159,-0.23203125
0.2527740001678467,160,0.012890625
0.2539539337158203,161,0.02578125
0.2550849914550781,162,-0.0515625
0.2561979293823242,163,-0.2578125
0.2573840618133545,164,-0.5285156249999999
0.25852012634277344,165,-0.760546875
0.25963401794433594,166,-1.16015625
0.26073408126831055,167,-1.65
0.2619359493255615,168,0.012890625
0.2633340358734131,169,-0.20625
0.26478099822998047,170,-0.399609375
0.2663249969482422,171,-0.476953125
0.26782798767089844,172,-0.141796875
0.269305944442749,173,-0.0515625
0.27075695991516113,174,0.0
0.2720949649810791,175,-0.07734374999999999
0.2743539810180664,176,-0.20625
0.27640509605407715,177,-0.580078125
0.27796101570129395,178,-1.4437499999999999
0.2795569896697998,179,-0.193359375
0.2815210819244385,180,-0.167578125
0.2830779552459717,181,-0.36093749999999997
0.28431010246276855,182,-0.37382812499999996
0.285473108291626,183,-0.30937499999999996
0.2865939140319824,184,-0.116015625
0.2877919673919678,185,-0.012890625
0.28891992568969727,186,-0.07734374999999999
0.2900369167327881,187,-0.270703125
0.2911369800567627,188,-0.6703125
0.2923450469970703,189,-0.7734375
0.2938101291656494,190,-1.3664062499999998
0.2952749729156494,191,-0.20625
0.29680490493774414,192,-0.23203125
0.29833507537841797,193,-0.33515625
0.2997441291809082,194,-0.399609375
0.3011140823364258,195,-0.4125
0.3024919033050537,196,-0.30937499999999996
0.3049659729003906,197,-0.012890625
0.30672192573547363,198,-0.0515625
0.3081200122833252,199,-0.399609375
0.3098881244659424,200,-0.6703125
0.31182408332824707,201,-1.456640625
0.31322813034057617,202,-0.141796875
0.314410924911499,203,-0.43828124999999996
0.3155510425567627,204,-0.322265625
0.31679296493530273,205,-0.28359375
0.3179740905761719,206,-0.5285156249999999
0.3191080093383789,207,-0.348046875
0.320220947265625,208,-0.012890625
0.32132506370544434,209,-0.0515625
0.3225290775299072,210,-0.167578125
0.3239250183105469,211,-0.4125
0.32535290718078613,212,-0.69609375
0.3269031047821045,213,-1.147265625
0.3284180164337158,214,-1.65
0.32982492446899414,215,-0.167578125
0.33121299743652344,216,-0.399609375
0.3327929973602295,217,-0.4125
0.33521294593811035,218,-0.36093749999999997
0.3368339538574219,219,0.038671874999999994
0.33902812004089355,220,-0.012890625
0.34099698066711426,221,-0.23203125
0.34259796142578125,222,-0.580078125
0.34386110305786133,223,-1.327734375
0.3450179100036621,224,-0.09023437499999999
0.3461599349975586,225,-0.193359375
0.34735703468322754,226,-0.30937499999999996
0.34850502014160156,227,-0.33515625
0.349621057510376,228,-0.43828124999999996
0.3507249355316162,229,-0.399609375
0.351823091506958,230,-0.37382812499999996
0.35305309295654297,231,-0.2578125
0.35446906089782715,232,-0.012890625
0.35588693618774414,233,-0.103125
0.3575010299682617,234,-0.37382812499999996
0.35898900032043457,235,-0.6703125
0.3603510856628418,236,-1.2503906249999999
0.3617289066314697,237,-1.16015625
0.36340808868408203,238,-0.02578125
0.3658289909362793,239,-0.33515625
0.36745309829711914,240,-0.270703125
0.36890602111816406,241,-0.2578125
0.3708169460296631,242,0.012890625
0.3725850582122803,243,-0.0515625
0.37389492988586426,244,-0.23203125
0.37506103515625,245,-0.580078125
0.37619996070861816,246,-0.95390625
0.3773839473724365,247,-1.546875
0.37854695320129395,248,-0.012890625
0.3796710968017578,249,-0.30937499999999996
0.38079309463500977,250,-0.37382812499999996
0.3819129467010498,251,-0.30937499999999996
0.38312697410583496,252,-0.30937499999999996
0.38454198837280273,253,-0.348046875
0.38598203659057617,254,-0.2578125
0.38756394386291504,255,0.0
0.3890419006347656,256,-0.0515625
0.3904531002044678,257,-0.2578125
0.39190101623535156,258,-0.6187499999999999
0.39349794387817383,259,-1.018359375
0.39595794677734375,260,-1.65
0.3976120948791504,261,-0.20625
0.3989889621734619,262,-0.43828124999999996
0.40076208114624023,263,-0.12890625
0.40267300605773926,264,-0.30937499999999996
0.4040379524230957,265,0.0
0.4052000045776367,266,-0.0515625
0.4063539505004883,267,-0.2578125
0.4075500965118408,268,-0.54140625
0.4087059497833252,269,-0.708984375
0.40982794761657715,270,-1.2503906249999999
0.41094398498535156,271,-1.65
0.4120368957519531,272,0.0
0.4132370948791504,273,-0.29648437499999997
0.4146571159362793,274,-0.451171875
0.41609907150268555,275,-0.37382812499999996
0.41762590408325195,276,-0.193359375
0.41916990280151367,277,-0.12890625
0.42055797576904297,278,0.0
0.42194294929504395,279,-0.064453125
0.4232969284057617,280,-0.23203125
0.4257659912109375,281,-0.580078125
0.4275851249694824,282,-1.018359375
0.428987979888916,283,-0.103125
0.43076395988464355,284,-0.23203125
0.4327061176300049,285,-0.270703125
0.43405795097351074,286,-0.2578125
0.43523097038269043,287,-0.30937499999999996
0.4363889694213867,288,-0.15468749999999998
0.43755507469177246,289,-0.012890625
0.43869709968566895,290,-0.0515625
0.4398059844970703,291,-0.322265625
0.44091010093688965,292,-0.631640625
0.44202208518981934,293,-0.7734375
0.4432179927825928,294,-1.2890625
0.4446289539337158,295,-1.65
0.4460759162902832,296,-0.09023437499999999
0.4476311206817627,297,-0.2578125
0.44913506507873535,298,-0.30937499999999996
0.450498104095459,299,-0.2578125
0.45186305046081543,300,-0.36093749999999997
0.45317602157592773,301,-0.12890625
0.45551490783691406,302,-0.02578125
0.4574429988861084,303,-0.193359375
0.4588489532470703,304,-0.515625
0.4605889320373535,305,-1.134375
0.46256589889526367,306,-1.65
0.46394991874694824,307,-0.21914062499999998
0.4651370048522949,308,-0.2578125
0.46628808975219727,309,-0.322265625
0.4674210548400879,310,-0.399609375
0.4685359001159668,311,-0.38671875
0.46964192390441895,312,-0.23203125
0.4707469940185547,313,-0.012890625
0.4718480110168457,314,-0.064453125
0.47293806076049805,315,-0.270703125
0.47412610054016113,316,-0.54140625
0.47551894187927246,317,-0.7734375
0.4769430160522461,318,-1.276171875
0.4784829616546631,319,-1.26328125
0.47997093200683594,320,-0.167578125
0.4813690185546875,321,-0.4125
0.48276591300964355,322,-0.4125
0.4843130111694336,323,-0.20625
0.4868340492248535,324,-0.20625
0.48844408988952637,325,-0.012890625
0.4898650646209717,326,-0.193359375
0.4917430877685547,327,-0.515625
0.4936249256134033,328,-0.7863281249999999
0.49496912956237793,329,-1.65
0.4961419105529785,330,-0.20625
0.4973490238189697,331,-0.37382812499999996
0.4985039234161377,332,-0.36093749999999997
0.49962806701660156,333,-0.322265625
0.5007281303405762,334,-0.37382812499999996
0.5018689632415771,335,-0.37382812499999996
0.5029950141906738,336,-0.20625
0.5041940212249756,337,-0.012890625
0.5055909156799316,338,-0.064453125
0.5070269107818604,339,-0.322265625
0.5086629390716553,340,-0.631640625
0.5102081298828125,341,-1.03125
0.5116410255432129,342,-1.65
0.5130410194396973,343,-0.18046874999999998
0.5143370628356934,344,-0.38671875
0.5166409015655518,345,-0.42539062499999997
0.5185079574584961,346,-0.29648437499999997
0.5199511051177979,347,0.24492187499999998
0.5217089653015137,348,-0.012890625
0.5236248970031738,349,-0.116015625
0.5250239372253418,350,-0.515625
0.5262160301208496,351,-0.8507812499999999
0.5274291038513184,352,-1.533984375
0.5285689830780029,353,0.0
0.5296859741210938,354,-0.15468749999999998
0.5308001041412354,355,-0.37382812499999996
0.5318989753723145,356,-0.29648437499999997
0.5329959392547607,357,-0.502734375
0.5341711044311523,358,-0.33515625
0.5355761051177979,359,-0.322265625
0.5370121002197266,360,-0.012890625
0.5386390686035156,361,-0.012890625
0.5401380062103271,362,-0.193359375
0.5415430068969727,363,-0.54140625
0.5429379940032959,364,-0.837890625
0.5442469120025635,365,-1.5597656249999998
0.5465519428253174,366,0.0
0.548429012298584,367,-0.30937499999999996
0.5498549938201904,368,-0.4640625
0.5514979362487793,369,-0.270703125
0.5535049438476562,370,-0.18046874999999998
0.5549590587615967,371,-0.012890625
0.556157112121582,372,-0.2578125
0.5573549270629883,373,-0.48984374999999997
0.5585079193115234,374,-0.734765625
0.5596249103546143,375,-1.1859374999999999
0.5607390403747559,376,-1.65
0.5618369579315186,377,-0.012890625
0.5629370212554932,378,-0.2578125
0.5640339851379395,379,-0.38671875
0.5652101039886475,380,-0.29648437499999997
0.566601037979126,381,-0.322265625
0.5680830478668213,382,-0.270703125
0.5696110725402832,383,-0.20625
0.5710699558258057,384,0.0
0.5724389553070068,385,-0.09023437499999999
0.5738170146942139,386,-0.33515625
0.5752780437469482,387,-0.631640625
0.577815055847168,388,-1.0570312499999999
0.5794620513916016,389,0.0
0.5808119773864746,390,-0.30937499999999996
0.5826489925384521,391,-0.36093749999999997
0.5844740867614746,392,-0.18046874999999998
0.5859010219573975,393,-0.012890625
0.5870819091796875,394,-0.012890625
0.588313102722168,395,-0.0515625
0.5894429683685303,396,-0.24492187499999998
0.5905671119689941,397,-0.5285156249999999
0.5916769504547119,398,-0.734765625
0.5927810668945312,399,-1.134375
0.5938799381256104,400,-1.65
0.5949780941009521,401,0.0
0.5961520671844482,402,-0.167578125
0.5975759029388428,403,-0.29648437499999997
0.5990369319915771,404,-0.36093749999999997
0.6005709171295166,405,-0.23203125
0.6020591259002686,406,-0.4125
0.6034018993377686,407,-0.0515625
0.6047449111938477,408,-0.0515625
0.6065769195556641,409,-0.167578125
0.6084799766540527,410,-0.48984374999999997
0.6100509166717529,411,-0.8765624999999999
0.6120100021362305,412,-1.65
0.6137180328369141,413,-0.193359375
0.6150851249694824,414,-0.29648437499999997
0.6168270111083984,415,-0.38671875
0.6187560558319092,416,-0.20625
0.620319128036499,417,0.141796875
0.6216089725494385,418,-0.07734374999999999
0.62276291847229,419,-0.193359375
0.6238739490509033,420,-0.502734375
0.6249730587005615,421,-0.734765625
0.6261870861053467,422,-1.0828125
0.6276159286499023,423,-1.65
0.6290340423583984,424,-0.038671874999999994
0.6305849552154541,425,-0.20625
0.6320390701293945,426,-0.2578125
0.6334009170532227,427,-0.4125
0.6347570419311523,428,-0.399609375
0.6360549926757812,429,-0.193359375
0.637584924697876,430,-0.02578125
0.6392929553985596,431,-0.0515625
0.6417570114135742,432,-0.2578125
0.643341064453125,433,-0.7218749999999999
0.644697904586792,434,-1.65
0.6465549468994141,435,-0.103125
0.6484909057617188,436,-0.4125
0.6499159336090088,437,-0.322265625
0.6515231132507324,438,-0.23203125
0.6527049541473389,439,-0.012890625
0.6538219451904297,440,-0.012890625
0.6549310684204102,441,-0.07734374999999999
0.6561150550842285,442,-0.24492187499999998
0.6575870513916016,443,-0.580078125
0.6590249538421631,444,-0.7863281249999999
0.6605420112609863,445,-1.41796875
0.6620309352874756,446,-0.012890625
0.663409948348999,447,-0.15468749999999998
0.6647920608520508,448,-0.5285156249999999
0.6662731170654297,449,-0.33515625
0.6688880920410156,450,-0.2578125
0.6704940795898438,451,0.193359375
0.6718659400939941,452,-0.064453125
0.673677921295166,453,-0.2578125
0.6755049228668213,454,-0.5671875
0.6768460273742676,455,-1.147265625
0.6780519485473633,456,-1.65
0.6791989803314209,457,-0.2578125
0.6803140640258789,458,-0.2578125
0.6814250946044922,459,-0.36093749999999997
0.6825299263000488,460,-0.515625
0.6836190223693848,461,-0.15468749999999998
0.6847250461578369,462,-0.399609375
0.6858270168304443,463,-0.30937499999999996
0.6870429515838623,464,0.012890625
0.6885299682617188,465,-0.0515625
0.6899809837341309,466,-0.20625
0.691519021987915,467,-0.580078125
0.6930129528045654,468,-0.8507812499999999
0.6943991184234619,469,-1.65
0.6957740783691406,470,-0.15468749999999998
0.6970679759979248,471,-0.21914062499999998
0.6995329856872559,472,-0.2578125
0.7013881206512451,473,-0.02578125
0.7028179168701172,474,0.18046874999999998
0.7046349048614502,475,-0.012890625
0.706528902053833,476,-0.09023437499999999
0.7079761028289795,477,-0.4125
0.7091619968414307,478,-0.6832031249999999
0.7103040218353271,479,-1.405078125
0.7114169597625732,480,-0.12890625
0.7125260829925537,481,-0.193359375
0.713623046875,482,-0.4125
0.7147610187530518,483,-0.20625
0.7158889770507812,484,-0.37382812499999996
0.7171149253845215,485,-0.15468749999999998
0.7186079025268555,486,-0.2578125
0.7200469970703125,487,-0.038671874999999994
0.7215919494628906,488,-0.038671874999999994
0.7230739593505859,489,-0.193359375
0.7244219779968262,490,-0.54140625
0.7257919311523438,491,-0.6703125
0.7270760536193848,492,-1.3664062499999998
0.7294440269470215,493,0.0
0.7313270568847656,494,-0.270703125
0.7327520847320557,495,-0.399609375
0.7344059944152832,496,-0.21914062499999998
0.7364640235900879,497,-0.167578125
0.737968921661377,498,0.0
0.7391550540924072,499,-0.20625
0.7402911186218262,500,-0.43828124999999996
0.7414140701293945,501,-0.6832031249999999
0.7425260543823242,502,-0.992578125
0.7436261177062988,503,-1.5597656249999998
0.7447290420532227,504,-0.038671874999999994
0.7458319664001465,505,-0.167578125
0.7470190525054932,506,-0.23203125
0.7484800815582275,507,-0.322265625
0.7499289512634277,508,-0.322265625
0.7514369487762451,509,-0.20625
0.7529239654541016,510,-0.12890625
0.7543380260467529,511,-0.012890625
0.7556850910186768,512,-0.103125
0.7569870948791504,513,-0.37382812499999996
0.7591280937194824,514,-0.64453125
0.7611849308013916,515,-1.147265625
0.7626359462738037,516,-0.12890625
0.7642030715942383,517,-0.28359375
0.7662029266357422,518,-0.322265625
0.7678089141845703,519,-0.15468749999999998
0.7691290378570557,520,0.07734374999999999
0.7702910900115967,521,0.012890625
0.7714130878448486,522,-0.02578125
0.7725169658660889,523,-0.18046874999999998
0.7736220359802246,524,-0.4640625
0.7747249603271484,525,-0.734765625
0.7758209705352783,526,-0.966796875
0.7770099639892578,527,-1.5597656249999998
0.7784991264343262,528,0.0
0.7799360752105713,529,-0.20625
0.7814569473266602,530,-0.4125
0.7829380035400391,531,-0.69609375
0.7842919826507568,532,-0.36093749999999997
0.785681962966919,533,-0.2578125
0.787010908126831,534,0.012890625
0.7891159057617188,535,-0.0515625
0.7912731170654297,536,-0.18046874999999998
0.7927629947662354,537,-0.5285156249999999
0.794348955154419,538,-1.456640625
0.7963359355926514,539,-0.038671874999999994
0.7980639934539795,540,-0.322265625
0.7993350028991699,541,-0.36093749999999997
0.8004930019378662,542,-0.21914062499999998
0.8016190528869629,543,-0.28359375
0.802725076675415,544,-0.15468749999999998
0.8038461208343506,545,-0.012890625
0.8049371242523193,546,-0.0515625
0.8060429096221924,547,-0.23203125
0.8072879314422607,548,-0.502734375
0.8087050914764404,549,-0.7218749999999999
0.8101229667663574,550,-1.224609375
0.8116469383239746,551,-1.224609375
0.8130979537963867,552,-0.116015625
0.8144640922546387,553,-0.4125
0.8158009052276611,554,-0.4125
0.817410945892334,555,-0.141796875
0.8199129104614258,556,-0.2578125
0.8215219974517822,557,-0.012890625
0.8229360580444336,558,-0.193359375
0.8248250484466553,559,-0.515625
0.8266479969024658,560,-0.734765625
0.8279900550842285,561,-1.65
0.8291659355163574,562,-0.064453125
0.830315113067627,563,-0.37382812499999996
0.8314309120178223,564,-0.36093749999999997
0.8325591087341309,565,-0.28359375
0.8336589336395264,566,-0.038671874999999994
0.8347630500793457,567,-0.33515625
0.8358519077301025,568,-0.20625
0.8369450569152832,569,0.0
0.8381431102752686,570,-0.0515625
0.8395419120788574,571,-0.23203125
0.8409841060638428,572,-0.5285156249999999
0.8425250053405762,573,-0.64453125
0.8439719676971436,574,-1.405078125
0.8453049659729004,575,-0.12890625
0.8466019630432129,576,-0.193359375
0.8483610153198242,577,-0.4125
0.8506629467010498,578,-0.4125
0.8520998954772949,579,-0.270703125
0.8538670539855957,580,0.038671874999999994
0.8557910919189453,581,-0.0515625
0.8571150302886963,582,-0.29648437499999997
0.8583710193634033,583,-0.5929687499999999
0.8595139980316162,584,-1.0828125
0.8606359958648682,585,-1.65
0.8617470264434814,586,-0.0515625
0.8628530502319336,587,-0.2578125
0.8639531135559082,588,-0.37382812499999996
0.8650491237640381,589,-0.30937499999999996
0.8661479949951172,590,-0.605859375
0.8672680854797363,591,-0.36093749999999997
0.8684859275817871,592,-0.37382812499999996
0.869887113571167,593,-0.24492187499999998
0.8713200092315674,594,-0.012890625
0.8728361129760742,595,-0.116015625
0.8742930889129639,596,-0.43828124999999996
0.8756771087646484,597,-0.6187499999999999
0.8770439624786377,598,-1.327734375
0.8787810802459717,599,-0.09023437499999999
0.881213903427124,600,-0.2578125
0.8828110694885254,601,-0.36093749999999997
0.8841969966888428,602,-0.399609375
0.8860781192779541,603,-0.270703125
0.8879799842834473,604,-0.02578125
0.8893101215362549,605,-0.15468749999999998
0.8904969692230225,606,-0.42539062499999997
0.8916339874267578,607,-0.6703125
0.8927469253540039,608,-1.134375
0.8938601016998291,609,-1.65
0.8949661254882812,610,0.0
0.8960559368133545,611,-0.23203125
0.8971610069274902,612,-0.399609375
0.8984110355377197,613,-0.29648437499999997
0.8997941017150879,614,-0.4125
0.9011960029602051,615,-0.270703125
0.9027631282806396,616,-0.12890625
0.904228925704956,617,-0.012890625
0.905616044998169,618,-0.064453125
0.9069750308990479,619,-0.322265625
0.9087691307067871,620,-0.6574218749999999
0.9112250804901123,621,-1.147265625
0.9128100872039795,622,-0.270703125
0.9142029285430908,623,-0.399609375
0.9160549640655518,624,-0.30937499999999996
0.9178919792175293,625,-0.167578125
0.9193079471588135,626,0.0515625
0.9205219745635986,627,-0.012890625
0.9216740131378174,628,-0.0515625
0.9227828979492188,629,-0.29648437499999997
0.9238879680633545,630,-0.605859375
0.9249911308288574,631,-0.7476562499999999
0.9260919094085693,632,-1.198828125
0.927191972732544,633,-1.65
0.9284520149230957,634,-0.012890625
0.9298520088195801,635,-0.193359375
0.9313039779663086,636,-0.4125
0.93284010887146,637,-0.37382812499999996
0.9342861175537109,638,-0.270703125
0.9357030391693115,639,-0.103125
0.9371271133422852,640,0.0
0.9385590553283691,641,-0.02578125
0.9409189224243164,642,-0.33515625
0.9428460597991943,643,-0.64453125
0.94427490234375,644,-1.533984375
0.9459009170532227,645,0.0
0.9478569030761719,646,-0.23203125
0.9493870735168457,647,-0.42539062499999997
0.9506120681762695,648,-0.322265625
0.9517619609832764,649,-0.270703125
0.9528820514678955,650,-0.12890625
0.9539930820465088,651,-0.012890625
0.9550929069519043,652,-0.064453125
0.956186056137085,653,-0.2578125
0.9573550224304199,654,-0.580078125
0.9589791297912598,655,-0.7863281249999999
0.9604589939117432,656,-1.405078125
0.9618740081787109,657,-0.038671874999999994
0.9634130001068115,658,-0.270703125
0.9648630619049072,659,-0.270703125
0.9662449359893799,660,-0.4640625
0.967648983001709,661,-0.37382812499999996
0.9694359302520752,662,-0.2578125
0.9717860221862793,663,0.012890625
0.9733459949493408,664,-0.15468749999999998
0.9748249053955078,665,-0.515625
0.9767880439758301,666,-0.825
0.9785110950469971,667,-1.65
0.979794979095459,668,-0.29648437499999997
0.9809629917144775,669,-0.4640625
0.9821040630340576,670,-0.4125
0.9832100868225098,671,-0.322265625
0.9843261241912842,672,-0.4640625
0.9854269027709961,673,-0.38671875
0.9865279197692871,674,-0.012890625
0.9876480102539062,675,-0.02578125
0.9888560771942139,676,-0.15468749999999998
0.9902729988098145,677,-0.4125
0.9916970729827881,678,-0.6832031249999999
0.9932501316070557,679,-1.147265625
0.9947249889373779,680,-1.65
0.9961090087890625,681,-0.12890625
0.9975430965423584,682,-0.4125
0.9992029666900635,683,-0.30937499999999996
1.0015830993652344,684,-0.20625
1.0031630992889404,685,0.23203125
1.004586935043335,686,-0.0515625
1.0065560340881348,687,-0.20625
1.0083630084991455,688,-0.515625
1.0096919536590576,689,-0.966796875
1.0108520984649658,690,-1.65
1.0119729042053223,691,0.0
1.0130751132965088,692,-0.23203125
1.0141870975494385,693,-0.502734375
1.0152919292449951,694,-0.43828124999999996
1.016395092010498,695,-0.2578125
1.017514944076538,696,-0.4640625
1.0186219215393066,697,-0.37382812499999996
1.0198240280151367,698,-0.02578125
1.0224509239196777,699,-0.02578125
1.0240530967712402,700,-0.141796875
1.0256741046905518,701,-0.502734375
1.0270581245422363,702,-1.26328125
1.0285720825195312,703,0.0
1.0300469398498535,704,-0.167578125
1.0325820446014404,705,-0.37382812499999996
1.034296989440918,706,-0.322265625
1.0357210636138916,707,0.0
1.0378808975219727,708,-0.012890625
1.039707899093628,709,-0.0515625
1.0410919189453125,710,-0.4125
1.0422699451446533,711,-0.6574218749999999
1.0434110164642334,712,-1.3664062499999998
1.0445189476013184,713,-0.5671875
1.045638084411621,714,-0.193359375
1.0467839241027832,715,-0.270703125
1.0479180812835693,716,-0.270703125
1.0490400791168213,717,-0.476953125
1.0502450466156006,718,-0.18046874999999998
1.0516490936279297,719,-0.29648437499999997
1.0531439781188965,720,-0.103125
1.0547621250152588,721,-0.012890625
1.0561859607696533,722,-0.23203125
1.0576350688934326,723,-0.502734375
1.0589849948883057,724,-0.6703125
1.061161994934082,725,-1.405078125
1.063209056854248,726,-0.167578125
1.0646281242370605,727,-0.37382812499999996
1.066356897354126,728,-0.348046875
1.0684309005737305,729,-0.399609375
1.070024013519287,730,0.0515625
1.0712549686431885,731,-0.0515625
1.0724520683288574,732,-0.20625
1.0735890865325928,733,-0.4640625
1.0747110843658447,734,-0.7218749999999999
1.075814962387085,735,-1.0828125
1.0769059658050537,736,-1.5984375
1.0780401229858398,737,0.0
1.07914400100708,738,-0.20625
1.0803511142730713,739,-0.37382812499999996
1.0817971229553223,740,-0.348046875
1.0832180976867676,741,-0.28359375
1.084778070449829,742,-0.322265625
1.0862789154052734,743,-0.12890625
1.0877530574798584,744,-0.012890625
1.0892679691314697,745,-0.15468749999999998
1.090785026550293,746,-0.43828124999999996
1.093256950378418,747,-0.64453125
1.0949959754943848,748,-1.6371093749999999
1.0964570045471191,749,-0.23203125
1.0984570980072021,750,-0.4125
1.1002190113067627,751,-0.24492187499999998
1.1015849113464355,752,-0.4125
1.1027779579162598,753,-0.15468749999999998
1.1041429042816162,754,-0.012890625
1.1053330898284912,755,-0.0515625
1.1064629554748535,756,-0.33515625
1.1075959205627441,757,-0.64453125
1.108741044998169,758,-0.7476562499999999
1.1098999977111816,759,-1.41796875
1.1111609935760498,760,-0.43828124999999996
1.1126480102539062,761,-0.103125
1.1141040325164795,762,-0.2578125
1.115628957748413,763,-0.4125
1.1171140670776367,764,-0.193359375
1.1186819076538086,765,-0.322265625
1.1200909614562988,766,-0.012890625
1.1219520568847656,767,-0.0515625
1.1243901252746582,768,-0.193359375
1.1260371208190918,769,-0.515625
1.1276969909667969,770,-1.4308593749999998
1.1296970844268799,771,0.0
1.1312761306762695,772,-0.21914062499999998
1.1325640678405762,773,-0.451171875
1.1337809562683105,774,-0.2578125
1.1349339485168457,775,-0.2578125
1.1360740661621094,776,-0.103125
1.137200117111206,777,-0.02578125
1.1384050846099854,778,-0.07734374999999999
1.1395230293273926,779,-0.2578125
1.1406209468841553,780,-0.580078125
1.1418468952178955,781,-0.734765625
1.1433041095733643,782,-1.276171875
1.1447350978851318,783,-1.095703125
1.146259069442749,784,-0.18046874999999998
1.1481990814208984,785,-0.37382812499999996
1.1496820449829102,786,-0.451171875
1.1511309146881104,787,-0.24492187499999998
1.1532690525054932,788,-0.141796875
1.1554250717163086,789,-0.012890625
1.1569039821624756,790,-0.20625
1.1585071086883545,791,-0.5671875
1.1605720520019531,792,-1.095703125
1.162153959274292,793,-0.12890625
1.1633989810943604,794,-0.20625
1.1645689010620117,795,-0.4125
1.1657519340515137,796,-0.36093749999999997
1.1668930053710938,797,-0.103125
1.1680231094360352,798,-0.20625
1.1691420078277588,799,-0.167578125
1.1702520847320557,800,-0.02578125
1.1713519096374512,801,-0.0515625
1.1725590229034424,802,-0.322265625
1.1740670204162598,803,-0.580078125
1.1755189895629883,804,-0.7218749999999999
1.1771130561828613,805,-1.41796875
1.1786670684814453,806,-0.012890625
1.1800589561462402,807,-0.193359375
1.1815619468688965,808,-0.38671875
1.1832809448242188,809,-0.30937499999999996
1.1857728958129883,810,-0.23203125
1.1874120235443115,811,0.0
1.1888890266418457,812,-0.0515625
1.1909570693969727,813,-0.399609375
1.1926770210266113,814,-0.6703125
1.193969964981079,815,-1.5082031249999999
1.1951451301574707,816,0.0
1.196274995803833,817,-0.20625
1.1975159645080566,818,-0.43828124999999996
1.1986720561981201,819,-0.502734375
1.199781894683838,820,-0.21914062499999998
1.2009210586547852,821,-0.5285156249999999
1.2020289897918701,822,-0.37382812499999996
1.2032420635223389,823,0.0
1.204643964767456,824,-0.02578125
1.2061738967895508,825,-0.167578125
1.207732915878296,826,-0.48984374999999997
1.2093029022216797,827,-0.6703125
1.2106781005859375,828,-1.5597656249999998
1.2120521068572998,829,-0.07734374999999999
1.213866949081421,830,-0.23203125
1.2167229652404785,831,-0.24492187499999998
1.218277931213379,832,-0.167578125
1.219796895980835,833,0.116015625
1.2219140529632568,834,-0.038671874999999994
1.2235369682312012,835,-0.167578125
1.224808931350708,836,-0.5285156249999999
1.2259800434112549,837,-1.03125
1.2276639938354492,838,-1.611328125
1.2289071083068848,839,-0.103125
1.2303669452667236,840,-0.30937499999999996
1.231532096862793,841,-0.322265625
1.2326629161834717,842,-0.38671875
1.233855962753296,843,-0.36093749999999997
1.2352619171142578,844,-0.43828124999999996
1.2367229461669922,845,-0.116015625
1.2384369373321533,846,-0.116015625
1.2399020195007324,847,-0.20625
1.2412900924682617,848,-0.54140625
1.2426531314849854,849,-0.928125
1.244002103805542,850,-1.611328125
1.2466230392456055,851,0.0
1.2482709884643555,852,-0.399609375
1.249701976776123,853,-0.322265625
1.2514400482177734,854,-0.37382812499999996
1.2534260749816895,855,-0.15468749999999998
1.2548201084136963,856,-0.012890625
1.2560091018676758,857,-0.23203125
1.2571361064910889,858,-0.54140625
1.2583370208740234,859,-0.708984375
1.259469985961914,860,-1.2374999999999998
1.2605819702148438,861,-1.65
1.2617299556732178,862,0.0
1.2628331184387207,863,-0.20625
1.2640321254730225,864,-0.42539062499999997
1.26544189453125,865,-0.4125
1.2668559551239014,866,-0.15468749999999998
1.2684190273284912,867,-0.2578125
1.2699439525604248,868,-0.02578125
1.2713830471038818,869,-0.0515625
1.2728049755096436,870,-0.23203125
1.2744340896606445,871,-0.554296875
1.2769789695739746,872,-0.6703125
1.2787270545959473,873,-1.65
1.280182123184204,874,-0.23203125
1.2822461128234863,875,-0.23203125
