time,count,voltage
0.004214048385620117,1,-0.20625
0.005617856979370117,2,-0.103125
0.0068089962005615234,3,0.0
0.007937908172607422,4,0.012890625
0.009083032608032227,5,-0.012890625
0.01020193099975586,6,-0.193359375
0.01130986213684082,7,-0.30937499999999996
0.012415885925292969,8,-0.631640625
0.013721942901611328,9,-1.2890625
0.01517486572265625,10,-0.12890625
0.01668405532836914,11,0.0
0.018286943435668945,12,-0.07734374999999999
0.020021915435791016,13,-0.15468749999999998
0.02145981788635254,14,-0.193359375
0.022769927978515625,15,-0.0515625
0.02404189109802246,16,0.0
0.025291919708251953,17,-0.012890625
0.026527881622314453,18,-0.0515625
0.04772782325744629,19,-0.2578125
0.049739837646484375,20,-0.348046875
0.05115103721618652,21,-0.167578125
0.052461862564086914,22,-0.322265625
0.05373692512512207,23,-0.15468749999999998
0.05503988265991211,24,-0.23203125
0.05641889572143555,25,-0.0515625
0.057675838470458984,26,0.012890625
0.05892801284790039,27,-0.02578125
0.0601959228515625,28,-0.15468749999999998
0.06145000457763672,29,-0.322265625
0.06269097328186035,30,-0.605859375
0.06394100189208984,31,-1.340625
0.06517291069030762,32,-0.02578125
0.06639695167541504,33,-0.012890625
0.06762003898620605,34,-0.0515625
0.07918691635131836,35,-0.36093749999999997
0.08096098899841309,36,-0.116015625
0.08288383483886719,37,0.0
0.0849459171295166,38,-0.167578125
0.09119486808776855,39,-0.23203125
0.09307098388671875,40,-0.012890625
0.09487104415893555,41,-0.20625
0.09659886360168457,42,-0.4640625
0.0984039306640625,43,-1.405078125
0.10419702529907227,44,0.0
0.10610795021057129,45,-0.02578125
0.10757589340209961,46,0.0
0.10920882225036621,47,-0.012890625
0.11074495315551758,48,-0.15468749999999998
0.11936187744140625,49,-0.21914062499999998
0.12070703506469727,50,-0.476953125
0.12194299697875977,51,-0.322265625
0.12321305274963379,52,-0.012890625
0.12460589408874512,53,0.0
0.12601995468139648,54,-0.0515625
0.12743687629699707,55,-0.2578125
0.12934088706970215,56,-0.20625
0.13516497611999512,57,-1.134375
0.1366739273071289,58,0.0
0.1383810043334961,59,-0.36093749999999997
0.14018797874450684,60,-0.141796875
0.14181184768676758,61,0.0
0.14333796501159668,62,-0.012890625
0.14483904838562012,63,-0.28359375
0.14627504348754883,64,-0.502734375
0.14774298667907715,65,-1.340625
0.1493239402770996,66,0.0
0.1507868766784668,67,-0.116015625
0.15213799476623535,68,-0.270703125
0.15342497825622559,69,-0.193359375
0.15479397773742676,70,-0.42539062499999997
0.1565539836883545,71,-0.193359375
0.15868282318115234,72,0.0
0.16648602485656738,73,-0.012890625
0.16834592819213867,74,-0.15468749999999998
0.1793220043182373,75,-0.20625
0.18088293075561523,76,-1.018359375
0.1824638843536377,77,0.0
0.18398594856262207,78,-0.103125
0.18565702438354492,79,-0.20625
0.18766403198242188,80,-0.23203125
0.19012904167175293,81,-0.18046874999999998
0.19631004333496094,82,0.0
0.1980888843536377,83,-0.928125
0.2004108428955078,84,0.0
0.202239990234375,85,-0.0515625
0.20394492149353027,86,-0.167578125
0.2061479091644287,87,-0.21914062499999998
0.2083418369293213,88,0.0
0.21004199981689453,89,-0.0515625
0.21285104751586914,90,-0.20625
0.21482491493225098,91,-0.928125
0.21695995330810547,92,0.0
0.21898102760314941,93,-0.0515625
0.22045087814331055,94,-0.20625
0.22878098487854004,95,-0.2578125
0.23045086860656738,96,-0.0515625
0.23219585418701172,97,-1.5726562499999999
0.2346630096435547,98,-0.103125
0.23625397682189941,99,-0.2578125
0.23785686492919922,100,-0.30937499999999996
0.2400059700012207,101,-0.167578125
0.2414858341217041,102,0.0
0.24267983436584473,103,-0.012890625
0.24381804466247559,104,-0.28359375
0.24494600296020508,105,-0.322265625
0.24605798721313477,106,-0.8765624999999999
0.2471909523010254,107,-1.4953124999999998
0.24835681915283203,108,-0.02578125
0.24951982498168945,109,-0.0515625
0.25063395500183105,110,-0.09023437499999999
0.25174403190612793,111,-0.2578125
0.25297093391418457,112,-0.12890625
0.254410982131958,113,-0.2578125
0.2558770179748535,114,-0.15468749999999998
0.25746893882751465,115,0.0
0.259052038192749,116,-0.012890625
0.2605729103088379,117,-0.12890625
0.26238298416137695,118,-0.270703125
0.26478099822998047,119,-0.95390625
0.2662808895111084,120,-0.012890625
0.26810789108276367,121,-0.09023437499999999
0.2701239585876465,122,-0.23203125
0.27143287658691406,123,-0.2578125
0.2725958824157715,124,-0.064453125
0.27371883392333984,125,0.012890625
0.27483201026916504,126,-0.012890625
0.275954008102417,127,-0.012890625
0.2770650386810303,128,-0.23203125
0.27823781967163086,129,-0.30937499999999996
0.27938103675842285,130,-0.837890625
0.2804999351501465,131,-1.46953125
0.2816040515899658,132,0.0
0.2826998233795166,133,0.0
0.28386902809143066,134,-0.23203125
0.2852659225463867,135,-0.28359375
0.28672099113464355,136,-0.09023437499999999
0.28832197189331055,137,-0.36093749999999997
0.29001498222351074,138,-0.12890625
0.2915070056915283,139,0.0
0.2929868698120117,140,-0.012890625
0.2953329086303711,141,-0.2578125
0.29717397689819336,142,-0.580078125
0.2985968589782715,143,-0.09023437499999999
0.30061793327331543,144,-0.012890625
0.30233287811279297,145,-0.21914062499999998
0.30359983444213867,146,-0.09023437499999999
0.3047678470611572,147,-0.21914062499999998
0.30590200424194336,148,-0.12890625
0.3070518970489502,149,0.0
0.30822300910949707,150,-0.012890625
0.30936288833618164,151,-0.02578125
0.3104848861694336,152,-0.30937499999999996
0.3115959167480469,153,-0.30937499999999996
0.31269383430480957,154,-0.863671875
0.31386685371398926,155,-1.4953124999999998
0.3152780532836914,156,-0.064453125
0.31672096252441406,157,0.0
0.3183410167694092,158,-0.116015625
0.31984996795654297,159,-0.193359375
0.3212239742279053,160,-0.36093749999999997
0.32262587547302246,161,-0.167578125
0.3249030113220215,162,0.0
0.3268728256225586,163,0.0
0.32834601402282715,164,-0.20625
0.32994699478149414,165,-0.734765625
0.3319230079650879,166,-1.533984375
0.3333768844604492,167,0.0
0.33456993103027344,168,0.0
0.33569884300231934,169,-0.270703125
0.33681797981262207,170,-0.15468749999999998
0.33792591094970703,171,-0.322265625
0.339061975479126,172,-0.21914062499999998
0.340224027633667,173,0.012890625
0.3413510322570801,174,0.0
0.34246301651000977,175,-0.012890625
0.34357285499572754,176,-0.23203125
0.3447599411010742,177,-0.322265625
0.3461298942565918,178,-0.7734375
0.3475940227508545,179,-1.46953125
0.3492398262023926,180,0.0
0.3508260250091553,181,-0.167578125
0.35240983963012695,182,-0.270703125
0.35396504402160645,183,-0.116015625
0.3566410541534424,184,-0.12890625
0.3583528995513916,185,0.012890625
0.3600029945373535,186,-0.012890625
0.362015962600708,187,-0.21914062499999998
0.36339902877807617,188,-0.837890625
0.3646128177642822,189,-1.65
0.36575794219970703,190,0.0
0.3668808937072754,191,-0.2578125
0.3679959774017334,192,-0.193359375
0.3692028522491455,193,-0.15468749999999998
0.3703320026397705,194,-0.399609375
0.371445894241333,195,-0.4125
0.372560977935791,196,-0.23203125
0.3736588954925537,197,-0.012890625
0.3748478889465332,198,-0.012890625
0.37624096870422363,199,-0.02578125
0.3776860237121582,200,-0.2578125
0.3791928291320801,201,-0.33515625
0.38066792488098145,202,-1.2374999999999998
0.38207197189331055,203,0.0
0.3834500312805176,204,-0.02578125
0.3856468200683594,205,-0.116015625
0.38768792152404785,206,-0.116015625
0.3892228603363037,207,0.0515625
0.39098381996154785,208,0.012890625
0.39293503761291504,209,-0.02578125
0.39432501792907715,210,-0.21914062499999998
0.39549994468688965,211,-0.33515625
0.3966398239135742,212,-1.16015625
0.39777302742004395,213,-1.65
0.3989219665527344,214,0.0
0.4000358581542969,215,-0.116015625
0.40114593505859375,216,-0.18046874999999998
0.4022519588470459,217,-0.2578125
0.403350830078125,218,-0.09023437499999999
0.40445685386657715,219,-0.30937499999999996
0.40566086769104004,220,-0.21914062499999998
0.40706396102905273,221,0.0
0.40856289863586426,222,-0.012890625
0.40999388694763184,223,-0.0515625
0.4115028381347656,224,-0.28359375
0.4135289192199707,225,-0.6703125
0.4149458408355713,226,-1.65
0.4170198440551758,227,-0.02578125
0.41927099227905273,228,-0.09023437499999999
0.4207179546356201,229,-0.193359375
0.42278003692626953,230,-0.116015625
0.42447400093078613,231,0.0
0.42571401596069336,232,-0.0515625
0.4268679618835449,233,-0.21914062499999998
0.42800092697143555,234,-0.322265625
0.4295918941497803,235,-0.734765625
0.4312589168548584,236,-1.5082031249999999
0.43266987800598145,237,0.0
0.4340250492095947,238,-0.12890625
0.4353678226470947,239,-0.29648437499999997
0.43687987327575684,240,-0.21914062499999998
0.4387059211730957,241,-0.33515625
0.44052696228027344,242,0.038671874999999994
0.44223785400390625,243,0.0
0.444133996963501,244,-0.103125
0.4458029270172119,245,-0.20625
0.4474778175354004,246,-1.10859375
0.4492640495300293,247,0.0
0.45221996307373047,248,-0.21914062499999998
0.4542360305786133,249,-0.15468749999999998
0.455981969833374,250,0.0
0.4582219123840332,251,0.012890625
0.460446834564209,252,-0.02578125
0.4620380401611328,253,-0.15468749999999998
0.4634549617767334,254,-0.928125
0.46483492851257324,255,-1.65
0.4661839008331299,256,-0.0515625
0.4676480293273926,257,-0.15468749999999998
0.46934986114501953,258,-0.2578125
0.4749879837036133,259,-0.322265625
0.4768388271331787,260,-0.012890625
0.47879600524902344,261,-0.193359375
0.4809708595275879,262,-0.79921875
0.4837808609008789,263,-0.167578125
0.4856250286102295,264,-0.141796875
0.4873008728027344,265,-0.167578125
0.4897899627685547,266,-0.15468749999999998
0.49217700958251953,267,-0.012890625
0.49375295639038086,268,-0.02578125
0.4951510429382324,269,-0.20625
0.49650001525878906,270,-0.8765624999999999
0.4980020523071289,271,-1.6242187499999998
0.49985504150390625,272,0.0
0.5015599727630615,273,-0.012890625
0.5032989978790283,274,-0.193359375
0.5051000118255615,275,-0.193359375
0.5067369937896729,276,0.15468749999999998
0.5084719657897949,277,0.0
0.5101909637451172,278,-0.012890625
0.5124318599700928,279,-0.24492187499999998
0.5151200294494629,280,-0.9152343749999999
0.5170028209686279,281,-0.07734374999999999
0.5187008380889893,282,-0.193359375
0.5205450057983398,283,-0.21914062499999998
0.5228259563446045,284,-0.270703125
0.5248868465423584,285,0.012890625
0.526465892791748,286,-0.012890625
0.5279669761657715,287,-0.20625
0.5298278331756592,288,-0.48984374999999997
0.5314669609069824,289,-1.46953125
0.5330228805541992,290,-0.0515625
0.5348188877105713,291,-0.167578125
0.5363650321960449,292,-0.20625
0.5380558967590332,293,-0.18046874999999998
0.541100025177002,294,-0.02578125
0.5432329177856445,295,-0.012890625
0.5452609062194824,296,-0.20625
0.5473828315734863,297,-0.54140625
0.5490548610687256,298,-0.167578125
0.5504188537597656,299,-0.0515625
0.5516989231109619,300,-0.20625
0.5529539585113525,301,-0.103125
0.5541908740997314,302,-0.28359375
0.5554208755493164,303,-0.21914062499999998
0.5583069324493408,304,0.0
0.5598089694976807,305,-0.012890625
0.5612490177154541,306,-0.23203125
0.5628159046173096,307,-0.4640625
0.5642828941345215,308,-1.3792968749999999
0.5657329559326172,309,0.0
0.5670449733734131,310,-0.116015625
0.5700688362121582,311,-0.29648437499999997
0.5717759132385254,312,-0.2578125
0.5733668804168701,313,0.20625
0.5754189491271973,314,-0.012890625
0.5769729614257812,315,-0.064453125
0.5782668590545654,316,-0.23203125
0.5794329643249512,317,-0.7863281249999999
0.5805809497833252,318,-1.46953125
0.5817079544067383,319,0.012890625
0.5828180313110352,320,-0.012890625
0.5839250087738037,321,-0.12890625
0.58502197265625,322,-0.270703125
0.5861179828643799,323,-0.167578125
0.587216854095459,324,-0.2578125
0.5884099006652832,325,-0.30937499999999996
0.589838981628418,326,-0.09023437499999999
0.5912919044494629,327,0.0
0.5928139686584473,328,-0.02578125
0.5942440032958984,329,-0.2578125
0.5955848693847656,330,-0.37382812499999996
0.5969278812408447,331,-1.1859374999999999
0.5990219116210938,332,-0.064453125
0.6011748313903809,333,0.0
0.6026158332824707,334,-0.20625
0.604485034942627,335,-0.399609375
0.6063828468322754,336,-0.193359375
0.6076679229736328,337,0.012890625
0.6088588237762451,338,-0.012890625
0.6099858283996582,339,-0.167578125
0.6111018657684326,340,-0.30937499999999996
0.6122159957885742,341,-0.605859375
0.6133279800415039,342,-1.276171875
0.6144368648529053,343,-1.65
0.6155359745025635,344,0.0
0.616631031036377,345,-0.23203125
0.6177289485931396,346,-0.167578125
0.6189119815826416,347,-0.20625
0.6203060150146484,348,-0.193359375
0.621755838394165,349,-0.23203125
0.6233048439025879,350,0.012890625
0.6248898506164551,351,0.0
0.6263539791107178,352,-0.02578125
0.6278500556945801,353,-0.20625
0.6301729679107666,354,-0.43828124999999996
0.6320478916168213,355,-1.482421875
0.6338129043579102,356,-0.02578125
0.6358938217163086,357,-0.193359375
0.6374988555908203,358,-0.116015625
0.638869047164917,359,0.038671874999999994
0.6400690078735352,360,0.012890625
0.6412038803100586,361,0.0
0.6423189640045166,362,-0.0515625
0.6434299945831299,363,-0.23203125
0.6445438861846924,364,-0.270703125
0.6456508636474609,365,-0.64453125
0.6467568874359131,366,-1.340625
0.6478588581085205,367,-0.451171875
0.6490540504455566,368,0.0
0.6504528522491455,369,-0.064453125
0.6519229412078857,370,-0.270703125
0.6534249782562256,371,-0.12890625
0.6549818515777588,372,-0.33515625
0.6563758850097656,373,0.0
0.6578469276428223,374,-0.012890625
0.6592888832092285,375,-0.012890625
0.6617598533630371,376,-0.270703125
0.6635990142822266,377,-0.54140625
0.6650409698486328,378,-1.5597656249999998
0.66668701171875,379,0.0
0.668738842010498,380,-0.103125
0.6702799797058105,381,-0.193359375
0.6715290546417236,382,-0.21914062499999998
0.6727340221405029,383,-0.02578125
0.6738770008087158,384,0.012890625
0.6749930381774902,385,-0.012890625
0.6760978698730469,386,-0.02578125
0.677217960357666,387,-0.322265625
0.6783428192138672,388,-0.322265625
0.6795458793640137,389,-0.9410156249999999
0.6809730529785156,390,-1.5984375
0.6824450492858887,391,0.0
0.683992862701416,392,-0.15468749999999998
0.6855819225311279,393,-0.2578125
0.6870348453521729,394,-0.12890625
0.6885960102081299,395,-0.20625
0.6900069713592529,396,0.064453125
0.6923990249633789,397,0.0
0.6943159103393555,398,-0.0515625
0.6957499980926514,399,-0.2578125
0.6973140239715576,400,-1.173046875
0.6993749141693115,401,-0.012890625
0.7009499073028564,402,-0.193359375
0.7022218704223633,403,-0.23203125
0.703402042388916,404,-0.141796875
0.7045328617095947,405,-0.270703125
0.7056539058685303,406,-0.20625
0.7067859172821045,407,0.0
0.7078859806060791,408,0.0
0.7090198993682861,409,-0.012890625
0.7102189064025879,410,-0.24492187499999998
0.711637020111084,411,-0.270703125
0.7130780220031738,412,-0.8507812499999999
0.7146279811859131,413,-1.611328125
0.7161178588867188,414,0.0
0.7175509929656982,415,-0.193359375
0.7191019058227539,416,-0.30937499999999996
0.7213459014892578,417,-0.103125
0.7234599590301514,418,0.07734374999999999
0.7249300479888916,419,0.0
0.726503849029541,420,-0.02578125
0.728518009185791,421,-0.2578125
0.7302079200744629,422,-0.6832031249999999
0.7315158843994141,423,-1.611328125
0.7326939105987549,424,0.0
0.7338459491729736,425,-0.15468749999999998
0.7349989414215088,426,-0.33515625
0.736151933670044,427,-0.09023437499999999
0.7372729778289795,428,-0.322265625
0.7384078502655029,429,-0.30937499999999996
0.7395658493041992,430,-0.0515625
0.7407729625701904,431,0.012890625
0.7421889305114746,432,-0.012890625
0.7437419891357422,433,-0.167578125
0.7452189922332764,434,-0.2578125
0.7467670440673828,435,-0.928125
0.7482168674468994,436,-1.65
0.7498550415039062,437,0.0
0.7519028186798096,438,-0.09023437499999999
0.7542059421539307,439,-0.193359375
0.7557590007781982,440,0.02578125
0.7575700283050537,441,-0.012890625
0.759537935256958,442,-0.02578125
0.760890007019043,443,-0.2578125
0.7620549201965332,444,-0.399609375
0.7631750106811523,445,-1.147265625
0.7643039226531982,446,-1.65
0.7654318809509277,447,0.0
0.7665400505065918,448,-0.0515625
0.7680878639221191,449,-0.012890625
0.7693648338317871,450,-0.103125
0.7705109119415283,451,-0.2578125
0.7717068195343018,452,-0.29648437499999997
0.7731430530548096,453,-0.07734374999999999
0.7746269702911377,454,-0.012890625
0.7761728763580322,455,-0.012890625
0.7776000499725342,456,-0.21914062499999998
0.779059886932373,457,-0.37382812499999996
0.7804930210113525,458,-1.2374999999999998
0.7828309535980225,459,-0.064453125
0.7847628593444824,460,-0.038671874999999994
0.7862808704376221,461,-0.103125
0.7884359359741211,462,-0.2578125
0.7900228500366211,463,0.09023437499999999
0.7912490367889404,464,-0.012890625
0.792395830154419,465,-0.012890625
0.793524980545044,466,-0.24492187499999998
0.794644832611084,467,-0.2578125
0.795745849609375,468,-0.7734375
0.796846866607666,469,-1.405078125
0.7979578971862793,470,0.0
0.7990708351135254,471,-0.0515625
0.8001759052276611,472,-0.141796875
0.8012828826904297,473,-0.21914062499999998
0.8024630546569824,474,-0.12890625
0.8038499355316162,475,-0.37382812499999996
0.8052990436553955,476,-0.322265625
0.8068709373474121,477,-0.012890625
0.8085110187530518,478,0.0
0.810081958770752,479,-0.0515625
0.8116159439086914,480,-0.21914062499999998
0.8141658306121826,481,-0.8121093749999999
0.8158628940582275,482,-0.07734374999999999
0.8174209594726562,483,-0.20625
0.8194818496704102,484,-0.33515625
0.8210248947143555,485,-0.38671875
0.8222620487213135,486,-0.02578125
0.8234069347381592,487,0.012890625
0.8245229721069336,488,0.012890625
0.8256280422210693,489,-0.02578125
0.8267359733581543,490,-0.2578125
0.8278360366821289,491,-0.322265625
0.8289668560028076,492,-0.6832031249999999
0.8300859928131104,493,-1.353515625
0.8311948776245117,494,0.0
0.8322980403900146,495,0.0
0.83347487449646,496,-0.0515625
0.8348639011383057,497,-0.20625
0.8363180160522461,498,-0.15468749999999998
0.8378889560699463,499,-0.24492187499999998
0.8395919799804688,500,-0.09023437499999999
0.8410890102386475,501,-0.012890625
0.842944860458374,502,-0.02578125
0.8454458713531494,503,-0.270703125
0.8470149040222168,504,-0.8507812499999999
0.8486709594726562,505,-0.012890625
0.8507099151611328,506,0.0
0.8520858287811279,507,-0.2578125
0.8532919883728027,508,-0.103125
0.8544328212738037,509,-0.33515625
0.8555519580841064,510,-0.21914062499999998
0.8566949367523193,511,0.012890625
0.857806921005249,512,0.0
0.8589370250701904,513,-0.012890625
0.8600518703460693,514,-0.20625
0.8611619472503662,515,-0.322265625
0.8622639179229736,516,-0.708984375
0.8634328842163086,517,-1.353515625
0.864811897277832,518,0.0
0.8662388324737549,519,-0.02578125
0.8677659034729004,520,-0.103125
0.8698618412017822,521,-0.21914062499999998
0.872230052947998,522,-0.20625
0.8750119209289551,523,0.103125
0.8770029544830322,524,-0.02578125
0.8788800239562988,525,-0.12890625
0.8811109066009521,526,-0.837890625
0.8826358318328857,527,0.012890625
0.8839550018310547,528,-0.15468749999999998
0.8852338790893555,529,-0.2578125
0.8864989280700684,530,-0.103125
0.8877499103546143,531,-0.399609375
0.8890259265899658,532,-0.270703125
0.8904039859771729,533,0.0
0.8916289806365967,534,0.0
0.8974380493164062,535,-0.02578125
0.8995609283447266,536,-0.28359375
0.901573896408081,537,-0.167578125
0.9040029048919678,538,-0.270703125
0.9063639640808105,539,-0.4125
0.9082369804382324,540,0.0
0.9106340408325195,541,-0.02578125
0.912261962890625,542,-0.20625
0.9136018753051758,543,-1.044140625
0.9148769378662109,544,-0.580078125
0.916132926940918,545,-0.012890625
0.9173839092254639,546,-0.167578125
0.9186580181121826,547,-0.29648437499999997
0.9199068546295166,548,-0.012890625
0.9211409091949463,549,-0.38671875
0.9223709106445312,550,-0.20625
0.9236810207366943,551,0.0
0.9252848625183105,552,0.0
0.9268529415130615,553,-0.30937499999999996
0.928480863571167,554,-0.631640625
0.9300439357757568,555,-1.1214843749999999
0.9314548969268799,556,0.0
0.932945966720581,557,-0.103125
0.9352810382843018,558,-0.012890625
0.9372589588165283,559,-0.28359375
0.9387309551239014,560,-0.116015625
0.9411258697509766,561,0.012890625
0.9430429935455322,562,-0.012890625
0.9443528652191162,563,-0.23203125
0.9455478191375732,564,-0.4640625
0.9466769695281982,565,-1.2374999999999998
0.9478018283843994,566,-0.515625
0.9490070343017578,567,-0.02578125
0.9501469135284424,568,-0.20625
0.9512579441070557,569,-0.15468749999999998
0.9523649215698242,570,-0.15468749999999998
0.9534690380096436,571,-0.37382812499999996
0.9546730518341064,572,-0.43828124999999996
0.9561929702758789,573,-0.24492187499999998
0.9577310085296631,574,-0.012890625
0.9593729972839355,575,-0.012890625
0.9609699249267578,576,-0.20625
0.9623780250549316,577,-0.36093749999999997
0.9638078212738037,578,-1.3921875
0.9658520221710205,579,-0.09023437499999999
0.9683599472045898,580,-0.064453125
0.9698739051818848,581,-0.103125
0.9714598655700684,582,-0.36093749999999997
0.97359299659729,583,-0.167578125
0.9751880168914795,584,0.0
0.9764449596405029,585,-0.064453125
0.9776139259338379,586,-0.141796875
0.9788298606872559,587,-0.33515625
0.9799549579620361,588,-1.095703125
0.9811499118804932,589,-1.65
0.9822628498077393,590,0.012890625
0.9833910465240479,591,-0.20625
0.9845809936523438,592,-0.20625
0.9859998226165771,593,-0.064453125
0.9874658584594727,594,-0.30937499999999996
0.989250898361206,595,-0.15468749999999998
0.9908919334411621,596,0.012890625
0.9923629760742188,597,-0.012890625
0.9938838481903076,598,-0.21914062499999998
0.9957869052886963,599,-0.20625
0.9983148574829102,600,-1.03125
1.0002820491790771,601,-0.15468749999999998
1.0017428398132324,602,-0.141796875
1.0035958290100098,603,-0.18046874999999998
1.0056450366973877,604,-0.322265625
1.0071890354156494,605,0.012890625
1.0084688663482666,606,-0.012890625
1.0096349716186523,607,-0.07734374999999999
1.0107660293579102,608,-0.29648437499999997
1.0118889808654785,609,-0.4125
1.013037919998169,610,-1.1214843749999999
1.014173984527588,611,-1.65
1.0153648853302002,612,0.012890625
1.0167829990386963,613,-0.167578125
1.0183098316192627,614,-0.064453125
1.0198910236358643,615,-0.103125
1.021561861038208,616,-0.37382812499999996
1.0230329036712646,617,0.0
1.0245108604431152,618,0.0
1.0261030197143555,619,-0.012890625
1.0286989212036133,620,-0.21914062499999998
1.030344009399414,621,-0.6703125
1.031864881515503,622,-0.02578125
1.0338749885559082,623,-0.064453125
1.0355720520019531,624,-0.18046874999999998
1.0368659496307373,625,-0.103125
1.0380969047546387,626,-0.193359375
1.0393550395965576,627,-0.0515625
1.0405278205871582,628,0.012890625
1.0416479110717773,629,-0.02578125
1.0427520275115967,630,-0.07734374999999999
1.043855905532837,631,-0.2578125
1.0449860095977783,632,-0.2578125
1.046217918395996,633,-0.992578125
1.0476808547973633,634,-1.5984375
1.049144983291626,635,0.0
1.050968885421753,636,-0.15468749999999998
1.0524909496307373,637,-0.20625
1.0539088249206543,638,-0.36093749999999997
1.0554099082946777,639,-0.21914062499999998
1.0573039054870605,640,0.012890625
1.0596590042114258,641,0.0
1.061288833618164,642,-0.20625
1.0629479885101318,643,-0.515625
1.0649728775024414,644,-1.3921875
1.066525936126709,645,-0.038671874999999994
1.067781925201416,646,-0.23203125
1.0689778327941895,647,-0.270703125
1.0701868534088135,648,-0.2578125
1.071315050125122,649,-0.30937499999999996
1.072458028793335,650,-0.18046874999999998
1.0735909938812256,651,-0.012890625
1.0746970176696777,652,-0.012890625
1.0757930278778076,653,-0.02578125
1.0769848823547363,654,-0.30937499999999996
1.0784859657287598,655,-0.270703125
1.0799469947814941,656,-0.95390625
1.0815088748931885,657,-1.65
1.0830199718475342,658,0.012890625
1.0844709873199463,659,-0.02578125
1.0859730243682861,660,-0.2578125
1.087838888168335,661,-0.322265625
1.0904288291931152,662,-0.18046874999999998
1.0919530391693115,663,-0.012890625
1.0937108993530273,664,-0.103125
1.0957598686218262,665,-0.270703125
1.0972280502319336,666,-1.134375
1.0984609127044678,667,-0.631640625
1.0996220111846924,668,-0.064453125
1.1007869243621826,669,-0.09023437499999999
