time,count,voltage
0.005575895309448242,1,-1.3664062499999998
0.007169008255004883,2,-0.103125
0.008644819259643555,3,-0.116015625
0.010053873062133789,4,-0.21914062499999998
0.011565923690795898,5,-0.012890625
0.012954950332641602,6,-0.20625
0.014307975769042969,7,-0.012890625
0.015752792358398438,8,0.012890625
0.017161846160888672,9,-0.012890625
0.02694082260131836,10,-0.20625
0.028502941131591797,11,-0.0515625
0.029973983764648438,12,-0.09023437499999999
0.031488895416259766,13,0.0
0.032852888107299805,14,-0.012890625
0.0518949031829834,15,-0.012890625
0.0540008544921875,16,-0.0515625
0.06538081169128418,17,-1.03125
0.06696701049804688,18,-0.012890625
0.06841588020324707,19,-0.167578125
0.06980085372924805,20,-0.12890625
0.07118892669677734,21,-0.837890625
0.07254600524902344,22,-1.611328125
0.07388186454772949,23,-0.0515625
0.07520794868469238,24,-0.193359375
0.07656097412109375,25,-0.2578125
0.07793188095092773,26,-0.02578125
0.0792689323425293,27,-0.348046875
0.08062195777893066,28,-0.193359375
0.08205580711364746,29,0.0
0.08372092247009277,30,-0.02578125
0.08545088768005371,31,-0.167578125
0.08711481094360352,32,-0.103125
0.08896279335021973,33,-1.0570312499999999
0.09070086479187012,34,-0.116015625
0.09237098693847656,35,-0.2578125
0.09405183792114258,36,-0.23203125
0.09607481956481934,37,-0.29648437499999997
0.09887385368347168,38,-0.07734374999999999
0.1007540225982666,39,-0.012890625
0.10234785079956055,40,-0.20625
0.10430288314819336,41,-0.30937499999999996
0.10659289360046387,42,-1.3019531249999998
0.10840702056884766,43,0.0
0.1099088191986084,44,-0.23203125
0.1114358901977539,45,-0.07734374999999999
0.11296200752258301,46,-0.28359375
0.11469793319702148,47,-0.02578125
0.11641979217529297,48,-0.012890625
0.11809802055358887,49,-0.0515625
0.11993002891540527,50,-0.167578125
0.12182188034057617,51,-0.825
0.12354683876037598,52,-0.322265625
0.12527990341186523,53,-0.0515625
0.12717080116271973,54,-0.21914062499999998
0.13012194633483887,55,-0.02578125
0.13225698471069336,56,0.399609375
0.13391590118408203,57,-0.02578125
0.13553786277770996,58,-0.23203125
0.1376039981842041,59,-0.20625
0.13978791236877441,60,-1.26328125
0.14172697067260742,61,-0.02578125
0.14316987991333008,62,-0.21914062499999998
0.14461898803710938,63,-0.12890625
0.14609384536743164,64,-0.399609375
0.14778399467468262,65,-0.103125
0.1493549346923828,66,-0.012890625
0.15091896057128906,67,-0.012890625
0.15242981910705566,68,-0.20625
0.1547698974609375,69,-0.38671875
0.15687179565429688,70,-1.405078125
0.1583080291748047,71,-0.116015625
0.16031885147094727,72,-0.167578125
0.16210389137268066,73,-0.18046874999999998
0.1634387969970703,74,0.0
0.16464900970458984,75,0.0
0.16581082344055176,76,0.0
0.1669139862060547,77,-0.064453125
0.16802000999450684,78,-0.20625
0.16911792755126953,79,-0.18046874999999998
0.17029690742492676,80,-0.5929687499999999
0.17145085334777832,81,-1.2503906249999999
0.172576904296875,82,-1.044140625
0.17375779151916504,83,-0.038671874999999994
0.17514491081237793,84,-0.23203125
0.17659687995910645,85,-0.2578125
0.17814183235168457,86,-0.103125
0.17965197563171387,87,-0.30937499999999996
0.18108892440795898,88,-0.012890625
0.18252992630004883,89,0.0
0.18426895141601562,90,-0.02578125
0.18658995628356934,91,-0.2578125
0.18805694580078125,92,-0.734765625
0.18944787979125977,93,-1.65
0.19098591804504395,94,-0.0515625
0.1928999423980713,95,-0.02578125
0.19466280937194824,96,-0.09023437499999999
0.19602394104003906,97,-0.33515625
0.19720697402954102,98,-0.09023437499999999
0.1983499526977539,99,0.0
0.19945979118347168,100,-0.02578125
0.2005908489227295,101,-0.038671874999999994
0.2017068862915039,102,-0.2578125
0.2028059959411621,103,-0.167578125
0.20398592948913574,104,-0.7863281249999999
0.20540499687194824,105,-1.4437499999999999
0.20685982704162598,106,0.0
0.20832395553588867,107,-0.103125
0.20988202095031738,108,-0.167578125
0.21132397651672363,109,0.0
0.21276402473449707,110,-0.29648437499999997
0.2142348289489746,111,-0.07734374999999999
0.21651601791381836,112,0.0
0.21842098236083984,113,-0.012890625
0.21987485885620117,114,-0.09023437499999999
0.22145485877990723,115,-0.837890625
0.22341084480285645,116,-1.6242187499999998
0.2250659465789795,117,-0.012890625
0.22635197639465332,118,-0.20625
0.22753000259399414,119,-0.12890625
0.2286839485168457,120,-0.48984374999999997
0.22982096672058105,121,-0.4125
0.23098397254943848,122,-0.012890625
0.23209786415100098,123,-0.012890625
0.23319792747497559,124,-0.0515625
0.2343769073486328,125,-0.103125
0.23577284812927246,126,-0.2578125
0.2372448444366455,127,-0.451171875
0.23871088027954102,128,-1.3019531249999998
0.24029994010925293,129,-0.0515625
0.24176883697509766,130,-0.18046874999999998
0.2431960105895996,131,-0.20625
0.24460101127624512,132,-0.20625
0.24675798416137695,133,-0.399609375
0.24879097938537598,134,0.0
0.25029993057250977,135,-0.02578125
0.25188684463500977,136,-0.167578125
0.25383591651916504,137,-0.167578125
0.2554919719696045,138,-1.0570312499999999
0.2567899227142334,139,-0.064453125
0.2579679489135742,140,-0.116015625
0.25910401344299316,141,-0.167578125
0.26028895378112793,142,-0.103125
0.26143884658813477,143,-0.20625
0.2625589370727539,144,-0.28359375
0.26366090774536133,145,-0.20625
0.2648499011993408,146,0.012890625
0.266251802444458,147,0.0
0.2677018642425537,148,-0.02578125
0.2692089080810547,149,-0.167578125
0.27077794075012207,150,-0.4125
0.272324800491333,151,-1.340625
0.2738018035888672,152,0.0
0.2751469612121582,153,-0.15468749999999998
0.2773408889770508,154,-0.270703125
0.27943992614746094,155,-0.0515625
0.2809879779815674,156,0.30937499999999996
0.2826049327850342,157,0.0
0.28455686569213867,158,-0.012890625
0.2861349582672119,159,-0.18046874999999998
0.28739500045776367,160,-0.64453125
0.28856682777404785,161,-1.4308593749999998
0.28969883918762207,162,0.0
0.29082489013671875,163,-0.0515625
0.2919328212738037,164,0.0
0.29303789138793945,165,-0.348046875
0.29414987564086914,166,-0.103125
0.2953329086303711,167,-0.4640625
0.2967360019683838,168,-0.37382812499999996
0.2982368469238281,169,0.012890625
0.29976701736450195,170,0.0
0.30135393142700195,171,-0.038671874999999994
0.3028249740600586,172,-0.167578125
0.3042888641357422,173,-0.6703125
0.3056468963623047,174,-1.482421875
0.3076348304748535,175,-0.012890625
0.309783935546875,176,-0.141796875
0.31129980087280273,177,-0.12890625
0.31276488304138184,178,-0.348046875
0.314769983291626,179,-0.12890625
0.3164968490600586,180,-0.012890625
0.3178069591522217,181,-0.0515625
0.31897592544555664,182,-0.20625
0.3201119899749756,183,-0.42539062499999997
0.3213229179382324,184,-1.16015625
0.3224818706512451,185,-1.65
0.3236370086669922,186,-0.0515625
0.32475781440734863,187,-0.167578125
0.325955867767334,188,-0.20625
0.3273499011993408,189,-0.09023437499999999
0.32881784439086914,190,-0.29648437499999997
0.3304579257965088,191,-0.18046874999999998
0.3320319652557373,192,-0.012890625
0.3335227966308594,193,-0.02578125
0.3349878787994385,194,-0.141796875
0.33640480041503906,195,-0.12890625
0.33863186836242676,196,-0.8507812499999999
0.34063196182250977,197,-1.65
0.34207987785339355,198,-0.193359375
0.3435988426208496,199,-0.15468749999999998
0.34555983543395996,200,-0.0515625
0.347261905670166,201,0.038671874999999994
0.34857702255249023,202,0.012890625
0.34975290298461914,203,-0.0515625
0.3509178161621094,204,-0.103125
0.352031946182251,205,-0.193359375
0.3531498908996582,206,-0.28359375
0.35425400733947754,207,-1.03125
0.35535287857055664,208,-1.5984375
0.3565378189086914,209,0.0
0.3579080104827881,210,-0.0515625
0.35936594009399414,211,-0.116015625
0.3609797954559326,212,-0.103125
0.36252880096435547,213,-0.167578125
0.3640129566192627,214,0.0
0.3654618263244629,215,0.0
0.3667948246002197,216,-0.012890625
0.36896800994873047,217,-0.193359375
0.3710808753967285,218,-0.064453125
0.37255382537841797,219,-1.340625
0.37403392791748047,220,-0.064453125
0.37595200538635254,221,-0.18046874999999998
0.3776259422302246,222,-0.193359375
0.3794867992401123,223,-0.193359375
0.3808310031890869,224,0.116015625
0.3820078372955322,225,-0.012890625
0.38314199447631836,226,-0.012890625
0.3842618465423584,227,-0.103125
0.3853750228881836,228,-0.2578125
0.38657283782958984,229,-0.33515625
0.38797783851623535,230,-1.044140625
0.389448881149292,231,-1.65
0.3910059928894043,232,-0.064453125
0.39258384704589844,233,0.0
0.3940279483795166,234,-0.02578125
0.39545202255249023,235,-0.322265625
0.4029369354248047,236,-0.21914062499999998
0.40490102767944336,237,-0.43828124999999996
0.4073789119720459,238,-1.585546875
0.4087338447570801,239,-0.064453125
0.4099140167236328,240,-0.167578125
0.41106486320495605,241,-0.064453125
0.41220879554748535,242,-0.37382812499999996
0.4133458137512207,243,-0.29648437499999997
0.41445493698120117,244,0.0
0.415543794631958,245,0.012890625
0.4167490005493164,246,-0.012890625
0.4181478023529053,247,-0.15468749999999998
0.41959285736083984,248,-0.18046874999999998
0.4212520122528076,249,-0.7863281249999999
0.4227898120880127,250,-1.6242187499999998
0.424130916595459,251,-0.038671874999999994
0.42544984817504883,252,0.0
0.42706894874572754,253,-0.20625
0.4295070171356201,254,-0.064453125
0.4312148094177246,255,0.322265625
0.43282079696655273,256,0.0
0.4348878860473633,257,-0.012890625
0.4363110065460205,258,-0.0515625
0.43749499320983887,259,-0.79921875
0.4386258125305176,260,-1.46953125
0.4397308826446533,261,-0.038671874999999994
0.4408550262451172,262,-0.09023437499999999
0.44195985794067383,263,-0.064453125
0.4430580139160156,264,-0.29648437499999997
0.44415998458862305,265,-0.012890625
0.4452519416809082,266,-0.4125
0.4463388919830322,267,-0.38671875
0.4475369453430176,268,-0.07734374999999999
0.44896483421325684,269,-0.012890625
0.4504859447479248,270,-0.02578125
0.4520399570465088,271,-0.20625
0.45352602005004883,272,-0.07734374999999999
0.4548327922821045,273,-1.044140625
0.45615100860595703,274,-1.3019531249999998
0.45809197425842285,275,0.0
0.4601709842681885,276,-0.02578125
0.4617748260498047,277,-0.09023437499999999
0.46350693702697754,278,-0.064453125
0.4655020236968994,279,0.0
0.466890811920166,280,-0.012890625
0.468080997467041,281,-0.21914062499999998
0.46924281120300293,282,-0.20625
0.4703969955444336,283,-0.6832031249999999
0.4715108871459961,284,-1.340625
0.4726078510284424,285,0.0
0.4736948013305664,286,-0.038671874999999994
0.47478199005126953,287,-0.141796875
0.4758789539337158,288,-0.20625
0.4769728183746338,289,-0.116015625
0.47814393043518066,290,-0.322265625
0.4795238971710205,291,-0.4125
0.48105287551879883,292,-0.167578125
0.48259496688842773,293,0.0
0.48409080505371094,294,-0.012890625
0.48540687561035156,295,-0.21914062499999998
0.48679089546203613,296,-0.2578125
0.48888683319091797,297,-1.095703125
0.4909989833831787,298,-0.02578125
0.49243879318237305,299,0.0
0.4940299987792969,300,-0.12890625
0.4960060119628906,301,-0.348046875
0.49750590324401855,302,-0.20625
0.4987328052520752,303,0.0
0.4998810291290283,304,-0.012890625
0.5010108947753906,305,-0.116015625
0.5021510124206543,306,-0.193359375
0.5032758712768555,307,-0.37382812499999996
0.5043919086456299,308,-1.10859375
0.5054879188537598,309,-1.65
0.5065708160400391,310,0.0
0.5076508522033691,311,-0.02578125
0.5088539123535156,312,-0.0515625
0.5102930068969727,313,-0.15468749999999998
0.5117659568786621,314,-0.103125
0.5133349895477295,315,-0.116015625
0.5148940086364746,316,0.0
0.5162739753723145,317,-0.012890625
0.5176889896392822,318,-0.0515625
0.5194239616394043,319,-0.167578125
0.5217609405517578,320,-0.399609375
0.523338794708252,321,-1.65
0.5247259140014648,322,-0.103125
0.5266079902648926,323,-0.167578125
0.5284438133239746,324,-0.09023437499999999
0.5297930240631104,325,-0.103125
0.5309789180755615,326,0.038671874999999994
0.5321898460388184,327,0.012890625
0.5333378314971924,328,-0.012890625
0.534451961517334,329,-0.193359375
0.5355668067932129,330,-0.20625
0.53666090965271,331,-0.4125
0.5377509593963623,332,-1.134375
0.5389328002929688,333,-1.65
0.5403978824615479,334,0.0
0.5418508052825928,335,-0.167578125
0.5434129238128662,336,-0.30937499999999996
0.5449299812316895,337,-0.02578125
0.5463569164276123,338,-0.193359375
0.5477638244628906,339,0.0515625
0.5491378307342529,340,0.012890625
0.5516579151153564,341,-0.012890625
0.5535008907318115,342,-0.167578125
0.5548880100250244,343,-0.992578125
0.5566368103027344,344,-0.928125
0.5585439205169678,345,-0.0515625
0.5599498748779297,346,-0.23203125
0.5611448287963867,347,-0.103125
0.562283992767334,348,-0.33515625
0.5634019374847412,349,-0.23203125
0.5645458698272705,350,0.012890625
0.565666913986206,351,-0.012890625
0.5667679309844971,352,-0.012890625
0.5678579807281494,353,-0.20625
0.5690298080444336,354,-0.2578125
0.570497989654541,355,-0.5671875
0.5719377994537354,356,-1.2890625
0.5734720230102539,357,-0.02578125
0.574955940246582,358,-0.103125
0.5763399600982666,359,-0.167578125
0.5777008533477783,360,-0.167578125
0.5790729522705078,361,-0.451171875
0.5817890167236328,362,-0.270703125
0.5834310054779053,363,0.012890625
0.5847809314727783,364,-0.116015625
0.5865988731384277,365,-0.167578125
0.588454008102417,366,-0.825
0.5898239612579346,367,-0.167578125
0.5910089015960693,368,-0.09023437499999999
0.5921509265899658,369,-0.103125
0.5932629108428955,370,-0.18046874999999998
0.5943698883056641,371,-0.064453125
0.5954709053039551,372,-0.37382812499999996
0.596580982208252,373,-0.322265625
0.5976788997650146,374,0.0
0.5987658500671387,375,0.012890625
0.5999369621276855,376,-0.0515625
0.6013469696044922,377,-0.167578125
0.6027898788452148,378,-0.15468749999999998
0.6043288707733154,379,-0.7218749999999999
0.6058549880981445,380,-1.4953124999999998
0.6072449684143066,381,0.0
0.6086099147796631,382,-0.15468749999999998
0.6100988388061523,383,-0.270703125
0.6126987934112549,384,-0.141796875
0.6143689155578613,385,0.15468749999999998
0.6157219409942627,386,0.012890625
0.6175298690795898,387,-0.02578125
0.6193850040435791,388,-0.21914062499999998
0.6208498477935791,389,-0.476953125
0.622035026550293,390,-1.41796875
0.6231667995452881,391,0.0
0.6242709159851074,392,-0.07734374999999999
0.6253747940063477,393,-0.0515625
0.6264619827270508,394,-0.2578125
0.627551794052124,395,-0.07734374999999999
0.6286509037017822,396,-0.42539062499999997
0.6297988891601562,397,-0.37382812499999996
0.6310379505157471,398,-0.012890625
0.6324329376220703,399,0.0
0.6338648796081543,400,-0.012890625
0.6354069709777832,401,-0.24492187499999998
0.6369509696960449,402,-0.103125
0.6383318901062012,403,-1.095703125
0.6396958827972412,404,0.0
0.6412467956542969,405,-0.0515625
0.6437318325042725,406,-0.12890625
0.645399808883667,407,-0.193359375
0.6468508243560791,408,0.012890625
0.6487128734588623,409,0.012890625
0.6505618095397949,410,-0.012890625
0.6519088745117188,411,-0.20625
0.6530799865722656,412,-0.167578125
0.6542057991027832,413,-0.928125
0.6553139686584473,414,-1.5597656249999998
0.656425952911377,415,0.012890625
0.6575148105621338,416,-0.09023437499999999
0.6586039066314697,417,-0.038671874999999994
0.6597039699554443,418,-0.20625
0.6608219146728516,419,-0.116015625
0.6619977951049805,420,-0.476953125
0.6633999347686768,421,-0.399609375
0.6648428440093994,422,0.012890625
0.6663649082183838,423,0.012890625
0.6678638458251953,424,-0.038671874999999994
0.669287919998169,425,-0.167578125
0.6707289218902588,426,-0.580078125
0.6720848083496094,427,-1.353515625
0.6743597984313965,428,0.0
0.6761889457702637,429,-0.167578125
0.6777169704437256,430,-0.12890625
0.6795167922973633,431,-0.4125
0.6814408302307129,432,-0.103125
0.6828148365020752,433,-0.012890625
0.683992862701416,434,-0.02578125
0.6851258277893066,435,-0.20625
0.6862409114837646,436,-0.15468749999999998
0.6873519420623779,437,-0.8765624999999999
0.6884608268737793,438,-1.46953125
0.6895499229431152,439,0.0
0.6907148361206055,440,0.0
0.6918199062347412,441,-0.02578125
0.692997932434082,442,-0.2578125
0.6943860054016113,443,-0.103125
0.6958358287811279,444,-0.37382812499999996
0.6978569030761719,445,-0.167578125
0.699394941329956,446,0.0
0.7008998394012451,447,-0.012890625
0.7023308277130127,448,-0.193359375
0.7042219638824463,449,-0.33515625
0.7065019607543945,450,-1.224609375
0.7079808712005615,451,0.0
0.7095057964324951,452,-0.23203125
0.7114830017089844,453,-0.064453125
0.7131710052490234,454,-0.322265625
0.714453935623169,455,0.012890625
0.7156038284301758,456,0.012890625
0.7167308330535889,457,-0.012890625
0.7178540229797363,458,-0.21914062499999998
0.7189598083496094,459,-0.2578125
0.7200589179992676,460,-0.502734375
0.7212409973144531,461,-1.198828125
0.7223629951477051,462,-1.65
0.7235429286956787,463,0.0
0.7249150276184082,464,-0.12890625
0.7263519763946533,465,-0.193359375
0.7279269695281982,466,-0.116015625
0.7295207977294922,467,-0.38671875
0.7310760021209717,468,-0.02578125
0.7325839996337891,469,-0.012890625
0.7343108654022217,470,0.0
0.7366838455200195,471,-0.24492187499999998
0.7382500171661377,472,-0.760546875
0.7396829128265381,473,-0.515625
0.7415440082550049,474,-0.0515625
0.7433469295501709,475,-0.09023437499999999
0.7446558475494385,476,-0.09023437499999999
0.7458088397979736,477,-0.29648437499999997
0.7469298839569092,478,-0.167578125
0.7480418682098389,479,0.012890625
0.749147891998291,480,-0.012890625
0.7503340244293213,481,-0.012890625
0.7514569759368896,482,-0.20625
0.7525618076324463,483,-0.20625
0.7537498474121094,484,-0.734765625
0.7551529407501221,485,-1.3664062499999998
0.7566189765930176,486,-0.02578125
0.7581310272216797,487,-0.193359375
0.7596709728240967,488,-0.116015625
0.7611129283905029,489,-0.09023437499999999
0.7625229358673096,490,-0.399609375
0.7641749382019043,491,-0.20625
0.766638994216919,492,0.012890625
0.7682127952575684,493,-0.064453125
0.7696268558502197,494,-0.064453125
0.7715048789978027,495,-0.7863281249999999
0.7733910083770752,496,-1.6371093749999999
0.7746939659118652,497,-0.116015625
0.7758958339691162,498,-0.20625
0.7770378589630127,499,0.0
0.7781469821929932,500,-0.322265625
0.7792568206787109,501,-0.38671875
0.7803888320922852,502,-0.2578125
0.7815029621124268,503,0.0
0.7826108932495117,504,-0.012890625
0.7838108539581299,505,-0.012890625
0.7852089405059814,506,-0.23203125
0.7866430282592773,507,-0.07734374999999999
0.7881889343261719,508,-0.992578125
0.7897088527679443,509,-1.65
0.791126012802124,510,0.0
0.7924888134002686,511,-0.103125
0.7939109802246094,512,-0.103125
0.7964119911193848,513,-0.33515625
0.7981038093566895,514,0.116015625
0.7994658946990967,515,-0.012890625
0.8013598918914795,516,-0.0515625
0.8032069206237793,517,-0.167578125
0.8045799732208252,518,-0.889453125
0.8057539463043213,519,-1.65
0.8068728446960449,520,-0.012890625
0.8082928657531738,521,-0.103125
0.8094329833984375,522,-0.2578125
0.8105688095092773,523,-0.09023437499999999
0.8116858005523682,524,-0.270703125
0.8127918243408203,525,-0.33515625
0.8140099048614502,526,-0.15468749999999998
0.8154418468475342,527,0.0
0.8168718814849854,528,-0.02578125
0.8183999061584473,529,-0.24492187499999998
0.819929838180542,530,-0.167578125
0.8213868141174316,531,-0.928125
0.8227739334106445,532,-1.65
0.8244459629058838,533,-0.02578125
0.8267998695373535,534,0.0
0.8283607959747314,535,-0.167578125
0.8298389911651611,536,-0.167578125
0.8318138122558594,537,0.09023437499999999
0.8335340023040771,538,-0.012890625
0.8348219394683838,539,-0.167578125
0.835986852645874,540,-0.141796875
0.837116003036499,541,-0.734765625
0.8382279872894287,542,-1.3664062499999998
0.8394060134887695,543,-0.141796875
0.8405478000640869,544,0.0
0.8416459560394287,545,-0.141796875
0.842749834060669,546,-0.28359375
0.8439598083496094,547,-0.116015625
0.8453710079193115,548,-0.2578125
0.846855878829956,549,-0.24492187499999998
0.8483819961547852,550,0.012890625
0.8498539924621582,551,0.0
0.8512718677520752,552,-0.116015625
0.8527138233184814,553,-0.12890625
0.8541278839111328,554,-0.64453125
0.8565869331359863,555,-1.4308593749999998
0.8582429885864258,556,0.0
0.8595960140228271,557,-0.24492187499999998
0.8613929748535156,558,-0.012890625
0.8633339405059814,559,-0.322265625
0.8646960258483887,560,0.012890625
0.8658568859100342,561,-0.012890625
0.8669779300689697,562,-0.02578125
0.8680868148803711,563,-0.23203125
0.869189977645874,564,-0.167578125
0.8703889846801758,565,-0.69609375
0.8715159893035889,566,-1.340625
0.8726170063018799,567,-0.18046874999999998
0.873715877532959,568,-0.103125
0.8748869895935059,569,-0.20625
0.8762879371643066,570,-0.29648437499999997
0.8777580261230469,571,-0.15468749999999998
0.8793418407440186,572,-0.399609375
0.8809909820556641,573,-0.116015625
0.8824019432067871,574,0.012890625
0.883793830871582,575,-0.012890625
0.8853750228881836,576,-0.23203125
0.8878219127655029,577,-0.09023437499999999
0.8894238471984863,578,-1.327734375
0.8908779621124268,579,-0.09023437499999999
0.8927450180053711,580,-0.012890625
0.8946099281311035,581,-0.15468749999999998
0.8959798812866211,582,-0.322265625
0.89717698097229,583,-0.0515625
0.8983078002929688,584,-0.012890625
0.899420976638794,585,-0.02578125
0.900540828704834,586,-0.0515625
0.9016528129577637,587,-0.30937499999999996
0.902756929397583,588,-0.193359375
0.9038529396057129,589,-0.825
0.9050350189208984,590,-1.456640625
0.9064388275146484,591,-0.02578125
0.9078528881072998,592,-0.012890625
0.9094069004058838,593,-0.167578125
0.9110188484191895,594,-0.193359375
0.9124288558959961,595,-0.33515625
0.9138360023498535,596,-0.167578125
0.9154419898986816,597,0.012890625
0.9179239273071289,598,-0.02578125
0.9195208549499512,599,-0.18046874999999998
0.9210128784179688,600,-0.7476562499999999
0.9228768348693848,601,-1.5726562499999999
0.9246649742126465,602,-0.012890625
0.9259858131408691,603,-0.167578125
0.9271588325500488,604,-0.07734374999999999
0.9282898902893066,605,-0.270703125
0.9294068813323975,606,-0.348046875
0.930548906326294,607,-0.20625
0.9316599369049072,608,0.012890625
0.932765007019043,609,0.0
0.9338538646697998,610,-0.0515625
0.9350428581237793,611,-0.21914062499999998
0.9364378452301025,612,-0.167578125
0.937971830368042,613,-0.889453125
0.9395248889923096,614,-1.65
0.9410848617553711,615,-0.038671874999999994
0.9425168037414551,616,-0.0515625
0.9439048767089844,617,-0.141796875
0.9452798366546631,618,-0.270703125
0.9478108882904053,619,-0.20625
0.9495148658752441,620,0.0
0.9510068893432617,621,-0.0515625
0.9527850151062012,622,-0.12890625
0.9546308517456055,623,-0.502734375
0.9559948444366455,624,-1.5597656249999998
0.957165002822876,625,0.0
0.9582788944244385,626,-0.12890625
0.9593849182128906,627,-0.30937499999999996
0.9605088233947754,628,0.0
0.9616289138793945,629,-0.2578125
0.9627230167388916,630,-0.322265625
0.963810920715332,631,-0.193359375
0.965008020401001,632,-0.012890625
0.9664149284362793,633,-0.012890625
0.9678399562835693,634,-0.09023437499999999
0.9693558216094971,635,-0.20625
0.9709978103637695,636,-0.580078125
0.9723758697509766,637,-1.533984375
0.9737129211425781,638,0.0
0.9750888347625732,639,-0.15468749999999998
0.9775497913360596,640,-0.29648437499999997
0.9792768955230713,641,-0.33515625
0.9806628227233887,642,0.09023437499999999
0.9825189113616943,643,0.012890625
0.9843888282775879,644,-0.012890625
0.9857490062713623,645,-0.193359375
0.9869158267974854,646,-0.502734375
0.988048791885376,647,-1.2374999999999998
0.9891788959503174,648,-0.6703125
0.9903578758239746,649,-0.064453125
0.9914748668670654,650,-0.02578125
0.9925777912139893,651,-0.2578125
0.9936778545379639,652,-0.103125
0.9947710037231445,653,-0.36093749999999997
0.9959568977355957,654,-0.4125
0.9973537921905518,655,-0.23203125
0.9988019466400146,656,0.0
1.0004029273986816,657,-0.012890625
1.0019659996032715,658,-0.20625
1.0034098625183105,659,-0.167578125
1.0048089027404785,660,-1.03125
1.006269931793213,661,-0.889453125
1.0086967945098877,662,-0.012890625
1.010429859161377,663,-0.23203125
1.0118110179901123,664,-0.37382812499999996
1.0136749744415283,665,-0.270703125
1.0155320167541504,666,0.012890625
1.0168859958648682,667,-0.012890625
1.0184788703918457,668,-0.193359375
1.0196588039398193,669,-0.116015625
1.0208728313446045,670,-0.8765624999999999
1.022007942199707,671,-1.546875
1.023123025894165,672,0.0
1.0242228507995605,673,-0.103125
1.0253210067749023,674,-0.0515625
1.0264949798583984,675,-0.15468749999999998
1.027876853942871,676,-0.103125
1.029317855834961,677,-0.322265625
1.0308640003204346,678,-0.103125
1.032378911972046,679,0.0
1.0337707996368408,680,-0.02578125
1.035193920135498,681,-0.21914062499999998
1.0370028018951416,682,-0.064453125
1.0393688678741455,683,-0.95390625
1.0410048961639404,684,-0.20625
1.042464017868042,685,-0.167578125
1.0444419384002686,686,-0.103125
1.0462009906768799,687,-0.12890625
1.0474979877471924,688,0.21914062499999998
1.0486738681793213,689,-0.012890625
1.0498008728027344,690,-0.02578125
1.050935983657837,691,-0.12890625
1.0520508289337158,692,-0.2578125
1.0531539916992188,693,-0.348046875
1.0542659759521484,694,-1.0828125
1.0553629398345947,695,-1.65
1.0565338134765625,696,0.0
1.0578999519348145,697,-0.064453125
1.059351921081543,698,-0.103125
1.060973882675171,699,-0.103125
1.06253981590271,700,-0.18046874999999998
1.0639729499816895,701,0.0
1.065368890762329,702,0.0
1.0668540000915527,703,-0.012890625
1.0693609714508057,704,-0.20625
1.071084976196289,705,-0.38671875
1.0724530220031738,706,-1.533984375
1.0742390155792236,707,-0.0515625
1.0760798454284668,708,-0.064453125
1.0774359703063965,709,-0.09023437499999999
1.0786199569702148,710,-0.399609375
1.0797410011291504,711,-0.33515625
1.0808689594268799,712,0.0
1.0819668769836426,713,0.0
1.0830588340759277,714,-0.012890625
1.0841658115386963,715,-0.116015625
1.0852699279785156,716,-0.2578125
1.086366891860962,717,-0.33515625
1.08754301071167,718,-1.03125
1.0889308452606201,719,-1.6371093749999999
1.0904269218444824,720,0.0
1.0919508934020996,721,-0.167578125
1.0934529304504395,722,-0.2578125
1.0948169231414795,723,-0.12890625
1.0961589813232422,724,-0.193359375
1.0976548194885254,725,-0.064453125
1.1001019477844238,726,0.0
1.101830005645752,727,-0.0515625
1.1031999588012695,728,-0.0515625
1.1050310134887695,729,-0.9152343749999999
1.106874942779541,730,-1.21171875
1.1081998348236084,731,-0.20625
1.1093800067901611,732,-0.20625
1.1105329990386963,733,-0.116015625
1.1116459369659424,734,-0.2578125
1.1127429008483887,735,-0.322265625
1.1138319969177246,736,-0.18046874999999998
1.1149578094482422,737,0.0
1.1160528659820557,738,-0.012890625
1.1171510219573975,739,-0.064453125
1.1183409690856934,740,-0.24492187499999998
1.119762897491455,741,-0.12890625
1.1212270259857178,742,-0.9152343749999999
1.1227848529815674,743,-1.65
1.1242828369140625,744,0.0
1.1256937980651855,745,-0.18046874999999998
1.1270759105682373,746,-0.103125
1.1285698413848877,747,-0.37382812499999996
1.1311018466949463,748,-0.28359375
1.132779836654663,749,0.012890625
1.1341478824615479,750,-0.02578125
1.135962963104248,751,-0.20625
1.1378250122070312,752,-0.4125
1.139173984527588,753,-1.533984375
1.140366792678833,754,-0.02578125
1.1415009498596191,755,-0.12890625
1.1426208019256592,756,-0.37382812499999996
1.1437439918518066,757,-0.141796875
1.1448500156402588,758,-0.29648437499999997
1.1460018157958984,759,-0.37382812499999996
1.1471710205078125,760,-0.20625
1.1483979225158691,761,-0.012890625
1.1497979164123535,762,-0.012890625
1.151270866394043,763,-0.07734374999999999
1.1528348922729492,764,-0.193359375
1.1543238162994385,765,-0.6832031249999999
1.1556718349456787,766,-1.5726562499999999
1.1570069789886475,767,0.0
1.159162998199463,768,-0.07734374999999999
1.1611759662628174,769,-0.193359375
1.1625490188598633,770,-0.36093749999999997
1.1642749309539795,771,-0.103125
1.166273832321167,772,0.012890625
1.1678028106689453,773,-0.02578125
1.169050931930542,774,-0.15468749999999998
1.1702818870544434,775,-0.5285156249999999
1.1714630126953125,776,-1.224609375
1.1725878715515137,777,-0.20625
1.173691987991333,778,-0.02578125
1.1747829914093018,779,-0.167578125
1.175874948501587,780,-0.24492187499999998
1.176973819732666,781,-0.02578125
1.1780588626861572,782,-0.36093749999999997
1.1792290210723877,783,-0.43828124999999996
1.180668830871582,784,-0.28359375
1.1821320056915283,785,0.0
1.1836678981781006,786,-0.038671874999999994
1.1852238178253174,787,-0.167578125
1.1866400241851807,788,-0.103125
1.1880369186401367,789,-0.9796874999999999
1.189375877380371,790,-1.65
1.1918449401855469,791,-0.038671874999999994
1.1936609745025635,792,-0.20625
1.19502592086792,793,-0.322265625
1.2001268863677979,794,-0.2578125
1.2018539905548096,795,-0.012890625
1.203075885772705,796,-0.0515625
1.2042210102081299,797,-0.8507812499999999
1.205345869064331,798,-1.46953125
1.2064428329467773,799,-0.02578125
1.2075259685516357,800,-0.103125
1.2086048126220703,801,-0.0515625
1.2098259925842285,802,-0.29648437499999997
1.2112319469451904,803,-0.064453125
1.212697982788086,804,-0.322265625
1.2141849994659424,805,-0.0515625
1.215796947479248,806,0.0
1.2172069549560547,807,-0.0515625
1.218526840209961,808,-0.23203125
1.2198069095611572,809,-0.103125
1.2219858169555664,810,-0.966796875
1.2242398262023926,811,-0.0515625
1.2256889343261719,812,-0.012890625
1.227672815322876,813,-0.20625
1.2297468185424805,814,-0.322265625
1.2317218780517578,815,0.24492187499999998
1.2329738140106201,816,-0.012890625
1.2341198921203613,817,-0.07734374999999999
1.2352218627929688,818,-0.2578125
1.2363250255584717,819,-0.28359375
1.2374169826507568,820,-0.992578125
1.2385029792785645,821,-1.5984375
1.2395880222320557,822,0.0
1.2408459186553955,823,-0.02578125
1.2422378063201904,824,-0.0515625
1.2436749935150146,825,-0.20625
1.2453258037567139,826,-0.33515625
1.246886968612671,827,-0.193359375
1.2482688426971436,828,0.0
1.2496309280395508,829,-0.012890625
1.2512319087982178,830,-0.0515625
1.25376296043396,831,-0.20625
1.2554240226745605,832,-1.00546875
1.2567558288574219,833,0.0
1.2584810256958008,834,-0.21914062499999998
1.2604918479919434,835,-0.20625
1.261880874633789,836,-0.29648437499999997
1.2630620002746582,837,-0.15468749999999998
1.2642219066619873,838,0.0
1.2653279304504395,839,0.0
1.2664217948913574,840,-0.038671874999999994
1.267524003982544,841,-0.103125
1.2686328887939453,842,-0.20625
1.2697279453277588,843,-0.37382812499999996
1.2709369659423828,844,-1.0570312499999999
1.2723519802093506,845,-1.65
1.2737669944763184,846,-0.012890625
1.2752659320831299,847,-0.18046874999999998
1.2768268585205078,848,-0.2578125
1.2782268524169922,849,-0.116015625
1.2796339988708496,850,-0.167578125
1.2810258865356445,851,0.038671874999999994
1.2833600044250488,852,-0.012890625
1.2853138446807861,853,-0.02578125
1.2867529392242432,854,-0.103125
1.28836989402771,855,-1.03125
1.2903778553009033,856,-1.134375
1.2918109893798828,857,-0.12890625
1.293017864227295,858,-0.30937499999999996
1.2941570281982422,859,-0.07734374999999999
1.2952728271484375,860,-0.37382812499999996
1.296381950378418,861,-0.322265625
1.2974770069122314,862,0.012890625
1.2985649108886719,863,0.0
1.2996540069580078,864,-0.012890625
1.3008918762207031,865,-0.103125
1.3023037910461426,866,-0.21914062499999998
1.3037409782409668,867,-0.4125
1.3052608966827393,868,-1.26328125
1.3067779541015625,869,-0.12890625
1.3081648349761963,870,-0.116015625
1.3095569610595703,871,-0.29648437499999997
1.3111510276794434,872,-0.064453125
1.313661813735962,873,-0.37382812499999996
1.3153188228607178,874,0.012890625
1.3166968822479248,875,-0.012890625
1.318537950515747,876,-0.20625
1.3204529285430908,877,-0.167578125
1.3218019008636475,878,-1.134375
1.3229680061340332,879,-0.012890625
1.3240950107574463,880,-0.0515625
1.325199842453003,881,-0.012890625
1.3263068199157715,882,-0.20625
1.3274028301239014,883,-0.167578125
1.328502893447876,884,-0.476953125
1.3295958042144775,885,-0.4125
1.330751895904541,886,-0.02578125
1.3319299221038818,887,0.0
1.3333070278167725,888,-0.02578125
1.3347618579864502,889,-0.15468749999999998
1.336350917816162,890,-0.20625
1.3378489017486572,891,-0.837890625
1.3392598628997803,892,-1.65
