time,count,voltage
0.061097145080566406,1,-1.134375
0.06288814544677734,2,-0.29648437499999997
0.06461215019226074,3,-0.12890625
0.06640219688415527,4,0.012890625
0.06796503067016602,5,-0.012890625
0.06953001022338867,6,-0.23203125
0.07986307144165039,7,-0.42539062499999997
0.08211016654968262,8,-1.147265625
0.08388614654541016,9,-0.012890625
0.08553314208984375,10,-0.038671874999999994
0.08903813362121582,11,-0.37382812499999996
0.09066319465637207,12,-0.8765624999999999
0.09219908714294434,13,-0.103125
0.09374713897705078,14,-0.103125
0.09514808654785156,15,-0.21914062499999998
0.09711003303527832,16,-0.36093749999999997
0.0986180305480957,17,-0.0515625
0.10023617744445801,18,0.012890625
0.10178613662719727,19,-0.038671874999999994
0.10443305969238281,20,-0.4125
0.10645818710327148,21,-0.928125
0.10793399810791016,22,0.02578125
0.11000800132751465,23,-0.12890625
0.11166000366210938,24,-0.451171875
0.11291718482971191,25,-0.2578125
0.11407709121704102,26,-0.15468749999999998
0.11536812782287598,27,0.012890625
0.11664915084838867,28,0.0
0.11778903007507324,29,-0.02578125
0.11891412734985352,30,-0.322265625
0.12003302574157715,31,-0.515625
0.12114620208740234,32,-0.889453125
0.12227010726928711,33,-1.482421875
0.12339496612548828,34,0.0
0.12451601028442383,35,-0.012890625
0.12564611434936523,36,-0.20625
0.12676215171813965,37,-0.23203125
0.12786197662353516,38,-0.515625
0.12896418571472168,39,-0.30937499999999996
0.13006997108459473,40,-0.322265625
0.13121414184570312,41,-0.20625
0.13236117362976074,42,0.012890625
0.13346600532531738,43,-0.012890625
0.13459014892578125,44,-0.012890625
0.13570618629455566,45,-0.348046875
0.13682198524475098,46,-0.515625
0.13822197914123535,47,-0.966796875
0.1394059658050537,48,-1.6371093749999999
0.14057517051696777,49,0.0
0.14179015159606934,50,-0.12890625
0.14303898811340332,51,-0.064453125
0.14446210861206055,52,-0.38671875
0.145888090133667,53,-0.167578125
0.14767909049987793,54,-0.167578125
0.1491410732269287,55,0.012890625
0.15061211585998535,56,-0.012890625
0.15211701393127441,57,-0.064453125
0.15468907356262207,58,-0.38671875
0.15636110305786133,59,-1.198828125
0.15787315368652344,60,0.0
0.15985918045043945,61,-0.18046874999999998
0.16150617599487305,62,-0.38671875
0.16287517547607422,63,-0.30937499999999996
0.1640939712524414,64,-0.18046874999999998
0.16529011726379395,65,0.0
0.16649508476257324,66,0.0
0.16765403747558594,67,-0.0515625
0.16878414154052734,68,-0.270703125
0.1698930263519287,69,-0.4640625
0.17100811004638672,70,-0.7863281249999999
0.17232418060302734,71,-1.3921875
0.17385315895080566,72,0.0
0.17529010772705078,73,-0.0515625
0.17686820030212402,74,-0.02578125
0.17841506004333496,75,-0.24492187499999998
0.17993712425231934,76,-0.2578125
0.1814861297607422,77,-0.012890625
0.18338513374328613,78,0.0
0.18570804595947266,79,-0.0515625
0.19360613822937012,80,-0.36093749999999997
0.1949601173400879,81,-0.270703125
0.19624900817871094,82,-0.193359375
0.19742107391357422,83,-0.15468749999999998
0.19854497909545898,84,0.012890625
0.19966912269592285,85,-0.012890625
0.2007579803466797,86,-0.02578125
0.2018601894378662,87,-0.20625
0.2031230926513672,88,-0.502734375
0.20467114448547363,89,-0.6832031249999999
0.20619702339172363,90,-1.482421875
0.20774102210998535,91,0.0
0.20914602279663086,92,-0.141796875
0.21052312850952148,93,-0.270703125
0.2119600772857666,94,-0.20625
0.2142930030822754,95,-0.4125
0.216386079788208,96,0.012890625
0.2178189754486084,97,-0.064453125
0.21944403648376465,98,-0.29648437499999997
0.22159314155578613,99,-0.476953125
0.22309517860412598,100,-1.405078125
0.22432518005371094,101,0.012890625
0.22547101974487305,102,-0.193359375
0.22664713859558105,103,-0.21914062499999998
0.2278270721435547,104,-0.515625
0.2289581298828125,105,-0.2578125
0.23006510734558105,106,-0.322265625
0.23122596740722656,107,-0.20625
0.23233318328857422,108,0.012890625
0.23352599143981934,109,0.0
0.23500919342041016,110,-0.02578125
0.23652005195617676,111,-0.37382812499999996
0.23813414573669434,112,-0.631640625
0.23963117599487305,113,-1.4437499999999999
0.2410411834716797,114,0.0
0.2426161766052246,115,-0.21914062499999998
0.24454307556152344,116,-0.21914062499999998
0.24723005294799805,117,-0.193359375
0.24910807609558105,118,0.42539062499999997
0.25086498260498047,119,-0.012890625
0.25295114517211914,120,-0.09023437499999999
0.2543611526489258,121,-0.33515625
0.25556206703186035,122,-1.21171875
0.25673913955688477,123,0.0
0.25786519050598145,124,-0.064453125
0.25900816917419434,125,-0.270703125
0.26020216941833496,126,-0.2578125
0.26133203506469727,127,-0.193359375
0.2624471187591553,128,-0.36093749999999997
0.26371097564697266,129,-0.37382812499999996
0.2651510238647461,130,-0.141796875
0.26669907569885254,131,-0.012890625
0.2682921886444092,132,-0.02578125
0.26990199089050293,133,-0.36093749999999997
0.2714049816131592,134,-0.5929687499999999
0.27288317680358887,135,-1.4437499999999999
0.27483415603637695,136,0.0
0.2774820327758789,137,-0.15468749999999998
0.2790350914001465,138,-0.12890625
0.2806119918823242,139,-0.167578125
0.2827270030975342,140,0.038671874999999994
0.2843589782714844,141,-0.012890625
0.28565001487731934,142,-0.270703125
0.2868540287017822,143,-0.48984374999999997
0.2880251407623291,144,-0.9410156249999999
0.28916406631469727,145,-1.5984375
0.2902991771697998,146,0.0
0.2914400100708008,147,-0.012890625
0.2926020622253418,148,-0.064453125
0.2938411235809326,149,-0.322265625
0.29538607597351074,150,-0.167578125
0.2969021797180176,151,-0.4125
0.29844212532043457,152,-0.038671874999999994
0.29994702339172363,153,0.012890625
0.301393985748291,154,-0.038671874999999994
0.3027629852294922,155,-0.322265625
0.303969144821167,156,-0.4640625
0.30512213706970215,157,-1.10859375
0.3063011169433594,158,-1.65
0.3077061176300049,159,0.012890625
0.30918216705322266,160,-0.193359375
0.31126904487609863,161,-0.2578125
0.3135190010070801,162,-0.18046874999999998
0.315136194229126,163,0.28359375
0.3170351982116699,164,0.0
0.3190310001373291,165,-0.012890625
0.3204531669616699,166,-0.37382812499999996
0.32167506217956543,167,-0.95390625
0.3229231834411621,168,-1.6371093749999999
0.3242640495300293,169,0.0
0.32573914527893066,170,-0.141796875
0.3273031711578369,171,-0.21914062499999998
0.32886719703674316,172,-0.167578125
0.33043909072875977,173,-0.29648437499999997
0.3319580554962158,174,-0.012890625
0.33349013328552246,175,-0.012890625
0.3353300094604492,176,-0.02578125
0.3376901149749756,177,-0.37382812499999996
0.3392980098724365,178,-1.095703125
0.34089207649230957,179,0.0
0.3429741859436035,180,-0.103125
0.3445870876312256,181,-0.322265625
0.34618306159973145,182,-0.36093749999999997
0.34754514694213867,183,-0.2578125
0.34876513481140137,184,0.0
0.34989500045776367,185,0.0
0.3510110378265381,186,-0.0515625
0.352114200592041,187,-0.322265625
0.3532290458679199,188,-0.476953125
0.3545351028442383,189,-0.8121093749999999
0.35607004165649414,190,-1.456640625
0.3575770854949951,191,0.0
0.3591620922088623,192,-0.167578125
0.3606112003326416,193,-0.30937499999999996
0.3620259761810303,194,-0.193359375
0.3636500835418701,195,-0.4125
0.36553311347961426,196,-0.038671874999999994
0.36799001693725586,197,-0.012890625
0.36953115463256836,198,-0.2578125
0.37117910385131836,199,-0.451171875
0.3734261989593506,200,-1.26328125
0.37502098083496094,201,0.0
0.3762960433959961,202,-0.064453125
0.3774590492248535,203,-0.476953125
0.3785979747772217,204,-0.103125
0.3797581195831299,205,-0.322265625
0.3808751106262207,206,-0.21914062499999998
0.38199806213378906,207,0.0
0.38311004638671875,208,-0.012890625
0.38422417640686035,209,-0.02578125
0.3854219913482666,210,-0.270703125
0.38687610626220703,211,-0.5285156249999999
0.38842201232910156,212,-0.928125
0.3900151252746582,213,-1.65
0.391556978225708,214,0.0
0.39298009872436523,215,-0.167578125
0.39449501037597656,216,-0.37382812499999996
0.3965001106262207,217,-0.15468749999999998
0.3990311622619629,218,-0.12890625
0.400562047958374,219,-0.02578125
0.40289807319641113,220,-0.09023437499999999
0.4049491882324219,221,-0.399609375
0.4064290523529053,222,-1.405078125
0.4076550006866455,223,0.0
0.40880417823791504,224,-0.2578125
0.40993309020996094,225,-0.167578125
0.4110560417175293,226,-0.322265625
0.4122331142425537,227,-0.23203125
0.41335606575012207,228,-0.2578125
0.41446399688720703,229,-0.18046874999999998
0.4157090187072754,230,0.0
0.4172220230102539,231,-0.012890625
0.4186689853668213,232,-0.09023437499999999
0.4202430248260498,233,-0.4125
0.4217541217803955,234,-0.837890625
0.42327213287353516,235,-1.65
0.42471814155578613,236,0.0
0.42673802375793457,237,-0.15468749999999998
0.4291961193084717,238,-0.399609375
0.4307689666748047,239,-0.193359375
0.43235301971435547,240,0.0
0.43441009521484375,241,0.0
0.4361231327056885,242,-0.167578125
0.4374380111694336,243,-0.37382812499999996
0.4386429786682129,244,-1.147265625
0.4398040771484375,245,-1.3664062499999998
0.4409639835357666,246,0.0
0.4420771598815918,247,-0.20625
0.44323205947875977,248,-0.20625
0.44449806213378906,249,-0.4640625
0.44579601287841797,250,-0.167578125
0.44734907150268555,251,-0.167578125
0.44880008697509766,252,0.0
0.450423002243042,253,-0.012890625
0.4520130157470703,254,-0.02578125
0.4534921646118164,255,-0.4125
0.4549989700317383,256,-0.8507812499999999
0.4567999839782715,257,-1.65
0.45937108993530273,258,0.0
0.46094512939453125,259,-0.28359375
0.4625091552734375,260,-0.064453125
0.4645819664001465,261,-0.21914062499999998
0.46619701385498047,262,0.012890625
0.4675571918487549,263,-0.02578125
0.46878600120544434,264,-0.2578125
0.46993112564086914,265,-0.515625
0.4710710048675537,266,-0.8765624999999999
0.47220611572265625,267,-1.456640625
0.47331809997558594,268,-0.0515625
0.47444701194763184,269,-0.0515625
0.47568416595458984,270,-0.270703125
0.47721409797668457,271,-0.21914062499999998
0.47867512702941895,272,-0.167578125
0.4802219867706299,273,-0.33515625
0.4817781448364258,274,-0.103125
0.48330116271972656,275,-0.012890625
0.4848060607910156,276,-0.02578125
0.4864230155944824,277,-0.322265625
0.48901915550231934,278,-0.515625
0.49069714546203613,279,-1.65
0.492077112197876,280,-0.064453125
0.4938950538635254,281,-0.20625
0.49576401710510254,282,-0.20625
0.49724817276000977,283,-0.20625
0.49848008155822754,284,0.0
0.4996609687805176,285,0.0
0.5008151531219482,286,-0.0515625
0.5019421577453613,287,-0.2578125
0.5030679702758789,288,-0.43828124999999996
0.5041930675506592,289,-0.7734375
0.5053000450134277,290,-1.353515625
0.5065910816192627,291,-0.33515625
0.5080811977386475,292,-0.012890625
0.5096170902252197,293,-0.18046874999999998
0.511152982711792,294,-0.36093749999999997
0.512660026550293,295,-0.103125
0.5140659809112549,296,0.0
0.5155010223388672,297,0.0
0.5180201530456543,298,0.0
0.5198960304260254,299,-0.167578125
0.5213601589202881,300,-0.5671875
0.5235421657562256,301,-1.3921875
0.5251681804656982,302,0.0
0.5264179706573486,303,-0.103125
0.5275712013244629,304,-0.6703125
0.5286850929260254,305,-0.141796875
0.5297951698303223,306,-0.270703125
0.530933141708374,307,-0.193359375
0.5320711135864258,308,0.0
0.5332341194152832,309,0.0
0.5343689918518066,310,-0.012890625
0.5354781150817871,311,-0.33515625
0.5367012023925781,312,-0.5285156249999999
0.5381360054016113,313,-0.928125
0.5396990776062012,314,-1.6242187499999998
0.5412600040435791,315,0.0
0.5427219867706299,316,-0.167578125
0.5441031455993652,317,-0.36093749999999997
0.5455281734466553,318,-0.167578125
0.5471441745758057,319,-0.270703125
0.5498931407928467,320,0.07734374999999999
0.5515930652618408,321,-0.07734374999999999
0.5530071258544922,322,-0.37382812499999996
0.5552730560302734,323,-0.5929687499999999
0.5571410655975342,324,-1.4953124999999998
0.5584511756896973,325,-0.141796875
0.5596270561218262,326,-0.07734374999999999
0.5607671737670898,327,-0.54140625
0.5618829727172852,328,-0.15468749999999998
0.5630080699920654,329,-0.33515625
0.564141035079956,330,-0.270703125
0.5652990341186523,331,0.0
0.5664920806884766,332,-0.012890625
0.5677611827850342,333,-0.0515625
0.5691781044006348,334,-0.29648437499999997
0.5706441402435303,335,-0.4640625
0.5722651481628418,336,-1.095703125
0.5737731456756592,337,0.0
0.575221061706543,338,-0.064453125
0.5767581462860107,339,-0.167578125
0.5787441730499268,340,-0.2578125
0.5811891555786133,341,-0.33515625
0.5827040672302246,342,0.012890625
0.584287166595459,343,-0.038671874999999994
0.5866131782531738,344,-0.193359375
0.5881130695343018,345,-0.399609375
0.5893561840057373,346,-1.46953125
0.5905160903930664,347,0.0
0.5916411876678467,348,-0.09023437499999999
0.5927610397338867,349,-0.15468749999999998
0.5938720703125,350,-0.33515625
0.5950021743774414,351,-0.167578125
0.5961501598358154,352,-0.4125
0.5973021984100342,353,-0.33515625
0.5985321998596191,354,0.012890625
0.5999820232391357,355,-0.012890625
0.6014280319213867,356,-0.02578125
0.6030070781707764,357,-0.37382812499999996
0.6045751571655273,358,-0.502734375
0.6061410903930664,359,-1.405078125
0.6076030731201172,360,0.0
0.6089811325073242,361,-0.193359375
0.6116600036621094,362,-0.270703125
0.6134271621704102,363,-0.2578125
0.6149451732635498,364,0.24492187499999998
0.6169970035552979,365,0.012890625
0.6187710762023926,366,-0.012890625
0.6200850009918213,367,-0.37382812499999996
0.6213080883026123,368,-0.8507812499999999
0.622460126876831,369,-1.546875
0.6235940456390381,370,0.012890625
0.6247141361236572,371,-0.103125
0.6258189678192139,372,-0.167578125
0.6270110607147217,373,-0.37382812499999996
0.6281571388244629,374,-0.141796875
0.6294171810150146,375,-0.28359375
0.6309330463409424,376,-0.2578125
0.6323850154876709,377,0.012890625
0.6339101791381836,378,-0.012890625
0.6354310512542725,379,-0.07734374999999999
0.6369931697845459,380,-0.451171875
0.6384999752044678,381,-0.95390625
0.6401021480560303,382,-1.65
0.6426870822906494,383,-0.02578125
0.6443541049957275,384,-0.21914062499999998
0.6458339691162109,385,-0.15468749999999998
0.648064136505127,386,-0.15468749999999998
0.6497790813446045,387,0.012890625
0.6510930061340332,388,-0.02578125
0.6523420810699463,389,-0.30937499999999996
0.6537489891052246,390,-0.476953125
0.6549251079559326,391,-1.0570312499999999
0.6561391353607178,392,-1.65
0.6572680473327637,393,0.0
0.6584281921386719,394,-0.20625
0.6596860885620117,395,-0.12890625
0.6611101627349854,396,-0.502734375
0.6625921726226807,397,-0.20625
0.6642191410064697,398,-0.103125
0.6657040119171143,399,0.0
0.6673610210418701,400,-0.012890625
0.6689581871032715,401,-0.12890625
0.6707601547241211,402,-0.399609375
0.6731209754943848,403,-0.95390625
0.6746699810028076,404,0.0
0.6763091087341309,405,-0.21914062499999998
0.6784391403198242,406,-0.30937499999999996
0.6803560256958008,407,-0.29648437499999997
0.681678056716919,408,0.24492187499999998
0.6829330921173096,409,-0.012890625
0.6841030120849609,410,-0.0515625
0.6852641105651855,411,-0.2578125
0.6864001750946045,412,-0.4640625
0.6875231266021729,413,-0.734765625
0.6886370182037354,414,-1.3664062499999998
0.6898560523986816,415,0.0
0.6913001537322998,416,0.0
0.6927781105041504,417,-0.038671874999999994
0.6943600177764893,418,-0.43828124999999996
0.6960690021514893,419,-0.103125
0.6976461410522461,420,0.012890625
0.6992640495300293,421,0.012890625
0.7031130790710449,422,-0.012890625
0.7047719955444336,423,-0.18046874999999998
0.7061910629272461,424,-1.327734375
0.7083191871643066,425,0.0
0.7101690769195557,426,-0.193359375
0.7115271091461182,427,-0.322265625
0.7127110958099365,428,-0.37382812499999996
0.713860034942627,429,-0.28359375
0.7150311470031738,430,0.012890625
0.716202974319458,431,-0.012890625
0.7173480987548828,432,-0.012890625
0.7184631824493408,433,-0.20625
0.7195801734924316,434,-0.515625
0.7208020687103271,435,-0.708984375
0.7222239971160889,436,-1.340625
0.7237861156463623,437,0.0
0.7253801822662354,438,-0.02578125
0.7269721031188965,439,-0.103125
0.7283961772918701,440,-0.2578125
0.7297911643981934,441,-0.4640625
0.7313070297241211,442,-0.21914062499999998
0.7340350151062012,443,0.012890625
0.7362899780273438,444,-0.02578125
0.7377581596374512,445,-0.4125
0.7398409843444824,446,-1.2890625
0.7417020797729492,447,-0.012890625
0.7430140972137451,448,-0.12890625
0.7442030906677246,449,-0.580078125
0.7453460693359375,450,-0.103125
0.7465729713439941,451,-0.2578125
0.7477641105651855,452,-0.15468749999999998
0.748906135559082,453,0.012890625
0.7500290870666504,454,-0.012890625
0.7512331008911133,455,-0.02578125
0.7530050277709961,456,-0.36093749999999997
0.7545120716094971,457,-0.6187499999999999
0.7562181949615479,458,-1.405078125
0.7577321529388428,459,0.0
0.7591650485992432,460,-0.21914062499999998
0.7606229782104492,461,-0.30937499999999996
0.7628860473632812,462,-0.18046874999999998
0.7650721073150635,463,-0.20625
0.7666330337524414,464,0.0
0.7682700157165527,465,-0.012890625
0.7703361511230469,466,-0.37382812499999996
0.7718980312347412,467,-0.734765625
0.7731571197509766,468,-1.65
0.7743420600891113,469,-0.02578125
0.7754971981048584,470,-0.18046874999999998
0.7766530513763428,471,-0.322265625
0.7777681350708008,472,-0.167578125
0.778907060623169,473,-0.38671875
0.7800140380859375,474,-0.322265625
0.7812759876251221,475,-0.20625
0.7827060222625732,476,0.0
0.7841341495513916,477,-0.02578125
0.7856581211090088,478,-0.21914062499999998
0.787377119064331,479,-0.502734375
0.7889339923858643,480,-1.16015625
0.7904500961303711,481,-0.02578125
0.7928001880645752,482,-0.103125
0.7947800159454346,483,-0.23203125
0.796314001083374,484,-0.29648437499999997
0.7979621887207031,485,-0.0515625
0.7999780178070068,486,-0.012890625
0.8014841079711914,487,-0.02578125
0.802725076675415,488,-0.399609375
0.8039331436157227,489,-0.54140625
0.8050730228424072,490,-1.198828125
0.8062570095062256,491,-1.65
0.8073890209197998,492,0.0
0.808495044708252,493,-0.12890625
0.809607982635498,494,-0.09023437499999999
0.810737133026123,495,-0.6187499999999999
0.8119661808013916,496,-0.103125
0.8134200572967529,497,-0.270703125
0.8148641586303711,498,-0.064453125
0.8164141178131104,499,0.0
0.8178761005401611,500,-0.02578125
0.8193690776824951,501,-0.322265625
0.8208780288696289,502,-0.48984374999999997
0.8228709697723389,503,-1.2503906249999999
0.8252182006835938,504,-0.0515625
0.8268771171569824,505,-0.103125
0.8285350799560547,506,-0.20625
0.8306481838226318,507,-0.21914062499999998
0.8321971893310547,508,0.24492187499999998
0.833449125289917,509,-0.012890625
0.8346221446990967,510,-0.0515625
0.8358170986175537,511,-0.399609375
0.8370261192321777,512,-0.4640625
0.8381609916687012,513,-1.0828125
0.8392961025238037,514,-1.65
0.8404080867767334,515,0.0
0.8415110111236572,516,-0.103125
0.8427321910858154,517,-0.012890625
0.8441390991210938,518,-0.322265625
0.8456220626831055,519,-0.09023437499999999
0.847163200378418,520,-0.167578125
0.8486449718475342,521,0.09023437499999999
0.8500711917877197,522,-0.012890625
0.8516430854797363,523,-0.038671874999999994
0.8530921936035156,524,-0.37382812499999996
0.8546030521392822,525,-0.631640625
0.8562500476837158,526,-1.46953125
0.8578050136566162,527,0.0
0.8602039813995361,528,-0.23203125
0.8625459671020508,529,-0.399609375
0.8640670776367188,530,-0.29648437499999997
0.8660659790039062,531,-0.012890625
0.8681671619415283,532,0.0
0.8697261810302734,533,-0.33515625
0.8709890842437744,534,-0.631640625
0.8721580505371094,535,-1.3664062499999998
0.8734161853790283,536,-0.0515625
0.8748490810394287,537,0.0
0.8763589859008789,538,-0.167578125
0.8779070377349854,539,-0.48984374999999997
0.8794140815734863,540,-0.36093749999999997
0.8809001445770264,541,-0.15468749999999998
0.8824150562286377,542,0.012890625
0.8841040134429932,543,0.0
0.8868091106414795,544,-0.09023437499999999
0.8884260654449463,545,-0.580078125
0.889829158782959,546,-1.65
0.8918261528015137,547,-0.012890625
0.8936669826507568,548,-0.09023437499999999
0.8949670791625977,549,-0.167578125
0.89615797996521,550,-0.4640625
0.8973081111907959,551,-0.348046875
0.8984839916229248,552,0.012890625
0.8996410369873047,553,-0.012890625
0.900806188583374,554,-0.0515625
0.9019291400909424,555,-0.29648437499999997
0.9032931327819824,556,-0.515625
0.9047911167144775,557,-0.889453125
0.9061751365661621,558,-1.611328125
0.9077670574188232,559,0.012890625
0.9092361927032471,560,-0.23203125
0.910750150680542,561,-0.33515625
0.912106990814209,562,-0.167578125
0.9134562015533447,563,-0.21914062499999998
0.914802074432373,564,-0.02578125
0.9172360897064209,565,0.0
0.9194262027740479,566,-0.012890625
0.9208920001983643,567,-0.322265625
0.9226541519165039,568,-1.198828125
0.9248290061950684,569,0.0
0.9263870716094971,570,-0.23203125
0.92765212059021,571,-0.270703125
0.9288041591644287,572,-0.322265625
0.9299430847167969,573,-0.37382812499999996
0.9311151504516602,574,-0.193359375
0.9323129653930664,575,0.0
0.9334211349487305,576,-0.012890625
0.9345300197601318,577,-0.064453125
0.935664176940918,578,-0.4125
0.9368860721588135,579,-0.4640625
0.9383361339569092,580,-1.018359375
0.9398581981658936,581,-1.65
0.9414341449737549,582,0.0
0.9429111480712891,583,-0.15468749999999998
0.9443011283874512,584,-0.476953125
0.9456901550292969,585,-0.064453125
0.9477810859680176,586,-0.064453125
0.9503211975097656,587,0.012890625
0.95194411277771,588,-0.0515625
0.9534511566162109,589,-0.37382812499999996
0.9556920528411865,590,-0.7863281249999999
0.9574100971221924,591,-1.018359375
0.9586830139160156,592,-0.167578125
0.9598500728607178,593,-0.20625
0.9610860347747803,594,-0.580078125
0.962287187576294,595,-0.36093749999999997
0.9634571075439453,596,-0.36093749999999997
0.9646000862121582,597,-0.09023437499999999
0.9657430648803711,598,0.012890625
0.9670290946960449,599,-0.02578125
0.968451976776123,600,-0.064453125
0.9699161052703857,601,-0.37382812499999996
0.9715349674224854,602,-0.605859375
0.9731130599975586,603,-1.405078125
0.9745421409606934,604,0.0
0.9760091304779053,605,-0.15468749999999998
0.9775390625,606,-0.4125
0.9803900718688965,607,-0.15468749999999998
0.982457160949707,608,0.2578125
0.983849048614502,609,-0.012890625
0.985227108001709,610,-0.12890625
0.986781120300293,611,-0.43828124999999996
0.9883480072021484,612,-0.8765624999999999
0.9903709888458252,613,-1.65
0.9922561645507812,614,-0.103125
0.9938671588897705,615,-0.2578125
0.9953310489654541,616,-0.23203125
0.9966790676116943,617,-0.30937499999999996
0.9980301856994629,618,-0.064453125
0.9995830059051514,619,0.012890625
1.0010349750518799,620,-0.0515625
1.0026941299438477,621,-0.28359375
1.0041730403900146,622,-0.42539062499999997
1.0056231021881104,623,-1.2374999999999998
1.00701904296875,624,-0.0515625
1.0094339847564697,625,-0.02578125
1.0113840103149414,626,-0.270703125
1.0129461288452148,627,-0.322265625
1.0149312019348145,628,-0.07734374999999999
1.016901969909668,629,0.0
1.0182340145111084,630,-0.012890625
1.019515037536621,631,-0.37382812499999996
1.0207240581512451,632,-0.605859375
1.0218729972839355,633,-1.276171875
1.022996187210083,634,-0.15468749999999998
1.0241150856018066,635,0.012890625
1.0252270698547363,636,-0.20625
1.0263841152191162,637,-0.18046874999999998
1.0275261402130127,638,-0.2578125
1.0288000106811523,639,-0.2578125
1.0302181243896484,640,-0.30937499999999996
1.031764030456543,641,-0.064453125
1.0333161354064941,642,0.012890625
1.0348081588745117,643,-0.012890625
1.0364069938659668,644,-0.37382812499999996
1.0379831790924072,645,-0.5929687499999999
1.0401630401611328,646,-1.5082031249999999
1.0423409938812256,647,0.0
1.0439131259918213,648,-0.21914062499999998
1.0456840991973877,649,-0.064453125
1.0478901863098145,650,-0.193359375
1.0493221282958984,651,0.012890625
1.0505571365356445,652,-0.038671874999999994
1.0517551898956299,653,-0.193359375
1.0529241561889648,654,-0.515625
1.0540499687194824,655,-0.734765625
1.0551660060882568,656,-1.353515625
1.0562989711761475,657,-0.02578125
1.0574281215667725,658,0.0
1.058758020401001,659,0.0
1.0600860118865967,660,-0.12890625
1.0615999698638916,661,-0.6703125
1.0631000995635986,662,-0.37382812499999996
1.0647141933441162,663,-0.103125
1.0662271976470947,664,0.012890625
