time,count,voltage
0.0058269500732421875,1,-1.276171875
0.007565975189208984,2,-0.12890625
0.009308099746704102,3,-0.20625
0.010869026184082031,4,-0.116015625
0.012666940689086914,5,-0.20625
0.014207124710083008,6,0.02578125
0.0242769718170166,7,-0.012890625
0.026170015335083008,8,-0.07734374999999999
0.02812814712524414,9,-0.103125
0.029762983322143555,10,-0.0515625
0.04904794692993164,11,0.0
0.05931210517883301,12,-0.02578125
0.06130099296569824,13,-0.116015625
0.06313204765319824,14,0.038671874999999994
0.0653841495513916,15,-0.012890625
0.06743216514587402,16,-0.02578125
0.06920814514160156,17,-0.33515625
0.07081294059753418,18,-0.992578125
0.07235407829284668,19,0.0
0.07386207580566406,20,-0.064453125
0.07538104057312012,21,-0.193359375
0.07690000534057617,22,-0.29648437499999997
0.08596205711364746,23,-0.348046875
0.08821606636047363,24,-0.064453125
0.09003496170043945,25,0.0
0.09255814552307129,26,0.0
0.09558916091918945,27,-0.20625
0.09734702110290527,28,0.348046875
0.10024213790893555,29,0.0
0.10235214233398438,30,-0.064453125
0.1036829948425293,31,-0.863671875
0.10486006736755371,32,-1.65
0.10599303245544434,33,0.0
0.10715413093566895,34,-0.23203125
0.1083230972290039,35,-0.21914062499999998
0.10966205596923828,36,-0.21914062499999998
0.11119508743286133,37,-0.33515625
0.11274099349975586,38,-0.20625
0.1143040657043457,39,0.012890625
0.11581707000732422,40,-0.012890625
0.11726713180541992,41,-0.15468749999999998
0.11887097358703613,42,-0.33515625
0.12135815620422363,43,-0.928125
0.12296009063720703,44,0.0
0.12468099594116211,45,-0.193359375
0.126755952835083,46,-0.399609375
0.1282520294189453,47,-0.24492187499999998
0.1294691562652588,48,0.0
0.1305990219116211,49,0.012890625
0.13171815872192383,50,0.0
0.1328599452972412,51,-0.012890625
0.1340031623840332,52,-0.33515625
0.13511109352111816,53,-0.38671875
0.1362161636352539,54,-0.889453125
0.13731002807617188,55,-1.4953124999999998
0.1385030746459961,56,-0.012890625
0.13972997665405273,57,-0.0515625
0.1415250301361084,58,-0.21914062499999998
0.14307308197021484,59,-0.43828124999999996
0.14477109909057617,60,-0.348046875
0.14629912376403809,61,-0.064453125
0.1478290557861328,62,0.012890625
0.14956903457641602,63,-0.012890625
0.15212011337280273,64,-0.2578125
0.15384197235107422,65,-0.631640625
0.15529298782348633,66,-1.0828125
0.15738296508789062,67,-0.02578125
0.15933704376220703,68,-0.15468749999999998
0.1606910228729248,69,-0.167578125
0.1618671417236328,70,-0.15468749999999998
0.16308116912841797,71,-0.012890625
0.16420602798461914,72,0.012890625
0.1654520034790039,73,-0.012890625
0.16657400131225586,74,-0.064453125
0.16768693923950195,75,-0.43828124999999996
0.1688840389251709,76,-0.4125
0.17010903358459473,77,-1.095703125
0.17157912254333496,78,-1.65
0.17311716079711914,79,0.012890625
0.17475414276123047,80,-0.02578125
0.1763460636138916,81,-0.36093749999999997
0.17782211303710938,82,-0.33515625
0.1795821189880371,83,-0.20625
0.1822521686553955,84,0.012890625
0.18378400802612305,85,-0.012890625
0.18548011779785156,86,-0.36093749999999997
0.1874711513519287,87,-0.837890625
0.18887710571289062,88,0.02578125
0.19011306762695312,89,-0.07734374999999999
0.19127202033996582,90,-0.09023437499999999
0.19243502616882324,91,-0.348046875
0.19355201721191406,92,0.0
0.1946561336517334,93,-0.37382812499999996
0.1957690715789795,94,-0.270703125
0.1969161033630371,95,0.0
0.19805216789245605,96,0.0
0.19916296005249023,97,-0.0515625
0.20035910606384277,98,-0.24492187499999998
0.2017819881439209,99,-0.4125
0.2033100128173828,100,-0.79921875
0.20491814613342285,101,-1.5597656249999998
0.20653700828552246,102,0.012890625
0.20810294151306152,103,-0.193359375
0.20966696739196777,104,-0.2578125
0.21159100532531738,105,-0.322265625
0.21414804458618164,106,-0.167578125
0.21568512916564941,107,0.012890625
0.21720600128173828,108,-0.12890625
0.21927309036254883,109,-0.37382812499999996
0.2210221290588379,110,-1.03125
0.22233009338378906,111,-0.02578125
0.2235400676727295,112,-0.064453125
0.22467803955078125,113,-0.02578125
0.22579503059387207,114,-0.476953125
0.22690200805664062,115,-0.02578125
0.22811412811279297,116,-0.322265625
0.22924304008483887,117,-0.18046874999999998
0.23050713539123535,118,-0.012890625
0.23190999031066895,119,-0.012890625
0.23335695266723633,120,-0.012890625
0.23497915267944336,121,-0.399609375
0.2366950511932373,122,-0.54140625
0.23830199241638184,123,-1.5597656249999998
0.24062013626098633,124,0.0
0.24317407608032227,125,-0.12890625
0.2449040412902832,126,-0.038671874999999994
0.2464280128479004,127,0.28359375
0.24836015701293945,128,0.0
0.25011110305786133,129,-0.02578125
0.25141215324401855,130,-0.37382812499999996
0.25264596939086914,131,-0.5671875
0.25380802154541016,132,-1.3019531249999998
0.2549610137939453,133,-0.012890625
0.25608205795288086,134,-0.09023437499999999
0.25719499588012695,135,-0.20625
0.25830602645874023,136,-0.20625
0.2594490051269531,137,-0.21914062499999998
0.26068711280822754,138,-0.322265625
0.2621450424194336,139,-0.37382812499999996
0.26359009742736816,140,-0.012890625
0.26511311531066895,141,0.0
0.2666661739349365,142,-0.012890625
0.26823997497558594,143,-0.33515625
0.2698650360107422,144,-0.5285156249999999
0.2716829776763916,145,-1.482421875
0.2740600109100342,146,0.0
0.2757289409637451,147,-0.15468749999999998
0.277299165725708,148,-0.116015625
0.2793600559234619,149,-0.2578125
0.2810499668121338,150,0.0
0.2823300361633301,151,-0.02578125
0.2835550308227539,152,-0.15468749999999998
0.28470802307128906,153,-0.38671875
0.2858591079711914,154,-0.605859375
0.2869901657104492,155,-1.3019531249999998
0.28813815116882324,156,-0.928125
0.28923916816711426,157,0.0
0.2903251647949219,158,-0.167578125
0.29154109954833984,159,-0.12890625
0.29300808906555176,160,-0.20625
0.2944760322570801,161,-0.37382812499999996
0.29605913162231445,162,-0.15468749999999998
0.2975480556488037,163,0.012890625
0.2996230125427246,164,0.0
0.3012881278991699,165,-0.24492187499999998
0.30381011962890625,166,-0.30937499999999996
0.30577707290649414,167,-1.41796875
0.30728816986083984,168,-0.012890625
0.30919599533081055,169,-0.23203125
0.3111569881439209,170,-0.09023437499999999
0.3126239776611328,171,0.012890625
0.31380414962768555,172,0.0
0.3149280548095703,173,-0.012890625
0.31615304946899414,174,-0.012890625
0.31731700897216797,175,-0.36093749999999997
0.3184981346130371,176,-0.43828124999999996
0.31961703300476074,177,-0.928125
0.3207249641418457,178,-1.5597656249999998
0.3219270706176758,179,0.0
0.32341694831848145,180,-0.0515625
0.325106143951416,181,-0.038671874999999994
0.32660508155822754,182,-0.37382812499999996
0.3281681537628174,183,-0.167578125
0.32977294921875,184,-0.038671874999999994
0.3313419818878174,185,0.012890625
0.3328831195831299,186,-0.0515625
0.33559107780456543,187,-0.30937499999999996
0.3372690677642822,188,-0.69609375
0.33907413482666016,189,0.0
0.34119105339050293,190,-0.12890625
0.3429720401763916,191,-0.2578125
0.3442721366882324,192,-0.37382812499999996
0.3454470634460449,193,-0.2578125
0.3466019630432129,194,-0.012890625
0.34778594970703125,195,0.0
0.3490610122680664,196,-0.038671874999999994
0.3502061367034912,197,-0.167578125
0.3513469696044922,198,-0.43828124999999996
0.3525879383087158,199,-0.6187499999999999
0.3540050983428955,200,-1.327734375
0.3554551601409912,201,0.0
0.3570270538330078,202,-0.07734374999999999
0.3587651252746582,203,-0.0515625
0.36027002334594727,204,-0.167578125
0.36176109313964844,205,-0.4125
0.3637540340423584,206,-0.116015625
0.36626410484313965,207,0.0
0.36780214309692383,208,-0.20625
0.3694620132446289,209,-0.30937499999999996
0.37152910232543945,210,-1.1859374999999999
0.37323904037475586,211,0.0
0.37453198432922363,212,-0.20625
0.3756990432739258,213,-0.2578125
0.37682199478149414,214,-0.12890625
0.37801098823547363,215,-0.33515625
0.3791770935058594,216,-0.29648437499999997
0.3803560733795166,217,0.012890625
0.38150811195373535,218,-0.012890625
0.3827199935913086,219,-0.02578125
0.38421201705932617,220,-0.30937499999999996
0.3862471580505371,221,-0.38671875
0.38812804222106934,222,-1.327734375
0.389786958694458,223,0.0
0.39128899574279785,224,-0.15468749999999998
0.3927180767059326,225,-0.4125
0.3952779769897461,226,-0.0515625
0.3970639705657959,227,0.167578125
0.3985559940338135,228,0.012890625
0.40041112899780273,229,-0.012890625
0.4023151397705078,230,-0.399609375
0.4037649631500244,231,-0.992578125
0.40505504608154297,232,-0.09023437499999999
0.4062180519104004,233,0.0
0.4073331356048584,234,-0.15468749999999998
0.4085230827331543,235,-0.29648437499999997
0.409649133682251,236,-0.23203125
0.410750150680542,237,-0.29648437499999997
0.4118680953979492,238,-0.33515625
0.4131290912628174,239,-0.116015625
0.4145641326904297,240,0.0
0.41603994369506836,241,-0.0515625
0.4175839424133301,242,-0.270703125
0.41933107376098633,243,-0.42539062499999997
0.4209930896759033,244,-1.1859374999999999
0.4225120544433594,245,0.0
0.4246070384979248,246,-0.0515625
0.42676711082458496,247,-0.2578125
0.42841005325317383,248,-0.20625
0.43003106117248535,249,0.07734374999999999
0.4320371150970459,250,0.0
0.43356895446777344,251,0.0
0.43482494354248047,252,-0.37382812499999996
0.436082124710083,253,-0.631640625
0.4372220039367676,254,-1.353515625
0.4384579658508301,255,0.0
0.4395749568939209,256,-0.038671874999999994
0.4407050609588623,257,-0.0515625
0.44181203842163086,258,-0.29648437499999997
0.44303011894226074,259,-0.02578125
0.4445199966430664,260,-0.30937499999999996
0.44608616828918457,261,-0.20625
0.44764113426208496,262,-0.012890625
0.44944214820861816,263,-0.012890625
0.45093297958374023,264,-0.23203125
0.4526221752166748,265,-0.348046875
0.4548349380493164,266,-1.16015625
0.4569540023803711,267,0.0
0.45849108695983887,268,-0.0515625
0.4601860046386719,269,-0.167578125
0.4623849391937256,270,-0.193359375
0.4638650417327881,271,0.30937499999999996
0.4650900363922119,272,0.0
0.46623706817626953,273,-0.02578125
0.46735715866088867,274,-0.37382812499999996
0.4685389995574951,275,-0.37382812499999996
0.4696681499481201,276,-0.95390625
0.4707760810852051,277,-1.5726562499999999
0.4718821048736572,278,0.0
0.47307515144348145,279,-0.038671874999999994
0.47451114654541016,280,-0.038671874999999994
0.47603416442871094,281,-0.37382812499999996
0.4776580333709717,282,-0.02578125
0.47947216033935547,283,-0.0515625
0.48093509674072266,284,0.0
0.4824540615081787,285,0.0
0.48442506790161133,286,-0.167578125
0.48685693740844727,287,-0.399609375
0.48850297927856445,288,-1.533984375
0.4899630546569824,289,-0.012890625
0.4920821189880371,290,-0.15468749999999998
0.4938621520996094,291,-0.29648437499999997
0.49521398544311523,292,-0.28359375
0.4964461326599121,293,-0.012890625
0.49759817123413086,294,0.0
0.49874305725097656,295,-0.012890625
0.4998619556427002,296,-0.09023437499999999
0.5010361671447754,297,-0.43828124999999996
0.5021979808807373,298,-0.43828124999999996
0.5034160614013672,299,-1.134375
0.5048320293426514,300,-1.65
0.5062830448150635,301,-0.012890625
0.5080089569091797,302,0.0
0.5096940994262695,303,-0.36093749999999997
0.511228084564209,304,-0.399609375
0.5127849578857422,305,-0.167578125
0.514552116394043,306,0.012890625
0.5171511173248291,307,0.0
0.5187439918518066,308,-0.322265625
0.5202250480651855,309,-0.928125
0.5221970081329346,310,-1.65
0.5240211486816406,311,-0.012890625
0.5253150463104248,312,-0.2578125
0.5265209674835205,313,-0.20625
0.5276579856872559,314,-0.348046875
0.5288650989532471,315,-0.322265625
0.5299930572509766,316,0.012890625
0.5311441421508789,317,-0.012890625
0.5322589874267578,318,-0.0515625
0.5335450172424316,319,-0.15468749999999998
0.5349950790405273,320,-0.399609375
0.5364480018615723,321,-0.7476562499999999
0.5380439758300781,322,-1.5597656249999998
0.5396320819854736,323,0.0
0.5411920547485352,324,-0.29648437499999997
0.5427119731903076,325,-0.29648437499999997
0.5446021556854248,326,-0.064453125
0.5472080707550049,327,-0.0515625
0.5487649440765381,328,0.0
0.5503950119018555,329,-0.0515625
0.5523591041564941,330,-0.36093749999999997
0.5539569854736328,331,-1.00546875
0.5552551746368408,332,-0.012890625
0.5564520359039307,333,-0.02578125
0.5576200485229492,334,-0.116015625
0.558772087097168,335,-0.4125
0.5599050521850586,336,-0.064453125
0.5610220432281494,337,-0.38671875
0.5621261596679688,338,-0.29648437499999997
0.563270092010498,339,-0.012890625
0.5645129680633545,340,0.012890625
0.5659301280975342,341,-0.012890625
0.5673830509185791,342,-0.23203125
0.5689210891723633,343,-0.37382812499999996
0.5704860687255859,344,-1.044140625
0.5720810890197754,345,0.0
0.573585033416748,346,-0.02578125
0.5755491256713867,347,-0.116015625
0.5780260562896729,348,-0.37382812499999996
0.5796570777893066,349,0.038671874999999994
0.5812780857086182,350,0.012890625
0.583306074142456,351,-0.012890625
0.5848979949951172,352,-0.33515625
0.5861670970916748,353,-0.64453125
0.5873429775238037,354,-1.46953125
0.5885591506958008,355,0.0
0.5896830558776855,356,-0.02578125
0.5907940864562988,357,-0.02578125
0.5919129848480225,358,-0.322265625
0.5930120944976807,359,-0.20625
0.5941081047058105,360,-0.28359375
0.5953061580657959,361,-0.29648437499999997
0.596757173538208,362,-0.012890625
0.5982930660247803,363,-0.012890625
0.5998649597167969,364,-0.02578125
0.6014389991760254,365,-0.322265625
0.60288405418396,366,-0.605859375
0.6045019626617432,367,-1.456640625
0.6063590049743652,368,0.0
0.6088061332702637,369,-0.20625
0.6103811264038086,370,-0.167578125
0.6119511127471924,371,-0.322265625
0.6139941215515137,372,0.0
0.6156229972839355,373,0.0
0.6168961524963379,374,-0.103125
0.6180930137634277,375,-0.37382812499999996
0.619271993637085,376,-0.64453125
0.6204371452331543,377,-1.3664062499999998
0.6216080188751221,378,0.0
0.622718095779419,379,-0.038671874999999994
0.6238501071929932,380,-0.21914062499999998
0.6249549388885498,381,-0.24492187499999998
0.6261820793151855,382,-0.193359375
0.6275789737701416,383,-0.348046875
0.6292860507965088,384,-0.2578125
0.6308579444885254,385,-0.012890625
0.6323800086975098,386,-0.012890625
0.6337361335754395,387,-0.15468749999999998
0.6352360248565674,388,-0.37382812499999996
0.6377990245819092,389,-0.8765624999999999
0.6398420333862305,390,-0.012890625
0.6412420272827148,391,-0.02578125
0.6429450511932373,392,-0.4125
0.6453230381011963,393,-0.09023437499999999
0.6467311382293701,394,0.322265625
0.6479921340942383,395,-0.012890625
0.6491661071777344,396,-0.012890625
0.650292158126831,397,-0.2578125
0.6514110565185547,398,-0.4640625
0.6525530815124512,399,-0.708984375
0.6536531448364258,400,-1.405078125
0.6547501087188721,401,0.0
0.6558511257171631,402,0.0
0.6570250988006592,403,-0.167578125
0.6618900299072266,404,-0.15468749999999998
0.663485050201416,405,0.5285156249999999
0.6648380756378174,406,0.0
0.6662161350250244,407,-0.012890625
0.6686451435089111,408,-0.36093749999999997
0.670842170715332,409,-0.605859375
0.6723780632019043,410,0.0
0.6741430759429932,411,-0.09023437499999999
0.6763050556182861,412,-0.167578125
0.6779520511627197,413,-0.07734374999999999
0.6792211532592773,414,0.141796875
0.6803550720214844,415,0.0
0.6814579963684082,416,-0.012890625
0.6825530529022217,417,-0.012890625
0.6836831569671631,418,-0.270703125
0.6847929954528809,419,-0.515625
0.685920000076294,420,-0.837890625
0.6871600151062012,421,-1.456640625
0.6887290477752686,422,0.0
0.6901571750640869,423,-0.07734374999999999
0.691770076751709,424,-0.02578125
0.6933050155639648,425,-0.29648437499999997
0.6946561336517334,426,-0.193359375
0.6959569454193115,427,-0.0515625
0.6981520652770996,428,0.0
0.7002360820770264,429,-0.012890625
0.7018020153045654,430,-0.33515625
0.703624963760376,431,-0.863671875
0.7055649757385254,432,-1.6371093749999999
0.7069571018218994,433,0.0
0.7082431316375732,434,-0.167578125
0.7094559669494629,435,-0.20625
0.710582971572876,436,-0.33515625
0.7116870880126953,437,-0.36093749999999997
0.7127881050109863,438,-0.15468749999999998
0.7138791084289551,439,0.012890625
0.7149620056152344,440,0.0
0.7161071300506592,441,-0.02578125
0.7177591323852539,442,-0.33515625
0.7193520069122314,443,-0.38671875
0.7208189964294434,444,-1.3019531249999998
0.7223889827728271,445,-0.02578125
0.723931074142456,446,-0.103125
0.7254681587219238,447,-0.23203125
0.7272789478302002,448,-0.18046874999999998
0.7299070358276367,449,-0.37382812499999996
0.7314310073852539,450,0.0
0.7330641746520996,451,-0.012890625
0.7351839542388916,452,-0.322265625
0.7368030548095703,453,-0.605859375
0.738090991973877,454,-1.65
0.7392830848693848,455,0.0
0.740462064743042,456,-0.20625
0.7416329383850098,457,-0.20625
0.7427620887756348,458,-0.322265625
0.7438859939575195,459,-0.37382812499999996
0.7449960708618164,460,-0.37382812499999996
0.7461190223693848,461,-0.167578125
0.7473299503326416,462,0.012890625
0.7487790584564209,463,0.0
0.7503080368041992,464,-0.0515625
0.7519769668579102,465,-0.42539062499999997
0.7535400390625,466,-0.863671875
0.7549140453338623,467,-1.65
0.7566821575164795,468,0.0
0.7592649459838867,469,0.0
0.7611570358276367,470,-0.12890625
0.7626161575317383,471,0.038671874999999994
0.764354944229126,472,0.0
0.7663941383361816,473,-0.012890625
0.7678141593933105,474,-0.270703125
0.7690911293029785,475,-0.4640625
0.7702350616455078,476,-1.2503906249999999
0.7713639736175537,477,-0.30937499999999996
0.7725429534912109,478,0.0
0.773658037185669,479,-0.18046874999999998
0.7747790813446045,480,-0.167578125
0.7758769989013672,481,-0.2578125
0.7769739627838135,482,-0.038671874999999994
0.7781851291656494,483,-0.30937499999999996
0.7796330451965332,484,-0.167578125
0.7811441421508789,485,0.0
0.7828640937805176,486,-0.0515625
0.784494161605835,487,-0.2578125
0.7859499454498291,488,-0.4125
0.7873721122741699,489,-1.2503906249999999
0.7901051044464111,490,0.0
0.7916960716247559,491,-0.012890625
0.7932300567626953,492,-0.18046874999999998
0.7953929901123047,493,-0.270703125
0.7968349456787109,494,0.15468749999999998
0.7981071472167969,495,0.012890625
0.7992880344390869,496,-0.02578125
0.8004500865936279,497,-0.30937499999999996
0.8015780448913574,498,-0.4125
0.8026859760284424,499,-0.863671875
0.8037970066070557,500,-1.46953125
0.8049559593200684,501,0.0
0.806082010269165,502,-0.02578125
0.8071920871734619,503,-0.20625
0.8084621429443359,504,-0.2578125
0.8098781108856201,505,-0.20625
0.8123431205749512,506,-0.15468749999999998
0.8141500949859619,507,0.0
0.8157241344451904,508,0.0
0.8171689510345459,509,-0.12890625
0.8188049793243408,510,-0.37382812499999996
0.8216431140899658,511,-0.992578125
0.8232381343841553,512,0.0
0.8246309757232666,513,-0.064453125
0.8265030384063721,514,-0.515625
0.8284900188446045,515,-0.322265625
0.8298490047454834,516,0.141796875
0.8310420513153076,517,0.012890625
0.8321809768676758,518,-0.02578125
0.8332970142364502,519,-0.15468749999999998
0.8344070911407471,520,-0.4640625
0.8355410099029541,521,-0.515625
0.8366701602935791,522,-1.2374999999999998
0.8377809524536133,523,-1.65
0.8390631675720215,524,0.0
0.8404650688171387,525,-0.02578125
0.8419129848480225,526,-0.167578125
0.8435330390930176,527,-0.167578125
0.8451800346374512,528,-0.29648437499999997
0.8467330932617188,529,0.09023437499999999
0.8483290672302246,530,0.012890625
0.8502581119537354,531,-0.012890625
0.8526830673217773,532,-0.37382812499999996
0.8545870780944824,533,-1.16015625
0.8562650680541992,534,0.0
0.858328104019165,535,-0.20625
0.8598630428314209,536,-0.322265625
0.8611359596252441,537,-0.20625
0.8623270988464355,538,-0.12890625
0.8634819984436035,539,0.012890625
0.8645889759063721,540,0.0
0.8656799793243408,541,-0.012890625
0.8667809963226318,542,-0.20625
0.8679511547088623,543,-0.451171875
0.869251012802124,544,-0.605859375
0.8707160949707031,545,-1.353515625
0.8721561431884766,546,-0.103125
0.8736801147460938,547,-0.0515625
0.8753361701965332,548,-0.07734374999999999
0.8768811225891113,549,-0.167578125
0.8784260749816895,550,-0.36093749999999997
0.8806290626525879,551,-0.02578125
0.882836103439331,552,0.012890625
0.8844561576843262,553,-0.21914062499999998
0.8860831260681152,554,-0.23203125
0.8881311416625977,555,-1.095703125
0.8897111415863037,556,0.0
0.8909659385681152,557,-0.09023437499999999
0.8922340869903564,558,-0.43828124999999996
0.8934299945831299,559,-0.167578125
0.8945610523223877,560,-0.36093749999999997
0.8956820964813232,561,-0.21914062499999998
0.896787166595459,562,0.012890625
0.8979520797729492,563,0.012890625
0.8992331027984619,564,-0.012890625
0.9007360935211182,565,-0.2578125
0.9026570320129395,566,-0.37382812499999996
0.9041831493377686,567,-1.276171875
0.9057741165161133,568,0.0
0.9073441028594971,569,-0.12890625
0.9088799953460693,570,-0.30937499999999996
0.9103889465332031,571,-0.193359375
0.9128611087799072,572,-0.30937499999999996
0.9147520065307617,573,0.0
0.916283130645752,574,-0.02578125
0.9182050228118896,575,-0.37382812499999996
0.9202311038970947,576,-0.4125
0.9218380451202393,577,-1.611328125
0.9231390953063965,578,-0.103125
0.9243481159210205,579,-0.116015625
0.9255499839782715,580,-0.4125
0.9266769886016846,581,-0.167578125
0.9277820587158203,582,-0.399609375
0.9289870262145996,583,-0.29648437499999997
0.9301929473876953,584,0.0
0.9315650463104248,585,-0.012890625
0.933068037033081,586,-0.012890625
0.9346420764923096,587,-0.36093749999999997
0.9361841678619385,588,-0.4640625
0.9376490116119385,589,-1.405078125
0.9393839836120605,590,0.0
0.9418561458587646,591,-0.20625
0.943932056427002,592,-0.2578125
0.9454419612884521,593,-0.270703125
0.9471001625061035,594,0.0
0.9492180347442627,595,0.0
0.9506900310516357,596,-0.09023437499999999
0.951897144317627,597,-0.322265625
0.9533350467681885,598,-0.95390625
0.954477071762085,599,-1.65
0.9556231498718262,600,0.0
0.9567370414733887,601,-0.20625
0.9579160213470459,602,-0.103125
0.9590790271759033,603,-0.36093749999999997
0.9602911472320557,604,-0.193359375
0.9617111682891846,605,-0.30937499999999996
0.9632561206817627,606,-0.07734374999999999
0.9648711681365967,607,0.012890625
0.9664640426635742,608,-0.012890625
0.9679760932922363,609,-0.322265625
0.969573974609375,610,-0.4640625
0.9716360569000244,611,-1.405078125
0.9740190505981445,612,0.0
0.9755351543426514,613,-0.2578125
0.9770791530609131,614,-0.07734374999999999
0.9792940616607666,615,-0.322265625
0.9809470176696777,616,0.0
0.982227087020874,617,-0.0515625
0.9833929538726807,618,-0.167578125
0.9845240116119385,619,-0.4125
0.9856300354003906,620,-0.5671875
0.9867329597473145,621,-1.2503906249999999
0.9878971576690674,622,-1.611328125
0.9891059398651123,623,0.0
0.9903171062469482,624,-0.116015625
0.9917840957641602,625,-0.23203125
0.9933171272277832,626,-0.064453125
0.9948899745941162,627,-0.167578125
0.9966249465942383,628,0.02578125
0.9981679916381836,629,0.0
0.9996650218963623,630,-0.012890625
1.001500129699707,631,-0.348046875
1.0039010047912598,632,-0.348046875
1.0054919719696045,633,0.0
1.0070159435272217,634,-0.02578125
1.009160041809082,635,-0.103125
1.0107641220092773,636,-0.12890625
1.0121221542358398,637,-0.064453125
1.0133061408996582,638,0.012890625
1.0144541263580322,639,-0.012890625
1.0155761241912842,640,-0.038671874999999994
1.016693115234375,641,-0.20625
1.0177950859069824,642,-0.48984374999999997
1.0189990997314453,643,-0.5929687499999999
1.0201900005340576,644,-1.2890625
1.0213890075683594,645,-0.02578125
1.0228321552276611,646,0.0
1.0243380069732666,647,-0.270703125
1.0258941650390625,648,-0.33515625
1.0274779796600342,649,-0.103125
1.0291121006011963,650,-0.064453125
1.030569076538086,651,0.0
1.0323090553283691,652,0.0
1.034696102142334,653,-0.0515625
1.0363781452178955,654,-0.322265625
1.0380680561065674,655,-1.405078125
1.0401389598846436,656,0.012890625
1.041802167892456,657,-0.0515625
1.0431220531463623,658,-0.18046874999999998
1.0443501472473145,659,-0.2578125
1.0455689430236816,660,-0.18046874999999998
1.0466980934143066,661,0.012890625
1.047800064086914,662,0.0
1.048997163772583,663,-0.02578125
1.050112009048462,664,-0.21914062499999998
1.0513370037078857,665,-0.4125
1.052793025970459,666,-0.631640625
1.058866024017334,667,-1.456640625
