time,count,voltage
0.004152059555053711,1,-0.36093749999999997
0.005448102951049805,2,-0.30937499999999996
0.0066339969635009766,3,-0.012890625
0.0077741146087646484,4,-0.0515625
0.008905172348022461,5,-0.322265625
0.0100250244140625,6,-0.580078125
0.011144161224365234,7,-0.6703125
0.012435197830200195,8,-1.10859375
0.013991117477416992,9,-1.6371093749999999
0.015493154525756836,10,-0.0515625
0.016897201538085938,11,-0.23203125
0.01831507682800293,12,-0.29648437499999997
0.01957106590270996,13,-0.21914062499999998
0.02074599266052246,14,-0.4125
0.021893024444580078,15,-0.38671875
0.02302098274230957,16,-0.012890625
0.024233102798461914,17,-0.0515625
0.025382041931152344,18,-0.2578125
0.026508092880249023,19,-0.502734375
0.027779102325439453,20,-0.64453125
0.02920699119567871,21,-1.03125
0.03064417839050293,22,-1.65
0.03218197822570801,23,-0.116015625
0.033701181411743164,24,-0.36093749999999997
0.0350651741027832,25,-0.29648437499999997
0.03646516799926758,26,-0.20625
0.037824153900146484,27,-0.33515625
0.039362192153930664,28,-0.20625
0.04194211959838867,29,-0.012890625
0.04358100891113281,30,-0.20625
0.044975996017456055,31,-0.451171875
0.04684615135192871,32,-1.134375
0.048664093017578125,33,-0.103125
0.049967050552368164,34,-0.30937499999999996
0.051136016845703125,35,-0.270703125
0.05227017402648926,36,-0.2578125
0.05342602729797363,37,-0.37382812499999996
0.054566144943237305,38,-0.4125
0.05568718910217285,39,-0.37382812499999996
0.0568079948425293,40,-0.012890625
0.057917118072509766,41,-0.15468749999999998
0.05902600288391113,42,-0.322265625
0.06012606620788574,43,-0.5671875
0.06122899055480957,44,-0.64453125
0.06241106986999512,45,-1.147265625
0.0635671615600586,46,-1.6371093749999999
0.06470799446105957,47,-0.02578125
0.06582999229431152,48,-0.20625
0.06694507598876953,49,-0.5285156249999999
0.06806015968322754,50,-0.33515625
0.06916999816894531,51,-0.23203125
0.07028412818908691,52,-0.322265625
0.07139205932617188,53,-0.36093749999999997
0.07250618934631348,54,-0.21914062499999998
0.07369303703308105,55,-0.012890625
0.07488512992858887,56,-0.15468749999999998
0.07618308067321777,57,-0.4125
0.07762598991394043,58,-0.631640625
0.07905697822570801,59,-0.8507812499999999
0.08061718940734863,60,-1.5597656249999998
0.08213019371032715,61,-0.0515625
0.08356499671936035,62,-0.322265625
0.08494710922241211,63,-0.36093749999999997
0.08716702461242676,64,-0.21914062499999998
0.08941507339477539,65,-0.322265625
0.09094119071960449,66,-0.02578125
0.09234118461608887,67,-0.23203125
0.09419512748718262,68,-0.515625
0.09612703323364258,69,-0.631640625
0.09754610061645508,70,-1.5984375
0.09875011444091797,71,-0.167578125
0.09994912147521973,72,-0.322265625
0.10111498832702637,73,-0.270703125
0.10225605964660645,74,-0.23203125
0.10340118408203125,75,-0.502734375
0.1045219898223877,76,-0.5671875
0.10578608512878418,77,-0.36093749999999997
0.10721707344055176,78,-0.012890625
0.10870599746704102,79,-0.15468749999999998
0.11015510559082031,80,-0.399609375
0.11172914505004883,81,-0.5671875
0.11310505867004395,82,-1.1859374999999999
0.11469006538391113,83,-1.65
0.11605119705200195,84,-0.29648437499999997
0.11838817596435547,85,-0.36093749999999997
0.12039303779602051,86,-0.270703125
0.1219031810760498,87,-0.167578125
0.12353706359863281,88,-0.012890625
0.12554097175598145,89,-0.09023437499999999
0.12717413902282715,90,-0.270703125
0.12845516204833984,91,-0.4640625
0.12961506843566895,92,-1.198828125
0.13075900077819824,93,-1.65
0.13187718391418457,94,-0.15468749999999998
0.1329960823059082,95,-0.322265625
0.13422203063964844,96,-0.4125
0.13537001609802246,97,-0.20625
0.1365821361541748,98,-0.141796875
0.1380021572113037,99,-0.30937499999999996
0.13947319984436035,100,-0.116015625
0.1410081386566162,101,-0.07734374999999999
0.14258599281311035,102,-0.2578125
0.1440880298614502,103,-0.476953125
0.14553618431091309,104,-0.6703125
0.14687705039978027,105,-1.41796875
0.1490640640258789,106,-0.193359375
0.1511991024017334,107,-0.33515625
0.15269899368286133,108,-0.193359375
0.15415596961975098,109,-0.20625
0.15607500076293945,110,-0.167578125
0.15786004066467285,111,0.0
0.15917015075683594,112,-0.2578125
0.16035103797912598,113,-0.5285156249999999
0.16150116920471191,114,-0.5285156249999999
0.16263413429260254,115,-1.173046875
0.16383719444274902,116,-1.65
0.16497111320495605,117,0.0
0.1660909652709961,118,-0.36093749999999997
0.16730713844299316,119,-0.580078125
0.16874313354492188,120,-0.30937499999999996
0.17019915580749512,121,-0.12890625
0.17175912857055664,122,-0.2578125
0.1733870506286621,123,0.0
0.17484712600708008,124,0.0
0.176314115524292,125,-0.33515625
0.17767906188964844,126,-0.6187499999999999
0.17992210388183594,127,-0.8765624999999999
0.1818690299987793,128,-1.65
0.18340206146240234,129,-0.2578125
0.18491005897521973,130,-0.20625
0.1868600845336914,131,-0.23203125
0.18860316276550293,132,-0.29648437499999997
0.1899251937866211,133,-0.012890625
0.19112014770507812,134,-0.0515625
0.19226813316345215,135,-0.23203125
0.19342803955078125,136,-0.515625
0.19455909729003906,137,-0.6703125
0.19566798210144043,138,-1.1214843749999999
0.1967780590057373,139,-1.611328125
0.1979680061340332,140,-0.02578125
0.1993570327758789,141,-0.23203125
0.2007911205291748,142,-0.4640625
0.20226597785949707,143,-0.2578125
0.20396113395690918,144,-0.23203125
0.20540714263916016,145,-0.0515625
0.20688509941101074,146,0.0
0.2082991600036621,147,-0.0515625
0.21073603630065918,148,-0.29648437499999997
0.21258807182312012,149,-0.515625
0.2140340805053711,150,-1.4437499999999999
0.21561408042907715,151,-0.20625
0.21759414672851562,152,-0.42539062499999997
0.21923112869262695,153,-0.2578125
0.2205030918121338,154,-0.30937499999999996
0.22167611122131348,155,-0.2578125
0.2228250503540039,156,-0.0515625
0.22398018836975098,157,-0.0515625
0.22510409355163574,158,-0.20625
0.2262251377105713,159,-0.4125
0.22733402252197266,160,-0.631640625
0.22853517532348633,161,-0.825
0.2299180030822754,162,-1.405078125
0.2313690185546875,163,-0.167578125
0.23283100128173828,164,-0.23203125
0.23446011543273926,165,-0.734765625
0.23589420318603516,166,-0.28359375
0.23730707168579102,167,-0.30937499999999996
0.2387399673461914,168,-0.24492187499999998
0.24097919464111328,169,-0.012890625
0.24300718307495117,170,-0.15468749999999998
0.24457311630249023,171,-0.4125
0.2460930347442627,172,-0.889453125
0.24804210662841797,173,-1.5597656249999998
0.24973797798156738,174,-0.18046874999999998
0.25103116035461426,175,-0.399609375
0.2521960735321045,176,-0.21914062499999998
0.2533581256866455,177,-0.322265625
0.25450611114501953,178,-0.38671875
0.2556281089782715,179,-0.322265625
0.25679898262023926,180,-0.012890625
0.2579309940338135,181,-0.064453125
0.2591381072998047,182,-0.30937499999999996
0.26054906845092773,183,-0.5671875
0.2619919776916504,184,-0.580078125
0.26351404190063477,185,-1.340625
0.26510119438171387,186,-0.141796875
0.26653409004211426,187,-0.103125
0.2679710388183594,188,-0.5671875
0.2693471908569336,189,-0.23203125
0.2715749740600586,190,-0.23203125
0.2736680507659912,191,0.0
0.2751350402832031,192,-0.064453125
0.27661800384521484,193,-0.36093749999999997
0.27854013442993164,194,-0.605859375
0.2802901268005371,195,-1.147265625
0.2816131114959717,196,-0.167578125
0.28279709815979004,197,-0.0515625
0.2839791774749756,198,-0.4125
0.28510618209838867,199,-0.30937499999999996
0.2863030433654785,200,-0.20625
0.2874619960784912,201,-0.38671875
0.288607120513916,202,-0.4125
0.28980517387390137,203,-0.012890625
0.29120612144470215,204,-0.0515625
0.2926630973815918,205,-0.2578125
0.2942659854888916,206,-0.515625
0.2961251735687256,207,-0.734765625
0.29787611961364746,208,-1.6242187499999998
0.2995450496673584,209,-0.18046874999999998
0.3013269901275635,210,-0.399609375
0.3032851219177246,211,-0.15468749999999998
0.3054041862487793,212,-0.2578125
0.30771517753601074,213,0.012890625
0.3101480007171631,214,-0.15468749999999998
0.3119771480560303,215,-0.399609375
0.3135950565338135,216,-1.1214843749999999
0.3163280487060547,217,-0.20625
0.3185441493988037,218,-0.42539062499999997
0.3203611373901367,219,-0.193359375
0.3221580982208252,220,-0.193359375
0.3240690231323242,221,-0.012890625
0.32584214210510254,222,-0.12890625
0.32775306701660156,223,-0.4125
0.32942914962768555,224,-0.69609375
0.3310880661010742,225,-1.5597656249999998
0.3326430320739746,226,-0.103125
0.3354191780090332,227,-0.43828124999999996
0.3378450870513916,228,-0.23203125
0.3395400047302246,229,0.116015625
0.34142613410949707,230,-0.012890625
0.3437380790710449,231,-0.24492187499999998
0.34567809104919434,232,-0.515625
0.34716105461120605,233,-1.327734375
0.34856319427490234,234,-0.23203125
0.35008811950683594,235,-0.37382812499999996
0.3518221378326416,236,-0.30937499999999996
0.3535611629486084,237,-0.23203125
0.35529112815856934,238,-0.24492187499999998
0.35714197158813477,239,-0.012890625
0.35875511169433594,240,-0.0515625
0.3603200912475586,241,-0.38671875
0.36187219619750977,242,-0.580078125
0.36414217948913574,243,-1.224609375
0.3668971061706543,244,-0.103125
0.368710994720459,245,-0.21914062499999998
0.37059998512268066,246,-0.2578125
0.37300801277160645,247,-0.15468749999999998
0.3751029968261719,248,0.0
0.3765981197357178,249,-0.167578125
0.37800002098083496,250,-0.4640625
0.3793611526489258,251,-0.928125
0.38085317611694336,252,-1.611328125
0.38254809379577637,253,-0.116015625
0.38427019119262695,254,-0.4125
0.38596320152282715,255,-0.30937499999999996
0.38779211044311523,256,-0.33515625
0.3895871639251709,257,-0.064453125
0.391369104385376,258,-0.09023437499999999
0.3930530548095703,259,-0.30937499999999996
0.39577198028564453,260,-0.4640625
0.39795708656311035,261,-1.1859374999999999
0.39947509765625,262,-0.193359375
0.4010331630706787,263,-0.6187499999999999
0.403029203414917,264,-0.28359375
0.40475916862487793,265,-0.21914062499999998
0.4060649871826172,266,0.09023437499999999
0.40725207328796387,267,-0.02578125
0.4083821773529053,268,-0.15468749999999998
0.40951013565063477,269,-0.37382812499999996
0.41074514389038086,270,-0.605859375
0.41216301918029785,271,-0.760546875
0.4135751724243164,272,-1.456640625
0.4151420593261719,273,-0.167578125
0.4167170524597168,274,-0.15468749999999998
0.41817498207092285,275,-0.36093749999999997
0.4196300506591797,276,-0.21914062499999998
0.42113208770751953,277,-0.36093749999999997
0.42365598678588867,278,-0.20625
0.4256441593170166,279,-0.02578125
0.42706799507141113,280,-0.43828124999999996
0.42869019508361816,281,-0.476953125
0.43065619468688965,282,-1.16015625
0.4321291446685791,283,-0.270703125
0.4333920478820801,284,-0.4125
0.43454909324645996,285,-0.322265625
0.43567705154418945,286,-0.167578125
0.436812162399292,287,-0.36093749999999997
0.4379410743713379,288,-0.399609375
0.43906116485595703,289,-0.2578125
0.4401819705963135,290,-0.064453125
0.4413931369781494,291,-0.103125
0.4428071975708008,292,-0.270703125
0.44428205490112305,293,-0.580078125
0.44580507278442383,294,-0.7476562499999999
0.44733405113220215,295,-1.4953124999999998
0.448728084564209,296,-0.103125
0.45019006729125977,297,-0.29648437499999997
0.45177507400512695,298,-0.322265625
0.4544069766998291,299,-0.23203125
0.4560561180114746,300,-0.012890625
0.4574120044708252,301,-0.012890625
0.45920610427856445,302,-0.167578125
0.4611191749572754,303,-0.43828124999999996
0.46253204345703125,304,-0.734765625
0.4639580249786377,305,-1.5082031249999999
0.46530604362487793,306,-0.116015625
0.46658802032470703,307,-0.28359375
0.46783900260925293,308,-0.322265625
0.4691140651702881,309,-0.24492187499999998
0.4733161926269531,310,-0.399609375
0.47486019134521484,311,-0.36093749999999997
0.4767780303955078,312,-0.2578125
0.47856807708740234,313,-0.502734375
0.4804511070251465,314,-1.044140625
0.48329710960388184,315,-0.28359375
0.48508214950561523,316,-0.37382812499999996
0.4871511459350586,317,-0.21914062499999998
0.4894101619720459,318,-0.42539062499999997
0.4909210205078125,319,-0.012890625
0.4922511577606201,320,-0.20625
0.4935431480407715,321,-0.48984374999999997
0.49481916427612305,322,-0.6703125
0.49605798721313477,323,-1.1214843749999999
0.4973001480102539,324,-1.65
0.49852705001831055,325,-0.116015625
0.4997529983520508,326,-0.29648437499999997
0.5056571960449219,327,-0.33515625
0.5077450275421143,328,-0.270703125
0.509620189666748,329,-0.193359375
0.5118939876556396,330,-0.476953125
0.5143060684204102,331,-0.7218749999999999
0.515995979309082,332,-0.270703125
0.5183219909667969,333,-0.399609375
0.5200750827789307,334,-0.20625
0.5214340686798096,335,-0.36093749999999997
0.522711992263794,336,-0.141796875
0.523989200592041,337,-0.012890625
0.525223970413208,338,-0.103125
0.5264670848846436,339,-0.322265625
0.5276970863342285,340,-0.5929687499999999
0.5289311408996582,341,-0.760546875
0.5301470756530762,342,-1.41796875
0.5361700057983398,343,-0.0515625
0.5384311676025391,344,-0.270703125
0.5402660369873047,345,0.193359375
0.5429720878601074,346,-0.0515625
0.5450930595397949,347,-0.2578125
0.5469090938568115,348,-0.837890625
0.5491371154785156,349,-1.65
0.5506820678710938,350,-0.4640625
0.5519881248474121,351,-0.4125
0.5533289909362793,352,-0.30937499999999996
0.5546350479125977,353,-0.399609375
0.5558810234069824,354,-0.23203125
0.5571069717407227,355,-0.012890625
0.5583369731903076,356,-0.09023437499999999
0.5595700740814209,357,-0.30937499999999996
0.5608010292053223,358,-0.580078125
0.5666379928588867,359,-0.734765625
0.5687310695648193,360,-1.353515625
0.5706291198730469,361,-0.2578125
0.573275089263916,362,-0.2578125
0.5756042003631592,363,-0.012890625
0.5773069858551025,364,-0.270703125
0.5796761512756348,365,-0.476953125
0.5813801288604736,366,-1.3664062499999998
0.5827620029449463,367,-0.20625
0.5840780735015869,368,-0.502734375
0.5853381156921387,369,-0.28359375
0.5865809917449951,370,-0.167578125
0.5878121852874756,371,-0.36093749999999997
0.5890460014343262,372,-0.2578125
0.5902740955352783,373,-0.012890625
0.5914959907531738,374,-0.103125
0.5973529815673828,375,-0.33515625
0.5994641780853271,376,-0.64453125
0.6014101505279541,377,-0.37382812499999996
0.6037981510162354,378,-0.2578125
0.6064200401306152,379,-0.2578125
0.608267068862915,380,0.0
0.6105589866638184,381,-0.29648437499999997
0.6121761798858643,382,-0.515625
0.6135320663452148,383,-1.224609375
0.6148309707641602,384,-0.554296875
0.616084098815918,385,-0.270703125
0.6173200607299805,386,-0.515625
0.6185569763183594,387,-0.5671875
0.6197781562805176,388,0.0
0.6209931373596191,389,-0.38671875
0.6222190856933594,390,-0.30937499999999996
0.6281511783599854,391,0.0
0.6302011013031006,392,-0.09023437499999999
0.6321070194244385,393,-1.3792968749999999
0.6340081691741943,394,-0.21914062499999998
0.6366961002349854,395,-0.30937499999999996
0.6386260986328125,396,-0.23203125
0.6409041881561279,397,0.141796875
0.64274001121521,398,-0.103125
0.6441349983215332,399,-0.36093749999999997
0.6454401016235352,400,-0.48984374999999997
0.6466901302337646,401,-1.2503906249999999
0.6479270458221436,402,-1.65
0.6491591930389404,403,-0.2578125
0.6503891944885254,404,-0.4640625
0.6516101360321045,405,-0.29648437499999997
0.65283203125,406,-0.21914062499999998
0.6588871479034424,407,-0.322265625
0.6608200073242188,408,-0.21914062499999998
0.6627001762390137,409,-0.28359375
0.6649940013885498,410,-1.134375
0.6673531532287598,411,-0.23203125
0.6690139770507812,412,-0.348046875
0.6713080406188965,413,-0.167578125
0.6730780601501465,414,0.012890625
0.6745569705963135,415,-0.012890625
0.6758589744567871,416,-0.30937499999999996
0.6772160530090332,417,-0.515625
0.67848801612854,418,-0.5671875
0.6797280311584473,419,-1.198828125
0.6809601783752441,420,-1.65
0.6821861267089844,421,0.0
0.6834721565246582,422,-0.348046875
0.6892030239105225,423,-0.2578125
0.69122314453125,424,-0.193359375
0.6930820941925049,425,-0.167578125
0.6955521106719971,426,-0.48984374999999997
0.697843074798584,427,-0.825
0.6995961666107178,428,-0.33515625
0.7019050121307373,429,-0.42539062499999997
0.703618049621582,430,-0.30937499999999996
0.705592155456543,431,-0.30937499999999996
0.7069220542907715,432,-0.012890625
0.7081911563873291,433,-0.0515625
0.7094550132751465,434,-0.2578125
0.7107000350952148,435,-0.54140625
0.7119300365447998,436,-0.580078125
0.713219165802002,437,-1.224609375
0.7144980430603027,438,-1.65
0.7203450202941895,439,-0.20625
0.7226870059967041,440,-0.2578125
0.7246451377868652,441,0.02578125
0.7272059917449951,442,-0.12890625
0.7293729782104492,443,-0.399609375
0.7311570644378662,444,-1.2503906249999999
0.733504056930542,445,-0.270703125
0.7351300716400146,446,-0.476953125
0.7364740371704102,447,-0.167578125
0.7377569675445557,448,-0.4640625
0.7390010356903076,449,-0.33515625
0.7402219772338867,450,-0.012890625
0.7414450645446777,451,-0.0515625
0.7426750659942627,452,-0.322265625
0.743934154510498,453,-0.515625
0.7451670169830322,454,-0.5929687499999999
0.7509880065917969,455,-1.1859374999999999
0.7530591487884521,456,-1.65
0.7598891258239746,457,-0.38671875
0.7614400386810303,458,-0.20625
0.7632980346679688,459,-0.7218749999999999
0.7652251720428467,460,-1.4953124999999998
0.766700029373169,461,-0.12890625
0.7679040431976318,462,-0.4125
0.7690541744232178,463,-0.21914062499999998
0.7701780796051025,464,-0.36093749999999997
0.7712781429290771,465,-0.4125
0.7723701000213623,466,-0.322265625
0.7735021114349365,467,-0.012890625
0.7746820449829102,468,-0.0515625
0.7757949829101562,469,-0.36093749999999997
0.7769231796264648,470,-0.580078125
0.7781581878662109,471,-0.6703125
0.7795372009277344,472,-1.134375
0.780919075012207,473,-1.65
0.7825531959533691,474,-0.12890625
0.7841382026672363,475,-0.36093749999999997
0.7856450080871582,476,-0.36093749999999997
0.7879691123962402,477,-0.12890625
0.7902390956878662,478,0.02578125
0.7917220592498779,479,-0.064453125
0.793734073638916,480,-0.193359375
0.7955210208892822,481,-0.4640625
0.7967801094055176,482,-1.21171875
0.7982699871063232,483,-1.044140625
0.799468994140625,484,-0.28359375
0.800605058670044,485,-0.554296875
0.8017780780792236,486,-0.322265625
0.802894115447998,487,-0.21914062499999998
0.8040351867675781,488,-0.4640625
0.8051931858062744,489,-0.4125
0.8063549995422363,490,-0.09023437499999999
0.8074851036071777,491,-0.02578125
0.8087201118469238,492,-0.20625
0.8102631568908691,493,-0.4125
0.8117179870605469,494,-0.64453125
0.812993049621582,495,-1.134375
0.814629077911377,496,-1.65
0.8160459995269775,497,-0.2578125
0.8175981044769287,498,-0.4640625
0.8195741176605225,499,-0.30937499999999996
0.8221850395202637,500,-0.23203125
0.8237969875335693,501,0.4640625
0.8254241943359375,502,-0.064453125
0.8274531364440918,503,-0.29648437499999997
0.8289601802825928,504,-0.48984374999999997
0.8302609920501709,505,-1.3019531249999998
0.8314590454101562,506,-0.064453125
0.8325941562652588,507,-0.2578125
0.8338351249694824,508,-0.6187499999999999
0.8349721431732178,509,-0.30937499999999996
0.8360881805419922,510,-0.21914062499999998
0.8372530937194824,511,-0.322265625
0.8383891582489014,512,-0.37382812499999996
0.8396100997924805,513,-0.20625
0.8410501480102539,514,-0.064453125
0.8425099849700928,515,-0.20625
0.8441421985626221,516,-0.476953125
0.8456029891967773,517,-0.54140625
0.8470501899719238,518,-1.327734375
0.8483371734619141,519,-0.167578125
0.8506820201873779,520,-0.23203125
0.8525700569152832,521,-0.23203125
0.854140043258667,522,-0.37382812499999996
0.8561100959777832,523,-0.21914062499999998
0.8579950332641602,524,-0.012890625
0.85933518409729,525,-0.193359375
0.8605082035064697,526,-0.4640625
0.861644983291626,527,-0.5285156249999999
0.8628480434417725,528,-1.10859375
0.8640050888061523,529,-1.65
0.8651301860809326,530,-0.0515625
0.8662559986114502,531,-0.09023437499999999
0.8673901557922363,532,-0.6703125
0.8685040473937988,533,-0.476953125
0.8698229789733887,534,-0.18046874999999998
0.8713080883026123,535,-0.4125
0.8729901313781738,536,-0.322265625
0.8750240802764893,537,-0.012890625
0.8766381740570068,538,-0.24492187499999998
0.8781599998474121,539,-0.502734375
0.8800170421600342,540,-0.837890625
0.8823361396789551,541,-1.5726562499999999
0.8839261531829834,542,-0.322265625
0.8862590789794922,543,-0.4125
0.8882710933685303,544,-0.399609375
0.8896989822387695,545,0.09023437499999999
0.8909070491790771,546,-0.02578125
0.8920421600341797,547,-0.193359375
0.8932211399078369,548,-0.38671875
0.8944220542907715,549,-0.6832031249999999
0.8955671787261963,550,-0.8507812499999999
0.896705150604248,551,-1.4437499999999999
0.8978610038757324,552,-0.30937499999999996
0.898975133895874,553,-0.193359375
0.9002161026000977,554,-0.348046875
0.9016661643981934,555,-0.2578125
0.9032480716705322,556,-0.322265625
0.9049301147460938,557,-0.43828124999999996
0.9063880443572998,558,-0.193359375
0.9077131748199463,559,-0.02578125
0.9090290069580078,560,-0.20625
0.9116699695587158,561,-0.4125
0.9133141040802002,562,-0.8121093749999999
0.914851188659668,563,-1.65
0.9168910980224609,564,-0.21914062499999998
0.9187121391296387,565,-0.33515625
0.9199950695037842,566,-0.167578125
0.9212009906768799,567,-0.33515625
0.9223430156707764,568,-0.2578125
0.9234840869903564,569,0.0
0.9246070384979248,570,-0.064453125
0.9257559776306152,571,-0.28359375
0.9269061088562012,572,-0.502734375
0.9280190467834473,573,-0.6187499999999999
0.92913818359375,574,-1.03125
0.9303469657897949,575,-1.5597656249999998
0.9317810535430908,576,-0.20625
0.9333281517028809,577,-0.20625
0.9349660873413086,578,-0.6832031249999999
0.9364440441131592,579,-0.116015625
0.9378271102905273,580,-0.4640625
0.9390931129455566,581,-0.30937499999999996
0.941580057144165,582,0.0
0.9434611797332764,583,-0.15468749999999998
0.9449691772460938,584,-0.42539062499999997
0.9468560218811035,585,-0.9152343749999999
0.9487450122833252,586,-1.65
0.9500911235809326,587,-0.2578125
0.9512951374053955,588,-0.348046875
0.9524340629577637,589,-0.2578125
0.9535791873931885,590,-0.348046875
0.9547140598297119,591,-0.4125
0.9558219909667969,592,-0.270703125
0.9569339752197266,593,-0.012890625
0.9580440521240234,594,-0.038671874999999994
0.9591779708862305,595,-0.30937499999999996
0.9603981971740723,596,-0.554296875
0.9618179798126221,597,-0.64453125
0.9633111953735352,598,-1.16015625
0.9649691581726074,599,-1.65
0.9666521549224854,600,-0.23203125
0.9680471420288086,601,-0.29648437499999997
0.9695611000061035,602,-0.270703125
0.9717440605163574,603,-0.270703125
0.9739131927490234,604,-0.0515625
0.9754600524902344,605,-0.09023437499999999
0.9772281646728516,606,-0.30937499999999996
0.9792101383209229,607,-0.5285156249999999
0.9806201457977295,608,-1.2890625
0.981903076171875,609,-0.24492187499999998
0.9832701683044434,610,-0.322265625
0.984490156173706,611,-0.270703125
0.985645055770874,612,-0.2578125
0.9867820739746094,613,-0.0515625
0.9878959655761719,614,-0.29648437499999997
0.9890100955963135,615,-0.2578125
0.9901330471038818,616,0.0
0.9913580417633057,617,-0.064453125
0.9928159713745117,618,-0.30937499999999996
0.9943959712982178,619,-0.515625
0.9959700107574463,620,-0.6703125
0.9974970817565918,621,-1.456640625
0.998974084854126,622,-0.103125
1.000507116317749,623,-0.4125
1.0035901069641113,624,-0.2578125
1.0051381587982178,625,-0.09023437499999999
1.006836175918579,626,0.141796875
1.008944034576416,627,-0.0515625
1.0104701519012451,628,-0.2578125
1.0116980075836182,629,-0.4125
1.0128850936889648,630,-0.992578125
1.014059066772461,631,-1.533984375
1.0152111053466797,632,-0.167578125
1.0163400173187256,633,-0.167578125
1.017482042312622,634,-0.580078125
1.0185930728912354,635,-0.2578125
1.019698143005371,636,-0.193359375
1.0208001136779785,637,-0.5671875
1.0220069885253906,638,-0.502734375
1.0234689712524414,639,-0.167578125
1.025008201599121,640,-0.0515625
1.0265600681304932,641,-0.30937499999999996
1.0280840396881104,642,-0.476953125
1.0295372009277344,643,-0.7863281249999999
1.0309391021728516,644,-1.5082031249999999
1.0334820747375488,645,-0.116015625
1.0353200435638428,646,-0.37382812499999996
1.0367350578308105,647,-0.21914062499999998
1.0387330055236816,648,-0.38671875
1.0410430431365967,649,-0.09023437499999999
1.0423741340637207,650,-0.064453125
1.0435750484466553,651,-0.36093749999999997
1.0447821617126465,652,-0.54140625
1.045957088470459,653,-0.9152343749999999
1.0471210479736328,654,-1.5082031249999999
1.0482470989227295,655,-0.4125
1.0493850708007812,656,-0.21914062499999998
1.0505039691925049,657,-0.399609375
1.0516080856323242,658,-0.2578125
1.0528161525726318,659,-0.23203125
1.0542631149291992,660,-0.270703125
1.0557610988616943,661,-0.2578125
1.057326078414917,662,-0.012890625
1.0588500499725342,663,-0.064453125
1.0602741241455078,664,-0.2578125
1.0616610050201416,665,-0.4640625
1.0636820793151855,666,-0.9410156249999999
1.0660901069641113,667,-1.611328125
1.0675899982452393,668,-0.37382812499999996
1.0691790580749512,669,-0.29648437499999997
1.0712850093841553,670,-0.09023437499999999
1.0728981494903564,671,0.07734374999999999
1.074242115020752,672,-0.012890625
1.0754051208496094,673,-0.18046874999999998
1.0765461921691895,674,-0.37382812499999996
1.0777900218963623,675,-0.580078125
1.0789330005645752,676,-0.7863281249999999
1.080049991607666,677,-1.3921875
1.08115816116333,678,-1.4308593749999998
1.0822679996490479,679,-0.167578125
1.0834729671478271,680,-0.37382812499999996
1.0849030017852783,681,-0.24492187499999998
1.0864441394805908,682,-0.20625
1.0880181789398193,683,-0.193359375
1.0896379947662354,684,-0.116015625
1.091050148010254,685,-0.012890625
1.0924491882324219,686,-0.167578125
1.0947580337524414,687,-0.38671875
1.0969910621643066,688,-0.48984374999999997
1.0984899997711182,689,-1.65
1.1000971794128418,690,-0.2578125
1.1022460460662842,691,-0.476953125
1.1038269996643066,692,-0.24492187499999998
1.1053001880645752,693,-0.4125
1.106492042541504,694,-0.103125
1.107621192932129,695,-0.0515625
1.1087791919708252,696,-0.193359375
1.1099090576171875,697,-0.4125
1.1110520362854004,698,-0.580078125
1.1121630668640137,699,-0.734765625
1.1133310794830322,700,-1.340625
1.1145579814910889,701,-1.65
1.1159820556640625,702,-0.07734374999999999
1.1174380779266357,703,-0.36093749999999997
1.1190881729125977,704,-0.37382812499999996
1.1206300258636475,705,-0.167578125
1.1221401691436768,706,-0.116015625
1.1236231327056885,707,0.064453125
1.1258151531219482,708,-0.0515625
1.1280770301818848,709,-0.2578125
1.1296050548553467,710,-0.5671875
1.1312201023101807,711,-1.456640625
1.1333119869232178,712,-0.2578125
1.1348450183868408,713,-0.4125
1.1360571384429932,714,-0.270703125
1.1372451782226562,715,-0.30937499999999996
1.138390064239502,716,-0.33515625
1.1395070552825928,717,-0.193359375
1.1406140327453613,718,-0.0515625
1.1417720317840576,719,-0.064453125
1.142899990081787,720,-0.2578125
1.144029140472412,721,-0.5671875
1.145294189453125,722,-0.54140625
1.1466960906982422,723,-1.173046875
1.1481499671936035,724,-1.65
1.1496961116790771,725,-0.270703125
1.1512961387634277,726,-0.348046875
1.1526780128479004,727,-0.21914062499999998
1.1541900634765625,728,-0.515625
1.155954122543335,729,-0.37382812499999996
1.1585099697113037,730,-0.0515625
1.1600840091705322,731,-0.2578125
1.1616849899291992,732,-0.451171875
1.1636481285095215,733,-0.7863281249999999
1.1653001308441162,734,-1.65
1.166599988937378,735,-0.2578125
1.1677720546722412,736,-0.29648437499999997
1.1689481735229492,737,-0.28359375
1.1700949668884277,738,-0.23203125
1.1712050437927246,739,-0.476953125
1.172314167022705,740,-0.4125
1.173443078994751,741,-0.09023437499999999
1.1745831966400146,742,-0.103125
1.1758010387420654,743,-0.270703125
1.1772360801696777,744,-0.4640625
1.178685188293457,745,-0.580078125
1.180199146270752,746,-1.147265625
1.1816961765289307,747,-1.65
1.1832242012023926,748,-0.28359375
1.1846680641174316,749,-0.631640625
1.1867129802703857,750,-0.23203125
1.1890780925750732,751,-0.322265625
1.1906301975250244,752,0.28359375
1.1925439834594727,753,-0.07734374999999999
1.1946370601654053,754,-0.33515625
1.1960430145263672,755,-0.54140625
1.19724702835083,756,-1.3792968749999999
1.1984641551971436,757,-0.476953125
1.1996090412139893,758,-0.28359375
1.200747013092041,759,-0.4125
1.2018871307373047,760,-0.33515625
1.2030091285705566,761,-0.193359375
1.2042121887207031,762,-0.4640625
1.2053701877593994,763,-0.4125
1.2065839767456055,764,-0.20625
1.208024024963379,765,-0.0515625
1.2095680236816406,766,-0.18046874999999998
1.2111270427703857,767,-0.43828124999999996
1.2126340866088867,768,-0.502734375
1.2141551971435547,769,-1.327734375
1.215651035308838,770,-0.29648437499999997
1.2175869941711426,771,-0.29648437499999997
1.2200171947479248,772,-0.29648437499999997
1.221647024154663,773,-0.20625
1.2233409881591797,774,0.038671874999999994
1.225389003753662,775,-0.07734374999999999
1.2269821166992188,776,-0.20625
1.2282371520996094,777,-0.4125
1.2293970584869385,778,-0.863671875
1.23055100440979,779,-1.456640625
1.2316861152648926,780,-0.193359375
1.2328200340270996,781,-0.28359375
1.2339980602264404,782,-0.399609375
1.2351131439208984,783,-0.322265625
1.2362120151519775,784,-0.23203125
1.237457036972046,785,-0.322265625
1.2389051914215088,786,-0.37382812499999996
1.2403590679168701,787,-0.103125
1.2418999671936035,788,-0.02578125
1.2434849739074707,789,-0.2578125
1.2449359893798828,790,-0.476953125
1.2463831901550293,791,-0.8507812499999999
1.2481980323791504,792,-1.5082031249999999
1.2506701946258545,793,-0.20625
1.2522201538085938,794,-0.28359375
1.2537000179290771,795,-0.20625
1.2558021545410156,796,-0.37382812499999996
1.257568120956421,797,0.0515625
1.2588610649108887,798,-0.103125
1.2600271701812744,799,-0.322265625
1.261167049407959,800,-0.515625
1.2623350620269775,801,-0.734765625
1.2634990215301514,802,-1.3148437499999999
1.2646400928497314,803,-1.65
1.265779972076416,804,-0.193359375
1.2668960094451904,805,-0.348046875
1.2681071758270264,806,-0.322265625
1.269585132598877,807,-0.23203125
1.2710990905761719,808,-0.29648437499999997
1.2726821899414062,809,-0.21914062499999998
1.2743000984191895,810,-0.02578125
1.2757301330566406,811,-0.12890625
1.2771329879760742,812,-0.42539062499999997
1.2791390419006348,813,-0.515625
1.2813780307769775,814,-1.10859375
1.2828741073608398,815,-0.36093749999999997
1.2845051288604736,816,-0.4640625
1.2866511344909668,817,-0.43828124999999996
1.2882380485534668,818,-0.30937499999999996
1.2895190715789795,819,-0.116015625
1.2908961772918701,820,-0.02578125
1.2920680046081543,821,-0.193359375
1.293431043624878,822,-0.4125
1.2948131561279297,823,-0.631640625
1.2959520816802979,824,-0.992578125
1.2970671653747559,825,-1.4953124999999998
1.2983050346374512,826,-0.12890625
1.2997381687164307,827,-0.103125
1.3011970520019531,828,-0.37382812499999996
1.3027820587158203,829,-0.38671875
1.3043391704559326,830,-0.36093749999999997
1.3057761192321777,831,-0.21914062499999998
1.3071610927581787,832,-0.012890625
1.3090121746063232,833,-0.09023437499999999
1.3118109703063965,834,-0.2578125
1.313359022140503,835,-0.7218749999999999
1.314941167831421,836,-1.546875
1.3170130252838135,837,-0.23203125
1.3186681270599365,838,-0.38671875
1.3199291229248047,839,-0.20625
1.3211050033569336,840,-0.4640625
1.3222479820251465,841,-0.4125
1.3233871459960938,842,-0.0515625
1.3245329856872559,843,-0.0515625
1.3256449699401855,844,-0.270703125
1.326796054840088,845,-0.4640625
1.3279130458831787,846,-0.6703125
1.32912015914917,847,-0.9410156249999999
1.330522060394287,848,-1.46953125
1.3319740295410156,849,0.0
1.3336021900177002,850,-0.2578125
1.3352360725402832,851,-0.36093749999999997
1.3366410732269287,852,-0.30937499999999996
1.3381149768829346,853,-0.502734375
1.340043067932129,854,-0.29648437499999997
1.342475175857544,855,-0.012890625
1.3439960479736328,856,-0.2578125
1.345630168914795,857,-0.4640625
1.3476040363311768,858,-1.0828125
1.3491871356964111,859,-0.2578125
1.350492000579834,860,-0.451171875
1.3516550064086914,861,-0.322265625
1.3528079986572266,862,-0.21914062499999998
1.3539910316467285,863,-0.33515625
1.3551130294799805,864,-0.37382812499999996
1.3562371730804443,865,-0.2578125
1.3573410511016846,866,-0.012890625
