time,count,voltage
0.0054318904876708984,1,-0.43828124999999996
0.007033824920654297,2,-0.8765624999999999
0.008754968643188477,3,-1.65
0.010172843933105469,4,-0.193359375
0.011544942855834961,5,-0.502734375
0.012902021408081055,6,-0.64453125
0.014245986938476562,7,-0.18046874999999998
0.015583992004394531,8,-0.167578125
0.016925811767578125,9,0.012890625
0.018452882766723633,10,-0.012890625
0.020155906677246094,11,-0.18046874999999998
0.021838903427124023,12,-0.5671875
0.023526906967163086,13,-0.928125
0.025049924850463867,14,-1.65
0.02666497230529785,15,-0.064453125
0.028206825256347656,16,-0.4125
0.029610872268676758,17,-0.605859375
0.030969858169555664,18,-0.2578125
0.03231000900268555,19,-0.20625
0.03383588790893555,20,0.012890625
0.03550100326538086,21,-0.02578125
0.03715991973876953,22,-0.23203125
0.039067983627319336,23,-0.605859375
0.04079699516296387,24,-1.16015625
0.04248499870300293,25,-0.12890625
0.04410290718078613,26,-0.2578125
0.04560399055480957,27,-0.322265625
0.047241926193237305,28,-0.42539062499999997
0.04970979690551758,29,-0.5671875
0.05228996276855469,30,-0.012890625
0.05398392677307129,31,-0.21914062499999998
0.05568695068359375,32,-0.605859375
0.05783486366271973,33,-1.134375
0.05992889404296875,34,-0.167578125
0.06160688400268555,35,-0.4125
0.06306290626525879,36,-0.4125
0.06443500518798828,37,-0.4125
0.06578683853149414,38,-0.322265625
0.06711983680725098,39,-0.02578125
0.06856203079223633,40,-0.0515625
0.06991195678710938,41,-0.270703125
0.07124996185302734,42,-0.631640625
0.07258296012878418,43,-0.7734375
0.07390189170837402,44,-1.4308593749999998
0.07523298263549805,45,0.0
0.07655096054077148,46,-0.20625
0.07809782028198242,47,-0.42539062499999997
0.07972097396850586,48,-0.515625
0.08116483688354492,49,-0.322265625
0.08252882957458496,50,-0.20625
0.08387088775634766,51,0.012890625
0.08520698547363281,52,-0.02578125
0.0865468978881836,53,-0.2578125
0.0879819393157959,54,-0.605859375
0.08942699432373047,55,-0.7734375
0.09086990356445312,56,-1.4953124999999998
0.09255599975585938,57,0.0
0.09422993659973145,58,-0.36093749999999997
0.09605002403259277,59,-0.43828124999999996
0.09780383110046387,60,-0.28359375
0.09953880310058594,61,-0.12890625
0.10119390487670898,62,0.0
0.10353994369506836,63,-0.064453125
0.10596179962158203,64,-0.515625
0.1076807975769043,65,-1.21171875
0.10940289497375488,66,-0.064453125
0.11159896850585938,67,-0.12890625
0.11377286911010742,68,-0.43828124999999996
0.11548590660095215,69,-0.20625
0.11692190170288086,70,0.15468749999999998
0.11833691596984863,71,-0.012890625
0.11983585357666016,72,-0.167578125
0.12151980400085449,73,-0.54140625
0.1231689453125,74,-0.7863281249999999
0.12491297721862793,75,-1.6371093749999999
0.126708984375,76,-0.12890625
0.12834787368774414,77,-0.36093749999999997
0.12996196746826172,78,-0.4125
0.13146185874938965,79,-0.399609375
0.13417291641235352,80,-0.193359375
0.1363677978515625,81,-0.064453125
0.13853001594543457,82,-0.37382812499999996
0.1403489112854004,83,-0.708984375
0.14232897758483887,84,-1.65
0.1438608169555664,85,-0.116015625
0.1451098918914795,86,-0.37382812499999996
0.1462719440460205,87,-0.399609375
0.14747285842895508,88,-0.322265625
0.14867782592773438,89,-0.399609375
0.14993000030517578,90,-0.167578125
0.15134000778198242,91,0.012890625
0.15283489227294922,92,-0.193359375
0.1543748378753662,93,-0.5285156249999999
0.15588879585266113,94,-0.7476562499999999
0.15727782249450684,95,-1.3664062499999998
0.15881586074829102,96,-0.0515625
0.1603848934173584,97,-0.23203125
0.16276884078979492,98,-0.54140625
0.16439485549926758,99,-0.20625
0.16576695442199707,100,-0.24492187499999998
0.16772794723510742,101,0.0
0.16957497596740723,102,-0.103125
0.17089080810546875,103,-0.4125
0.17204689979553223,104,-0.708984375
0.17316579818725586,105,-1.198828125
0.17427396774291992,106,-1.65
0.17537403106689453,107,0.012890625
0.17647099494934082,108,-0.2578125
0.17758798599243164,109,-0.43828124999999996
0.17871999740600586,110,-0.64453125
0.1799159049987793,111,-0.38671875
0.18128299713134766,112,-0.322265625
0.18270397186279297,113,-0.33515625
0.18419885635375977,114,0.012890625
0.18566679954528809,115,-0.02578125
0.18701601028442383,116,-0.322265625
0.18842697143554688,117,-0.6832031249999999
0.18982481956481934,118,-0.95390625
0.19222187995910645,119,-1.65
0.19388294219970703,120,-0.103125
0.19521093368530273,121,-0.502734375
0.1969759464263916,122,-0.6574218749999999
0.2008378505706787,123,-0.29648437499999997
0.20225095748901367,124,-0.012890625
0.2034459114074707,125,-0.23203125
0.20458698272705078,126,-0.6832031249999999
0.2057359218597412,127,-0.8507812499999999
0.20684599876403809,128,-1.41796875
0.20806193351745605,129,-1.2890625
0.2091820240020752,130,-0.02578125
0.21037793159484863,131,-0.29648437499999997
0.2117619514465332,132,-0.4125
0.21316885948181152,133,-0.399609375
0.21471190452575684,134,-0.4125
0.21626996994018555,135,-0.270703125
0.21782398223876953,136,0.012890625
0.2192540168762207,137,-0.0515625
0.2209639549255371,138,-0.322265625
0.22342586517333984,139,-0.64453125
0.22495293617248535,140,-1.5597656249999998
0.22631192207336426,141,-0.12890625
0.22810792922973633,142,-0.4125
0.230072021484375,143,-0.42539062499999997
0.23140382766723633,144,-0.37382812499999996
0.23260283470153809,145,-0.20625
0.23372483253479004,146,0.0
0.23482298851013184,147,-0.0515625
0.2359449863433838,148,-0.21914062499999998
0.23705792427062988,149,-0.502734375
0.23821783065795898,150,-0.7476562499999999
0.2393488883972168,151,-0.992578125
0.2405989170074463,152,-1.5726562499999999
0.24200081825256348,153,-0.15468749999999998
0.2434399127960205,154,-0.18046874999999998
0.24507379531860352,155,-0.4640625
0.2466139793395996,156,-0.4640625
0.24823999404907227,157,-0.36093749999999997
0.2497408390045166,158,-0.2578125
0.25260281562805176,159,-0.012890625
0.2545318603515625,160,-0.20625
0.25600099563598633,161,-0.554296875
0.25783586502075195,162,-1.3019531249999998
0.2597329616546631,163,0.0
0.2611269950866699,164,-0.322265625
0.26236891746520996,165,-0.54140625
0.26350998878479004,166,-0.29648437499999997
0.26464200019836426,167,-0.4640625
0.26598501205444336,168,-0.37382812499999996
0.2671339511871338,169,0.012890625
0.2682969570159912,170,-0.012890625
0.2694509029388428,171,-0.20625
0.2706899642944336,172,-0.54140625
0.2721710205078125,173,-0.825
0.27358484268188477,174,-1.224609375
0.27510786056518555,175,-1.5597656249999998
0.276547908782959,176,-0.103125
0.2781229019165039,177,-0.4125
0.27959680557250977,178,-0.580078125
0.2814309597015381,179,-0.30937499999999996
0.2837238311767578,180,-0.167578125
0.28528785705566406,181,-0.012890625
0.2868819236755371,182,-0.20625
0.2889578342437744,183,-0.64453125
0.2905149459838867,184,-1.0570312499999999
0.291766881942749,185,-0.2578125
0.29297900199890137,186,-0.12890625
0.29413890838623047,187,-0.270703125
0.2952558994293213,188,-0.2578125
0.29691290855407715,189,-0.4640625
0.29844093322753906,190,-0.399609375
0.29958486557006836,191,0.012890625
0.3008439540863037,192,-0.012890625
0.3023200035095215,193,-0.064453125
0.30375099182128906,194,-0.30937499999999996
0.3053758144378662,195,-0.64453125
0.30686092376708984,196,-1.069921875
0.30829501152038574,197,-1.65
0.30985403060913086,198,-0.12890625
0.3116168975830078,199,-0.4125
0.3140699863433838,200,-0.399609375
0.3156168460845947,201,-0.064453125
0.3174879550933838,202,0.15468749999999998
0.31954193115234375,203,-0.09023437499999999
0.32109785079956055,204,-0.322265625
0.32233381271362305,205,-0.631640625
0.32348084449768066,206,-1.2374999999999998
0.32461094856262207,207,-1.65
0.32575297355651855,208,-0.07734374999999999
0.3268740177154541,209,-0.23203125
0.328049898147583,210,-0.69609375
0.32915687561035156,211,-0.515625
0.33025383949279785,212,-0.21914062499999998
0.33146190643310547,213,-0.43828124999999996
0.33294200897216797,214,-0.37382812499999996
0.3344697952270508,215,0.012890625
0.3360898494720459,216,-0.0515625
0.33765482902526855,217,-0.37382812499999996
0.3397388458251953,218,-0.6832031249999999
0.3411829471588135,219,-1.546875
0.3433239459991455,220,-0.0515625
0.3454759120941162,221,-0.270703125
0.34694695472717285,222,-0.29648437499999997
0.3489408493041992,223,-0.36093749999999997
0.3510129451751709,224,-0.193359375
0.35250282287597656,225,-0.02578125
0.3536968231201172,226,-0.33515625
0.3548569679260254,227,-0.6703125
0.3559689521789551,228,-0.8765624999999999
0.3570749759674072,229,-1.482421875
0.3582158088684082,230,-0.12890625
0.359328031539917,231,-0.064453125
0.36044883728027344,232,-0.2578125
0.3616628646850586,233,-0.476953125
0.3630669116973877,234,-0.734765625
0.36455583572387695,235,-0.21914062499999998
0.3661458492279053,236,-0.20625
0.3678858280181885,237,-0.012890625
0.3694009780883789,238,-0.0515625
0.370790958404541,239,-0.37382812499999996
0.3729548454284668,240,-0.6703125
0.37505292892456055,241,-1.2374999999999998
0.3765568733215332,242,-0.15468749999999998
0.3783748149871826,243,-0.38671875
0.3804349899291992,244,-0.4125
0.3818700313568115,245,-0.29648437499999997
0.38307690620422363,246,0.012890625
0.3842170238494873,247,-0.02578125
0.38534092903137207,248,-0.07734374999999999
0.3864619731903076,249,-0.322265625
0.38758397102355957,250,-0.6187499999999999
0.38870882987976074,251,-0.825
0.3898630142211914,252,-1.26328125
0.3909609317779541,253,-1.65
0.392197847366333,254,0.0
0.39359283447265625,255,-0.28359375
0.39502501487731934,256,-0.54140625
0.39660191535949707,257,-0.5671875
0.39833498001098633,258,-0.36093749999999997
0.3997499942779541,259,-0.0515625
0.4012479782104492,260,-0.012890625
0.4030129909515381,261,-0.116015625
0.4054698944091797,262,-0.42539062499999997
0.4070138931274414,263,-0.8765624999999999
0.40851497650146484,264,-1.65
0.41049790382385254,265,0.0
0.412186861038208,266,-0.42539062499999997
0.41356587409973145,267,-0.36093749999999997
0.41474390029907227,268,-0.399609375
0.4158928394317627,269,-0.29648437499999997
0.4170358180999756,270,-0.012890625
0.41817593574523926,271,-0.012890625
0.4192829132080078,272,-0.21914062499999998
0.42038893699645996,273,-0.605859375
0.42152881622314453,274,-0.8121093749999999
0.4227719306945801,275,-1.044140625
0.4242408275604248,276,-1.611328125
0.42566585540771484,277,0.0
0.4271879196166992,278,-0.2578125
0.4288339614868164,279,-0.5929687499999999
0.43032383918762207,280,-0.36093749999999997
0.4317049980163574,281,-0.43828124999999996
0.4337129592895508,282,-0.23203125
0.43589091300964355,283,-0.012890625
0.4374678134918213,284,-0.28359375
0.4391000270843506,285,-0.631640625
0.4411468505859375,286,-1.198828125
0.44264698028564453,287,0.0
0.4438629150390625,288,-0.2578125
0.44509100914001465,289,-0.4125
0.4462428092956543,290,-0.5929687499999999
0.4474608898162842,291,-0.193359375
0.4486269950866699,292,-0.28359375
0.4497509002685547,293,-0.12890625
0.4508509635925293,294,0.0
0.45194196701049805,295,-0.12890625
0.4531679153442383,296,-0.29648437499999997
0.4545869827270508,297,-0.631640625
0.45609498023986816,298,-0.79921875
0.457643985748291,299,-1.4437499999999999
0.4594409465789795,300,0.0
0.4609949588775635,301,-0.23203125
0.46240782737731934,302,-0.33515625
0.46427202224731445,303,-0.348046875
0.4667069911956787,304,-0.5285156249999999
0.4682648181915283,305,-0.012890625
0.4698460102081299,306,-0.167578125
0.4722440242767334,307,-0.4640625
0.4737420082092285,308,-0.928125
0.47496986389160156,309,-1.6371093749999999
0.47614002227783203,310,-0.064453125
0.4773719310760498,311,-0.30937499999999996
0.478564977645874,312,-0.322265625
0.4796938896179199,313,-0.4125
0.48080897331237793,314,-0.4640625
0.4819200038909912,315,-0.5671875
0.4831209182739258,316,-0.4125
0.4845290184020996,317,0.012890625
0.48600101470947266,318,-0.09023437499999999
0.48761701583862305,319,-0.399609375
0.48918795585632324,320,-0.708984375
0.49055981636047363,321,-1.327734375
0.4920339584350586,322,-0.23203125
0.4939568042755127,323,-0.103125
0.49638795852661133,324,-0.580078125
0.4980168342590332,325,-0.2578125
0.4995689392089844,326,-0.02578125
0.5016160011291504,327,-0.012890625
0.5032339096069336,328,-0.12890625
0.5045938491821289,329,-0.502734375
0.5057690143585205,330,-0.734765625
0.5068888664245605,331,-1.353515625
0.50807785987854,332,-1.65
0.5092239379882812,333,-0.09023437499999999
0.510361909866333,334,-0.270703125
0.5114648342132568,335,-0.6832031249999999
0.5125868320465088,336,-0.580078125
0.5137789249420166,337,-0.2578125
0.5151889324188232,338,-0.4125
0.5166230201721191,339,-0.30937499999999996
0.5183990001678467,340,-0.012890625
0.519927978515625,341,-0.12890625
0.5213689804077148,342,-0.54140625
0.5227518081665039,343,-0.708984375
0.5245249271392822,344,-1.4308593749999998
0.5270528793334961,345,0.0
0.5287837982177734,346,-0.4125
0.5303199291229248,347,-0.38671875
0.5323138236999512,348,-0.29648437499999997
0.5339739322662354,349,0.09023437499999999
0.5352489948272705,350,-0.02578125
0.5364458560943604,351,-0.2578125
0.537606954574585,352,-0.6832031249999999
0.5387389659881592,353,-0.8507812499999999
0.5398519039154053,354,-1.26328125
0.5410017967224121,355,-1.65
0.5421178340911865,356,0.0
0.5432219505310059,357,-0.23203125
0.544456958770752,358,-0.4125
0.5458400249481201,359,-0.33515625
0.5472509860992432,360,-0.33515625
0.5488638877868652,361,-0.399609375
0.5504388809204102,362,-0.103125
0.5518419742584229,363,-0.02578125
0.5533180236816406,364,-0.20625
0.5550918579101562,365,-0.5671875
0.5578718185424805,366,-0.7476562499999999
0.5593678951263428,367,-0.012890625
0.5610167980194092,368,-0.28359375
0.5630269050598145,369,-0.4125
0.5645239353179932,370,-0.23203125
0.5658299922943115,371,-0.103125
0.5669939517974854,372,0.0
0.5681660175323486,373,-0.038671874999999994
0.5693049430847168,374,-0.193359375
0.5704150199890137,375,-0.4640625
0.5715248584747314,376,-0.760546875
0.5727729797363281,377,-0.9796874999999999
0.5739479064941406,378,-1.5082031249999999
0.5751729011535645,379,0.0
0.5766618251800537,380,-0.0515625
0.5781879425048828,381,-0.4640625
0.579718828201294,382,-0.42539062499999997
0.5813088417053223,383,-0.2578125
0.5828108787536621,384,-0.12890625
0.5842959880828857,385,0.0
0.5860528945922852,386,-0.0515625
0.5885519981384277,387,-0.33515625
0.5901789665222168,388,-0.7476562499999999
0.5917038917541504,389,-1.65
0.5937860012054443,390,-0.103125
0.5953569412231445,391,-0.43828124999999996
0.5966308116912842,392,-0.322265625
0.5982248783111572,393,-0.33515625
0.5997679233551025,394,-0.167578125
0.6013779640197754,395,-0.012890625
0.6028308868408203,396,-0.116015625
0.6041338443756104,397,-0.4640625
0.6054668426513672,398,-0.734765625
0.6069128513336182,399,-1.1859374999999999
0.6083459854125977,400,-1.65
0.6098639965057373,401,-0.23203125
0.6113119125366211,402,-0.36093749999999997
0.6126279830932617,403,-0.476953125
0.6140029430389404,404,-0.20625
0.6161558628082275,405,-0.42539062499999997
0.6183638572692871,406,-0.07734374999999999
0.6197910308837891,407,-0.116015625
0.621938943862915,408,-0.580078125
0.6236469745635986,409,-0.825
0.6249508857727051,410,-1.65
0.6261138916015625,411,-0.141796875
0.6272389888763428,412,-0.2578125
0.6284389495849609,413,-0.36093749999999997
0.6296069622039795,414,-0.6832031249999999
0.6307258605957031,415,-0.20625
0.6318228244781494,416,-0.270703125
0.6329538822174072,417,-0.18046874999999998
0.6340539455413818,418,0.0
0.635145902633667,419,-0.0515625
0.6363739967346191,420,-0.23203125
0.6378359794616699,421,-0.580078125
0.6392920017242432,422,-0.8121093749999999
0.6409080028533936,423,-1.405078125
0.6423509120941162,424,0.0
0.6436429023742676,425,-0.270703125
0.6450088024139404,426,-0.4640625
0.6475298404693604,427,-0.476953125
0.6494770050048828,428,-0.24492187499999998
0.6508898735046387,429,0.012890625
0.6527609825134277,430,-0.0515625
0.6547348499298096,431,-0.30937499999999996
0.6563599109649658,432,-0.64453125
0.657567024230957,433,-1.5082031249999999
0.658728837966919,434,0.012890625
0.6598458290100098,435,-0.2578125
0.6609909534454346,436,-0.580078125
0.6626079082489014,437,-0.4640625
0.6637709140777588,438,-0.322265625
0.6649208068847656,439,-0.42539062499999997
0.6660358905792236,440,-0.33515625
0.6672439575195312,441,-0.012890625
0.668787956237793,442,-0.02578125
0.6703169345855713,443,-0.29648437499999997
0.6719009876251221,444,-0.6187499999999999
0.6734328269958496,445,-0.95390625
0.6747360229492188,446,-1.65
0.6764259338378906,447,-0.012890625
0.6790988445281982,448,-0.37382812499999996
0.6808218955993652,449,-0.33515625
0.6823790073394775,450,-0.28359375
0.6845250129699707,451,-0.0515625
0.6859698295593262,452,-0.0515625
0.6871638298034668,453,-0.36093749999999997
0.6884329319000244,454,-0.6574218749999999
0.6895740032196045,455,-0.9796874999999999
0.6906819343566895,456,-1.5726562499999999
0.6917798519134521,457,-0.0515625
0.6928689479827881,458,-0.064453125
0.6940159797668457,459,-0.28359375
0.695112943649292,460,-0.515625
0.696213960647583,461,-0.708984375
0.6974649429321289,462,-0.116015625
0.6988859176635742,463,-0.2578125
0.7003698348999023,464,-0.116015625
0.7019639015197754,465,-0.012890625
0.7034687995910645,466,-0.193359375
0.7048690319061279,467,-0.580078125
0.7062399387359619,468,-0.825
0.7080178260803223,469,-1.533984375
0.710582971572876,470,0.0
0.7121407985687256,471,-0.37382812499999996
0.7137370109558105,472,-0.54140625
0.7157778739929199,473,-0.2578125
0.7175078392028809,474,0.15468749999999998
0.7188088893890381,475,-0.02578125
0.7199838161468506,476,-0.2578125
0.7211318016052246,477,-0.6187499999999999
0.7222518920898438,478,-0.8121093749999999
0.7233619689941406,479,-1.3019531249999998
0.7244548797607422,480,-1.65
0.7255909442901611,481,0.0
0.7266848087310791,482,-0.23203125
0.7279708385467529,483,-0.43828124999999996
0.7294549942016602,484,-0.4125
0.7309069633483887,485,-0.29648437499999997
0.732529878616333,486,-0.270703125
0.7340929508209229,487,0.0
0.7354698181152344,488,-0.0515625
0.7368688583374023,489,-0.2578125
0.7386469841003418,490,-0.580078125
0.7410528659820557,491,-0.837890625
0.7426698207855225,492,0.012890625
0.7442848682403564,493,-0.28359375
0.7463028430938721,494,-0.29648437499999997
0.7480628490447998,495,-0.322265625
0.7494678497314453,496,-0.064453125
0.7506639957427979,497,0.0
0.7517869472503662,498,-0.02578125
0.7529339790344238,499,-0.2578125
0.7540450096130371,500,-0.580078125
0.7551498413085938,501,-0.7863281249999999
0.756248950958252,502,-1.134375
0.7574028968811035,503,-1.65
0.7586808204650879,504,0.0
0.7601578235626221,505,-0.064453125
0.7616088390350342,506,-0.4125
0.7631750106811523,507,-0.4640625
0.7648708820343018,508,-0.23203125
0.766610860824585,509,0.038671874999999994
0.7682509422302246,510,-0.012890625
0.7705368995666504,511,-0.12890625
0.7725379467010498,512,-0.515625
0.7739989757537842,513,-1.173046875
0.7756788730621338,514,-0.167578125
0.7779250144958496,515,-0.193359375
0.7793200016021729,516,-0.4640625
0.7805619239807129,517,-0.270703125
0.781721830368042,518,-0.37382812499999996
0.7828459739685059,519,-0.2578125
0.7839748859405518,520,-0.0515625
0.785099983215332,521,-0.02578125
0.7861928939819336,522,-0.23203125
0.7872869968414307,523,-0.554296875
0.7885568141937256,524,-0.8507812499999999
0.7899868488311768,525,-1.134375
0.7914199829101562,526,-1.65
0.7929978370666504,527,0.0
0.7944958209991455,528,-0.23203125
0.7958970069885254,529,-0.37382812499999996
0.7974629402160645,530,-0.270703125
0.798961877822876,531,-0.37382812499999996
0.801616907119751,532,-0.0515625
0.8032739162445068,533,-0.07734374999999999
0.8046469688415527,534,-0.43828124999999996
0.8066627979278564,535,-0.6832031249999999
0.8084769248962402,536,-1.533984375
0.8098080158233643,537,-0.167578125
0.8109748363494873,538,-0.322265625
0.8121359348297119,539,-0.36093749999999997
0.8132939338684082,540,-0.4640625
0.8144140243530273,541,-0.37382812499999996
0.8155219554901123,542,-0.37382812499999996
0.8166530132293701,543,-0.2578125
0.817781925201416,544,-0.0515625
0.818976879119873,545,-0.12890625
0.8203749656677246,546,-0.37382812499999996
0.8218560218811035,547,-0.708984375
0.8233919143676758,548,-1.03125
0.8249249458312988,549,-1.65
0.8263118267059326,550,-0.09023437499999999
0.8277418613433838,551,-0.38671875
0.829887866973877,552,-0.33515625
0.8323278427124023,553,-0.30937499999999996
0.8338358402252197,554,0.270703125
0.8354330062866211,555,-0.02578125
0.8376798629760742,556,-0.270703125
0.8391809463500977,557,-0.64453125
0.8403878211975098,558,-1.327734375
0.8415398597717285,559,-0.837890625
0.8426609039306641,560,0.0
0.843756914138794,561,-0.28359375
0.8449099063873291,562,-0.708984375
0.8460648059844971,563,-0.43828124999999996
0.8471879959106445,564,-0.24492187499999998
0.8483788967132568,565,-0.37382812499999996
0.8496179580688477,566,-0.270703125
0.8510370254516602,567,-0.012890625
0.8524799346923828,568,-0.0515625
0.8540759086608887,569,-0.322265625
0.8555908203125,570,-0.708984375
0.856982946395874,571,-1.2503906249999999
0.8584098815917969,572,-1.65
0.8601489067077637,573,0.0
0.8628578186035156,574,-0.30937499999999996
0.8646538257598877,575,-0.33515625
0.8663887977600098,576,-0.167578125
0.8684890270233154,577,0.012890625
0.8699808120727539,578,-0.116015625
0.8711838722229004,579,-0.580078125
0.8723318576812744,580,-0.7734375
0.8734498023986816,581,-1.3148437499999999
0.8745620250701904,582,-1.65
0.8756558895111084,583,0.0
0.876755952835083,584,-0.167578125
0.8779809474945068,585,-0.42539062499999997
0.8791139125823975,586,-0.4640625
0.8805909156799316,587,-0.37382812499999996
0.8820619583129883,588,-0.29648437499999997
0.8834919929504395,589,-0.0515625
0.8851478099822998,590,0.0
0.886699914932251,591,-0.116015625
0.8882648944854736,592,-0.515625
0.8896889686584473,593,-0.7476562499999999
0.8916399478912354,594,-1.5597656249999998
0.8940048217773438,595,0.0
0.8954589366912842,596,-0.33515625
0.8971009254455566,597,-0.515625
0.8992428779602051,598,-0.28359375
0.9007408618927002,599,0.193359375
0.9020400047302246,600,-0.116015625
0.9032018184661865,601,-0.2578125
0.9043319225311279,602,-0.631640625
0.9054508209228516,603,-0.8507812499999999
0.9065549373626709,604,-1.276171875
0.9076809883117676,605,-1.65
0.9088079929351807,606,0.0
0.9099569320678711,607,-0.36093749999999997
0.9111659526824951,608,-0.38671875
0.9126248359680176,609,-0.322265625
0.9140768051147461,610,-0.43828124999999996
0.9156489372253418,611,-0.4125
0.9171738624572754,612,-0.103125
0.9186320304870605,613,-0.012890625
0.9199099540710449,614,-0.23203125
0.9223678112030029,615,-0.605859375
0.924163818359375,616,-0.95390625
0.9256429672241211,617,-0.02578125
0.927574872970581,618,-0.15468749999999998
0.9295649528503418,619,-0.7218749999999999
0.9309399127960205,620,-0.2578125
0.9321110248565674,621,-0.322265625
0.9332489967346191,622,-0.167578125
0.9344069957733154,623,0.0
0.9355149269104004,624,-0.064453125
0.9366400241851807,625,-0.37382812499999996
0.9377768039703369,626,-0.64453125
0.9388899803161621,627,-0.837890625
0.9400088787078857,628,-1.340625
0.9412069320678711,629,-1.65
0.9426438808441162,630,0.0
0.9441478252410889,631,-0.23203125
0.9457418918609619,632,-0.5929687499999999
0.9472498893737793,633,-0.348046875
0.9487159252166748,634,-0.399609375
0.9502990245819092,635,-0.12890625
0.9522929191589355,636,-0.02578125
0.9545788764953613,637,-0.167578125
0.9561078548431396,638,-0.580078125
0.9578959941864014,639,-1.3148437499999999
0.9599888324737549,640,-0.116015625
0.9614858627319336,641,-0.28359375
0.9629299640655518,642,-0.451171875
0.9641168117523193,643,-0.29648437499999997
0.9652600288391113,644,-0.28359375
0.966404914855957,645,-0.270703125
0.9675319194793701,646,-0.012890625
0.9686548709869385,647,-0.0515625
0.9697549343109131,648,-0.2578125
0.9708588123321533,649,-0.631640625
0.972113847732544,650,-0.8507812499999999
0.9736649990081787,651,-1.2374999999999998
0.975106954574585,652,-1.65
0.9767270088195801,653,-0.09023437499999999
0.9782509803771973,654,-0.37382812499999996
0.9796748161315918,655,-0.451171875
0.9811580181121826,656,-0.270703125
0.984673023223877,657,-0.30937499999999996
0.986332893371582,658,-0.02578125
0.9877328872680664,659,-0.37382812499999996
0.9897599220275879,660,-0.708984375
0.9915540218353271,661,-1.353515625
0.9928920269012451,662,0.0
0.9940738677978516,663,-0.322265625
0.9952058792114258,664,-0.29648437499999997
0.9963300228118896,665,-0.631640625
0.9975359439849854,666,-0.270703125
0.9986779689788818,667,-0.399609375
0.9997708797454834,668,-0.20625
1.0008659362792969,669,0.0
1.0020809173583984,670,-0.0515625
1.0034990310668945,671,-0.30937499999999996
1.0050339698791504,672,-0.580078125
1.006598949432373,673,-0.8507812499999999
1.0083179473876953,674,-1.5984375
1.0097379684448242,675,0.0
1.011117935180664,676,-0.4125
1.0129039287567139,677,-0.476953125
1.0155048370361328,678,-0.348046875
1.0169968605041504,679,0.24492187499999998
1.0185179710388184,680,-0.012890625
1.0206668376922607,681,-0.167578125
1.022367000579834,682,-0.4125
1.0236258506774902,683,-0.95390625
1.024784803390503,684,-1.5984375
1.025911808013916,685,-0.012890625
1.0270259380340576,686,-0.270703125
1.0281658172607422,687,-0.7734375
1.0292768478393555,688,-1.0570312499999999
1.0304160118103027,689,-0.4640625
1.0315148830413818,690,-0.4640625
1.032735824584961,691,-0.36093749999999997
1.0341639518737793,692,-0.012890625
1.035606861114502,693,-0.02578125
1.0372629165649414,694,-0.28359375
1.0393660068511963,695,-0.631640625
1.0408728122711182,696,-1.2890625
1.0422649383544922,697,-0.20625
1.0439739227294922,698,-0.116015625
1.0466289520263672,699,-0.4640625
1.0483360290527344,700,-0.33515625
1.0498299598693848,701,0.0515625
1.051637887954712,702,-0.012890625
1.0537068843841553,703,-0.09023437499999999
1.0552380084991455,704,-0.502734375
1.0564978122711182,705,-0.8765624999999999
1.0576698780059814,706,-1.5984375
1.0587959289550781,707,0.0
1.0598978996276855,708,-0.30937499999999996
1.0610449314117432,709,-0.4125
1.062168836593628,710,-0.4125
1.0633649826049805,711,-0.6574218749999999
1.0648369789123535,712,-0.37382812499999996
1.0663130283355713,713,-0.23203125
1.0678679943084717,714,-0.012890625
1.0694539546966553,715,-0.0515625
1.070878028869629,716,-0.30937499999999996
1.0723810195922852,717,-0.6703125
1.0744338035583496,718,-1.147265625
1.07680082321167,719,-0.15468749999999998
1.078434944152832,720,-0.399609375
1.0800209045410156,721,-0.43828124999999996
1.082139015197754,722,-0.2578125
1.0837059020996094,723,0.167578125
1.0852258205413818,724,-0.02578125
1.0864388942718506,725,-0.20625
1.0875940322875977,726,-0.48984374999999997
1.0887548923492432,727,-0.7734375
1.0898640155792236,728,-1.1859374999999999
1.0909678936004639,729,-1.65
1.0920789241790771,730,0.0
1.0931718349456787,731,-0.20625
1.0944030284881592,732,-0.4125
1.0957989692687988,733,-0.399609375
1.097395896911621,734,-0.322265625
1.0990009307861328,735,-0.399609375
1.1005828380584717,736,-0.09023437499999999
1.1020359992980957,737,0.0
1.1033878326416016,738,-0.2578125
1.1050770282745361,739,-0.605859375
1.1075618267059326,740,-0.7863281249999999
1.1092338562011719,741,-1.5726562499999999
1.1107218265533447,742,-0.2578125
1.1126718521118164,743,-0.6703125
1.1144368648529053,744,-0.4125
1.1157379150390625,745,-0.23203125
1.1169908046722412,746,0.0
1.118163824081421,747,-0.02578125
1.1192829608917236,748,-0.15468749999999998
1.1204078197479248,749,-0.4640625
1.1215100288391113,750,-0.734765625
1.1226119995117188,751,-0.928125
1.1237030029296875,752,-1.482421875
1.1248979568481445,753,-0.2578125
1.1263790130615234,754,-0.09023437499999999
1.12782883644104,755,-0.29648437499999997
1.129455804824829,756,-0.43828124999999996
1.1309418678283691,757,-0.322265625
1.1322920322418213,758,-0.29648437499999997
1.1337919235229492,759,-0.0515625
1.1355328559875488,760,-0.0515625
1.1383109092712402,761,-0.18046874999999998
1.1397979259490967,762,-0.605859375
1.1414718627929688,763,-1.482421875
1.143495798110962,764,0.0
1.1449809074401855,765,-0.36093749999999997
1.1462218761444092,766,-0.476953125
1.1476359367370605,767,-0.2578125
1.1499218940734863,768,-0.43828124999999996
1.1510980129241943,769,-0.012890625
1.1522409915924072,770,-0.064453125
1.1533548831939697,771,-0.322265625
1.1544609069824219,772,-0.6703125
1.1556668281555176,773,-0.837890625
1.1570990085601807,774,-1.3148437499999999
1.1586508750915527,775,-1.4953124999999998
1.1603147983551025,776,-0.116015625
1.161836862564087,777,-0.43828124999999996
1.1632039546966553,778,-0.515625
1.1646950244903564,779,-0.322265625
1.1664819717407227,780,-0.322265625
1.169015884399414,781,0.0
1.1705729961395264,782,-0.193359375
1.1721229553222656,783,-0.554296875
1.1742160320281982,784,-0.928125
1.1758220195770264,785,-0.734765625
1.1771659851074219,786,-0.270703125
1.1784088611602783,787,-0.6703125
1.1795439720153809,788,-0.5929687499999999
1.1806738376617432,789,-0.30937499999999996
1.1817989349365234,790,-0.37382812499999996
1.182919979095459,791,-0.270703125
1.1840379238128662,792,0.012890625
1.1851599216461182,793,-0.0515625
1.18635892868042,794,-0.2578125
1.1879069805145264,795,-0.6187499999999999
1.1893978118896484,796,-0.825
1.1909918785095215,797,-1.4437499999999999
1.1925408840179443,798,-0.0515625
1.193936824798584,799,-0.20625
1.1953389644622803,800,-0.7734375
1.197577953338623,801,-0.322265625
1.1999139785766602,802,-0.322265625
1.2014679908752441,803,0.0
1.2031409740447998,804,-0.116015625
1.2052199840545654,805,-0.451171875
1.206712007522583,806,-0.7218749999999999
1.2080018520355225,807,-1.65
1.2091548442840576,808,-0.012890625
1.2102618217468262,809,-0.23203125
1.2113659381866455,810,-0.6703125
1.2125070095062256,811,-0.631640625
1.2136478424072266,812,-0.322265625
1.2147488594055176,813,-0.42539062499999997
1.2158458232879639,814,-0.33515625
1.2170698642730713,815,-0.0515625
1.2185099124908447,816,-0.02578125
1.219965934753418,817,-0.193359375
1.2215709686279297,818,-0.5671875
1.2231128215789795,819,-0.734765625
1.2244069576263428,820,-1.5597656249999998
1.2257118225097656,821,0.0
1.2274928092956543,822,-0.193359375
1.2300360202789307,823,-0.54140625
1.2315750122070312,824,-0.103125
1.2332258224487305,825,0.012890625
1.235239028930664,826,-0.012890625
1.2367768287658691,827,-0.116015625
1.238144874572754,828,-0.515625
1.2392988204956055,829,-0.7863281249999999
1.2404229640960693,830,-1.3792968749999999
1.2415518760681152,831,-1.456640625
1.242656946182251,832,-0.038671874999999994
1.243772029876709,833,-0.30937499999999996
1.2449078559875488,834,-0.554296875
1.246032953262329,835,-0.502734375
1.2472379207611084,836,-0.322265625
1.2487950325012207,837,-0.43828124999999996
1.2502479553222656,838,-0.167578125
1.251796007156372,839,0.0
1.2534239292144775,840,-0.167578125
1.2548789978027344,841,-0.4640625
1.2563509941101074,842,-0.734765625
1.2578577995300293,843,-1.4308593749999998
1.2604689598083496,844,0.0
1.2621188163757324,845,-0.36093749999999997
1.263535976409912,846,-0.37382812499999996
1.2654578685760498,847,-0.37382812499999996
1.2672698497772217,848,-0.09023437499999999
1.2686669826507568,849,-0.064453125
1.270110845565796,850,-0.2578125
1.2713158130645752,851,-0.580078125
1.2724449634552002,852,-0.7476562499999999
1.2735638618469238,853,-1.3019531249999998
1.2746729850769043,854,-1.65
1.2757718563079834,855,0.0
1.2768909931182861,856,-0.21914062499999998
1.278162956237793,857,-0.54140625
1.2795498371124268,858,-0.502734375
1.2809839248657227,859,-0.2578125
1.2825169563293457,860,-0.2578125
1.2839949131011963,861,-0.0515625
1.285329818725586,862,-0.012890625
1.2867867946624756,863,-0.2578125
1.2889418601989746,864,-0.5929687499999999
1.2915589809417725,865,-0.8765624999999999
1.2931008338928223,866,-0.23203125
1.294713020324707,867,-0.33515625
1.2966887950897217,868,-0.5929687499999999
1.2986810207366943,869,-0.167578125
1.3004379272460938,870,0.07734374999999999
1.3016560077667236,871,-0.02578125
1.302793025970459,872,-0.15468749999999998
1.3039100170135498,873,-0.476953125
1.305039882659912,874,-0.7734375
1.306142807006836,875,-0.9796874999999999
1.307248830795288,876,-1.533984375
