time,count,voltage
0.005474090576171875,1,-0.21914062499999998
0.0070209503173828125,2,-0.20625
0.008430004119873047,3,-1.147265625
0.009802103042602539,4,-0.103125
0.011171102523803711,5,-0.02578125
0.012663125991821289,6,-0.0515625
0.014349937438964844,7,-0.20625
0.01614093780517578,8,-0.167578125
0.017874956130981445,9,0.09023437499999999
0.019628047943115234,10,0.0
0.021175146102905273,11,-0.02578125
0.022993087768554688,12,-0.270703125
0.02447199821472168,13,-0.708984375
0.025866031646728516,14,-1.5726562499999999
0.027251005172729492,15,0.0
0.028608083724975586,16,-0.103125
0.030178070068359375,17,-0.4125
0.031870126724243164,18,-0.09023437499999999
0.03377509117126465,19,-0.116015625
0.035508155822753906,20,0.012890625
0.03730511665344238,21,-0.0515625
0.03887009620666504,22,-0.29648437499999997
0.040496110916137695,23,-0.322265625
0.04212498664855957,24,-1.2503906249999999
0.04382801055908203,25,0.0
0.04555702209472656,26,-0.20625
0.048159122467041016,27,-0.4125
0.05087709426879883,28,-0.193359375
0.052770137786865234,29,0.0
0.054368019104003906,30,0.0
0.05627703666687012,31,-0.348046875
0.05850696563720703,32,-0.605859375
0.060485124588012695,33,-0.515625
0.06214308738708496,34,-0.20625
0.06359696388244629,35,-0.37382812499999996
0.06500411033630371,36,-0.116015625
0.06637001037597656,37,-0.141796875
0.06777310371398926,38,0.09023437499999999
0.06914710998535156,39,-0.02578125
0.07074713706970215,40,-0.02578125
0.07229804992675781,41,-0.270703125
0.07375717163085938,42,-0.42539062499999997
0.07500600814819336,43,-1.276171875
0.07617807388305664,44,-0.038671874999999994
0.07734012603759766,45,-0.012890625
0.0787661075592041,46,-0.20625
0.08027195930480957,47,-0.30937499999999996
0.08183813095092773,48,-0.103125
0.08347702026367188,49,-0.116015625
0.0847930908203125,50,0.0
0.08623099327087402,51,-0.012890625
0.08768296241760254,52,-0.038671874999999994
0.08918499946594238,53,-0.29648437499999997
0.09072709083557129,54,-0.515625
0.09223008155822754,55,-1.405078125
0.09383606910705566,56,0.0
0.09556102752685547,57,-0.2578125
0.098052978515625,58,-0.30937499999999996
0.09972000122070312,59,-0.038671874999999994
0.10144400596618652,60,0.24492187499999998
0.10353612899780273,61,-0.012890625
0.10490298271179199,62,-0.12890625
0.10607504844665527,63,-0.2578125
0.10723710060119629,64,-0.8121093749999999
0.10839200019836426,65,-1.46953125
0.10954904556274414,66,-0.064453125
0.11073994636535645,67,0.0
0.11195611953735352,68,-0.07734374999999999
0.11313104629516602,69,-0.4125
0.11434197425842285,70,-0.103125
0.1157529354095459,71,-0.4125
0.11724996566772461,72,-0.20625
0.11883711814880371,73,0.012890625
0.12038707733154297,74,-0.02578125
0.12169814109802246,75,-0.28359375
0.12316107749938965,76,-0.322265625
0.12506508827209473,77,-0.992578125
0.12750911712646484,78,-1.65
0.1289680004119873,79,-0.20625
0.13069510459899902,80,-0.399609375
0.13274693489074707,81,-0.33515625
0.13410210609436035,82,0.141796875
0.13526415824890137,83,-0.012890625
0.13639402389526367,84,-0.02578125
0.13750696182250977,85,-0.103125
0.13860416412353516,86,-0.399609375
0.1397089958190918,87,-0.37382812499999996
0.14081907272338867,88,-1.03125
0.1419849395751953,89,-1.6242187499999998
0.14317107200622559,90,0.0
0.14439797401428223,91,-0.07734374999999999
0.14580106735229492,92,-0.12890625
0.14725995063781738,93,-0.2578125
0.1488349437713623,94,-0.33515625
0.15045404434204102,95,-0.21914062499999998
0.15194010734558105,96,0.012890625
0.15343308448791504,97,-0.012890625
0.15518498420715332,98,-0.12890625
0.1575319766998291,99,-0.37382812499999996
0.1590890884399414,100,-1.340625
0.16058707237243652,101,0.0
0.16253399848937988,102,-0.270703125
0.16424107551574707,103,-0.29648437499999997
0.16554808616638184,104,-0.167578125
0.1667499542236328,105,-0.103125
0.16789698600769043,106,0.0
0.16901707649230957,107,-0.02578125
0.17013096809387207,108,-0.038671874999999994
0.17124199867248535,109,-0.38671875
0.17242693901062012,110,-0.5929687499999999
0.17356300354003906,111,-0.8121093749999999
0.17477202415466309,112,-1.405078125
0.17617106437683105,113,0.0
0.1776261329650879,114,-0.038671874999999994
0.1791830062866211,115,-0.038671874999999994
0.18073606491088867,116,-0.23203125
0.18219208717346191,117,-0.270703125
0.18370795249938965,118,-0.193359375
0.18515610694885254,119,0.0
0.18763995170593262,120,-0.012890625
0.18934011459350586,121,-0.21914062499999998
0.19072914123535156,122,-0.5285156249999999
0.19255304336547852,123,-1.405078125
0.1944429874420166,124,0.0
0.1958179473876953,125,0.012890625
0.19700098037719727,126,-0.12890625
0.19814300537109375,127,-0.2578125
0.19925999641418457,128,-0.348046875
0.20039701461791992,129,-0.20625
0.20150399208068848,130,0.0
0.20262694358825684,131,0.0
0.20374011993408203,132,-0.012890625
0.20493197441101074,133,-0.33515625
0.20633196830749512,134,-0.36093749999999997
0.20781993865966797,135,-0.928125
0.20945000648498535,136,-1.65
0.2109520435333252,137,-0.012890625
0.21240901947021484,138,-0.064453125
0.213853120803833,139,-0.36093749999999997
0.21536612510681152,140,-0.322265625
0.21788406372070312,141,-0.24492187499999998
0.21954011917114258,142,-0.012890625
0.22092914581298828,143,-0.02578125
0.22281694412231445,144,-0.36093749999999997
0.22468209266662598,145,-0.6187499999999999
0.2260150909423828,146,-1.65
0.22718501091003418,147,-0.09023437499999999
0.22833013534545898,148,-0.103125
0.22945308685302734,149,-0.29648437499999997
0.23056507110595703,150,-0.193359375
0.23167014122009277,151,-0.30937499999999996
0.23281311988830566,152,-0.36093749999999997
0.23394203186035156,153,-0.15468749999999998
0.23517203330993652,154,0.0
0.23659896850585938,155,-0.012890625
0.23803210258483887,156,-0.103125
0.23957109451293945,157,-0.37382812499999996
0.2411050796508789,158,-0.825
0.24257111549377441,159,-1.65
0.243912935256958,160,-0.012890625
0.24620413780212402,161,-0.167578125
0.24805712699890137,162,-0.2578125
0.24943208694458008,163,-0.37382812499999996
0.2512669563293457,164,-0.103125
0.2532370090484619,165,0.012890625
0.25472211837768555,166,-0.064453125
0.25595617294311523,167,-0.30937499999999996
0.25711607933044434,168,-0.760546875
0.25824403762817383,169,-1.3921875
0.25936007499694824,170,0.0
0.2604820728302002,171,-0.07734374999999999
0.2615950107574463,172,-0.24492187499999998
0.26273107528686523,173,-0.270703125
0.2638731002807617,174,-0.167578125
0.2650599479675293,175,-0.29648437499999997
0.26647496223449707,176,-0.322265625
0.2679769992828369,177,-0.02578125
0.26955103874206543,178,0.0
0.27103710174560547,179,-0.012890625
0.2725090980529785,180,-0.30937499999999996
0.273975133895874,181,-0.515625
0.2756350040435791,182,-1.3664062499999998
0.27808403968811035,183,0.0
0.2796659469604492,184,-0.12890625
0.2810530662536621,185,-0.064453125
0.2830071449279785,186,-0.42539062499999997
0.2848789691925049,187,-0.038671874999999994
0.2862119674682617,188,0.012890625
0.28739094734191895,189,-0.0515625
0.2885150909423828,190,-0.399609375
0.2896311283111572,191,-0.28359375
0.2907421588897705,192,-0.95390625
0.29184913635253906,193,-1.5726562499999999
0.29309511184692383,194,0.0
0.2942240238189697,195,-0.0515625
0.29544496536254883,196,-0.0515625
0.29684901237487793,197,-0.42539062499999997
0.29831814765930176,198,-0.012890625
0.2998650074005127,199,-0.167578125
0.3014371395111084,200,0.103125
0.3029141426086426,201,0.0
0.30436110496520996,202,-0.012890625
0.30596399307250977,203,-0.37382812499999996
0.3085169792175293,204,-0.515625
0.31017303466796875,205,0.0
0.31156110763549805,206,-0.116015625
0.31337809562683105,207,-0.21914062499999998
0.31523704528808594,208,-0.18046874999999998
0.31666111946105957,209,-0.116015625
0.31785011291503906,210,0.0
0.31897711753845215,211,0.0
0.3200960159301758,212,-0.02578125
0.3211979866027832,213,-0.21914062499999998
0.3223609924316406,214,-0.43828124999999996
0.32357001304626465,215,-0.631640625
0.32470703125,216,-1.327734375
0.3259010314941406,217,0.0
0.32729601860046387,218,0.0
0.3287830352783203,219,-0.167578125
0.3308579921722412,220,-0.30937499999999996
0.3324129581451416,221,-0.23203125
0.3338749408721924,222,-0.0515625
0.33531713485717773,223,0.012890625
0.33705997467041016,224,-0.038671874999999994
0.33936309814453125,225,-0.15468749999999998
0.34094715118408203,226,-0.5285156249999999
0.34244203567504883,227,-1.4953124999999998
0.34439802169799805,228,0.0
0.34610795974731445,229,-0.15468749999999998
0.34740710258483887,230,-0.103125
0.3485870361328125,231,-0.20625
0.3497130870819092,232,-0.2578125
0.35085511207580566,233,-0.012890625
0.3520619869232178,234,0.012890625
0.3531930446624756,235,-0.0515625
0.35430216789245605,236,-0.167578125
0.35541415214538574,237,-0.37382812499999996
0.3566160202026367,238,-0.4640625
0.35802602767944336,239,-1.173046875
0.35950398445129395,240,-1.65
0.36106109619140625,241,-0.012890625
0.36267900466918945,242,0.0
0.36412715911865234,243,-0.20625
0.3655381202697754,244,-0.20625
0.3673241138458252,245,-0.103125
0.3697021007537842,246,0.012890625
0.37126708030700684,247,-0.038671874999999994
0.3727860450744629,248,-0.33515625
0.37471914291381836,249,-0.6832031249999999
0.3764820098876953,250,-1.6371093749999999
0.377777099609375,251,-0.02578125
0.37894606590270996,252,-0.141796875
0.3800971508026123,253,-0.4125
0.38121604919433594,254,-0.038671874999999994
0.38236403465270996,255,-0.30937499999999996
0.38350796699523926,256,-0.20625
0.3846290111541748,257,0.012890625
0.3857381343841553,258,-0.02578125
0.38692402839660645,259,-0.012890625
0.3883180618286133,260,-0.28359375
0.38977503776550293,261,-0.4125
0.3913259506225586,262,-1.00546875
0.39287614822387695,263,-1.65
0.39435601234436035,264,-0.12890625
0.39582204818725586,265,0.0
0.3974189758300781,266,-0.36093749999999997
0.39994096755981445,267,-0.322265625
0.4015769958496094,268,0.29648437499999997
0.4029850959777832,269,-0.012890625
0.4048271179199219,270,-0.038671874999999994
0.40668797492980957,271,-0.37382812499999996
0.4080369472503662,272,-1.03125
0.40921497344970703,273,-0.708984375
0.41034793853759766,274,-0.012890625
0.4114689826965332,275,-0.2578125
0.4126300811767578,276,-0.23203125
0.41375017166137695,277,-0.20625
0.4148671627044678,278,-0.33515625
0.41599011421203613,279,-0.4125
0.4172079563140869,280,-0.23203125
0.4186830520629883,281,0.012890625
0.42015504837036133,282,-0.012890625
0.4216780662536621,283,-0.18046874999999998
0.42331695556640625,284,-0.36093749999999997
0.42481112480163574,285,-1.069921875
0.42624998092651367,286,-0.4125
0.42803096771240234,287,-0.0515625
0.4304201602935791,288,-0.02578125
0.43209099769592285,289,-0.07734374999999999
0.4337191581726074,290,0.012890625
0.43570995330810547,291,0.0
0.4373281002044678,292,-0.0515625
0.43859100341796875,293,-0.28359375
0.4397580623626709,294,-0.270703125
0.4408910274505615,295,-0.992578125
0.44208693504333496,296,-1.611328125
0.44322896003723145,297,0.012890625
0.4443521499633789,298,-0.12890625
0.445465087890625,299,-0.0515625
0.44656801223754883,300,-0.29648437499999997
0.44777703285217285,301,-0.167578125
0.44918012619018555,302,-0.399609375
0.45063114166259766,303,-0.20625
0.45224809646606445,304,0.0
0.45381712913513184,305,-0.038671874999999994
0.4552280902862549,306,-0.270703125
0.45661306381225586,307,-0.2578125
0.45798516273498535,308,-1.03125
0.4603309631347656,309,-1.65
0.46231698989868164,310,0.0
0.4638230800628662,311,-0.30937499999999996
0.4654510021209717,312,-0.36093749999999997
0.46748995780944824,313,-0.24492187499999998
0.4689929485321045,314,0.0
0.47022104263305664,315,-0.012890625
0.47136998176574707,316,-0.270703125
0.4725770950317383,317,-0.4125
0.4737110137939453,318,-0.7863281249999999
0.4748380184173584,319,-1.4308593749999998
0.47596001625061035,320,-0.012890625
0.4770810604095459,321,-0.09023437499999999
0.4782710075378418,322,-0.012890625
0.47968411445617676,323,-0.2578125
0.4811439514160156,324,-0.20625
0.48276710510253906,325,-0.399609375
0.48435497283935547,326,-0.103125
0.48580193519592285,327,0.012890625
0.48720812797546387,328,-0.02578125
0.48886895179748535,329,-0.28359375
0.4912550449371338,330,-0.29648437499999997
0.49286603927612305,331,-1.546875
0.49428606033325195,332,-0.167578125
0.4961860179901123,333,0.0
0.49800705909729004,334,-0.193359375
0.4993431568145752,335,-0.322265625
0.5005459785461426,336,-0.0515625
0.5017240047454834,337,0.0
0.5029399394989014,338,-0.012890625
0.50406813621521,339,-0.064453125
0.505169153213501,340,-0.322265625
0.5062739849090576,341,-0.29648437499999997
0.5073859691619873,342,-0.9796874999999999
0.5085771083831787,343,-1.5597656249999998
0.5099830627441406,344,0.0
0.5114419460296631,345,-0.15468749999999998
0.5130071640014648,346,-0.20625
0.5145599842071533,347,-0.18046874999999998
0.5162050724029541,348,-0.36093749999999997
0.5179920196533203,349,-0.103125
0.5207691192626953,350,-0.012890625
0.5226621627807617,351,-0.103125
0.524893045425415,352,-0.4125
0.5271420478820801,353,-1.4437499999999999
0.5286381244659424,354,-0.18046874999999998
0.5299530029296875,355,-0.33515625
0.5312709808349609,356,-0.167578125
0.532689094543457,357,-0.36093749999999997
0.5339951515197754,358,-0.116015625
0.5352480411529541,359,-0.012890625
0.5364871025085449,360,-0.012890625
0.5421919822692871,361,-0.103125
0.5439341068267822,362,-0.37382812499999996
0.5453500747680664,363,-0.103125
0.5467469692230225,364,-0.4125
0.5484850406646729,365,-0.038671874999999994
0.5509021282196045,366,-0.2578125
0.5523951053619385,367,0.012890625
0.5538549423217773,368,-0.012890625
0.5557379722595215,369,-0.322265625
0.5575089454650879,370,-0.36093749999999997
0.5588281154632568,371,-1.4437499999999999
0.5600249767303467,372,0.0
0.561161994934082,373,-0.0515625
0.562312126159668,374,-0.167578125
0.5634469985961914,375,-0.4125
0.5645649433135986,376,0.0
0.5656750202178955,377,-0.270703125
0.5667829513549805,378,-0.193359375
0.5679080486297607,379,0.012890625
0.5691039562225342,380,0.0
0.5705051422119141,381,-0.012890625
0.5719759464263916,382,-0.29648437499999997
0.573523998260498,383,-0.2578125
0.5750401020050049,384,-1.095703125
0.5765399932861328,385,-0.0515625
0.5779261589050293,386,0.0
0.5794920921325684,387,-0.116015625
0.5818660259246826,388,-0.193359375
0.5836260318756104,389,-0.167578125
0.5853290557861328,390,0.0
0.5873451232910156,391,-0.02578125
0.5887019634246826,392,-0.23203125
0.5898971557617188,393,-0.322265625
0.5910520553588867,394,-1.0828125
0.5922040939331055,395,-1.65
0.5933189392089844,396,0.0
0.5944170951843262,397,-0.2578125
0.5955290794372559,398,-0.15468749999999998
0.5966441631317139,399,-0.29648437499999997
0.5977580547332764,400,-0.02578125
0.5988600254058838,401,-0.33515625
0.6000289916992188,402,-0.28359375
0.6014189720153809,403,0.012890625
0.6028881072998047,404,-0.012890625
0.6043310165405273,405,-0.0515625
0.6059141159057617,406,-0.322265625
0.6074459552764893,407,-0.554296875
0.6089301109313965,408,-1.4437499999999999
0.6103980541229248,409,0.0
0.6122541427612305,410,-0.193359375
0.614570140838623,411,-0.28359375
0.6162459850311279,412,-0.103125
0.6176259517669678,413,0.193359375
0.6194109916687012,414,-0.012890625
0.6213009357452393,415,-0.0515625
0.6227149963378906,416,-0.28359375
0.6239149570465088,417,-0.734765625
0.625067949295044,418,-1.4308593749999998
0.6261990070343018,419,0.0
0.6273131370544434,420,-0.103125
0.6284329891204834,421,-0.12890625
0.6295621395111084,422,-0.4125
0.6307711601257324,423,-0.18046874999999998
0.632256031036377,424,-0.270703125
0.6337289810180664,425,-0.167578125
0.6352410316467285,426,0.0
0.6367950439453125,427,-0.012890625
0.6382241249084473,428,-0.20625
0.6396689414978027,429,-0.36093749999999997
0.6410551071166992,430,-0.9152343749999999
0.6433250904083252,431,-1.65
0.645435094833374,432,-0.0515625
0.6469330787658691,433,-0.29648437499999997
0.6484711170196533,434,0.0
0.650489091873169,435,-0.15468749999999998
0.6521749496459961,436,0.0
0.653465986251831,437,-0.012890625
0.6546320915222168,438,-0.23203125
0.6557660102844238,439,-0.4125
0.6568810939788818,440,-0.708984375
0.6584310531616211,441,-1.340625
0.659614086151123,442,0.0
0.6608259677886963,443,-0.15468749999999998
0.662261962890625,444,-0.02578125
0.6637370586395264,445,-0.270703125
0.6652669906616211,446,-0.30937499999999996
0.6669330596923828,447,-0.24492187499999998
0.6684069633483887,448,0.012890625
0.6698639392852783,449,-0.012890625
0.6711909770965576,450,-0.0515625
0.6734240055084229,451,-0.37382812499999996
0.6754570007324219,452,-0.79921875
0.6769261360168457,453,-0.167578125
0.6784400939941406,454,-0.23203125
0.680413007736206,455,-0.270703125
0.6821751594543457,456,-0.0515625
0.6835470199584961,457,0.038671874999999994
0.6847710609436035,458,0.012890625
0.6859259605407715,459,-0.012890625
0.6871490478515625,460,-0.02578125
0.6883089542388916,461,-0.322265625
0.6894330978393555,462,-0.322265625
0.6905510425567627,463,-0.889453125
0.691756010055542,464,-1.4953124999999998
0.6932880878448486,465,0.0
0.6947541236877441,466,-0.0515625
0.6962909698486328,467,-0.24492187499999998
0.6978211402893066,468,-0.103125
0.6992030143737793,469,-0.37382812499999996
0.7007250785827637,470,-0.167578125
0.7022709846496582,471,0.0
0.7042231559753418,472,-0.012890625
0.7064330577850342,473,-0.270703125
0.7078771591186523,474,-0.760546875
0.7094759941101074,475,-1.65
0.7114219665527344,476,0.0
0.7128520011901855,477,-0.167578125
0.7140569686889648,478,-0.064453125
0.7151961326599121,479,-0.2578125
0.7163360118865967,480,-0.270703125
0.7174580097198486,481,-0.012890625
0.7185611724853516,482,0.012890625
0.719663143157959,483,-0.012890625
0.720757007598877,484,-0.12890625
0.7219960689544678,485,-0.4125
0.7234320640563965,486,-0.36093749999999997
0.7248940467834473,487,-1.16015625
0.7263491153717041,488,0.0
0.7279119491577148,489,-0.09023437499999999
0.7293930053710938,490,-0.116015625
0.7307939529418945,491,-0.21914062499999998
0.7323009967803955,492,-0.21914062499999998
0.7346360683441162,493,-0.103125
0.7367539405822754,494,0.0
0.7381949424743652,495,-0.12890625
0.7397420406341553,496,-0.36093749999999997
0.7416989803314209,497,-0.889453125
0.7434389591217041,498,-0.12890625
0.7447390556335449,499,-0.167578125
0.7459161281585693,500,-0.23203125
0.7470519542694092,501,-0.270703125
0.7481980323791504,502,-0.322265625
0.7493250370025635,503,-0.399609375
0.7504689693450928,504,-0.20625
0.7515840530395508,505,0.0
0.7527780532836914,506,-0.012890625
0.7541720867156982,507,-0.012890625
0.7556149959564209,508,-0.33515625
0.7571289539337158,509,-0.502734375
0.7586760520935059,510,-1.327734375
0.7600381374359131,511,0.0
0.7614021301269531,512,-0.18046874999999998
0.7631540298461914,513,-0.09023437499999999
0.7655551433563232,514,-0.12890625
0.7670440673828125,515,0.038671874999999994
0.7686431407928467,516,0.0
0.7706141471862793,517,-0.012890625
0.7720990180969238,518,-0.23203125
0.7733349800109863,519,-0.33515625
0.7744960784912109,520,-1.147265625
0.7756259441375732,521,-1.65
0.7767419815063477,522,0.0
0.7778429985046387,523,-0.193359375
0.7789390087127686,524,-0.18046874999999998
0.780055046081543,525,-0.23203125
0.7811679840087891,526,-0.012890625
0.7822971343994141,527,-0.29648437499999997
0.7834911346435547,528,-0.23203125
0.7849030494689941,529,0.0
0.7863621711730957,530,0.0
0.7878861427307129,531,-0.07734374999999999
0.7894501686096191,532,-0.322265625
0.7908971309661865,533,-0.7734375
0.7923550605773926,534,-1.5597656249999998
0.7937400341033936,535,0.0
0.7960891723632812,536,-0.23203125
0.7979669570922852,537,-0.30937499999999996
0.7994141578674316,538,-0.38671875
0.8010010719299316,539,-0.0515625
0.8030519485473633,540,0.0
0.8046181201934814,541,-0.02578125
0.8058731555938721,542,-0.348046875
0.8070361614227295,543,-0.708984375
0.8081779479980469,544,-1.405078125
0.8092970848083496,545,0.0
0.8103959560394287,546,-0.0515625
0.8115060329437256,547,-0.193359375
0.8126630783081055,548,-0.29648437499999997
0.8138699531555176,549,-0.20625
0.8152880668640137,550,-0.322265625
0.8167951107025146,551,-0.2578125
0.8183121681213379,552,0.0
0.8198881149291992,553,0.0
0.8213269710540771,554,-0.09023437499999999
0.8228781223297119,555,-0.399609375
0.8243601322174072,556,-0.8507812499999999
0.8266019821166992,557,-1.65
0.8285720348358154,558,-0.012890625
0.8300361633300781,559,-0.23203125
0.8315761089324951,560,-0.09023437499999999
0.8336811065673828,561,-0.270703125
0.8353271484375,562,0.012890625
0.8366279602050781,563,-0.02578125
0.8378190994262695,564,-0.15468749999999998
0.8389630317687988,565,-0.38671875
0.8400869369506836,566,-0.605859375
0.8412041664123535,567,-1.2503906249999999
0.8423421382904053,568,-1.1214843749999999
0.8434600830078125,569,0.0
0.8446519374847412,570,-0.23203125
0.8460690975189209,571,-0.167578125
0.8475439548492432,572,-0.15468749999999998
0.8490769863128662,573,-0.193359375
0.8506419658660889,574,-0.07734374999999999
0.8521320819854736,575,0.0
0.8536570072174072,576,-0.02578125
0.8554561138153076,577,-0.21914062499999998
0.857781171798706,578,-0.30937499999999996
0.8592560291290283,579,-1.4953124999999998
0.8609189987182617,580,-0.0515625
0.8629989624023438,581,-0.15468749999999998
0.8644850254058838,582,-0.116015625
0.8657021522521973,583,-0.36093749999999997
0.8668501377105713,584,-0.21914062499999998
0.8679771423339844,585,0.012890625
0.8690979480743408,586,0.0
0.8702011108398438,587,-0.02578125
0.8713040351867676,588,-0.270703125
0.8724880218505859,589,-0.348046875
0.8736181259155273,590,-0.7218749999999999
0.8748111724853516,591,-1.353515625
0.8762080669403076,592,0.0
0.8776659965515137,593,-0.02578125
0.8792109489440918,594,-0.07734374999999999
0.8807511329650879,595,-0.30937499999999996
0.8821890354156494,596,-0.21914062499999998
0.883613109588623,597,-0.103125
0.8856120109558105,598,0.0
0.8877100944519043,599,-0.012890625
0.8891160488128662,600,-0.167578125
0.8908951282501221,601,-0.36093749999999997
0.8928790092468262,602,-1.2890625
0.8942601680755615,603,-0.103125
0.8954579830169678,604,-0.193359375
0.8966100215911865,605,-0.4125
0.8977229595184326,606,-0.012890625
0.8988330364227295,607,-0.36093749999999997
0.8999471664428711,608,-0.2578125
0.9010591506958008,609,0.0
0.90236496925354,610,-0.012890625
0.9038269519805908,611,-0.012890625
0.9051761627197266,612,-0.30937499999999996
0.9066431522369385,613,-0.29648437499999997
0.9080760478973389,614,-1.044140625
0.9099941253662109,615,-0.605859375
0.9115371704101562,616,0.0
0.9130079746246338,617,-0.20625
0.9144649505615234,618,-0.167578125
0.9163401126861572,619,-0.4125
0.9186611175537109,620,-0.15468749999999998
0.9202370643615723,621,0.0
0.9215919971466064,622,-0.20625
0.923504114151001,623,-0.37382812499999996
0.9253981113433838,624,-1.0828125
0.9268519878387451,625,0.0
0.9280681610107422,626,-0.21914062499999998
0.92923903465271,627,-0.20625
0.9303691387176514,628,-0.18046874999999998
0.9314990043640137,629,-0.37382812499999996
0.9326651096343994,630,-0.4125
0.9338159561157227,631,-0.20625
0.9350149631500244,632,0.012890625
0.9364430904388428,633,-0.02578125
0.9379081726074219,634,-0.09023437499999999
0.9394569396972656,635,-0.29648437499999997
0.9410381317138672,636,-0.7734375
0.9425020217895508,637,-1.6242187499999998
0.9440290927886963,638,-0.012890625
0.9454481601715088,639,-0.2578125
0.9478709697723389,640,-0.2578125
0.9497849941253662,641,-0.21914062499999998
0.951228141784668,642,0.30937499999999996
0.9530501365661621,643,-0.012890625
0.9549520015716553,644,-0.0515625
0.9563829898834229,645,-0.2578125
0.9575991630554199,646,-0.95390625
0.9587399959564209,647,-1.611328125
0.959867000579834,648,0.0
0.9609870910644531,649,-0.09023437499999999
0.9621310234069824,650,-0.20625
0.9632539749145508,651,-0.30937499999999996
0.9643750190734863,652,-0.012890625
0.9655630588531494,653,-0.37382812499999996
0.9669849872589111,654,-0.2578125
0.9684500694274902,655,0.012890625
0.9700019359588623,656,-0.012890625
0.9715571403503418,657,-0.15468749999999998
0.9730260372161865,658,-0.322265625
0.9745140075683594,659,-0.928125
0.9763500690460205,660,-1.65
0.9786460399627686,661,-0.07734374999999999
