time,count,voltage
0.0054471492767333984,1,-0.0515625
0.007359981536865234,2,-0.103125
0.008814096450805664,3,-0.038671874999999994
0.010204076766967773,4,-0.24492187499999998
0.011626958847045898,5,-0.0515625
0.013007164001464844,6,-0.012890625
0.014374971389770508,7,-0.02578125
0.01584911346435547,8,-0.29648437499999997
0.017246007919311523,9,-0.28359375
0.026998043060302734,10,-0.992578125
0.02858710289001465,11,0.15468749999999998
0.030014991760253906,12,0.0
0.03137612342834473,13,-0.038671874999999994
0.032740116119384766,14,-0.36093749999999997
0.05637407302856445,15,-0.33515625
0.05814409255981445,16,-0.02578125
0.05970001220703125,17,-0.2578125
0.06127309799194336,18,-0.116015625
0.06290006637573242,19,0.0
0.06453204154968262,20,-0.02578125
0.06615805625915527,21,-0.270703125
0.06778812408447266,22,-0.36093749999999997
0.06944608688354492,23,-1.2374999999999998
0.07132816314697266,24,-0.103125
0.07450413703918457,25,-0.23203125
0.07652711868286133,26,-0.103125
0.07833218574523926,27,0.0
0.07987618446350098,28,0.0
0.08140110969543457,29,-0.02578125
0.08306407928466797,30,-0.270703125
0.08465003967285156,31,-0.399609375
0.08622407913208008,32,-1.2890625
0.09651017189025879,33,0.0
0.09946203231811523,34,-0.21914062499999998
0.10261416435241699,35,-0.167578125
0.10526418685913086,36,-1.2503906249999999
0.10764408111572266,37,-0.2578125
0.1104130744934082,38,-0.116015625
0.11220502853393555,39,0.18046874999999998
0.11353397369384766,40,-0.012890625
0.1147911548614502,41,-0.0515625
0.11608314514160156,42,-0.36093749999999997
0.12588810920715332,43,-0.322265625
0.12822914123535156,44,-1.10859375
0.13068914413452148,45,0.0
0.132249116897583,46,-0.116015625
0.13398313522338867,47,-0.30937499999999996
0.1360170841217041,48,-0.928125
0.1373729705810547,49,0.0
0.1385490894317627,50,-0.0515625
0.13968515396118164,51,-0.20625
0.14081096649169922,52,-0.270703125
0.141923189163208,53,-0.15468749999999998
0.14302802085876465,54,-0.33515625
0.14412713050842285,55,-0.2578125
0.1452319622039795,56,0.012890625
0.14635205268859863,57,-0.012890625
0.14747405052185059,58,-0.012890625
0.1487271785736084,59,-0.270703125
0.15017104148864746,60,-0.38671875
0.15159106254577637,61,-0.8765624999999999
0.15316200256347656,62,-1.65
0.15459418296813965,63,0.0
0.156080961227417,64,-0.103125
0.15760517120361328,65,-0.322265625
0.16011714935302734,66,-0.2578125
0.16178202629089355,67,0.116015625
0.16341114044189453,68,0.0
0.16551613807678223,69,-0.012890625
0.1670091152191162,70,-0.2578125
0.16820311546325684,71,-0.9152343749999999
0.16934418678283691,72,-1.5597656249999998
0.17048907279968262,73,0.0
0.17160606384277344,74,-0.0515625
0.17271900177001953,75,-0.09023437499999999
0.17383599281311035,76,-0.29648437499999997
0.1749429702758789,77,-0.116015625
0.17606210708618164,78,-0.399609375
0.177170991897583,79,-0.348046875
0.17832016944885254,80,0.0
0.17950105667114258,81,-0.012890625
0.1808931827545166,82,-0.0515625
0.18235301971435547,83,-0.2578125
0.18385815620422363,84,-0.2578125
0.1854109764099121,85,-0.95390625
0.18694019317626953,86,-1.65
0.18847918510437012,87,-0.064453125
0.19060611724853516,88,-0.12890625
0.1927950382232666,89,-0.15468749999999998
0.19435715675354004,90,0.038671874999999994
0.19621014595031738,91,0.0
0.1981520652770996,92,-0.0515625
0.19949817657470703,93,-0.322265625
0.2006700038909912,94,-0.4125
0.2017991542816162,95,-1.1859374999999999
0.20291996002197266,96,-1.65
0.20405316352844238,97,-0.012890625
0.20516514778137207,98,-0.141796875
0.20630097389221191,99,-0.103125
0.2074120044708252,100,-0.322265625
0.20850801467895508,101,-0.103125
0.20968317985534668,102,-0.322265625
0.21108198165893555,103,-0.21914062499999998
0.21255016326904297,104,0.012890625
0.21410012245178223,105,-0.02578125
0.21560406684875488,106,-0.21914062499999998
0.21722006797790527,107,-0.322265625
0.21859312057495117,108,-1.03125
0.22082114219665527,109,-1.65
0.22290611267089844,110,-0.103125
0.2243959903717041,111,-0.399609375
0.2263941764831543,112,-0.33515625
0.22812199592590332,113,-0.103125
0.2293710708618164,114,0.012890625
0.23052501678466797,115,-0.02578125
0.23164916038513184,116,-0.20625
0.2327570915222168,117,-0.4125
0.2338550090789795,118,-0.580078125
0.2349550724029541,119,-1.198828125
0.2360680103302002,120,-1.65
0.23717498779296875,121,0.0
0.23827600479125977,122,-0.167578125
0.2393791675567627,123,-0.07734374999999999
0.2405681610107422,124,-0.29648437499999997
0.2419440746307373,125,-0.15468749999999998
0.24338817596435547,126,-0.33515625
0.24500012397766113,127,-0.103125
0.2466270923614502,128,-0.012890625
0.2481060028076172,129,-0.02578125
0.24954915046691895,130,-0.29648437499999997
0.25203895568847656,131,-0.4640625
0.2538721561431885,132,-1.5082031249999999
0.2553880214691162,133,-0.141796875
0.25751304626464844,134,-0.15468749999999998
0.25909996032714844,135,-0.103125
0.2603621482849121,136,-0.09023437499999999
0.2615170478820801,137,0.09023437499999999
0.2626380920410156,138,-0.012890625
0.2637460231781006,139,-0.02578125
0.26484203338623047,140,-0.167578125
0.2659621238708496,141,-0.37382812499999996
0.2670750617980957,142,-0.476953125
0.26818203926086426,143,-1.147265625
0.2692890167236328,144,-1.65
0.270388126373291,145,0.0
0.27155613899230957,146,-0.167578125
0.2729380130767822,147,-0.116015625
0.274381160736084,148,-0.23203125
0.27601099014282227,149,-0.37382812499999996
0.2777061462402344,150,-0.29648437499999997
0.27922916412353516,151,0.0
0.2805919647216797,152,-0.02578125
0.28310704231262207,153,-0.21914062499999998
0.28478407859802246,154,-0.2578125
0.28644609451293945,155,-1.41796875
0.28858399391174316,156,-0.02578125
0.2899951934814453,157,-0.103125
0.2912440299987793,158,0.0
0.29239606857299805,159,-0.2578125
0.29352903366088867,160,-0.270703125
0.2946460247039795,161,-0.103125
0.29582905769348145,162,0.0
0.2969369888305664,163,-0.012890625
0.29804205894470215,164,-0.15468749999999998
0.29915618896484375,165,-0.4125
0.3002631664276123,166,-0.4125
0.3013641834259033,167,-1.069921875
0.30254197120666504,168,-1.65
0.30393004417419434,169,0.0
0.3053619861602783,170,-0.038671874999999994
0.3069791793823242,171,-0.21914062499999998
0.3085451126098633,172,-0.02578125
0.3099679946899414,173,-0.348046875
0.3114750385284424,174,-0.09023437499999999
0.31379008293151855,175,0.0
0.315723180770874,176,-0.012890625
0.317169189453125,177,-0.23203125
0.3189980983734131,178,-0.9796874999999999
0.32090210914611816,179,-0.5929687499999999
0.32227206230163574,180,-0.167578125
0.32346105575561523,181,-0.29648437499999997
0.32460713386535645,182,-0.167578125
0.32579898834228516,183,-0.4125
0.3269309997558594,184,-0.4125
0.3280651569366455,185,-0.0515625
0.3291740417480469,186,-0.02578125
0.33027100563049316,187,-0.02578125
0.3313779830932617,188,-0.103125
0.33256101608276367,189,-0.37382812499999996
0.33396410942077637,190,-0.4640625
0.335407018661499,191,-1.1859374999999999
0.33704519271850586,192,-0.116015625
0.3386070728302002,193,-0.0515625
0.3400540351867676,194,-0.064453125
0.341461181640625,195,-0.09023437499999999
0.34376096725463867,196,-0.36093749999999997
0.34555697441101074,197,-0.012890625
0.34708499908447266,198,-0.02578125
0.3489391803741455,199,-0.12890625
0.35079503059387207,200,-0.30937499999999996
0.3521711826324463,201,-1.1214843749999999
0.353363037109375,202,-0.18046874999999998
0.3545041084289551,203,-0.103125
0.3556861877441406,204,-0.2578125
0.35683512687683105,205,-0.322265625
0.35796213150024414,206,-0.02578125
0.35906410217285156,207,-0.4125
0.3601651191711426,208,-0.399609375
0.36128997802734375,209,-0.167578125
0.3623850345611572,210,0.0
0.36356496810913086,211,-0.038671874999999994
0.3649771213531494,212,-0.103125
0.3664970397949219,213,-0.36093749999999997
0.3681039810180664,214,-0.6703125
0.36968207359313965,215,-1.4953124999999998
0.3711271286010742,216,-0.02578125
0.37687015533447266,217,-0.103125
0.3783681392669678,218,0.6187499999999999
0.38049817085266113,219,0.0
0.3823120594024658,220,-0.038671874999999994
0.38431215286254883,221,-0.2578125
0.38601207733154297,222,-1.198828125
0.38742613792419434,223,-0.116015625
0.3889901638031006,224,-0.193359375
0.39037609100341797,225,-0.23203125
0.3922080993652344,226,-0.12890625
0.3939070701599121,227,-0.37382812499999996
0.39531898498535156,228,0.0
0.39681315422058105,229,-0.012890625
0.3982889652252197,230,-0.038671874999999994
0.39991211891174316,231,-0.37382812499999996
0.40135717391967773,232,-0.708984375
0.40270113945007324,233,-1.533984375
0.404738187789917,234,0.0
0.4071321487426758,235,-0.20625
0.4085690975189209,236,-0.167578125
0.41036105155944824,237,-0.322265625
0.4122960567474365,238,-0.012890625
0.413621187210083,239,-0.012890625
0.4147779941558838,240,-0.09023437499999999
0.41596102714538574,241,-0.37382812499999996
0.4171011447906494,242,-0.502734375
0.41820216178894043,243,-1.1859374999999999
0.41930413246154785,244,-1.65
0.4204399585723877,245,0.0
0.4215371608734131,246,-0.141796875
0.4226491451263428,247,-0.167578125
0.4237380027770996,248,-0.322265625
0.4248950481414795,249,-0.167578125
0.42640018463134766,250,-0.42539062499999997
0.42787814140319824,251,-0.21914062499999998
0.4294860363006592,252,0.0
0.43094515800476074,253,-0.02578125
0.4322690963745117,254,-0.270703125
0.4335591793060303,255,-0.322265625
0.4360780715942383,256,-0.9796874999999999
0.4381370544433594,257,-1.456640625
0.4396941661834717,258,-0.038671874999999994
0.4417600631713867,259,-0.270703125
0.44333600997924805,260,-0.116015625
0.4445970058441162,261,0.103125
0.44585418701171875,262,0.0
0.4470250606536865,263,-0.02578125
0.4481511116027832,264,-0.167578125
0.44925999641418457,265,-0.36093749999999997
0.4503669738769531,266,-0.476953125
0.4515101909637451,267,-1.173046875
0.45262598991394043,268,-1.65
0.45374107360839844,269,0.012890625
0.45493412017822266,270,-0.15468749999999998
0.45642995834350586,271,-0.167578125
0.4578971862792969,272,-0.193359375
0.45943713188171387,273,-0.2578125
0.46111011505126953,274,-0.15468749999999998
0.46268200874328613,275,0.0
0.46428418159484863,276,-0.0515625
0.4670391082763672,277,-0.29648437499999997
0.4687471389770508,278,-0.64453125
0.47021913528442383,279,-0.30937499999999996
0.4721641540527344,280,-0.09023437499999999
0.47395801544189453,281,-0.18046874999999998
0.4752781391143799,282,-0.0515625
0.4765169620513916,283,-0.2578125
0.4776639938354492,284,-0.07734374999999999
0.47879505157470703,285,0.012890625
0.4799211025238037,286,-0.012890625
0.48102807998657227,287,-0.0515625
0.48212218284606934,288,-0.38671875
0.4832191467285156,289,-0.399609375
0.48433709144592285,290,-0.9152343749999999
0.4855811595916748,291,-1.5082031249999999
0.4870879650115967,292,0.0
0.4885420799255371,293,-0.064453125
0.490131139755249,294,-0.193359375
0.49175596237182617,295,-0.167578125
0.49330806732177734,296,-0.38671875
0.4948410987854004,297,-0.103125
0.49761199951171875,298,-0.012890625
0.49945497512817383,299,-0.20625
0.5015220642089844,300,-0.270703125
0.5033590793609619,301,-1.340625
0.5046470165252686,302,-0.02578125
0.505824089050293,303,-0.0515625
0.5069949626922607,304,-0.33515625
0.5081579685211182,305,-0.12890625
0.5093090534210205,306,-0.4125
0.5104219913482666,307,-0.33515625
0.5115389823913574,308,0.0
0.5126330852508545,309,-0.012890625
0.5137519836425781,310,-0.0515625
0.514847993850708,311,-0.20625
0.5161261558532715,312,-0.36093749999999997
0.5176341533660889,313,-0.5671875
0.5190901756286621,314,-1.3664062499999998
0.520637035369873,315,-0.0515625
0.522158145904541,316,-0.116015625
0.5236470699310303,317,-0.28359375
0.5251691341400146,318,-0.103125
0.5275490283966064,319,-0.322265625
0.5296120643615723,320,0.0515625
0.5311470031738281,321,-0.0515625
0.5329711437225342,322,-0.322265625
0.5350091457366943,323,-0.4125
0.5364279747009277,324,-1.5597656249999998
0.5376169681549072,325,-0.09023437499999999
0.5387539863586426,326,-0.193359375
0.5399479866027832,327,-0.36093749999999997
0.5410840511322021,328,-0.02578125
0.5421910285949707,329,-0.29648437499999997
0.5433089733123779,330,-0.322265625
0.5444200038909912,331,-0.193359375
0.5455100536346436,332,0.0
0.5467751026153564,333,-0.0515625
0.5483031272888184,334,-0.09023437499999999
0.5497961044311523,335,-0.37382812499999996
0.5513970851898193,336,-0.6832031249999999
0.5528881549835205,337,-1.52109375
0.5542821884155273,338,0.0
0.5559630393981934,339,-0.103125
0.5586731433868408,340,-0.38671875
0.5603811740875244,341,-0.012890625
0.5618891716003418,342,0.09023437499999999
0.5640430450439453,343,-0.012890625
0.5658481121063232,344,-0.116015625
0.5671360492706299,345,-0.2578125
0.5683071613311768,346,-1.0828125
0.5694329738616943,347,-1.65
0.5705471038818359,348,-0.167578125
0.5716819763183594,349,-0.20625
0.5728139877319336,350,-0.193359375
0.5739431381225586,351,-0.193359375
0.5750770568847656,352,-0.18046874999999998
0.5762510299682617,353,-0.36093749999999997
0.5774641036987305,354,-0.23203125
0.5788960456848145,355,0.012890625
0.5804879665374756,356,-0.012890625
0.5820870399475098,357,-0.15468749999999998
0.5836410522460938,358,-0.322265625
0.5850369930267334,359,-0.95390625
0.586557149887085,360,-1.65
0.5883309841156006,361,-0.064453125
0.5908429622650146,362,-0.167578125
0.5925509929656982,363,-0.193359375
0.5941519737243652,364,0.012890625
0.5963931083679199,365,0.012890625
0.5982341766357422,366,-0.0515625
0.6001520156860352,367,-0.21914062499999998
0.6014630794525146,368,-0.5671875
0.6026079654693604,369,-1.5726562499999999
0.6037440299987793,370,0.0
0.6049211025238037,371,-0.18046874999999998
0.6060571670532227,372,-0.193359375
0.6071510314941406,373,-0.167578125
0.6083669662475586,374,-0.064453125
0.6097550392150879,375,-0.29648437499999997
0.6112861633300781,376,-0.15468749999999998
0.6128871440887451,377,0.012890625
0.614469051361084,378,-0.0515625
0.6165859699249268,379,-0.322265625
0.6180579662322998,380,-0.322265625
0.6207289695739746,381,-1.5082031249999999
0.622704029083252,382,-0.103125
0.624157190322876,383,-0.2578125
0.6260180473327637,384,-0.33515625
0.6280410289764404,385,-0.20625
0.6294691562652588,386,0.012890625
0.6306569576263428,387,-0.02578125
0.6318001747131348,388,-0.29648437499999997
0.6329309940338135,389,-0.36093749999999997
0.6340441703796387,390,-0.7476562499999999
0.6351730823516846,391,-1.3921875
0.6363329887390137,392,-0.29648437499999997
0.6374750137329102,393,-0.064453125
0.6386761665344238,394,-0.103125
0.6401500701904297,395,-0.2578125
0.641585111618042,396,-0.15468749999999998
0.6431970596313477,397,-0.4125
0.6447970867156982,398,-0.167578125
0.6465630531311035,399,-0.012890625
0.6480100154876709,400,-0.012890625
0.6502771377563477,401,-0.33515625
0.6523921489715576,402,-0.631640625
0.6538791656494141,403,0.0
0.6556720733642578,404,-0.193359375
0.6576671600341797,405,-0.2578125
0.6591269969940186,406,-0.29648437499999997
0.6604030132293701,407,-0.15468749999999998
0.6615841388702393,408,-0.012890625
0.6627030372619629,409,0.0
0.6638081073760986,410,-0.02578125
0.6649081707000732,411,-0.23203125
0.6660251617431641,412,-0.4125
0.6671531200408936,413,-0.631640625
0.6682751178741455,414,-1.26328125
0.669532060623169,415,-1.5597656249999998
0.6710200309753418,416,-0.02578125
0.6725170612335205,417,-0.09023437499999999
0.6740820407867432,418,-0.29648437499999997
0.6757121086120605,419,-0.103125
0.6773700714111328,420,-0.09023437499999999
0.678814172744751,421,0.012890625
0.6810281276702881,422,-0.012890625
0.6831800937652588,423,-0.18046874999999998
0.6846981048583984,424,-0.5285156249999999
0.6866130828857422,425,-1.4953124999999998
0.6886310577392578,426,-0.0515625
0.6900050640106201,427,-0.18046874999999998
0.6912250518798828,428,-0.167578125
0.6923971176147461,429,-0.43828124999999996
0.6935620307922363,430,-0.38671875
0.6947059631347656,431,-0.012890625
0.6960611343383789,432,-0.012890625
0.6972301006317139,433,-0.038671874999999994
0.6983680725097656,434,-0.270703125
0.6996490955352783,435,-0.322265625
0.7011511325836182,436,-0.7476562499999999
0.702660083770752,437,-1.4953124999999998
0.7048189640045166,438,-0.012890625
0.7064690589904785,439,-0.09023437499999999
0.7080681324005127,440,-0.167578125
0.7094881534576416,441,-0.167578125
0.711968183517456,442,-0.02578125
0.7137970924377441,443,-0.012890625
0.7152559757232666,444,-0.167578125
0.71728515625,445,-0.29648437499999997
0.7192740440368652,446,-0.992578125
0.720674991607666,447,-0.07734374999999999
0.7218620777130127,448,-0.15468749999999998
0.7230210304260254,449,-0.2578125
0.7241740226745605,450,-0.2578125
0.7253191471099854,451,-0.322265625
0.7264561653137207,452,-0.4125
0.7275660037994385,453,-0.20625
0.7286701202392578,454,0.0
0.7298619747161865,455,-0.012890625
0.7312991619110107,456,-0.02578125
0.732795000076294,457,-0.37382812499999996
0.7344121932983398,458,-0.5671875
0.7359890937805176,459,-1.405078125
0.7374041080474854,460,0.0
0.7387990951538086,461,-0.0515625
0.7408151626586914,462,-0.33515625
0.7433090209960938,463,-0.012890625
0.7448251247406006,464,0.348046875
0.7465121746063232,465,-0.012890625
0.7485940456390381,466,-0.02578125
0.7501270771026611,467,-0.30937499999999996
0.7513761520385742,468,-0.928125
0.7525370121002197,469,-1.6371093749999999
0.7536611557006836,470,0.012890625
0.7547721862792969,471,-0.141796875
0.7559561729431152,472,-0.12890625
0.7570950984954834,473,-0.21914062499999998
0.7582111358642578,474,-0.116015625
0.7593090534210205,475,-0.37382812499999996
0.7605020999908447,476,-0.29648437499999997
0.7619431018829346,477,0.012890625
0.763404130935669,478,0.0
0.7650201320648193,479,-0.064453125
0.7666909694671631,480,-0.29648437499999997
0.7682499885559082,481,-0.8765624999999999
0.7696959972381592,482,-1.65
0.771571159362793,483,-0.07734374999999999
0.7742421627044678,484,-0.193359375
0.7757961750030518,485,-0.270703125
0.7774319648742676,486,-0.09023437499999999
0.7795679569244385,487,0.0
0.7811729907989502,488,-0.02578125
0.7824389934539795,489,-0.28359375
0.783607006072998,490,-0.37382812499999996
0.784736156463623,491,-1.095703125
0.7858710289001465,492,-1.65
0.7870030403137207,493,0.0
0.7881340980529785,494,-0.02578125
0.7892570495605469,495,-0.23203125
0.7904741764068604,496,-0.29648437499999997
0.7918851375579834,497,0.0
0.7933380603790283,498,-0.21914062499999998
0.7949130535125732,499,0.012890625
0.796701192855835,500,0.0
0.7982151508331299,501,-0.0515625
0.7997310161590576,502,-0.322265625
0.8015720844268799,503,-0.69609375
0.8041470050811768,504,-1.46953125
0.8058080673217773,505,-0.167578125
0.8076701164245605,506,-0.42539062499999997
0.8096401691436768,507,-0.36093749999999997
0.8111190795898438,508,0.0
0.8123600482940674,509,-0.012890625
0.8135349750518799,510,-0.02578125
0.8146791458129883,511,-0.167578125
0.8158421516418457,512,-0.4125
0.8169691562652588,513,-0.54140625
0.8180720806121826,514,-1.21171875
0.8191871643066406,515,-1.65
0.8202831745147705,516,-0.012890625
0.8215560913085938,517,-0.116015625
0.8229901790618896,518,-0.167578125
0.8244671821594238,519,-0.21914062499999998
0.8259899616241455,520,-0.2578125
0.8275291919708252,521,-0.167578125
0.8290531635284424,522,0.0
0.8305201530456543,523,-0.0515625
0.8324069976806641,524,-0.20625
0.834820032119751,525,-0.36093749999999997
0.8365211486816406,526,-1.4953124999999998
0.8381509780883789,527,-0.103125
0.840144157409668,528,-0.038671874999999994
0.8417479991912842,529,-0.141796875
0.8430299758911133,530,-0.33515625
0.8442661762237549,531,-0.141796875
0.8454771041870117,532,0.0
0.8466880321502686,533,-0.012890625
0.8478319644927979,534,-0.116015625
0.8489441871643066,535,-0.36093749999999997
0.8500680923461914,536,-0.43828124999999996
0.8511950969696045,537,-1.095703125
0.8524270057678223,538,-1.65
0.8538510799407959,539,0.012890625
0.8553061485290527,540,-0.012890625
0.8568670749664307,541,-0.270703125
0.8584029674530029,542,-0.12890625
0.8599011898040771,543,-0.270703125
0.8614261150360107,544,-0.012890625
0.8634021282196045,545,-0.012890625
0.8658640384674072,546,-0.0515625
0.8674020767211914,547,-0.12890625
0.8690271377563477,548,-1.16015625
0.8710870742797852,549,0.0
0.8726451396942139,550,-0.103125
0.8738970756530762,551,-0.141796875
0.8751120567321777,552,-0.2578125
0.876276969909668,553,-0.36093749999999997
0.8775119781494141,554,-0.20625
0.8786461353302002,555,0.0
0.8797571659088135,556,-0.012890625
0.8808600902557373,557,-0.064453125
0.8819541931152344,558,-0.399609375
0.8832030296325684,559,-0.33515625
0.8846681118011475,560,-0.928125
0.8862800598144531,561,-1.65
0.8878371715545654,562,-0.02578125
0.8893570899963379,563,-0.18046874999999998
0.8907740116119385,564,-0.37382812499999996
0.8923079967498779,565,-0.37382812499999996
0.8944191932678223,566,-0.23203125
0.8968191146850586,567,0.0
0.8982861042022705,568,-0.09023437499999999
0.9000899791717529,569,-0.322265625
0.9022619724273682,570,-0.8121093749999999
0.9036900997161865,571,-0.103125
0.9050090312957764,572,-0.167578125
0.9062941074371338,573,-0.20625
0.9074859619140625,574,-0.103125
0.9086151123046875,575,-0.322265625
0.9097321033477783,576,-0.37382812499999996
0.9108831882476807,577,-0.20625
0.9120161533355713,578,0.0
0.9132120609283447,579,-0.02578125
0.9146301746368408,580,-0.064453125
0.9161331653594971,581,-0.37382812499999996
0.9177789688110352,582,-0.5929687499999999
0.9193220138549805,583,-1.4308593749999998
0.9208080768585205,584,0.012890625
0.9222781658172607,585,-0.167578125
0.9243650436401367,586,-0.29648437499999997
0.9268500804901123,587,-0.09023437499999999
0.9284400939941406,588,0.4640625
0.9300680160522461,589,0.0
0.9322299957275391,590,-0.0515625
0.9337341785430908,591,-0.2578125
0.9349260330200195,592,-1.0828125
0.9361090660095215,593,-1.65
0.9372310638427734,594,0.0
0.9383389949798584,595,-0.2578125
0.9394731521606445,596,-0.20625
0.9405961036682129,597,-0.07734374999999999
0.9417071342468262,598,-0.33515625
0.9428040981292725,599,-0.43828124999999996
0.9440650939941406,600,-0.28359375
0.9455411434173584,601,0.0
0.9473550319671631,602,-0.02578125
0.9488351345062256,603,-0.23203125
0.9502341747283936,604,-0.21914062499999998
0.9515960216522217,605,-1.03125
0.9530720710754395,606,-1.65
0.9548511505126953,607,-0.09023437499999999
0.9576470851898193,608,-0.02578125
0.9592351913452148,609,-0.37382812499999996
0.960853099822998,610,-0.09023437499999999
0.9628541469573975,611,0.012890625
0.964622974395752,612,-0.02578125
0.9659371376037598,613,-0.30937499999999996
0.9671220779418945,614,-0.4640625
0.9682540893554688,615,-1.2503906249999999
0.9693801403045654,616,-1.3148437499999999
0.9704849720001221,617,0.0
0.9716300964355469,618,-0.20625
0.9727380275726318,619,-0.21914062499999998
0.9739670753479004,620,-0.2578125
0.9753949642181396,621,-0.33515625
0.9769141674041748,622,-0.322265625
0.9784469604492188,623,-0.012890625
0.9800851345062256,624,-0.012890625
0.9816479682922363,625,-0.064453125
0.9830701351165771,626,-0.33515625
0.9851951599121094,627,-0.837890625
0.9874730110168457,628,-1.65
0.989001989364624,629,-0.193359375
0.9906649589538574,630,-0.322265625
0.9927451610565186,631,-0.103125
0.9942061901092529,632,0.15468749999999998
0.9954140186309814,633,-0.02578125
0.9966621398925781,634,-0.02578125
0.997826099395752,635,-0.103125
0.9989421367645264,636,-0.4125
1.000049114227295,637,-0.476953125
1.001150131225586,638,-1.1214843749999999
1.0022611618041992,639,-1.65
1.0036749839782715,640,0.012890625
1.005040168762207,641,-0.18046874999999998
1.0065360069274902,642,-0.20625
1.0080251693725586,643,-0.116015625
1.0096089839935303,644,-0.4125
1.0112261772155762,645,-0.167578125
1.0127930641174316,646,0.0
1.0142111778259277,647,-0.012890625
1.0164570808410645,648,-0.29648437499999997
1.0184941291809082,649,-0.5285156249999999
1.0199999809265137,650,-1.4953124999999998
1.0217411518096924,651,-0.09023437499999999
1.0237650871276855,652,-0.193359375
1.02516508102417,653,-0.12890625
1.0263631343841553,654,-0.18046874999999998
1.0275511741638184,655,-0.09023437499999999
1.0286781787872314,656,-0.012890625
1.0298070907592773,657,-0.0515625
1.0309159755706787,658,-0.0515625
1.0324640274047852,659,-0.37382812499999996
1.03364896774292,660,-0.48984374999999997
1.0348670482635498,661,-1.2374999999999998
1.0364811420440674,662,-1.65
1.037966012954712,663,-0.0515625
1.0395750999450684,664,-0.09023437499999999
1.0410940647125244,665,-0.167578125
1.0425000190734863,666,-0.20625
1.044084072113037,667,-0.103125
1.046584129333496,668,0.012890625
1.0485451221466064,669,-0.038671874999999994
1.0499851703643799,670,-0.193359375
1.0516810417175293,671,-0.8765624999999999
1.0537471771240234,672,-1.65
1.0551841259002686,673,-0.12890625
1.0564379692077637,674,-0.33515625
1.0575900077819824,675,-0.02578125
1.0587120056152344,676,-0.29648437499999997
1.059823989868164,677,-0.30937499999999996
1.0609970092773438,678,-0.141796875
1.062110185623169,679,0.0
1.063204050064087,680,-0.02578125
1.064298152923584,681,-0.103125
1.0654850006103516,682,-0.4125
1.0670051574707031,683,-0.399609375
1.0685381889343262,684,-1.16015625
1.0701639652252197,685,-0.09023437499999999
1.0717461109161377,686,-0.09023437499999999
1.0731830596923828,687,-0.2578125
1.0746159553527832,688,-0.02578125
1.0764191150665283,689,-0.38671875
1.0790109634399414,690,-0.23203125
1.0805439949035645,691,-0.02578125
1.082082986831665,692,-0.2578125
1.0842809677124023,693,-0.348046875
1.0858891010284424,694,-1.2374999999999998
1.087218999862671,695,0.0
1.0883941650390625,696,-0.21914062499999998
1.089534044265747,697,-0.23203125
1.0906400680541992,698,-0.116015625
1.091742992401123,699,-0.37382812499999996
1.092867136001587,700,-0.4640625
1.0939860343933105,701,-0.270703125
1.0950860977172852,702,0.0
1.0963330268859863,703,-0.02578125
1.097750186920166,704,-0.038671874999999994
1.0992851257324219,705,-0.322265625
1.1008970737457275,706,-0.515625
1.1024911403656006,707,-1.3921875
1.1038830280303955,708,0.0
1.1052970886230469,709,-0.21914062499999998
1.1073529720306396,710,-0.2578125
1.1097509860992432,711,-0.167578125
1.11126708984375,712,0.30937499999999996
1.1128921508789062,713,0.012890625
1.1151840686798096,714,-0.0515625
1.1166541576385498,715,-0.23203125
1.1180579662322998,716,-0.9152343749999999
1.1192209720611572,717,-1.65
1.1203739643096924,718,0.0
1.1214749813079834,719,-0.20625
1.12257719039917,720,-0.23203125
1.1236920356750488,721,-0.15468749999999998
1.1248161792755127,722,-0.103125
1.1259520053863525,723,-0.322265625
1.127161979675293,724,-0.21914062499999998
1.128575086593628,725,-0.012890625
1.130021095275879,726,-0.012890625
1.131545066833496,727,-0.116015625
1.1331989765167236,728,-0.33515625
1.1346940994262695,729,-0.863671875
1.1362040042877197,730,-1.65
1.1378870010375977,731,0.0
1.1405141353607178,732,-0.103125
1.1420910358428955,733,-0.193359375
1.1435930728912354,734,-0.0515625
1.1455659866333008,735,0.0
1.147374153137207,736,-0.012890625
1.1486990451812744,737,-0.322265625
1.1498889923095703,738,-0.30937499999999996
1.151043176651001,739,-0.9796874999999999
1.1521639823913574,740,-1.611328125
1.1532599925994873,741,0.0
1.154350996017456,742,-0.064453125
1.155472993850708,743,-0.064453125
1.1567180156707764,744,-0.29648437499999997
1.1579930782318115,745,-0.18046874999999998
1.1594290733337402,746,-0.42539062499999997
1.160905122756958,747,-0.193359375
1.1624670028686523,748,-0.012890625
1.1641199588775635,749,-0.02578125
1.1657991409301758,750,-0.29648437499999997
1.1673290729522705,751,-0.43828124999999996
1.1695921421051025,752,-1.3019531249999998
1.171612024307251,753,0.0
1.1731290817260742,754,-0.20625
1.1748499870300293,755,-0.21914062499999998
1.176880121231079,756,-0.43828124999999996
1.1782891750335693,757,0.064453125
1.1795411109924316,758,-0.02578125
1.1806910037994385,759,-0.02578125
1.1818370819091797,760,-0.33515625
1.1829440593719482,761,-0.36093749999999997
1.184084177017212,762,-0.9152343749999999
1.185197114944458,763,-1.4953124999999998
1.186331033706665,764,0.012890625
1.187455177307129,765,-0.103125
1.1886980533599854,766,-0.18046874999999998
1.1901509761810303,767,-0.322265625
1.1916191577911377,768,-0.141796875
1.1931450366973877,769,-0.270703125
1.1946680545806885,770,-0.09023437499999999
1.1961779594421387,771,0.0
1.1977310180664062,772,-0.02578125
1.1996920108795166,773,-0.322265625
1.2021031379699707,774,-0.4640625
1.2037181854248047,775,-0.07734374999999999
1.2055339813232422,776,-0.167578125
1.2076570987701416,777,-0.2578125
1.2090930938720703,778,-0.37382812499999996
1.2103359699249268,779,-0.103125
1.2115390300750732,780,0.0
1.212731122970581,781,-0.012890625
1.2139060497283936,782,-0.0515625
1.2150540351867676,783,-0.36093749999999997
1.216257095336914,784,-0.348046875
1.2173831462860107,785,-0.90234375
1.2185959815979004,786,-1.4953124999999998
1.2200629711151123,787,0.0
1.2215421199798584,788,-0.103125
1.2230861186981201,789,-0.167578125
1.2246379852294922,790,-0.167578125
1.2260911464691162,791,-0.4125
1.2275621891021729,792,-0.15468749999999998
1.2295081615447998,793,-0.012890625
1.2320599555969238,794,-0.02578125
1.233597993850708,795,-0.23203125
1.2352230548858643,796,-1.0570312499999999
1.2375741004943848,797,-1.327734375
1.239063024520874,798,-0.23203125
1.2402820587158203,799,-0.37382812499999996
1.2414321899414062,800,0.0
1.2425460815429688,801,-0.30937499999999996
1.243699073791504,802,-0.20625
1.2448160648345947,803,0.0
1.2459800243377686,804,-0.012890625
1.2471230030059814,805,-0.012890625
1.2482330799102783,806,-0.29648437499999997
1.2494480609893799,807,-0.4125
1.2508699893951416,808,-0.8507812499999999
1.2524330615997314,809,-1.533984375
1.2540080547332764,810,0.0
1.2554919719696045,811,-0.21914062499999998
1.2570221424102783,812,-0.322265625
1.258437156677246,813,-0.116015625
1.2607800960540771,814,-0.20625
1.2629590034484863,815,0.0
1.2644670009613037,816,-0.012890625
1.2661521434783936,817,-0.270703125
1.2683110237121582,818,-0.554296875
1.2697761058807373,819,-1.65
1.2709779739379883,820,-0.0515625
1.2721211910247803,821,-0.116015625
1.2732431888580322,822,-0.30937499999999996
1.2743661403656006,823,-0.0515625
1.275489091873169,824,-0.42539062499999997
1.2766971588134766,825,-0.37382812499999996
1.2778620719909668,826,-0.012890625
1.27897310256958,827,-0.012890625
1.2804889678955078,828,-0.0515625
1.2819721698760986,829,-0.2578125
1.2834241390228271,830,-0.23203125
1.2851781845092773,831,-0.992578125
1.2867710590362549,832,-0.7863281249999999
1.2882959842681885,833,-0.103125
1.2896711826324463,834,-0.21914062499999998
1.291923999786377,835,-0.193359375
1.294011116027832,836,-0.12890625
1.2954540252685547,837,0.012890625
1.2973639965057373,838,-0.02578125
1.299316167831421,839,-0.20625
1.3007240295410156,840,-0.322265625
1.3019440174102783,841,-1.2890625
1.3030869960784912,842,-0.0515625
1.304206132888794,843,-0.15468749999999998
1.305314064025879,844,-0.167578125
1.3064429759979248,845,-0.476953125
1.307603120803833,846,-0.15468749999999998
1.3087129592895508,847,-0.4125
1.3099260330200195,848,-0.37382812499999996
1.3117880821228027,849,-0.07734374999999999
1.3132710456848145,850,-0.012890625
1.3147151470184326,851,-0.103125
1.3164870738983154,852,-0.33515625
1.3181450366973877,853,-0.7863281249999999
1.3196401596069336,854,-1.65
1.321094036102295,855,-0.07734374999999999
1.3228890895843506,856,-0.064453125
1.3255419731140137,857,-0.37382812499999996
1.3272449970245361,858,-0.103125
1.3291361331939697,859,0.0
1.3312439918518066,860,-0.012890625
1.3329310417175293,861,-0.322265625
1.3342251777648926,862,-0.7863281249999999
1.3354041576385498,863,-1.533984375
1.3365559577941895,864,0.0
1.3376681804656982,865,-0.0515625
1.3387751579284668,866,-0.038671874999999994
1.3398900032043457,867,-0.322265625
1.3411731719970703,868,-0.18046874999999998
1.34263014793396,869,-0.43828124999999996
1.3441600799560547,870,-0.20625
1.3458051681518555,871,0.0
1.3474600315093994,872,-0.02578125
1.3489651679992676,873,-0.270703125
1.350445032119751,874,-0.42539062499999997
1.3524441719055176,875,-1.26328125
1.354720115661621,876,-0.0515625
1.356443166732788,877,-0.116015625
1.358098030090332,878,-0.064453125
