time,count,voltage
0.0055620670318603516,1,-0.30937499999999996
0.007111072540283203,2,-0.167578125
0.008522987365722656,3,-0.012890625
0.009887933731079102,4,-0.12890625
0.011281967163085938,5,-0.42539062499999997
0.012653112411499023,6,-0.7863281249999999
0.014256000518798828,7,-1.2890625
0.016010046005249023,8,-1.65
0.017709970474243164,9,-0.21914062499999998
0.01943492889404297,10,-0.476953125
0.021194934844970703,11,-0.4125
0.022850990295410156,12,-0.4125
0.024283885955810547,13,0.038671874999999994
0.02567911148071289,14,-0.02578125
0.02703690528869629,15,-0.20625
0.028389930725097656,16,-0.580078125
0.029985904693603516,17,-0.7734375
0.03186607360839844,18,-1.456640625
0.033696889877319336,19,-0.09023437499999999
0.03531289100646973,20,-0.322265625
0.03696608543395996,21,-0.4640625
0.03859090805053711,22,-0.270703125
0.04033803939819336,23,-0.0515625
0.042201995849609375,24,-0.012890625
0.04393911361694336,25,-0.09023437499999999
0.04583406448364258,26,-0.515625
0.04874300956726074,27,-0.8507812499999999
0.050599098205566406,28,-0.21914062499999998
0.052462100982666016,29,-0.33515625
0.05476188659667969,30,-0.5671875
0.05705690383911133,31,-0.167578125
0.0586400032043457,32,0.0
0.060044050216674805,33,-0.103125
0.06159806251525879,34,-0.4125
0.0630040168762207,35,-0.734765625
0.0643930435180664,36,-1.327734375
0.06575894355773926,37,-0.0515625
0.06711506843566895,38,-0.193359375
0.0684809684753418,39,-0.515625
0.07002091407775879,40,-0.502734375
0.07177209854125977,41,-0.36093749999999997
0.0733189582824707,42,-0.23203125
0.07473206520080566,43,0.0
0.07609796524047852,44,-0.0515625
0.0774679183959961,45,-0.29648437499999997
0.07885003089904785,46,-0.6187499999999999
0.0802299976348877,47,-0.928125
0.08159995079040527,48,-1.611328125
0.08294200897216797,49,0.0
0.0843958854675293,50,-0.2578125
0.08584809303283691,51,-0.451171875
0.08749508857727051,52,-0.502734375
0.08920907974243164,53,-0.2578125
0.09108090400695801,54,0.02578125
0.09293508529663086,55,0.0
0.09462594985961914,56,-0.2578125
0.09607911109924316,57,-0.631640625
0.09745502471923828,58,-1.173046875
0.09993600845336914,59,-1.65
0.10199689865112305,60,-0.20625
0.10348010063171387,61,-0.451171875
0.10493206977844238,62,-0.12890625
0.1070549488067627,63,-0.141796875
0.10864710807800293,64,0.012890625
0.10990095138549805,65,-0.141796875
0.11107897758483887,66,-0.4640625
0.11221790313720703,67,-0.760546875
0.11335206031799316,68,-1.0570312499999999
0.11456990242004395,69,-1.6371093749999999
0.11597895622253418,70,0.0
0.1174619197845459,71,-0.167578125
0.11909103393554688,72,-0.4125
0.1206519603729248,73,-0.7476562499999999
0.122283935546875,74,-0.270703125
0.1236579418182373,75,-0.0515625
0.12621307373046875,76,-0.02578125
0.12779498100280762,77,-0.21914062499999998
0.12935900688171387,78,-0.6703125
0.13139796257019043,79,-1.1214843749999999
0.13300609588623047,80,0.0
0.1342160701751709,81,-0.23203125
0.13535594940185547,82,-0.4125
0.13651204109191895,83,-0.6703125
0.13761496543884277,84,-0.36093749999999997
0.13872289657592773,85,-0.399609375
0.1398169994354248,86,-0.37382812499999996
0.14106202125549316,87,0.0
0.1421799659729004,88,-0.02578125
0.14331293106079102,89,-0.193359375
0.14452290534973145,90,-0.476953125
0.1458909511566162,91,-0.825
0.14728307723999023,92,-1.224609375
0.1488659381866455,93,-1.65
0.15033888816833496,94,-0.103125
0.15267610549926758,95,-0.37382812499999996
0.15518808364868164,96,-0.43828124999999996
0.15753388404846191,97,-0.2578125
0.15941596031188965,98,0.0
0.16164493560791016,99,-0.28359375
0.16338109970092773,100,-0.64453125
0.16472101211547852,101,-1.3921875
0.16603493690490723,102,0.0
0.16726899147033691,103,-0.2578125
0.16852903366088867,104,-0.502734375
0.1697549819946289,105,-0.4125
0.17106890678405762,106,-0.36093749999999997
0.17232894897460938,107,-0.43828124999999996
0.1809840202331543,108,-0.24492187499999998
0.1828460693359375,109,0.012890625
0.1846449375152588,110,-0.23203125
0.18712997436523438,111,-0.580078125
0.18865609169006348,112,-0.322265625
0.19034099578857422,113,-0.0515625
0.19243407249450684,114,0.0
0.19382405281066895,115,-0.141796875
0.19500088691711426,116,-0.5671875
0.19614195823669434,117,-0.7863281249999999
0.1972799301147461,118,-1.340625
0.19839692115783691,119,-1.65
0.19952607154846191,120,0.0
0.2006371021270752,121,-0.20625
0.20183706283569336,122,-0.42539062499999997
0.2029719352722168,123,-0.6832031249999999
0.20408201217651367,124,-0.37382812499999996
0.20532798767089844,125,-0.6574218749999999
0.20676803588867188,126,-0.4640625
0.20819091796875,127,-0.012890625
0.2097320556640625,128,-0.0515625
0.21169090270996094,129,-0.29648437499999997
0.21351408958435059,130,-0.6703125
0.21587300300598145,131,-1.353515625
0.21813297271728516,132,0.0
0.21994805335998535,133,-0.28359375
0.22233104705810547,134,-0.54140625
0.2240428924560547,135,-0.09023437499999999
0.22537899017333984,136,-0.012890625
0.22662901878356934,137,-0.12890625
0.2278599739074707,138,-0.399609375
0.2290949821472168,139,-0.734765625
0.23032402992248535,140,-1.0828125
0.23157811164855957,141,-1.65
0.2328031063079834,142,0.012890625
0.23402810096740723,143,-0.270703125
0.23986005783081055,144,-0.348046875
0.24201393127441406,145,-0.43828124999999996
0.24377202987670898,146,-0.0515625
0.24596309661865234,147,-0.37382812499999996
0.24841690063476562,148,-0.708984375
0.250108003616333,149,-0.07734374999999999
0.2523961067199707,150,-0.33515625
0.25418806076049805,151,-0.43828124999999996
0.255565881729126,152,-0.2578125
0.2568519115447998,153,-0.103125
0.2580990791320801,154,0.0
0.2593200206756592,155,-0.064453125
0.2605440616607666,156,-0.33515625
0.26189589500427246,157,-0.64453125
0.26317501068115234,158,-0.8507812499999999
0.26442408561706543,159,-1.4953124999999998
0.2701380252838135,160,-0.103125
0.2723989486694336,161,-0.15468749999999998
0.27425503730773926,162,0.0
0.27658700942993164,163,-0.012890625
0.2788660526275635,164,-0.20625
0.28064608573913574,165,-0.6187499999999999
0.2830219268798828,166,-1.5597656249999998
0.28466296195983887,167,-0.167578125
0.2860100269317627,168,-0.399609375
0.28728199005126953,169,-0.5671875
0.2885289192199707,170,-0.322265625
0.2897629737854004,171,-0.33515625
0.29108309745788574,172,-0.038671874999999994
0.2923460006713867,173,-0.0515625
0.2935810089111328,174,-0.193359375
0.29480409622192383,175,-0.5671875
0.300508975982666,176,-0.8121093749999999
0.30261993408203125,177,-1.2503906249999999
0.30446600914001465,178,-0.90234375
0.3070669174194336,179,-0.29648437499999997
0.3093540668487549,180,-0.02578125
0.3112030029296875,181,-0.167578125
0.3135108947753906,182,-0.5671875
0.3150908946990967,183,-1.2503906249999999
0.3164079189300537,184,0.012890625
0.3176729679107666,185,-0.2578125
0.3189280033111572,186,-0.30937499999999996
0.32016992568969727,187,-0.5671875
0.32151103019714355,188,-0.270703125
0.3228130340576172,189,-0.20625
0.3240509033203125,190,-0.103125
0.32527995109558105,191,-0.103125
0.33106493949890137,192,-0.103125
0.33313798904418945,193,-0.37382812499999996
0.3349449634552002,194,-0.20625
0.33705592155456543,195,-0.29648437499999997
0.33974695205688477,196,-0.36093749999999997
0.34154391288757324,197,0.30937499999999996
0.3438279628753662,198,-0.02578125
0.345491886138916,199,-0.37382812499999996
0.3468339443206787,200,-0.734765625
0.34810590744018555,201,-1.5082031249999999
0.34943389892578125,202,0.0
0.35068798065185547,203,-0.21914062499999998
0.35205888748168945,204,-0.515625
0.3533010482788086,205,-0.580078125
0.35452699661254883,206,-0.2578125
0.3557429313659668,207,-0.322265625
0.36186695098876953,208,-0.193359375
0.36388492584228516,209,-0.012890625
0.3657519817352295,210,-1.2503906249999999
0.36800193786621094,211,-0.12890625
0.37033605575561523,212,-0.322265625
0.372265100479126,213,-0.23203125
0.37462496757507324,214,-0.012890625
0.3762850761413574,215,-0.012890625
0.3776400089263916,216,-0.33515625
0.37899208068847656,217,-0.734765625
0.38027405738830566,218,-0.992578125
0.3821570873260498,219,-1.65
0.38347887992858887,220,-0.167578125
0.3847389221191406,221,-0.2578125
0.38597702980041504,222,-0.322265625
0.3918581008911133,223,-0.734765625
0.39385199546813965,224,-0.36093749999999997
0.3956589698791504,225,-0.38671875
0.3979060649871826,226,-0.708984375
0.400299072265625,227,-1.611328125
0.40198707580566406,228,-0.28359375
0.40430402755737305,229,-0.4125
0.40621089935302734,230,-0.515625
0.4075760841369629,231,0.0515625
0.4088430404663086,232,-0.02578125
0.4100780487060547,233,-0.167578125
0.4113340377807617,234,-0.4640625
0.4125659465789795,235,-0.7734375
0.41381406784057617,236,-1.198828125
0.41504502296447754,237,-1.65
0.4162631034851074,238,-0.012890625
0.4221639633178711,239,-0.20625
0.4244198799133301,240,-0.515625
0.42624592781066895,241,-0.012890625
0.42852210998535156,242,-0.21914062499999998
0.4309079647064209,243,-0.6187499999999999
0.4327559471130371,244,-1.6242187499999998
0.4350559711456299,245,-0.193359375
0.43667101860046387,246,-0.36093749999999997
0.4380021095275879,247,-0.23203125
0.43925905227661133,248,-0.2578125
0.4405028820037842,249,-0.103125
0.44176197052001953,250,-0.0515625
0.4429910182952881,251,-0.0515625
0.4442000389099121,252,-0.37382812499999996
0.4454350471496582,253,-0.708984375
0.4466578960418701,254,-0.9410156249999999
0.45258092880249023,255,-1.585546875
0.4546630382537842,256,0.012890625
0.456820011138916,257,-0.2578125
0.4593930244445801,258,0.103125
0.4615490436553955,259,-0.064453125
0.4633901119232178,260,-0.54140625
0.4656260013580322,261,-1.198828125
0.4671781063079834,262,-0.02578125
0.4685039520263672,263,-0.37382812499999996
0.4698500633239746,264,-0.4640625
0.4712049961090088,265,-0.37382812499999996
0.4724850654602051,266,-0.37382812499999996
0.473736047744751,267,-0.24492187499999998
0.4749739170074463,268,-0.012890625
0.47619009017944336,269,-0.09023437499999999
0.47740888595581055,270,-0.29648437499999997
0.4833710193634033,271,-0.7218749999999999
0.4854550361633301,272,-0.9152343749999999
0.48726797103881836,273,-0.4640625
0.48958802223205566,274,-0.29648437499999997
0.49220800399780273,275,0.0
0.4938631057739258,276,-0.0515625
0.4961540699005127,277,-0.43828124999999996
0.49793004989624023,278,-0.9152343749999999
0.49929308891296387,279,-0.064453125
0.500586986541748,280,-0.20625
0.501986026763916,281,-0.42539062499999997
0.5032649040222168,282,-0.605859375
0.5045061111450195,283,-0.36093749999999997
0.5057430267333984,284,-0.37382812499999996
0.5069630146026611,285,-0.20625
0.5081779956817627,286,-0.012890625
0.5138399600982666,287,-0.064453125
0.515916109085083,288,-0.37382812499999996
0.517798900604248,289,-0.12890625
0.5201070308685303,290,-0.43828124999999996
0.5225100517272949,291,-0.43828124999999996
0.5242741107940674,292,-0.012890625
0.5266039371490479,293,-0.012890625
0.5282320976257324,294,-0.2578125
0.5296258926391602,295,-0.64453125
0.5309879779815674,296,-1.26328125
0.5322840213775635,297,-1.5082031249999999
0.5335490703582764,298,-0.012890625
0.534782886505127,299,-0.30937499999999996
0.5360150337219238,300,-0.515625
0.5372409820556641,301,-0.515625
0.538459062576294,302,-0.322265625
0.5440959930419922,303,-0.2578125
0.5461471080780029,304,-0.02578125
0.5479350090026855,305,-0.7734375
0.5501670837402344,306,-1.65
0.5524530410766602,307,-0.270703125
0.5542590618133545,308,-0.4640625
0.5564999580383301,309,-0.2578125
0.5582530498504639,310,0.193359375
0.5605258941650391,311,-0.02578125
0.5624160766601562,312,-0.37382812499999996
0.5638389587402344,313,-0.7863281249999999
0.565140962600708,314,-1.6242187499999998
0.5664041042327881,315,0.0
0.567634105682373,316,-0.21914062499999998
0.5689709186553955,317,-0.33515625
0.5710799694061279,318,-0.708984375
0.5725219249725342,319,-0.43828124999999996
0.5739998817443848,320,0.18046874999999998
0.5755438804626465,321,-0.07734374999999999
0.5769710540771484,322,-0.12890625
0.5782279968261719,323,-0.48984374999999997
0.5795209407806396,324,-0.7476562499999999
0.5818819999694824,325,-1.3019531249999998
0.5840229988098145,326,0.0
0.5855660438537598,327,-0.37382812499999996
0.5876030921936035,328,-0.515625
0.5892798900604248,329,-0.270703125
0.5905671119689941,330,0.0515625
0.5918340682983398,331,-0.02578125
0.593034029006958,332,-0.103125
0.5941469669342041,333,-0.38671875
0.5952539443969727,334,-0.7476562499999999
0.5963931083679199,335,-0.95390625
0.5975260734558105,336,-1.533984375
0.5986568927764893,337,0.0
0.5997529029846191,338,-0.167578125
0.6009159088134766,339,-0.21914062499999998
0.6021299362182617,340,-0.580078125
0.6035339832305908,341,-0.502734375
0.6050410270690918,342,-0.193359375
0.6066761016845703,343,-0.103125
0.608191967010498,344,0.012890625
0.6095130443572998,345,-0.0515625
0.610867977142334,346,-0.30937499999999996
0.6131970882415771,347,-0.6574218749999999
0.6154139041900635,348,-1.0828125
0.6169168949127197,349,-0.064453125
0.618880033493042,350,-0.29648437499999997
0.6205949783325195,351,-0.5671875
0.6219799518585205,352,-0.29648437499999997
0.6231949329376221,353,-0.116015625
0.6243300437927246,354,0.0
0.6254398822784424,355,-0.02578125
0.6265509128570557,356,-0.167578125
0.6276431083679199,357,-0.580078125
0.6287450790405273,358,-0.825
0.6298689842224121,359,-1.044140625
0.6309990882873535,360,-1.611328125
0.6322250366210938,361,-0.012890625
0.6336400508880615,362,-0.12890625
0.6350851058959961,363,-0.322265625
0.6366109848022461,364,-0.43828124999999996
0.6381399631500244,365,-0.29648437499999997
0.6394450664520264,366,-0.20625
0.6409010887145996,367,0.038671874999999994
0.6431210041046143,368,-0.012890625
0.6452229022979736,369,-0.167578125
0.6467640399932861,370,-0.631640625
0.6487729549407959,371,-1.46953125
0.6504499912261963,372,-0.0515625
0.6517159938812256,373,-0.28359375
0.6528708934783936,374,-0.4125
0.6540861129760742,375,-0.7476562499999999
0.6552119255065918,376,-0.631640625
0.6563370227813721,377,-0.4640625
0.6574521064758301,378,0.012890625
0.6585550308227539,379,-0.02578125
0.6596450805664062,380,-0.12890625
0.6607420444488525,381,-0.4125
0.6619689464569092,382,-0.7476562499999999
0.6631820201873779,383,-0.95390625
0.6646220684051514,384,-1.546875
0.6661450862884521,385,0.0
0.6677820682525635,386,-0.2578125
0.6692841053009033,387,-0.29648437499999997
0.670680046081543,388,-0.48984374999999997
0.6723248958587646,389,-0.23203125
0.6748669147491455,390,-0.064453125
0.6765060424804688,391,-0.0515625
0.6781458854675293,392,-0.29648437499999997
0.6802899837493896,393,-0.6703125
0.6816790103912354,394,-1.456640625
0.6828598976135254,395,0.0
0.6839859485626221,396,-0.23203125
0.6853570938110352,397,-0.580078125
0.6865620613098145,398,-0.43828124999999996
0.6877079010009766,399,-0.21914062499999998
0.6888360977172852,400,-0.42539062499999997
0.6899619102478027,401,-0.30937499999999996
0.6910901069641113,402,-0.02578125
0.692194938659668,403,-0.103125
0.6934409141540527,404,-0.2578125
0.6948719024658203,405,-0.580078125
0.6963338851928711,406,-0.825
0.697890043258667,407,-1.405078125
0.6992859840393066,408,-0.12890625
0.7005980014801025,409,-0.167578125
0.702164888381958,410,-0.4125
0.7045459747314453,411,-0.605859375
0.706510066986084,412,-0.399609375
0.7079169750213623,413,-0.012890625
0.7099549770355225,414,-0.02578125
0.7121889591217041,415,-0.270703125
0.7137219905853271,416,-0.64453125
0.714940071105957,417,-1.611328125
0.7160730361938477,418,0.0
0.7171978950500488,419,-0.20625
0.7183430194854736,420,-0.4125
0.7194490432739258,421,-0.4640625
0.7205929756164551,422,-0.502734375
0.721829891204834,423,-0.30937499999999996
0.7229559421539307,424,-0.21914062499999998
0.7242040634155273,425,-0.012890625
0.7256920337677002,426,-0.012890625
0.7271139621734619,427,-0.167578125
0.7286629676818848,428,-0.6187499999999999
0.7300889492034912,429,-0.79921875
0.7316200733184814,430,-1.5984375
0.7330710887908936,431,0.0
0.7353799343109131,432,-0.36093749999999997
0.7373158931732178,433,-0.451171875
0.7388179302215576,434,-0.322265625
0.7411019802093506,435,-0.15468749999999998
0.7430810928344727,436,-0.02578125
0.7443039417266846,437,-0.2578125
0.7454490661621094,438,-0.64453125
0.7465701103210449,439,-0.966796875
0.7476730346679688,440,-1.546875
0.748776912689209,441,0.0
0.7499039173126221,442,-0.167578125
0.7510321140289307,443,-0.270703125
0.7521820068359375,444,-0.322265625
0.7533009052276611,445,-0.631640625
0.7544910907745361,446,-0.2578125
0.7558870315551758,447,-0.322265625
0.7574059963226318,448,-0.12890625
0.7590150833129883,449,-0.02578125
0.7605020999908447,450,-0.167578125
0.7621469497680664,451,-0.5285156249999999
0.763962984085083,452,-0.825
0.7667019367218018,453,-1.6371093749999999
0.7682991027832031,454,-0.37382812499999996
0.7701420783996582,455,-0.33515625
0.7721390724182129,456,-0.30937499999999996
0.7735610008239746,457,0.0515625
0.7747530937194824,458,0.0
0.7758750915527344,459,-0.064453125
0.7770819664001465,460,-0.37382812499999996
0.778249979019165,461,-0.6703125
0.7793889045715332,462,-0.889453125
0.7805039882659912,463,-1.3792968749999999
0.7816669940948486,464,-1.65
0.7827839851379395,465,0.0
0.7838819026947021,466,-0.20625
0.785146951675415,467,-0.5671875
0.7865650653839111,468,-0.6187499999999999
0.7880840301513672,469,-0.2578125
0.7899379730224609,470,-0.21914062499999998
0.7915699481964111,471,0.0
0.7930319309234619,472,-0.0515625
0.7948288917541504,473,-0.33515625
0.7972919940948486,474,-0.6703125
0.7988560199737549,475,-1.65
0.8007481098175049,476,-0.15468749999999998
0.802656888961792,477,-0.30937499999999996
0.8039419651031494,478,-0.6703125
0.8051729202270508,479,-0.28359375
0.806333065032959,480,-0.399609375
0.8074541091918945,481,-0.012890625
0.8086099624633789,482,-0.02578125
0.8097400665283203,483,-0.103125
0.8109049797058105,484,-0.4125
0.8120338916778564,485,-0.734765625
0.8131580352783203,486,-0.966796875
0.8142709732055664,487,-1.5597656249999998
0.8155009746551514,488,0.0
0.816939115524292,489,-0.15468749999999998
0.8183989524841309,490,-0.30937499999999996
0.8199598789215088,491,-0.4125
0.8217229843139648,492,-0.399609375
0.82315993309021,493,-0.116015625
0.824444055557251,494,0.012890625
0.8269050121307373,495,-0.0515625
0.8285140991210938,496,-0.2578125
0.8300409317016602,497,-0.631640625
0.8320510387420654,498,-1.353515625
0.8337559700012207,499,-0.116015625
0.8350489139556885,500,-0.37382812499999996
0.8362390995025635,501,-0.42539062499999997
0.8374519348144531,502,-0.64453125
0.8386011123657227,503,-0.631640625
0.8397040367126465,504,-0.42539062499999997
0.8408780097961426,505,0.0
0.8420119285583496,506,-0.0515625
0.8431200981140137,507,-0.15468749999999998
0.8442258834838867,508,-0.43828124999999996
0.8454840183258057,509,-0.760546875
0.8469550609588623,510,-1.00546875
0.8483989238739014,511,-1.65
0.8499500751495361,512,0.0
0.8514881134033203,513,-0.2578125
0.8528339862823486,514,-0.322265625
0.8542709350585938,515,-0.515625
0.8566889762878418,516,-0.48984374999999997
0.8584930896759033,517,-0.02578125
0.8599390983581543,518,-0.103125
0.8620660305023193,519,-0.38671875
0.8637309074401855,520,-0.69609375
0.8650660514831543,521,-1.6371093749999999
0.8662350177764893,522,0.0
0.8673560619354248,523,-0.23203125
0.8685290813446045,524,-0.502734375
0.8696820735931396,525,-0.6832031249999999
0.8708651065826416,526,-0.30937499999999996
0.8720269203186035,527,-0.43828124999999996
0.873176097869873,528,-0.4125
0.8742799758911133,529,0.012890625
0.8757879734039307,530,-0.0515625
0.8772940635681152,531,-0.23203125
0.8787779808044434,532,-0.6187499999999999
0.8804490566253662,533,-0.863671875
0.8819739818572998,534,-1.65
0.8833649158477783,535,-0.064453125
0.8848209381103516,536,-0.38671875
0.8872280120849609,537,-0.43828124999999996
0.8892390727996826,538,-0.24492187499999998
0.8910279273986816,539,0.322265625
0.8929319381713867,540,-0.02578125
0.8948240280151367,541,-0.20625
0.8962020874023438,542,-0.6703125
0.8973939418792725,543,-1.2503906249999999
0.898535966873169,544,-1.6371093749999999
0.8996639251708984,545,-0.0515625
0.9008419513702393,546,-0.24492187499999998
0.9020230770111084,547,-0.4125
0.9031360149383545,548,-0.7218749999999999
0.9042620658874512,549,-0.4125
0.9054820537567139,550,-0.4125
0.9069008827209473,551,-0.2578125
0.9083659648895264,552,0.0
0.9099888801574707,553,-0.15468749999999998
0.9115729331970215,554,-0.37382812499999996
0.9130260944366455,555,-0.734765625
0.914402961730957,556,-1.327734375
0.9158380031585693,557,-0.103125
0.9186201095581055,558,-0.167578125
0.9202868938446045,559,-0.42539062499999997
0.9217679500579834,560,-0.23203125
0.9237539768218994,561,-0.12890625
0.925529956817627,562,0.0
0.9268450736999512,563,-0.116015625
0.9280319213867188,564,-0.476953125
0.9292080402374268,565,-0.79921875
0.9303340911865234,566,-1.2503906249999999
0.9314830303192139,567,-1.65
0.932621955871582,568,0.0
0.933743953704834,569,-0.23203125
0.9348509311676025,570,-0.4125
0.9361400604248047,571,-0.348046875
0.9375770092010498,572,-0.43828124999999996
0.9390380382537842,573,-0.43828124999999996
0.9405930042266846,574,-0.15468749999999998
0.9422619342803955,575,-0.02578125
0.9436368942260742,576,-0.18046874999999998
0.9450070858001709,577,-0.580078125
0.9467630386352539,578,-0.79921875
0.9493439197540283,579,-1.3921875
0.9510040283203125,580,-0.18046874999999998
0.9526159763336182,581,-0.5671875
0.9546120166778564,582,-0.515625
0.9562289714813232,583,-0.23203125
0.9575729370117188,584,0.15468749999999998
0.9587759971618652,585,-0.012890625
0.9599010944366455,586,-0.20625
0.9610641002655029,587,-0.515625
0.9621849060058594,588,-0.7863281249999999
0.9632980823516846,589,-1.10859375
0.9644219875335693,590,-1.65
0.9655718803405762,591,0.0
0.966810941696167,592,-0.116015625
0.9683029651641846,593,-0.30937499999999996
0.9697821140289307,594,-0.43828124999999996
0.9713730812072754,595,-0.322265625
0.972883939743042,596,-0.42539062499999997
0.9745559692382812,597,-0.02578125
0.9759640693664551,598,-0.0515625
0.9778120517730713,599,-0.2578125
0.9802110195159912,600,-0.6703125
0.9818809032440186,601,-1.456640625
0.9834690093994141,602,-0.02578125
0.9854559898376465,603,-0.2578125
0.9870350360870361,604,-0.42539062499999997
0.9883019924163818,605,-0.476953125
0.9895439147949219,606,-0.348046875
0.990710973739624,607,-0.038671874999999994
0.9919250011444092,608,-0.064453125
0.993156909942627,609,-0.12890625
0.9942948818206787,610,-0.399609375
0.9954040050506592,611,-0.734765625
0.9965579509735107,612,-0.992578125
0.9977951049804688,613,-1.5726562499999999
0.9992079734802246,614,0.0
1.0007290840148926,615,-0.270703125
1.0023910999298096,616,-0.322265625
1.0038740634918213,617,-0.64453125
1.0053329467773438,618,-0.37382812499999996
1.0068140029907227,619,-0.20625
1.008725881576538,620,-0.012890625
1.0111429691314697,621,-0.07734374999999999
1.0127520561218262,622,-0.476953125
1.014477014541626,623,-1.0828125
1.0165948867797852,624,-1.65
1.0180549621582031,625,-0.23203125
1.0192639827728271,626,-0.322265625
1.0204110145568848,627,-0.515625
1.0216429233551025,628,-0.4125
1.0227770805358887,629,-0.36093749999999997
1.023892879486084,630,-0.103125
1.0250248908996582,631,-0.02578125
1.0261380672454834,632,-0.09023437499999999
1.0272409915924072,633,-0.36093749999999997
1.028498888015747,634,-0.6703125
1.0299980640411377,635,-0.889453125
1.032278060913086,636,-1.5597656249999998
1.033695936203003,637,-0.12890625
1.034977912902832,638,-0.48984374999999997
1.0364069938659668,639,-0.5285156249999999
1.0379259586334229,640,-0.322265625
1.040092945098877,641,-0.30937499999999996
1.042330026626587,642,-0.0515625
1.043778896331787,643,-0.20625
1.045590877532959,644,-0.580078125
1.0476529598236084,645,-0.837890625
1.0491349697113037,646,-1.65
1.0503320693969727,647,-0.167578125
1.05149507522583,648,-0.515625
1.052617073059082,649,-0.54140625
1.053757905960083,650,-0.6187499999999999
1.0548839569091797,651,-0.322265625
1.055988073348999,652,-0.30937499999999996
1.0571401119232178,653,-0.167578125
1.0582449436187744,654,-0.02578125
1.0594511032104492,655,-0.0515625
1.060920000076294,656,-0.33515625
