time,count,voltage
0.004312992095947266,1,-0.515625
0.0056231021881103516,2,-0.270703125
0.0067861080169677734,3,-0.038671874999999994
0.007931947708129883,4,-0.09023437499999999
0.00905609130859375,5,-0.2578125
0.010151147842407227,6,-0.2578125
0.01147007942199707,7,-0.4125
0.012962102890014648,8,-1.134375
0.01439213752746582,9,-1.65
0.01583409309387207,10,-0.167578125
0.017243146896362305,11,-0.15468749999999998
0.018577098846435547,12,-0.141796875
0.019767045974731445,13,-0.30937499999999996
0.020949125289916992,14,-0.33515625
0.022089004516601562,15,-0.20625
0.023211002349853516,16,-0.02578125
0.024318933486938477,17,-0.0515625
0.025422096252441406,18,-0.141796875
0.02665114402770996,19,-0.270703125
0.028089046478271484,20,-0.322265625
0.02954697608947754,21,-1.0828125
0.031000137329101562,22,-1.65
0.03254103660583496,23,-0.24492187499999998
0.033859968185424805,24,-0.18046874999999998
0.03516793251037598,25,-0.167578125
0.03645801544189453,26,-0.322265625
0.037869930267333984,27,-0.322265625
0.03983712196350098,28,-0.12890625
0.0420839786529541,29,-0.02578125
0.04360699653625488,30,-0.193359375
0.04506802558898926,31,-0.33515625
0.04701805114746094,32,-1.095703125
0.04865002632141113,33,-0.38671875
0.04989004135131836,34,-0.167578125
0.0510561466217041,35,-0.2578125
0.052232980728149414,36,-0.193359375
0.05336499214172363,37,-0.43828124999999996
0.054499149322509766,38,-0.4125
0.05560111999511719,39,-0.23203125
0.056700944900512695,40,-0.012890625
0.05780196189880371,41,-0.103125
0.05889391899108887,42,-0.21914062499999998
0.05999112129211426,43,-0.20625
0.061216115951538086,44,-0.36093749999999997
0.06239604949951172,45,-1.0570312499999999
0.06353497505187988,46,-1.5984375
0.06466197967529297,47,-0.20625
0.06577205657958984,48,-0.270703125
0.06687211990356445,49,-0.20625
0.06796908378601074,50,-0.09023437499999999
0.06907892227172852,51,-0.193359375
0.07018494606018066,52,-0.36093749999999997
0.07129502296447754,53,-0.37382812499999996
0.07250595092773438,54,-0.167578125
0.07378292083740234,55,-0.012890625
0.07521510124206543,56,-0.103125
0.07660102844238281,57,-0.23203125
0.07816004753112793,58,-0.18046874999999998
0.07966804504394531,59,-1.018359375
0.08109498023986816,60,-1.65
0.08244705200195312,61,-0.24492187499999998
0.08491301536560059,62,-0.193359375
0.08672809600830078,63,-0.116015625
0.08818697929382324,64,0.012890625
0.09010195732116699,65,0.0515625
0.09184098243713379,66,-0.064453125
0.09310793876647949,67,-0.20625
0.09427499771118164,68,-0.103125
0.09540700912475586,69,-0.837890625
0.09657812118530273,70,-1.41796875
0.09770011901855469,71,-0.54140625
0.09880304336547852,72,-0.20625
0.09991598129272461,73,-0.103125
0.10104799270629883,74,-0.167578125
0.10216712951660156,75,-0.064453125
0.10335707664489746,76,-0.4125
0.10475397109985352,77,-0.348046875
0.10619711875915527,78,-0.15468749999999998
0.10771512985229492,79,-0.02578125
0.10924911499023438,80,-0.09023437499999999
0.1107029914855957,81,-0.167578125
0.11213302612304688,82,-0.631640625
0.11389803886413574,83,-1.3921875
0.11623907089233398,84,-0.42539062499999997
0.1177210807800293,85,-0.28359375
0.11931204795837402,86,-0.07734374999999999
0.12125110626220703,87,-0.37382812499999996
0.1228020191192627,88,0.02578125
0.12406396865844727,89,-0.02578125
0.12523698806762695,90,-0.0515625
0.1264500617980957,91,-0.24492187499999998
0.1278400421142578,92,-0.141796875
0.1290590763092041,93,-0.928125
0.130202054977417,94,-1.5597656249999998
0.1313791275024414,95,-0.322265625
0.13253211975097656,96,-0.36093749999999997
0.1337449550628662,97,-0.23203125
0.13514113426208496,98,-0.116015625
0.13657402992248535,99,-0.322265625
0.13810300827026367,100,-0.28359375
0.13954806327819824,101,-0.103125
0.14094805717468262,102,-0.0515625
0.14236807823181152,103,-0.103125
0.1445140838623047,104,-0.141796875
0.14658093452453613,105,-0.5929687499999999
0.1479809284210205,106,-1.65
0.1497340202331543,107,-0.322265625
0.1516871452331543,108,-0.193359375
0.15305805206298828,109,-0.270703125
0.15422606468200684,110,-0.23203125
0.15535807609558105,111,-0.15468749999999998
0.15649795532226562,112,-0.038671874999999994
0.15764212608337402,113,-0.103125
0.15877795219421387,114,-0.193359375
0.15994906425476074,115,-0.23203125
0.1611649990081787,116,-0.322265625
0.16229701042175293,117,-1.0570312499999999
0.16341400146484375,118,-1.5597656249999998
0.16459202766418457,119,-0.20625
0.16599512100219727,120,-0.270703125
0.16744399070739746,121,-0.24492187499999998
0.16896700859069824,122,-0.0515625
0.17046713829040527,123,-0.42539062499999997
0.17202305793762207,124,-0.23203125
0.17346906661987305,125,0.0
0.17553400993347168,126,-0.09023437499999999
0.1775979995727539,127,-0.20625
0.17899608612060547,128,-0.7218749999999999
0.1807699203491211,129,-1.482421875
0.18268203735351562,130,-0.502734375
0.18408703804016113,131,-0.20625
0.18527007102966309,132,0.0
0.1864020824432373,133,-0.4125
0.18751907348632812,134,-0.4125
0.18865013122558594,135,-0.28359375
0.1897721290588379,136,-0.012890625
0.19091010093688965,137,-0.09023437499999999
0.19204401969909668,138,-0.12890625
0.19315409660339355,139,-0.29648437499999997
0.19427108764648438,140,-0.2578125
0.19543814659118652,141,-0.9410156249999999
0.19683313369750977,142,-1.4953124999999998
0.19829511642456055,143,-0.4125
0.19980502128601074,144,-0.23203125
0.2014620304107666,145,-0.270703125
0.20286107063293457,146,-0.167578125
0.20425009727478027,147,-0.21914062499999998
0.20633196830749512,148,-0.09023437499999999
0.20845413208007812,149,-0.02578125
0.20983409881591797,150,-0.193359375
0.2116091251373291,151,-0.15468749999999998
0.21351194381713867,152,-1.018359375
0.21503496170043945,153,-0.48984374999999997
0.21627593040466309,154,-0.30937499999999996
0.21742796897888184,155,-0.270703125
0.21855711936950684,156,-0.167578125
0.21967291831970215,157,-0.476953125
0.22081494331359863,158,-0.4640625
0.22194504737854004,159,-0.322265625
0.223052978515625,160,-0.012890625
0.22415995597839355,161,-0.07734374999999999
0.22527408599853516,162,-0.12890625
0.22643208503723145,163,-0.23203125
0.22783613204956055,164,-0.23203125
0.22928500175476074,165,-0.9796874999999999
0.23089313507080078,166,-1.65
0.23244905471801758,167,-0.193359375
0.23382806777954102,168,-0.15468749999999998
0.23516106605529785,169,-0.0515625
0.23721599578857422,170,-0.23203125
0.23929810523986816,171,-0.18046874999999998
0.24081206321716309,172,-0.012890625
0.24244093894958496,173,-0.103125
0.24434208869934082,174,-0.15468749999999998
0.24590110778808594,175,-0.734765625
0.24715805053710938,176,-1.5984375
0.24835991859436035,177,-0.20625
0.2494819164276123,178,-0.23203125
0.25064611434936523,179,-0.270703125
0.25177812576293945,180,-0.116015625
0.25290703773498535,181,-0.322265625
0.2540249824523926,182,-0.399609375
0.25513601303100586,183,-0.30937499999999996
0.2562570571899414,184,-0.012890625
0.25744199752807617,185,-0.0515625
0.25882506370544434,186,-0.141796875
0.2602560520172119,187,-0.2578125
0.26168394088745117,188,-0.399609375
0.26324892044067383,189,-1.198828125
0.2646801471710205,190,-0.966796875
0.26605701446533203,191,-0.29648437499999997
0.26763296127319336,192,-0.270703125
0.27010297775268555,193,-0.02578125
0.27179503440856934,194,0.012890625
0.2731759548187256,195,0.012890625
0.27494192123413086,196,-0.07734374999999999
0.27677392959594727,197,-0.20625
0.27817296981811523,198,-0.167578125
0.2793560028076172,199,-1.0828125
0.280487060546875,200,-1.65
0.28168797492980957,201,-0.21914062499999998
0.2828340530395508,202,-0.167578125
0.283951997756958,203,-0.24492187499999998
0.28508496284484863,204,-0.193359375
0.2862050533294678,205,-0.30937499999999996
0.2874479293823242,206,-0.399609375
0.28887414932250977,207,-0.23203125
0.29034996032714844,208,-0.02578125
0.291949987411499,209,-0.02578125
0.2934291362762451,210,-0.21914062499999998
0.2948441505432129,211,-0.270703125
0.29621195793151855,212,-1.095703125
0.29789113998413086,213,-1.65
0.30028414726257324,214,-0.23203125
0.30245304107666016,215,-0.167578125
0.3039979934692383,216,-0.399609375
0.30590200424194336,217,-0.20625
0.3075830936431885,218,-0.064453125
0.3088860511779785,219,-0.07734374999999999
0.3100709915161133,220,-0.12890625
0.3113090991973877,221,-0.33515625
0.31252002716064453,222,-1.069921875
0.3136579990386963,223,-1.65
0.314777135848999,224,-0.15468749999999998
0.31589293479919434,225,-0.4125
0.31700706481933594,226,-0.167578125
0.3181941509246826,227,-0.167578125
0.3195979595184326,228,-0.36093749999999997
0.3210570812225342,229,-0.399609375
0.3225719928741455,230,-0.15468749999999998
0.3241000175476074,231,-0.012890625
0.3254859447479248,232,-0.064453125
0.3268399238586426,233,-0.167578125
0.3287789821624756,234,-0.37382812499999996
0.3309919834136963,235,-1.173046875
0.332456111907959,236,-0.141796875
0.33387112617492676,237,-0.193359375
0.33571410179138184,238,-0.103125
0.33752012252807617,239,-0.270703125
0.338853120803833,240,0.038671874999999994
0.3400459289550781,241,0.0
0.3413050174713135,242,-0.103125
0.3424501419067383,243,-0.24492187499999998
0.34357213973999023,244,-0.20625
0.3446800708770752,245,-0.554296875
0.34578394889831543,246,-1.1859374999999999
0.3468899726867676,247,-1.65
0.3479890823364258,248,-0.193359375
0.3491709232330322,249,-0.30937499999999996
0.35057711601257324,250,-0.23203125
0.35210299491882324,251,-0.167578125
0.35361814498901367,252,-0.4125
0.3551359176635742,253,-0.23203125
0.3565499782562256,254,0.012890625
0.35793113708496094,255,-0.038671874999999994
0.3598060607910156,256,-0.23203125
0.3620309829711914,257,-0.167578125
0.36353111267089844,258,-1.16015625
0.36494898796081543,259,-0.4125
0.3668029308319092,260,-0.270703125
0.3686211109161377,261,-0.270703125
0.37000107765197754,262,-0.28359375
0.3712749481201172,263,-0.193359375
0.372434139251709,264,-0.0515625
0.3735790252685547,265,-0.012890625
0.3746941089630127,266,-0.038671874999999994
0.3758080005645752,267,-0.21914062499999998
0.3769099712371826,268,-0.23203125
0.3780090808868408,269,-0.605859375
0.37919092178344727,270,-1.198828125
0.38063693046569824,271,-1.65
0.38211607933044434,272,-0.23203125
0.383634090423584,273,0.0
0.38518214225769043,274,-0.12890625
0.3865940570831299,275,-0.28359375
0.38799595832824707,276,-0.24492187499999998
0.3901050090789795,277,-0.09023437499999999
0.39237093925476074,278,-0.0515625
0.3938319683074951,279,-0.09023437499999999
0.3953430652618408,280,-0.580078125
0.3972201347351074,281,-1.2890625
0.3989541530609131,282,-0.4640625
0.40025901794433594,283,-0.12890625
0.40146303176879883,284,-0.103125
0.4026050567626953,285,-0.37382812499999996
0.4037349224090576,286,-0.4640625
0.4048430919647217,287,-0.348046875
0.4059720039367676,288,0.0
0.4070720672607422,289,-0.02578125
0.4081721305847168,290,-0.064453125
0.40934014320373535,291,-0.2578125
0.4107940196990967,292,-0.15468749999999998
0.41225600242614746,293,-0.7734375
0.41375303268432617,294,-1.4953124999999998
0.4152851104736328,295,-0.28359375
0.41670703887939453,296,-0.270703125
0.41817307472229004,297,-0.167578125
0.4195420742034912,298,-0.322265625
0.42197203636169434,299,-0.30937499999999996
0.42390012741088867,300,-0.012890625
0.4253349304199219,301,-0.064453125
0.4269230365753174,302,-0.20625
0.42882704734802246,303,-0.2578125
0.43042707443237305,304,-1.26328125
0.43178296089172363,305,-0.2578125
0.4329509735107422,306,-0.20625
0.4340801239013672,307,-0.30937499999999996
0.435197114944458,308,-0.09023437499999999
0.4363291263580322,309,-0.48984374999999997
0.4374399185180664,310,-0.451171875
0.4385499954223633,311,-0.322265625
0.43973803520202637,312,-0.02578125
0.4411590099334717,313,-0.09023437499999999
0.4425981044769287,314,-0.20625
0.4440939426422119,315,-0.167578125
0.4456369876861572,316,-0.7218749999999999
0.44709300994873047,317,-1.4953124999999998
0.4485459327697754,318,-0.29648437499999997
0.449908971786499,319,-0.21914062499999998
0.45227909088134766,320,-0.29648437499999997
0.4542689323425293,321,-0.24492187499999998
0.45572710037231445,322,0.193359375
0.4573209285736084,323,-0.02578125
0.45921993255615234,324,-0.0515625
0.460827112197876,325,-0.116015625
0.4621131420135498,326,-0.734765625
0.46327710151672363,327,-1.456640625
0.4644129276275635,328,-0.4125
0.4655299186706543,329,-0.23203125
0.4667019844055176,330,-0.15468749999999998
0.46787095069885254,331,-0.20625
0.46900296211242676,332,-0.02578125
0.4702110290527344,333,-0.36093749999999997
0.4716489315032959,334,-0.30937499999999996
0.47310400009155273,335,-0.012890625
0.47458696365356445,336,-0.0515625
0.47607898712158203,337,-0.167578125
0.47750115394592285,338,-0.103125
0.4789259433746338,339,-0.7863281249999999
0.48034095764160156,340,-1.46953125
0.482403039932251,341,-0.322265625
0.48458099365234375,342,-0.12890625
0.4860870838165283,343,-0.103125
0.4875221252441406,344,-0.167578125
0.4894270896911621,345,-0.064453125
0.4911930561065674,346,-0.012890625
0.4925069808959961,347,-0.15468749999999998
0.49369096755981445,348,-0.064453125
0.49483299255371094,349,-0.605859375
0.49596595764160156,350,-1.2374999999999998
0.49709296226501465,351,-1.65
0.498197078704834,352,-0.23203125
0.4992940425872803,353,-0.29648437499999997
0.5004820823669434,354,-0.29648437499999997
0.5019619464874268,355,-0.103125
0.503425121307373,356,-0.29648437499999997
0.5049140453338623,357,-0.20625
0.5064189434051514,358,0.0
0.5077719688415527,359,-0.064453125
0.5091290473937988,360,-0.193359375
0.5108449459075928,361,-0.116015625
0.513232946395874,362,-0.605859375
0.5148279666900635,363,-1.65
0.5162129402160645,364,-0.322265625
0.5179910659790039,365,-0.30937499999999996
0.5198681354522705,366,0.0
0.5213911533355713,367,-0.012890625
0.5225939750671387,368,-0.012890625
0.5237281322479248,369,-0.012890625
0.5248620510101318,370,-0.0515625
0.5259809494018555,371,-0.29648437499999997
0.5270991325378418,372,-0.18046874999999998
0.528217077255249,373,-0.708984375
0.52931809425354,374,-1.3019531249999998
0.5305049419403076,375,-1.65
0.5319950580596924,376,-0.116015625
0.533473014831543,377,-0.18046874999999998
0.5349669456481934,378,-0.20625
0.5365209579467773,379,-0.322265625
0.5379230976104736,380,-0.21914062499999998
0.5392639636993408,381,-0.064453125
0.5410270690917969,382,-0.038671874999999994
0.5434150695800781,383,-0.0515625
0.544917106628418,384,-0.167578125
0.5464811325073242,385,-1.1214843749999999
0.5484590530395508,386,-1.65
0.5499210357666016,387,-0.270703125
0.5512290000915527,388,-0.20625
0.552386999130249,389,-0.15468749999999998
0.5535099506378174,390,-0.33515625
0.5546190738677979,391,-0.322265625
0.5557229518890381,392,-0.0515625
0.5568320751190186,393,-0.02578125
0.5579431056976318,394,-0.07734374999999999
0.5590569972991943,395,-0.23203125
0.5601561069488525,396,-0.20625
0.561337947845459,397,-0.580078125
0.5627391338348389,398,-1.1859374999999999
0.5641920566558838,399,-1.65
0.5656449794769287,400,-0.21914062499999998
0.5672130584716797,401,-0.167578125
0.5686800479888916,402,-0.103125
0.5700581073760986,403,-0.399609375
0.5714840888977051,404,-0.28359375
0.5735149383544922,405,0.0
0.575714111328125,406,-0.064453125
0.5772190093994141,407,-0.07734374999999999
0.5786840915679932,408,-0.631640625
0.5805439949035645,409,-1.3019531249999998
0.5824110507965088,410,-0.476953125
0.5837371349334717,411,-0.23203125
0.5849020481109619,412,-0.103125
0.5860240459442139,413,-0.29648437499999997
0.5871410369873047,414,-0.37382812499999996
0.5882599353790283,415,-0.30937499999999996
0.5893850326538086,416,0.0
0.590507984161377,417,-0.0515625
0.5918030738830566,418,-0.103125
0.5931990146636963,419,-0.28359375
0.5946431159973145,420,-0.20625
0.596174955368042,421,-1.044140625
0.59769606590271,422,-1.65
0.5991439819335938,423,-0.23203125
0.6005611419677734,424,-0.29648437499999997
0.6021411418914795,425,-0.09023437499999999
0.6046581268310547,426,-0.4125
0.6063461303710938,427,0.038671874999999994
0.6077449321746826,428,-0.0515625
0.6093509197235107,429,-0.20625
0.6112630367279053,430,-0.15468749999999998
0.6132259368896484,431,-0.889453125
0.6144969463348389,432,-0.6574218749999999
0.615670919418335,433,-0.21914062499999998
0.6168100833892822,434,-0.12890625
0.617927074432373,435,-0.167578125
0.6190359592437744,436,-0.2578125
0.6201469898223877,437,-0.4125
0.6212899684906006,438,-0.33515625
0.6224989891052246,439,-0.0515625
0.6238911151885986,440,-0.012890625
0.6253559589385986,441,-0.0515625
0.6268250942230225,442,-0.20625
0.6283879280090332,443,-0.322265625
0.6298091411590576,444,-1.198828125
0.6312720775604248,445,-0.580078125
0.6331000328063965,446,-0.2578125
0.6353230476379395,447,-0.21914062499999998
0.6368379592895508,448,-0.23203125
0.6382739543914795,449,-0.15468749999999998
0.6397910118103027,450,0.0
0.6414370536804199,451,-0.103125
0.6432859897613525,452,-0.167578125
0.6450810432434082,453,-0.116015625
0.6464800834655762,454,-1.1214843749999999
0.6476950645446777,455,-0.6703125
0.6488370895385742,456,-0.20625
0.6499590873718262,457,-0.02578125
0.651155948638916,458,-0.193359375
0.6523070335388184,459,-0.064453125
0.6535229682922363,460,-0.348046875
0.6549451351165771,461,-0.30937499999999996
0.6564970016479492,462,0.0
0.657829999923706,463,-0.09023437499999999
0.659142017364502,464,-0.20625
0.6604621410369873,465,-0.116015625
0.6620371341705322,466,-0.6574218749999999
0.6634860038757324,467,-1.3921875
0.665701150894165,468,-0.451171875
0.6677770614624023,469,-0.20625
0.6692631244659424,470,-0.012890625
0.6707689762115479,471,-0.21914062499999998
0.6726391315460205,472,-0.116015625
0.6744060516357422,473,-0.02578125
0.6757569313049316,474,-0.141796875
0.6769580841064453,475,-0.09023437499999999
0.6781301498413086,476,-0.580078125
0.6792631149291992,477,-1.198828125
0.6803820133209229,478,-1.65
0.6815180778503418,479,-0.193359375
0.6826519966125488,480,-0.322265625
0.6838481426239014,481,-0.322265625
0.6852490901947021,482,-0.116015625
0.6866941452026367,483,-0.322265625
0.688169002532959,484,-0.21914062499999998
0.6897051334381104,485,-0.012890625
0.6911671161651611,486,-0.064453125
0.6926391124725342,487,-0.20625
0.6940340995788574,488,-0.12890625
0.6962060928344727,489,-0.7734375
0.6979420185089111,490,-1.5984375
0.6994829177856445,491,-0.20625
0.7012901306152344,492,-0.270703125
0.7029290199279785,493,-0.064453125
0.7043499946594238,494,-0.103125
0.7060220241546631,495,0.038671874999999994
0.7079479694366455,496,-0.012890625
0.7095401287078857,497,-0.12890625
0.7109079360961914,498,-0.02578125
0.7121250629425049,499,-0.79921875
0.7132740020751953,500,-1.46953125
0.7144789695739746,501,-0.37382812499999996
0.715919017791748,502,-0.2578125
0.7173740863800049,503,-0.23203125
0.7188479900360107,504,-0.12890625
0.7203941345214844,505,-0.42539062499999997
0.7219250202178955,506,-0.20625
0.7233481407165527,507,-0.012890625
0.7247040271759033,508,-0.103125
0.7270090579986572,509,-0.20625
0.7289810180664062,510,-0.0515625
0.7304091453552246,511,-1.2890625
0.7320749759674072,512,-0.2578125
0.7339670658111572,513,-0.12890625
0.7356181144714355,514,-0.12890625
0.7368941307067871,515,-0.348046875
0.7380549907684326,516,-0.23203125
0.7391560077667236,517,-0.012890625
0.7402620315551758,518,-0.02578125
0.7414000034332275,519,-0.0515625
0.7425370216369629,520,-0.20625
0.7436411380767822,521,-0.09023437499999999
0.7448351383209229,522,-0.6187499999999999
0.7462270259857178,523,-1.198828125
0.7476611137390137,524,-1.65
0.7491610050201416,525,-0.37382812499999996
0.7507290840148926,526,-0.43828124999999996
0.7521860599517822,527,-0.23203125
0.753587007522583,528,-0.36093749999999997
0.7549231052398682,529,-0.20625
0.7570919990539551,530,0.012890625
0.7590939998626709,531,-0.103125
0.7605340480804443,532,-0.038671874999999994
0.7621560096740723,533,-0.64453125
0.7640259265899658,534,-1.405078125
0.7657260894775391,535,-0.399609375
0.7671749591827393,536,-0.18046874999999998
0.7686491012573242,537,-0.103125
0.7699880599975586,538,-0.399609375
0.7712819576263428,539,-0.23203125
0.7724499702453613,540,-0.012890625
0.773643970489502,541,0.0
0.7749090194702148,542,-0.064453125
0.7763080596923828,543,-0.2578125
0.7777440547943115,544,-0.09023437499999999
0.7792599201202393,545,-0.928125
0.7807960510253906,546,-1.611328125
0.7822940349578857,547,-0.18046874999999998
0.7837460041046143,548,-0.12890625
0.7854969501495361,549,-0.103125
0.7879190444946289,550,-0.2578125
0.78951096534729,551,0.28359375
0.7909071445465088,552,-0.0515625
0.7926459312438965,553,-0.12890625
0.794497013092041,554,-0.167578125
0.795889139175415,555,-0.889453125
0.7970869541168213,556,-1.6371093749999999
0.7982461452484131,557,-0.270703125
0.7993900775909424,558,-0.21914062499999998
0.8005189895629883,559,-0.23203125
0.8017220497131348,560,-0.141796875
0.8028430938720703,561,-0.42539062499999997
0.8039610385894775,562,-0.476953125
0.8051550388336182,563,-0.28359375
0.8065640926361084,564,-0.012890625
0.8080110549926758,565,-0.09023437499999999
0.8094971179962158,566,-0.193359375
0.8110120296478271,567,-0.116015625
0.812453031539917,568,-0.863671875
0.8138430118560791,569,-1.5984375
0.8155689239501953,570,-0.20625
0.8179490566253662,571,-0.15468749999999998
0.8194451332092285,572,-0.0515625
0.8210110664367676,573,-0.12890625
0.8228790760040283,574,-0.012890625
0.8245460987091064,575,-0.038671874999999994
0.8258209228515625,576,-0.167578125
0.8269810676574707,577,-0.116015625
0.8281190395355225,578,-0.6703125
0.8292751312255859,579,-1.2374999999999998
0.8304080963134766,580,-1.65
0.8316049575805664,581,-0.20625
0.8327360153198242,582,-0.29648437499999997
0.8338661193847656,583,-0.20625
0.8349721431732178,584,-0.116015625
0.8361420631408691,585,-0.30937499999999996
0.8375470638275146,586,-0.38671875
0.8390021324157715,587,-0.18046874999999998
0.8405280113220215,588,-0.012890625
0.842073917388916,589,-0.0515625
0.8433949947357178,590,-0.15468749999999998
0.844763994216919,591,-0.36093749999999997
0.8466341495513916,592,-1.147265625
0.8488490581512451,593,-1.65
0.8502569198608398,594,-0.12890625
0.8518271446228027,595,-0.02578125
0.8537271022796631,596,-0.270703125
0.8554000854492188,597,-0.02578125
0.8566839694976807,598,-0.0515625
0.8578460216522217,599,-0.09023437499999999
0.8589820861816406,600,-0.270703125
0.8600931167602539,601,-0.21914062499999998
0.8612639904022217,602,-0.5285156249999999
0.8623940944671631,603,-1.1859374999999999
0.8635139465332031,604,-1.65
0.8646349906921387,605,-0.20625
0.8657410144805908,606,-0.322265625
0.8669209480285645,607,-0.21914062499999998
0.8683090209960938,608,-0.0515625
0.8697609901428223,609,-0.29648437499999997
0.871330976486206,610,-0.2578125
0.8729169368743896,611,-0.0515625
0.8743560314178467,612,-0.0515625
0.8757500648498535,613,-0.167578125
0.87711501121521,614,-0.167578125
0.8793549537658691,615,-0.6574218749999999
0.8814239501953125,616,-1.5082031249999999
0.8828749656677246,617,-0.322265625
0.8844280242919922,618,-0.28359375
0.8863279819488525,619,0.0
0.8880250453948975,620,-0.12890625
0.8892920017242432,621,0.0
0.8904459476470947,622,-0.02578125
0.8916721343994141,623,-0.0515625
0.8928189277648926,624,-0.23203125
0.8939471244812012,625,-0.12890625
0.8950679302215576,626,-0.8121093749999999
0.896183967590332,627,-1.3921875
0.8973691463470459,628,-1.198828125
0.898777961730957,629,-0.30937499999999996
0.9002490043640137,630,-0.012890625
0.9017210006713867,631,-0.103125
0.9032659530639648,632,-0.29648437499999997
0.9046671390533447,633,-0.193359375
0.9059679508209229,634,-0.012890625
0.9075369834899902,635,-0.02578125
0.9098830223083496,636,-0.07734374999999999
0.9115381240844727,637,-0.103125
0.9129009246826172,638,-1.044140625
0.9146640300750732,639,-1.65
0.9165210723876953,640,-0.322265625
0.9179110527038574,641,-0.24492187499999998
0.9191060066223145,642,-0.30937499999999996
0.9202499389648438,643,-0.36093749999999997
0.9214010238647461,644,-0.28359375
0.922511100769043,645,0.012890625
0.9236149787902832,646,-0.012890625
0.9247291088104248,647,-0.0515625
0.9258370399475098,648,-0.2578125
0.9271359443664551,649,-0.12890625
