time,count,voltage
0.004408121109008789,1,0.322265625
0.005766153335571289,2,0.0
0.007293224334716797,3,-0.0515625
0.008521080017089844,4,-0.2578125
0.009653091430664062,5,-0.605859375
0.010783195495605469,6,-0.8507812499999999
0.011928081512451172,7,-1.5082031249999999
0.013047218322753906,8,0.0
0.014162063598632812,9,-0.116015625
0.015282154083251953,10,-0.24492187499999998
0.016386032104492188,11,-0.23203125
0.017635107040405273,12,-0.631640625
0.019094228744506836,13,-0.2578125
0.02056407928466797,14,-0.103125
0.022054195404052734,15,-0.012890625
0.02342820167541504,16,-0.0515625
0.024758100509643555,17,-0.07734374999999999
0.025931119918823242,18,-0.502734375
0.02707219123840332,19,-0.580078125
0.028197050094604492,20,-1.327734375
0.029298067092895508,21,-1.340625
0.03041219711303711,22,0.0
0.03151512145996094,23,-0.20625
0.03284001350402832,24,-0.0515625
0.03425908088684082,25,-0.451171875
0.03573799133300781,26,-0.064453125
0.03732419013977051,27,0.0
0.038743019104003906,28,0.0
0.0401611328125,29,-0.012890625
0.04152202606201172,30,-0.103125
0.04365110397338867,31,-0.476953125
0.045751094818115234,32,-0.928125
0.04718208312988281,33,-0.167578125
0.048914194107055664,34,-0.103125
0.0508880615234375,35,-0.29648437499999997
0.052369117736816406,36,-0.038671874999999994
0.053603172302246094,37,0.0515625
0.05475306510925293,38,0.012890625
0.055872201919555664,39,0.0
0.0569760799407959,40,-0.0515625
0.058065176010131836,41,-0.2578125
0.05916619300842285,42,-0.6703125
0.060259103775024414,43,-0.6187499999999999
0.06136322021484375,44,-1.2890625
0.06248617172241211,45,-1.6242187499999998
0.06359100341796875,46,-0.02578125
0.06468915939331055,47,-0.09023437499999999
0.06578803062438965,48,-0.20625
0.06687211990356445,49,-0.502734375
0.0679621696472168,50,-0.399609375
0.06904101371765137,51,-0.28359375
0.07013106346130371,52,-0.322265625
0.07145309448242188,53,0.0
0.07284212112426758,54,-0.02578125
0.07404422760009766,55,-0.07734374999999999
0.0752410888671875,56,-0.36093749999999997
0.07637810707092285,57,-0.64453125
0.07748818397521973,58,-0.9796874999999999
0.0786139965057373,59,-1.6371093749999999
0.07971310615539551,60,0.0
0.08079910278320312,61,-0.167578125
0.08865714073181152,62,-0.38671875
0.0903170108795166,63,-0.33515625
0.09180712699890137,64,-0.116015625
0.09364008903503418,65,-0.554296875
0.09590315818786621,66,-0.9796874999999999
0.09745407104492188,67,-0.20625
0.0987851619720459,68,-0.20625
0.10051321983337402,69,-0.2578125
0.10248804092407227,70,-0.33515625
0.10506319999694824,71,-0.038671874999999994
0.10631108283996582,72,0.0
0.10747003555297852,73,-0.103125
0.10859417915344238,74,-0.4125
0.10975313186645508,75,-0.6832031249999999
0.11087417602539062,76,-1.018359375
0.11209821701049805,77,-1.6371093749999999
0.11348605155944824,78,0.0
0.11490821838378906,79,-0.15468749999999998
0.11643004417419434,80,-0.20625
0.11786317825317383,81,-0.38671875
0.11922717094421387,82,-0.28359375
0.12052416801452637,83,-0.18046874999999998
0.12200713157653809,84,-0.02578125
0.1245272159576416,85,-0.012890625
0.1262531280517578,86,-0.270703125
0.12763404846191406,87,-0.6187499999999999
0.12923312187194824,88,-1.533984375
0.13123202323913574,89,0.0
0.1327831745147705,90,-0.2578125
0.134019136428833,91,-0.605859375
0.13517212867736816,92,-0.103125
0.1362922191619873,93,-0.15468749999999998
0.13742303848266602,94,-0.064453125
0.13853120803833008,95,0.0
0.1396331787109375,96,0.0
0.14072203636169434,97,-0.103125
0.14187908172607422,98,-0.43828124999999996
0.14313316345214844,99,-0.7218749999999999
0.14454412460327148,100,-1.03125
0.14596199989318848,101,-1.65
0.1474621295928955,102,0.012890625
0.14890813827514648,103,-0.167578125
0.15027308464050293,104,-0.37382812499999996
0.15167522430419922,105,-0.6703125
0.15344619750976562,106,-0.43828124999999996
0.15586400032043457,107,-0.103125
0.1573472023010254,108,-0.012890625
0.1589510440826416,109,-0.322265625
0.16094517707824707,110,-0.64453125
0.16257619857788086,111,-1.4953124999999998
0.16410017013549805,112,0.012890625
0.16549205780029297,113,-0.21914062499999998
0.166884183883667,114,-0.270703125
0.16824603080749512,115,-0.554296875
0.16958117485046387,116,-0.43828124999999996
0.1709270477294922,117,-0.15468749999999998
0.17239618301391602,118,0.012890625
0.1738440990447998,119,-0.038671874999999994
0.17527318000793457,120,-0.20625
0.1768801212310791,121,-0.6187499999999999
0.17856907844543457,122,-1.147265625
0.1802082061767578,123,0.0
0.18207311630249023,124,-0.103125
0.1838381290435791,125,-0.20625
0.18554306030273438,126,-0.37382812499999996
0.18731212615966797,127,-0.15468749999999998
0.18901801109313965,128,0.0
0.19141721725463867,129,-0.012890625
0.1940450668334961,130,-0.2578125
0.19579505920410156,131,-1.16015625
0.19737601280212402,132,0.012890625
0.19920611381530762,133,-0.18046874999999998
0.2013850212097168,134,-0.29648437499999997
0.20362520217895508,135,-0.38671875
0.2053380012512207,136,0.064453125
0.20705103874206543,137,-0.012890625
0.2087399959564209,138,-0.15468749999999998
0.21055817604064941,139,-0.515625
0.2123851776123047,140,-1.2374999999999998
0.21402907371520996,141,-0.103125
0.21569299697875977,142,-0.15468749999999998
0.21739721298217773,143,-0.37382812499999996
0.2204151153564453,144,-0.116015625
0.22252416610717773,145,0.451171875
0.22414517402648926,146,-0.012890625
0.22582602500915527,147,-0.33515625
0.22794222831726074,148,-0.554296875
0.2300732135772705,149,-1.5597656249999998
0.23186206817626953,150,-0.21914062499999998
0.23332905769348145,151,-0.20625
0.23484015464782715,152,-0.7218749999999999
0.23656010627746582,153,-0.20625
0.23830699920654297,154,0.116015625
0.23996710777282715,155,-0.064453125
0.2418811321258545,156,-0.0515625
0.24369406700134277,157,-0.515625
0.24535822868347168,158,-1.198828125
0.24711322784423828,159,0.0
0.24924612045288086,160,-0.116015625
0.2521672248840332,161,-0.322265625
0.25419020652770996,162,0.0515625
0.25583505630493164,163,0.012890625
0.25803112983703613,164,-0.02578125
0.2602081298828125,165,-0.33515625
0.2620251178741455,166,-0.928125
0.2635791301727295,167,0.0
0.2649199962615967,168,-0.15468749999999998
0.2663381099700928,169,-0.02578125
0.26778316497802734,170,-0.5285156249999999
0.269320011138916,171,-0.348046875
0.27073001861572266,172,-0.193359375
0.2721421718597412,173,0.012890625
0.2736220359802246,174,-0.038671874999999994
0.2751731872558594,175,-0.167578125
0.2777571678161621,176,-0.5671875
0.27954721450805664,177,-1.353515625
0.28101420402526855,178,-0.0515625
0.28307008743286133,179,-0.322265625
0.28467702865600586,180,-0.4640625
0.28591418266296387,181,-0.103125
0.2871110439300537,182,-0.02578125
0.2882390022277832,183,0.012890625
0.28934502601623535,184,-0.012890625
0.29044508934020996,185,-0.167578125
0.2916450500488281,186,-0.37382812499999996
0.2927980422973633,187,-0.6703125
0.2939121723175049,188,-0.8765624999999999
0.29509711265563965,189,-1.5597656249999998
0.29645800590515137,190,0.0
0.2978842258453369,191,-0.15468749999999998
0.29943299293518066,192,-0.2578125
0.3010280132293701,193,-0.515625
0.30263614654541016,194,-0.36093749999999997
0.3041810989379883,195,-0.0515625
0.30664801597595215,196,0.012890625
0.3083970546722412,197,-0.103125
0.30988407135009766,198,-0.502734375
0.31197500228881836,199,-0.863671875
0.3135411739349365,200,0.0
0.31475019454956055,201,-0.09023437499999999
0.31590700149536133,202,-0.167578125
0.3170192241668701,203,-0.7734375
0.3181421756744385,204,-0.167578125
0.3192451000213623,205,-0.322265625
0.32033514976501465,206,-0.20625
0.32142210006713867,207,0.0
0.3225860595703125,208,-0.012890625
0.3237001895904541,209,-0.07734374999999999
0.3248560428619385,210,-0.29648437499999997
0.32604408264160156,211,-0.64453125
0.32741713523864746,212,-0.8507812499999999
0.3288249969482422,213,-1.611328125
0.3303391933441162,214,0.0
0.33195018768310547,215,-0.02578125
0.3334660530090332,216,-0.20625
0.33487606048583984,217,-0.36093749999999997
0.33734703063964844,218,-0.37382812499999996
