time,count,voltage
0.0056111812591552734,1,-0.02578125
0.0071790218353271484,2,-0.270703125
0.008601188659667969,3,-0.554296875
0.009977102279663086,4,-1.340625
0.01134800910949707,5,-0.02578125
0.01271200180053711,6,-0.20625
0.01409912109375,7,-0.20625
0.023806095123291016,8,-0.0515625
0.025393009185791016,9,-0.4640625
0.026803016662597656,10,-1.353515625
0.02818608283996582,11,-0.103125
0.029549121856689453,12,-0.2578125
0.05392098426818848,13,-0.270703125
0.0556790828704834,14,-0.0515625
0.05723309516906738,15,-0.193359375
0.0587921142578125,16,-0.580078125
0.060395002365112305,17,-1.405078125
0.06199216842651367,18,-0.0515625
0.06401920318603516,19,-0.167578125
0.0658261775970459,20,-0.116015625
0.0671842098236084,21,-0.33515625
0.06836819648742676,22,-0.12890625
0.06952309608459473,23,0.0
0.0706319808959961,24,-0.012890625
0.07174015045166016,25,-0.0515625
0.07286214828491211,26,-0.33515625
0.0739901065826416,27,-0.270703125
0.07509803771972656,28,-0.863671875
0.0762171745300293,29,-1.456640625
0.07733917236328125,30,-0.116015625
0.07844209671020508,31,0.012890625
0.07953619956970215,32,-0.15468749999999998
0.08063411712646484,33,-0.399609375
0.08172416687011719,34,-0.15468749999999998
0.08282208442687988,35,-0.29648437499999997
0.08395504951477051,36,-0.399609375
0.08506917953491211,37,-0.21914062499999998
0.08626198768615723,38,-0.012890625
0.08757209777832031,39,-0.012890625
0.08901309967041016,40,-0.09023437499999999
0.09045219421386719,41,-0.322265625
0.09207820892333984,42,-0.6187499999999999
0.0936441421508789,43,-1.46953125
0.0950469970703125,44,0.0
0.09675717353820801,45,-0.2578125
0.09925317764282227,46,-0.36093749999999997
0.10081100463867188,47,-0.07734374999999999
0.10245418548583984,48,0.15468749999999998
0.10440802574157715,49,0.0
0.10593605041503906,50,-0.0515625
0.10718202590942383,51,-0.2578125
0.10836601257324219,52,-0.7476562499999999
0.10954117774963379,53,-1.3664062499999998
0.11067914962768555,54,-0.103125
0.11179018020629883,55,-0.15468749999999998
0.11289310455322266,56,-0.12890625
0.11401700973510742,57,-0.322265625
0.11512017250061035,58,-0.12890625
0.11631417274475098,59,-0.30937499999999996
0.1176919937133789,60,-0.37382812499999996
0.11920619010925293,61,-0.116015625
0.12067818641662598,62,-0.02578125
0.1222381591796875,63,-0.012890625
0.12366914749145508,64,-0.23203125
0.12509918212890625,65,-0.48984374999999997
0.12681198120117188,66,-1.26328125
0.12934017181396484,67,-0.02578125
0.13083815574645996,68,-0.20625
0.13249707221984863,69,-0.193359375
0.13454318046569824,70,-0.399609375
0.13608217239379883,71,0.116015625
0.13731002807617188,72,-0.012890625
0.13851499557495117,73,-0.0515625
0.13969707489013672,74,-0.322265625
0.14082908630371094,75,-0.23203125
0.14220404624938965,76,-0.928125
0.14354205131530762,77,-1.5597656249999998
0.14475297927856445,78,0.0
0.14588713645935059,79,-0.21914062499999998
0.14709115028381348,80,-0.270703125
0.14848804473876953,81,-0.12890625
0.1499462127685547,82,-0.33515625
0.15145516395568848,83,-0.23203125
0.15306806564331055,84,0.0
0.15458917617797852,85,-0.012890625
0.15613603591918945,86,-0.20625
0.1585249900817871,87,-0.23203125
0.16052913665771484,88,-1.044140625
0.1620171070098877,89,-0.07734374999999999
0.16387605667114258,90,-0.103125
0.1658329963684082,91,-0.20625
0.16716599464416504,92,-0.36093749999999997
0.16835999488830566,93,-0.116015625
0.16948914527893066,94,0.0
0.17058420181274414,95,-0.038671874999999994
0.17169618606567383,96,-0.0515625
0.17280220985412598,97,-0.37382812499999996
0.17395901679992676,98,-0.348046875
0.17508411407470703,99,-0.8765624999999999
0.176192045211792,100,-1.46953125
0.17736220359802246,101,-0.116015625
0.1787421703338623,102,-0.09023437499999999
0.18021917343139648,103,0.0
0.18181800842285156,104,-0.270703125
0.18344712257385254,105,-0.36093749999999997
0.18499398231506348,106,-0.167578125
0.1864311695098877,107,0.012890625
0.1887521743774414,108,-0.02578125
0.19074511528015137,109,-0.20625
0.19221019744873047,110,-0.6832031249999999
0.19435906410217285,111,-1.5082031249999999
0.19606518745422363,112,-0.20625
0.19732403755187988,113,-0.23203125
0.19848418235778809,114,-0.15468749999999998
0.19962215423583984,115,-0.322265625
0.2007300853729248,116,-0.38671875
0.2018280029296875,117,-0.20625
0.20292305946350098,118,0.0
0.20404720306396484,119,-0.02578125
0.2051529884338379,120,-0.07734374999999999
0.20625519752502441,121,-0.322265625
0.20742011070251465,122,-0.28359375
0.20879411697387695,123,-0.9152343749999999
0.2102360725402832,124,-1.5597656249999998
0.21178507804870605,125,-0.012890625
0.21340417861938477,126,-0.193359375
0.21490716934204102,127,-0.193359375
0.21637201309204102,128,-0.33515625
0.2187180519104004,129,-0.29648437499999997
0.22066807746887207,130,0.012890625
0.22217607498168945,131,-0.02578125
0.22433900833129883,132,-0.2578125
0.22591710090637207,133,-1.26328125
0.22713398933410645,134,0.0
0.22829103469848633,135,-0.09023437499999999
0.22941803932189941,136,-0.064453125
0.23053216934204102,137,-0.2578125
0.23163318634033203,138,-0.02578125
0.2327280044555664,139,-0.28359375
0.23391509056091309,140,-0.38671875
0.2350471019744873,141,-0.21914062499999998
0.23616814613342285,142,-0.012890625
0.23727107048034668,143,-0.012890625
0.23842620849609375,144,-0.064453125
0.2398090362548828,145,-0.37382812499999996
0.24127912521362305,146,-0.30937499999999996
0.24283313751220703,147,-1.134375
0.24499011039733887,148,-0.6574218749999999
0.24686813354492188,149,-0.20625
0.24924111366271973,150,-0.37382812499999996
0.25185513496398926,151,-0.37382812499999996
0.25397419929504395,152,-0.012890625
0.25617218017578125,153,-0.02578125
0.2576711177825928,154,-0.21914062499999998
0.258991003036499,155,-0.8507812499999999
0.2602829933166504,156,-1.585546875
0.26154208183288574,157,-0.02578125
0.2627711296081543,158,-0.20625
0.2640380859375,159,-0.24492187499999998
0.2652711868286133,160,-0.116015625
0.26648998260498047,161,-0.322265625
0.27268099784851074,162,-0.322265625
0.2748091220855713,163,-0.064453125
0.27675318717956543,164,-0.863671875
0.27886199951171875,165,-0.476953125
0.28150200843811035,166,-0.23203125
0.283297061920166,167,-0.09023437499999999
0.28601813316345215,168,-0.103125
0.2876560688018799,169,0.012890625
0.2889840602874756,170,-0.103125
0.29024600982666016,171,-0.2578125
0.29149508476257324,172,-0.5285156249999999
0.29276013374328613,173,-1.2374999999999998
0.2940521240234375,174,-0.322265625
0.29529905319213867,175,-0.0515625
0.2965221405029297,176,-0.141796875
0.30224108695983887,177,-0.37382812499999996
0.30448317527770996,178,-0.15468749999999998
0.30634212493896484,179,-0.038671874999999994
0.3081941604614258,180,-0.167578125
0.3110530376434326,181,-0.9410156249999999
0.3128230571746826,182,-0.24492187499999998
0.31518101692199707,183,-0.2578125
0.31725001335144043,184,-0.141796875
0.3186631202697754,185,0.15468749999999998
0.3199481964111328,186,-0.012890625
0.3211820125579834,187,-0.0515625
0.3224141597747803,188,-0.20625
0.3236961364746094,189,-0.29648437499999997
0.32494401931762695,190,-0.631640625
0.32617998123168945,191,-1.327734375
0.32741308212280273,192,-0.270703125
0.3334381580352783,193,0.0
0.33574819564819336,194,-0.103125
0.33758997917175293,195,-0.012890625
0.3400590419769287,196,-0.33515625
0.342440128326416,197,-0.6187499999999999
0.3444972038269043,198,-1.65
0.34679508209228516,199,-0.193359375
0.34838318824768066,200,-0.2578125
0.3497130870819092,201,-0.33515625
0.3509960174560547,202,-0.30937499999999996
0.35239410400390625,203,-0.0515625
0.353654146194458,204,-0.012890625
0.3548760414123535,205,-0.0515625
0.3561110496520996,206,-0.28359375
0.35735011100769043,207,-0.30937499999999996
0.3630061149597168,208,-0.8507812499999999
0.36530399322509766,209,-1.4953124999999998
0.36716699600219727,210,-0.4125
0.36958909034729004,211,-0.103125
0.37207603454589844,212,0.0
0.3738691806793213,213,-0.21914062499999998
0.3762969970703125,214,-0.64453125
0.3779749870300293,215,-1.65
0.3793301582336426,216,-0.18046874999999998
0.38117218017578125,217,-0.15468749999999998
0.3825051784515381,218,-0.116015625
0.38379907608032227,219,-0.322265625
0.3850400447845459,220,-0.193359375
0.3862631320953369,221,0.0
0.3874790668487549,222,-0.012890625
0.39304399490356445,223,-0.103125
0.3953111171722412,224,-0.30937499999999996
0.39719104766845703,225,-0.20625
0.3993971347808838,226,-0.18046874999999998
0.4025740623474121,227,-0.37382812499999996
0.40480518341064453,228,-0.012890625
0.407332181930542,229,-0.103125
0.4091219902038574,230,-0.36093749999999997
0.410506010055542,231,-1.533984375
0.4118001461029053,232,-0.0515625
0.41306519508361816,233,-0.167578125
0.41444921493530273,234,-0.43828124999999996
0.415722131729126,235,-0.103125
0.41695713996887207,236,-0.36093749999999997
0.4181849956512451,237,-0.23203125
0.4235501289367676,238,0.012890625
0.4252760410308838,239,-0.012890625
0.42669105529785156,240,-1.224609375
0.42807817459106445,241,-0.02578125
0.4294421672821045,242,-0.193359375
0.43193697929382324,243,-0.28359375
0.43361616134643555,244,-0.37382812499999996
0.4350399971008301,245,-0.0515625
0.4368300437927246,246,0.012890625
0.4386281967163086,247,-0.012890625
0.4399600028991699,248,-0.30937499999999996
0.44112420082092285,249,-0.4125
0.4422290325164795,250,-1.147265625
0.44345617294311523,251,-1.65
0.44460105895996094,252,0.0
0.4457252025604248,253,-0.23203125
0.44682812690734863,254,-0.167578125
0.4479219913482666,255,-0.15468749999999998
0.44902920722961426,256,-0.20625
0.4501190185546875,257,-0.37382812499999996
0.45128512382507324,258,-0.322265625
0.4526541233062744,259,0.012890625
0.4541010856628418,260,-0.012890625
0.4556400775909424,261,-0.07734374999999999
0.45719218254089355,262,-0.270703125
0.4586222171783447,263,-0.734765625
0.46004414558410645,264,-1.46953125
0.46230602264404297,265,-0.012890625
0.4642601013183594,266,-0.103125
0.4656550884246826,267,-0.103125
0.4672660827636719,268,-0.33515625
0.4693140983581543,269,-0.167578125
0.47074103355407715,270,-0.012890625
0.4719581604003906,271,-0.09023437499999999
0.47310519218444824,272,-0.29648437499999997
0.47431516647338867,273,-0.399609375
0.47544002532958984,274,-1.095703125
0.47655606269836426,275,-1.65
0.47767210006713867,276,0.0
0.478762149810791,277,-0.103125
0.47985005378723145,278,-0.02578125
0.48093605041503906,279,-0.21914062499999998
0.4820830821990967,280,-0.103125
0.4834871292114258,281,-0.4125
0.4849381446838379,282,-0.322265625
0.486422061920166,283,0.012890625
0.4879109859466553,284,-0.02578125
0.4893209934234619,285,-0.21914062499999998
0.49070119857788086,286,-0.23203125
0.49280714988708496,287,-0.863671875
0.49500107765197754,288,-1.65
0.4964280128479004,289,-0.2578125
0.49800610542297363,290,-0.36093749999999997
0.4999690055847168,291,-0.02578125
0.5016100406646729,292,0.012890625
0.5028700828552246,293,0.0
0.5040280818939209,294,-0.02578125
0.5051560401916504,295,-0.103125
0.5062670707702637,296,-0.37382812499999996
0.5073821544647217,297,-0.322265625
0.5084891319274902,298,-0.95390625
0.5095920562744141,299,-1.5597656249999998
0.5106911659240723,300,-0.103125
0.5117762088775635,301,-0.07734374999999999
0.5129220485687256,302,-0.193359375
0.5142350196838379,303,-0.30937499999999996
0.5158200263977051,304,-0.103125
0.517247200012207,305,-0.322265625
0.5186669826507568,306,-0.064453125
0.519989013671875,307,-0.012890625
0.5213911533355713,308,-0.038671874999999994
0.5228121280670166,309,-0.2578125
0.5247890949249268,310,-0.270703125
0.5270671844482422,311,-0.992578125
0.5285570621490479,312,-0.103125
0.530048131942749,313,-0.103125
0.5320332050323486,314,-0.23203125
0.5336971282958984,315,-0.2578125
0.5349969863891602,316,0.0
0.5361571311950684,317,0.0
0.5372681617736816,318,-0.02578125
0.5383679866790771,319,-0.064453125
0.5394740104675293,320,-0.33515625
0.5405771732330322,321,-0.30937499999999996
0.5416841506958008,322,-0.9152343749999999
0.5427851676940918,323,-1.482421875
0.543971061706543,324,-0.15468749999999998
0.5453090667724609,325,-0.09023437499999999
0.5467760562896729,326,-0.064453125
0.5482490062713623,327,-0.193359375
0.5498530864715576,328,-0.37382812499999996
0.5513050556182861,329,-0.23203125
0.5529770851135254,330,0.012890625
0.5555951595306396,331,-0.02578125
0.5577971935272217,332,-0.21914062499999998
0.559218168258667,333,-0.9796874999999999
0.5609550476074219,334,-1.65
0.5629022121429443,335,-0.15468749999999998
0.5645430088043213,336,-0.29648437499999997
0.5657579898834229,337,-0.103125
0.566906213760376,338,-0.28359375
0.5680491924285889,339,-0.20625
0.5691540241241455,340,0.012890625
0.5702440738677979,341,-0.012890625
0.5713400840759277,342,-0.064453125
0.5724740028381348,343,-0.322265625
0.5735890865325928,344,-0.30937499999999996
0.5747740268707275,345,-0.7863281249999999
0.5761651992797852,346,-1.405078125
0.5776011943817139,347,-0.116015625
0.5794861316680908,348,-0.09023437499999999
0.5811340808868408,349,-0.270703125
0.5825951099395752,350,-0.15468749999999998
0.5842142105102539,351,-0.21914062499999998
0.586745023727417,352,0.0515625
0.5884749889373779,353,-0.02578125
0.5901470184326172,354,-0.29648437499999997
0.5922191143035889,355,-0.4125
0.5936620235443115,356,-1.4953124999999998
0.5948600769042969,357,-0.116015625
0.5961120128631592,358,-0.103125
0.5972621440887451,359,-0.28359375
0.5984001159667969,360,-0.02578125
0.5995421409606934,361,-0.399609375
0.600642204284668,362,-0.4125
0.6017301082611084,363,-0.20625
0.6028411388397217,364,-0.012890625
0.6039919853210449,365,-0.012890625
0.6051850318908691,366,-0.09023437499999999
0.6066150665283203,367,-0.36093749999999997
0.6080811023712158,368,-0.4640625
0.6096270084381104,369,-1.26328125
0.611220121383667,370,-0.103125
0.6126501560211182,371,-0.193359375
0.6140861511230469,372,-0.2578125
0.6166160106658936,373,-0.20625
0.6183581352233887,374,-0.15468749999999998
0.6200461387634277,375,0.012890625
0.6222400665283203,376,-0.064453125
0.6236701011657715,377,-0.23203125
0.6248660087585449,378,-0.64453125
0.6260020732879639,379,-1.327734375
0.6271631717681885,380,-0.37382812499999996
0.62831711769104,381,-0.116015625
0.6294741630554199,382,-0.167578125
0.6305770874023438,383,-0.2578125
0.6316790580749512,384,-0.15468749999999998
0.6327860355377197,385,-0.37382812499999996
0.6339151859283447,386,-0.43828124999999996
0.6351470947265625,387,-0.23203125
0.6365761756896973,388,0.0
0.6380281448364258,389,-0.02578125
0.639564037322998,390,-0.24492187499999998
0.6410510540008545,391,-0.23203125
0.6423981189727783,392,-1.00546875
0.6447281837463379,393,-1.65
0.6473979949951172,394,-0.18046874999999998
0.649071216583252,395,-0.167578125
0.6504740715026855,396,-0.322265625
0.6524851322174072,397,-0.12890625
0.654353141784668,398,-0.012890625
0.6556730270385742,399,-0.141796875
0.656851053237915,400,-0.20625
0.6579902172088623,401,-0.64453125
0.6591742038726807,402,-1.276171875
0.6603310108184814,403,-1.4953124999999998
0.6614871025085449,404,-0.064453125
0.6625931262969971,405,-0.103125
0.6637921333312988,406,-0.322265625
0.6649060249328613,407,-0.09023437499999999
0.6660921573638916,408,-0.2578125
0.667478084564209,409,-0.322265625
0.669011116027832,410,-0.116015625
0.6705300807952881,411,-0.012890625
0.671983003616333,412,-0.02578125
0.673516035079956,413,-0.29648437499999997
0.6750471591949463,414,-0.4125
0.6780581474304199,415,-1.340625
0.6796791553497314,416,-0.20625
0.6813411712646484,417,-0.38671875
0.6835231781005859,418,-0.0515625
0.6849820613861084,419,0.116015625
0.686176061630249,420,-0.012890625
0.6873171329498291,421,-0.0515625
0.6884291172027588,422,-0.09023437499999999
0.6895401477813721,423,-0.37382812499999996
0.6906471252441406,424,-0.33515625
0.6917541027069092,425,-0.966796875
0.6928980350494385,426,-1.546875
0.6940281391143799,427,0.0
0.6951241493225098,428,-0.064453125
0.6963260173797607,429,-0.116015625
0.6977341175079346,430,-0.2578125
0.6992771625518799,431,-0.103125
0.7008891105651855,432,-0.2578125
0.7024722099304199,433,0.012890625
0.7039830684661865,434,-0.02578125
