time,count,voltage
0.0042459964752197266,1,0.38671875
0.005568027496337891,2,0.0
0.006765127182006836,3,-0.09023437499999999
0.007894039154052734,4,-0.322265625
0.009000062942504883,5,-0.54140625
0.010114192962646484,6,-0.7476562499999999
0.011233091354370117,7,-1.3921875
0.012353181838989258,8,-0.0515625
0.013637065887451172,9,-0.02578125
0.015215158462524414,10,-0.18046874999999998
0.01676011085510254,11,-0.322265625
0.01817917823791504,12,-0.15468749999999998
0.019675016403198242,13,-0.193359375
0.02094721794128418,14,0.07734374999999999
0.022119998931884766,15,-0.012890625
0.023292064666748047,16,-0.064453125
0.024419069290161133,17,-0.37382812499999996
0.025555133819580078,18,-0.631640625
0.02667713165283203,19,-0.69609375
0.02782607078552246,20,-1.405078125
0.029085159301757812,21,-0.103125
0.030623197555541992,22,-0.0515625
0.03210115432739258,23,-0.451171875
0.03366708755493164,24,-0.502734375
0.03533005714416504,25,0.0
0.03689002990722656,26,-0.012890625
0.0381932258605957,27,0.0
0.03979206085205078,28,-0.012890625
0.042089223861694336,29,-0.167578125
0.04439401626586914,30,-0.48984374999999997
0.046079158782958984,31,-1.5984375
0.0478060245513916,32,-0.116015625
0.04983401298522949,33,-0.348046875
0.05132412910461426,34,-0.193359375
0.05255007743835449,35,-0.29648437499999997
0.05372214317321777,36,-0.064453125
0.055056095123291016,37,-0.012890625
0.05643415451049805,38,-0.02578125
0.05763816833496094,39,-0.193359375
0.05876803398132324,40,-0.54140625
0.05997109413146973,41,-0.605859375
0.06108713150024414,42,-1.3148437499999999
0.062252044677734375,43,-1.198828125
0.06338310241699219,44,-0.012890625
0.06449103355407715,45,-0.15468749999999998
0.06569600105285645,46,-0.103125
0.06683015823364258,47,-0.36093749999999997
0.06799817085266113,48,-0.02578125
0.06910920143127441,49,-0.20625
0.0702660083770752,50,-0.12890625
0.0713961124420166,51,0.0
0.07249903678894043,52,-0.02578125
0.07360005378723145,53,-0.141796875
0.0748140811920166,54,-0.38671875
0.0761101245880127,55,-0.605859375
0.07737612724304199,56,-1.0828125
0.07886505126953125,57,-1.65
0.08031702041625977,58,0.0
0.08192014694213867,59,-0.21914062499999998
0.08338308334350586,60,-0.322265625
0.08487105369567871,61,-0.15468749999999998
0.08684206008911133,62,-0.20625
0.08925509452819824,63,0.09023437499999999
0.09071922302246094,64,-0.116015625
0.09259319305419922,65,-0.451171875
0.09461116790771484,66,-0.631640625
0.09599900245666504,67,-1.65
0.09716916084289551,68,-0.15468749999999998
0.09831500053405762,69,-0.29648437499999997
0.09948921203613281,70,-0.37382812499999996
0.1006162166595459,71,-0.167578125
0.1017301082611084,72,-0.28359375
0.10289120674133301,73,-0.2578125
0.1040341854095459,74,-0.0515625
0.10526013374328613,75,-0.012890625
0.10652804374694824,76,-0.0515625
0.10790419578552246,77,-0.30937499999999996
0.10937619209289551,78,-0.580078125
0.11085915565490723,79,-0.928125
0.11243319511413574,80,-1.65
0.11387801170349121,81,0.0
0.11545515060424805,82,-0.29648437499999997
0.11685919761657715,83,-0.43828124999999996
0.12219619750976562,84,-0.12890625
0.12424802780151367,85,0.4640625
0.12668418884277344,86,-0.322265625
0.12805700302124023,87,-0.79921875
0.1292271614074707,88,0.0
0.13036203384399414,89,-0.07734374999999999
0.13154315948486328,90,-0.24492187499999998
0.1326580047607422,91,-0.29648437499999997
0.13376212120056152,92,-0.322265625
0.1349201202392578,93,-0.33515625
0.13606619834899902,94,-0.29648437499999997
0.137315034866333,95,-0.103125
0.13872218132019043,96,0.02578125
0.14024901390075684,97,-0.02578125
0.14176106452941895,98,-0.28359375
0.1433401107788086,99,-0.515625
0.1447591781616211,100,-1.224609375
0.1461341381072998,101,-0.012890625
0.14862918853759766,102,-0.193359375
0.150407075881958,103,-0.2578125
0.1519031524658203,104,-0.116015625
0.15401315689086914,105,-0.064453125
0.15567612648010254,106,0.0
0.15691018104553223,107,-0.116015625
0.15807509422302246,108,-0.37382812499999996
0.15924310684204102,109,-0.605859375
0.16036105155944824,110,-0.992578125
0.16146302223205566,111,-1.585546875
0.16256022453308105,112,0.0
0.16365504264831543,113,-0.09023437499999999
0.16486907005310059,114,-0.322265625
0.16603517532348633,115,-0.2578125
0.1672680377960205,116,-0.103125
0.1686720848083496,117,-0.33515625
0.17012906074523926,118,-0.21914062499999998
0.17179203033447266,119,0.012890625
0.17334413528442383,120,-0.064453125
0.17483806610107422,121,-0.2578125
0.17628216743469238,122,-0.54140625
0.1782820224761963,123,-1.0828125
0.18072509765625,124,-0.7863281249999999
0.18236017227172852,125,-0.30937499999999996
0.1839301586151123,126,-0.322265625
0.18595504760742188,127,-0.322265625
0.1877431869506836,128,-0.012890625
0.18905210494995117,129,-0.012890625
0.19026517868041992,130,-0.193359375
0.19141721725463867,131,-0.502734375
0.1925351619720459,132,-0.631640625
0.1936511993408203,133,-0.992578125
0.20056414604187012,134,-1.611328125
0.2022840976715088,135,0.0
0.20393800735473633,136,0.21914062499999998
0.20560312271118164,137,-0.012890625
0.2072300910949707,138,-0.0515625
0.20901918411254883,139,-0.37382812499999996
0.21145009994506836,140,-0.4125
0.21298503875732422,141,-1.405078125
0.21461200714111328,142,-0.193359375
0.2167952060699463,143,-0.20625
0.21835803985595703,144,-0.193359375
0.21986818313598633,145,-0.193359375
0.22107505798339844,146,0.0
0.22220802307128906,147,-0.012890625
0.22336411476135254,148,-0.09023437499999999
0.22449421882629395,149,-0.42539062499999997
0.22574615478515625,150,-0.708984375
0.22689604759216309,151,-0.8765624999999999
0.22803401947021484,152,-1.533984375
0.22924208641052246,153,0.0
0.23072409629821777,154,-0.193359375
0.23220205307006836,155,-0.2578125
0.2337331771850586,156,-0.37382812499999996
0.23537206649780273,157,-0.0515625
0.23687100410461426,158,-0.12890625
0.2382211685180664,159,0.0
0.24032115936279297,160,-0.02578125
0.24240803718566895,161,-0.18046874999999998
0.24380922317504883,162,-0.554296875
0.24601221084594727,163,-1.46953125
0.24787211418151855,164,-0.0515625
0.24913907051086426,165,-0.103125
0.2510499954223633,166,-0.4125
0.25223708152770996,167,-0.103125
0.25341200828552246,168,-0.02578125
0.2545621395111084,169,0.0
0.2557640075683594,170,-0.012890625
0.2568941116333008,171,-0.20625
0.25800418853759766,172,-0.4640625
0.25921106338500977,173,-0.631640625
0.2606329917907715,174,-0.95390625
0.2621622085571289,175,-1.65
0.2637670040130615,176,0.0
0.26529717445373535,177,-0.20625
0.26674413681030273,178,-0.399609375
0.2682340145111084,179,-0.064453125
0.27076005935668945,180,-0.103125
0.2727971076965332,181,0.012890625
0.2742500305175781,182,-0.116015625
0.27684521675109863,183,-0.5285156249999999
0.27834200859069824,184,-1.0828125
0.27980518341064453,185,-0.167578125
0.28100013732910156,186,0.0
0.28214001655578613,187,-0.18046874999999998
0.2832779884338379,188,-0.515625
0.2843971252441406,189,0.0
0.28552818298339844,190,-0.322265625
0.28666019439697266,191,-0.20625
0.2878000736236572,192,0.012890625
0.2889130115509033,193,-0.012890625
0.29010915756225586,194,-0.12890625
0.29152417182922363,195,-0.42539062499999997
0.29299211502075195,196,-0.69609375
0.2947700023651123,197,-1.1859374999999999
0.2964820861816406,198,-0.20625
0.298004150390625,199,-0.07734374999999999
0.29970312118530273,200,-0.2578125
0.30242919921875,201,-0.24492187499999998
0.3040761947631836,202,-0.02578125
0.3057730197906494,203,0.0
0.3078892230987549,204,-0.0515625
0.3092350959777832,205,-0.48984374999999997
0.31048107147216797,206,-0.825
0.31165504455566406,207,-1.5597656249999998
0.31278419494628906,208,-0.012890625
0.31389904022216797,209,-0.167578125
0.315075159072876,210,-0.29648437499999997
0.31619906425476074,211,-0.348046875
0.3173081874847412,212,-0.193359375
0.3184490203857422,213,-0.2578125
0.31957507133483887,214,-0.2578125
0.32079315185546875,215,-0.02578125
0.3221900463104248,216,-0.012890625
0.323930025100708,217,-0.103125
0.3256571292877197,218,-0.399609375
0.3272411823272705,219,-0.605859375
0.3286271095275879,220,-1.5726562499999999
