time,count,voltage
0.005326986312866211,1,-0.270703125
0.006906032562255859,2,-0.2578125
0.008314132690429688,3,-0.23203125
0.009673118591308594,4,-0.2578125
0.011160135269165039,5,-0.15468749999999998
0.01282501220703125,6,-0.038671874999999994
0.01456308364868164,7,-0.09023437499999999
0.01625800132751465,8,-0.12890625
0.017987966537475586,9,-0.631640625
0.019549131393432617,10,-1.46953125
0.021241188049316406,11,-0.37382812499999996
0.022701025009155273,12,-0.18046874999999998
0.024080991744995117,13,0.0
0.025417089462280273,14,-0.348046875
0.026795148849487305,15,-0.29648437499999997
0.028316974639892578,16,-0.193359375
0.030003070831298828,17,-0.012890625
0.03172707557678223,18,-0.141796875
0.03338813781738281,19,-0.0515625
0.035204172134399414,20,-0.837890625
0.03699612617492676,21,-1.611328125
0.038642168045043945,22,-0.322265625
0.040264129638671875,23,-0.24492187499999998
0.041886091232299805,24,-0.15468749999999998
0.04354214668273926,25,-0.20625
0.04619717597961426,26,0.0
0.048560142517089844,27,-0.07734374999999999
0.05033612251281738,28,-0.012890625
0.0519101619720459,29,-0.889453125
0.05379509925842285,30,-1.611328125
0.0559849739074707,31,-0.48984374999999997
0.058010101318359375,32,-0.193359375
0.05957818031311035,33,-0.38671875
0.06100010871887207,34,-0.167578125
0.06236410140991211,35,-0.02578125
0.0637211799621582,36,-0.103125
0.06506514549255371,37,-0.193359375
0.06641817092895508,38,-0.0515625
0.06778097152709961,39,-0.8121093749999999
0.06914997100830078,40,-1.4308593749999998
0.07049798965454102,41,-0.515625
0.07182908058166504,42,-0.399609375
0.07315707206726074,43,-0.21914062499999998
0.07449507713317871,44,-0.064453125
0.0758199691772461,45,-0.36093749999999997
0.077362060546875,46,-0.29648437499999997
0.07871007919311523,47,-0.012890625
0.08002996444702148,48,-0.12890625
0.0814809799194336,49,-0.23203125
0.0829010009765625,50,-0.103125
0.0844731330871582,51,-0.734765625
0.08596611022949219,52,-1.4308593749999998
0.08743119239807129,53,-0.515625
0.08881807327270508,54,-0.15468749999999998
0.0913541316986084,55,-0.15468749999999998
0.09305000305175781,56,-0.103125
0.09445714950561523,57,0.09023437499999999
0.09635114669799805,58,-0.02578125
0.09812211990356445,59,-0.064453125
0.09944295883178711,60,-0.02578125
0.10062503814697266,61,-0.64453125
0.10186004638671875,62,-1.276171875
0.10325217247009277,63,-1.65
0.10446000099182129,64,-0.270703125
0.10559511184692383,65,-0.167578125
0.1067349910736084,66,-0.167578125
0.10785317420959473,67,-0.15468749999999998
0.10905814170837402,68,-0.36093749999999997
0.11047196388244629,69,-0.33515625
0.11189603805541992,70,-0.02578125
0.11339902877807617,71,-0.0515625
0.11492300033569336,72,-0.193359375
0.11633896827697754,73,-0.103125
0.11775803565979004,74,-0.7476562499999999
0.1194620132446289,75,-1.41796875
0.1219031810760498,76,-0.5285156249999999
0.12336897850036621,77,-0.21914062499999998
0.125014066696167,78,-0.0515625
0.12702417373657227,79,-0.23203125
0.1285409927368164,80,0.0515625
0.12978506088256836,81,-0.064453125
0.13094401359558105,82,-0.141796875
0.13210201263427734,83,-0.2578125
0.13323307037353516,84,-0.322265625
0.1343519687652588,85,-1.018359375
0.13545513153076172,86,-1.4953124999999998
0.1365811824798584,87,-0.37382812499999996
0.1376791000366211,88,-0.2578125
0.13879108428955078,89,-0.193359375
0.1399691104888916,90,-0.116015625
0.14134716987609863,91,-0.167578125
0.14280200004577637,92,-0.37382812499999996
0.14419913291931152,93,-0.21914062499999998
0.14572596549987793,94,-0.012890625
0.14727997779846191,95,-0.09023437499999999
0.14873504638671875,96,-0.167578125
0.15017414093017578,97,-0.20625
0.15226101875305176,98,-0.9796874999999999
0.15441298484802246,99,-1.65
0.15596699714660645,100,-0.20625
0.15745997428894043,101,-0.167578125
0.15895915031433105,102,-0.270703125
0.16052007675170898,103,-0.23203125
0.16238117218017578,104,-0.012890625
0.16415715217590332,105,-0.103125
0.1655561923980713,106,-0.12890625
0.16679906845092773,107,-0.322265625
0.16797804832458496,108,-1.044140625
0.16910314559936523,109,-1.5726562499999999
0.17032217979431152,110,-0.37382812499999996
0.1717371940612793,111,-0.20625
0.17318296432495117,112,-0.270703125
0.17468714714050293,113,-0.012890625
0.17622804641723633,114,-0.29648437499999997
0.17761898040771484,115,-0.15468749999999998
0.17902207374572754,116,-0.012890625
0.18039798736572266,117,-0.116015625
0.18268513679504395,118,-0.23203125
0.1846611499786377,119,-0.2578125
0.1861560344696045,120,-1.3664062499999998
0.1877431869506836,121,-0.399609375
0.18962812423706055,122,-0.15468749999999998
0.1912829875946045,123,-0.02578125
0.19256997108459473,124,-0.33515625
0.1937260627746582,125,-0.21914062499999998
0.1948380470275879,126,-0.012890625
0.19603419303894043,127,-0.012890625
0.19720697402954102,128,-0.064453125
0.19833111763000488,129,-0.2578125
0.1994311809539795,130,-0.064453125
0.20061302185058594,131,-0.7218749999999999
0.20201897621154785,132,-1.353515625
0.20343518257141113,133,-1.65
0.2049121856689453,134,-0.23203125
0.20647406578063965,135,-0.21914062499999998
0.20793604850769043,136,-0.12890625
0.20936107635498047,137,-0.36093749999999997
0.21068406105041504,138,-0.21914062499999998
0.21288418769836426,139,-0.012890625
0.21486401557922363,140,-0.02578125
0.21631217002868652,141,-0.0515625
0.2178661823272705,142,-0.7218749999999999
0.2197861671447754,143,-1.405078125
0.22144412994384766,144,-0.399609375
0.22272706031799316,145,-0.20625
0.22389698028564453,146,-0.21914062499999998
0.22503995895385742,147,-0.30937499999999996
0.2261791229248047,148,-0.4125
0.2272951602935791,149,-0.322265625
0.22840499877929688,150,-0.02578125
0.22951316833496094,151,-0.064453125
0.23069310188293457,152,-0.103125
0.23207807540893555,153,-0.23203125
0.2335200309753418,154,-0.24492187499999998
0.2350621223449707,155,-1.03125
0.23673105239868164,156,-1.65
0.23816919326782227,157,-0.38671875
0.23966407775878906,158,-0.193359375
0.24121499061584473,159,-0.103125
0.2427511215209961,160,-0.399609375
0.24423599243164062,161,-0.2578125
0.24652314186096191,162,-0.012890625
0.248488187789917,163,-0.0515625
0.24994897842407227,164,-0.02578125
0.2515220642089844,165,-0.837890625
0.25340819358825684,166,-1.4953124999999998
0.25513696670532227,167,-0.23203125
0.25674915313720703,168,-0.30937499999999996
0.2580440044403076,169,-0.064453125
0.25921201705932617,170,-0.24492187499999998
0.2603621482849121,171,-0.2578125
0.26154398918151855,172,-0.02578125
0.26294398307800293,173,-0.02578125
0.26437902450561523,174,-0.103125
0.26594018936157227,175,-0.15468749999999998
0.2674891948699951,176,-0.4125
0.2689189910888672,177,-1.3148437499999999
0.2703671455383301,178,-0.5671875
0.27187609672546387,179,-0.33515625
0.2743861675262451,180,-0.28359375
0.27625107765197754,181,-0.30937499999999996
0.2776651382446289,182,0.0
0.2793140411376953,183,-0.038671874999999994
0.2812831401824951,184,-0.0515625
0.28272414207458496,185,-0.12890625
0.28392696380615234,186,-0.631640625
0.2850770950317383,187,-1.2890625
0.2862231731414795,188,-1.65
0.28734898567199707,189,-0.322265625
0.28845906257629395,190,-0.141796875
0.28956103324890137,191,-0.18046874999999998
0.29065918922424316,192,-0.064453125
0.2918400764465332,193,-0.476953125
0.29324913024902344,194,-0.502734375
0.2946751117706299,195,-0.270703125
0.29622316360473633,196,-0.012890625
0.2977280616760254,197,-0.0515625
0.29907703399658203,198,-0.15468749999999998
0.30050110816955566,199,-0.399609375
0.3022639751434326,200,-1.16015625
0.30463600158691406,201,-1.65
0.30615997314453125,202,-0.21914062499999998
0.3076820373535156,203,-0.12890625
0.3095510005950928,204,-0.4640625
0.31125617027282715,205,-0.193359375
0.31252408027648926,206,-0.012890625
0.3136861324310303,207,-0.09023437499999999
0.3148050308227539,208,-0.20625
0.3159949779510498,209,-0.15468749999999998
0.3171510696411133,210,-0.6832031249999999
0.31827497482299805,211,-1.3019531249999998
0.31940197944641113,212,-1.65
0.320497989654541,213,-0.20625
0.32231903076171875,214,-0.270703125
0.3237121105194092,215,-0.15468749999999998
0.32518506050109863,216,-0.348046875
0.326693058013916,217,-0.33515625
0.32822608947753906,218,-0.12890625
0.3296949863433838,219,-0.0515625
0.33103299140930176,220,-0.103125
0.3337399959564209,221,-0.12890625
0.33593010902404785,222,-0.8507812499999999
0.3374640941619873,223,-0.6832031249999999
0.3389151096343994,224,-0.23203125
0.3407471179962158,225,-0.20625
0.3425450325012207,226,-0.33515625
0.3439061641693115,227,-0.0515625
0.3450641632080078,228,-0.012890625
0.3462221622467041,229,-0.07734374999999999
0.34735798835754395,230,-0.12890625
0.3484950065612793,231,-0.2578125
0.3496091365814209,232,-0.12890625
0.35071706771850586,233,-0.837890625
0.3518190383911133,234,-1.405078125
0.35300397872924805,235,-1.65
0.35440802574157715,236,-0.270703125
0.3558640480041504,237,-0.012890625
0.35744404792785645,238,-0.167578125
0.3589491844177246,239,-0.2578125
0.3602931499481201,240,-0.15468749999999998
0.3616151809692383,241,-0.064453125
0.36332201957702637,242,-0.012890625
0.36571407318115234,243,-0.103125
0.36733317375183105,244,-0.23203125
0.3687601089477539,245,-1.198828125
0.3706049919128418,246,-1.65
0.3723931312561035,247,-0.2578125
0.3737330436706543,248,-0.167578125
0.3749120235443115,249,-0.29648437499999997
0.3760840892791748,250,-0.4125
0.37720298767089844,251,-0.30937499999999996
0.37830495834350586,252,-0.012890625
0.37940502166748047,253,-0.0515625
0.3805110454559326,254,-0.064453125
0.38161706924438477,255,-0.29648437499999997
0.3827221393585205,256,-0.15468749999999998
0.3838980197906494,257,-0.734765625
0.38529014587402344,258,-1.353515625
0.3867831230163574,259,-1.4437499999999999
0.38828301429748535,260,-0.33515625
0.3898031711578369,261,-0.2578125
0.3911430835723877,262,-0.07734374999999999
0.39244508743286133,263,-0.399609375
0.3941190242767334,264,-0.29648437499999997
0.39641404151916504,265,-0.0515625
0.39794397354125977,266,-0.0515625
0.3993411064147949,267,-0.116015625
0.4011800289154053,268,-0.580078125
0.4030129909515381,269,-1.3792968749999999
0.40436816215515137,270,-0.29648437499999997
0.40555810928344727,271,-0.012890625
0.4067230224609375,272,-0.167578125
0.407865047454834,273,-0.103125
0.40897202491760254,274,-0.36093749999999997
0.4100790023803711,275,-0.348046875
0.41117000579833984,276,-0.20625
0.41226696968078613,277,-0.02578125
0.4133741855621338,278,-0.12890625
0.41455602645874023,279,-0.21914062499999998
0.41600799560546875,280,-0.20625
0.4174690246582031,281,-0.580078125
0.41898417472839355,282,-1.327734375
0.4204890727996826,283,-0.4640625
0.421842098236084,284,-0.30937499999999996
0.4231700897216797,285,-0.12890625
0.42497706413269043,286,-0.103125
0.42728614807128906,287,-0.37382812499999996
0.4288201332092285,288,0.012890625
0.43020200729370117,289,-0.116015625
0.4320080280303955,290,-0.21914062499999998
0.4338531494140625,291,-0.012890625
0.4352090358734131,292,-0.992578125
0.4364960193634033,293,-1.65
0.4376561641693115,294,-0.2578125
0.43877601623535156,295,-0.24492187499999998
0.43988800048828125,296,-0.23203125
0.440993070602417,297,-0.0515625
0.44208312034606934,298,-0.399609375
0.4431760311126709,299,-0.399609375
0.4442729949951172,300,-0.322265625
0.4454340934753418,301,-0.038671874999999994
0.44684314727783203,302,-0.103125
0.4483370780944824,303,-0.23203125
0.44976806640625,304,-0.09023437499999999
0.4513111114501953,305,-0.79921875
0.4527161121368408,306,-1.4953124999999998
0.45412111282348633,307,-0.4125
0.4554879665374756,308,-0.20625
0.4581160545349121,309,-0.23203125
0.45980000495910645,310,-0.103125
0.4612281322479248,311,0.15468749999999998
0.4631361961364746,312,-0.02578125
0.4648020267486572,313,-0.064453125
0.4660780429840088,314,-0.103125
0.4672391414642334,315,-0.64453125
0.468386173248291,316,-1.327734375
0.4695160388946533,317,-1.65
0.4706270694732666,318,-0.270703125
0.47172117233276367,319,-0.20625
0.4728081226348877,320,-0.2578125
0.473905086517334,321,-0.0515625
0.47500109672546387,322,-0.399609375
0.4762260913848877,323,-0.4640625
0.4776430130004883,324,-0.348046875
0.47909998893737793,325,-0.038671874999999994
0.4805259704589844,326,-0.09023437499999999
0.4820430278778076,327,-0.20625
0.48346805572509766,328,-0.15468749999999998
0.4848620891571045,329,-0.9410156249999999
0.48636412620544434,330,-1.5984375
0.4882051944732666,331,-0.23203125
0.49053502082824707,332,0.0
0.49210596084594727,333,-0.33515625
0.4934980869293213,334,-0.20625
0.49525904655456543,335,-0.09023437499999999
0.4971029758453369,336,-0.02578125
0.4984750747680664,337,-0.167578125
0.499675989151001,338,-0.09023437499999999
0.5008270740509033,339,-0.79921875
0.5019950866699219,340,-1.340625
0.5031380653381348,341,-1.3019531249999998
0.5042569637298584,342,-0.193359375
0.5053601264953613,343,-0.116015625
0.5066189765930176,344,-0.20625
0.5080251693725586,345,-0.0515625
0.5094821453094482,346,-0.322265625
0.5109350681304932,347,-0.20625
0.5124001502990723,348,-0.012890625
0.513768196105957,349,-0.116015625
0.5151360034942627,350,-0.23203125
0.5166959762573242,351,-0.02578125
0.5189311504364014,352,-0.8765624999999999
0.520920991897583,353,-1.65
0.5223960876464844,354,-0.20625
0.5239570140838623,355,-0.038671874999999994
0.5258619785308838,356,-0.30937499999999996
0.5276391506195068,357,-0.103125
0.5289061069488525,358,0.0
0.5300531387329102,359,-0.103125
0.5311870574951172,360,-0.24492187499999998
0.532325029373169,361,-0.20625
0.5334429740905762,362,-0.4640625
0.5345621109008789,363,-1.10859375
0.5356640815734863,364,-1.611328125
0.536870002746582,365,-0.43828124999999996
0.5382950305938721,366,-0.322265625
0.5397450923919678,367,-0.2578125
0.5411760807037354,368,0.0
0.542687177658081,369,-0.37382812499999996
0.544093132019043,370,-0.20625
0.5453841686248779,371,-0.02578125
0.5468370914459229,372,-0.0515625
0.5485501289367676,373,-0.20625
0.5509781837463379,374,-0.15468749999999998
0.5525760650634766,375,-1.16015625
0.5539431571960449,376,-0.8507812499999999
0.5557231903076172,377,-0.2578125
0.5576591491699219,378,-0.20625
0.5590469837188721,379,-0.20625
0.5602450370788574,380,-0.141796875
0.5613751411437988,381,-0.07734374999999999
0.562493085861206,382,-0.038671874999999994
0.563615083694458,383,-0.0515625
0.5647220611572266,384,-0.21914062499999998
0.5658371448516846,385,-0.193359375
0.5671231746673584,386,-0.631640625
0.5685281753540039,387,-1.26328125
0.5699601173400879,388,-1.65
0.5714981555938721,389,-0.29648437499999997
0.5730271339416504,390,-0.2578125
0.5744791030883789,391,-0.116015625
0.5760111808776855,392,-0.42539062499999997
0.5775589942932129,393,-0.30937499999999996
0.5800340175628662,394,-0.012890625
0.581740140914917,395,-0.064453125
0.5830991268157959,396,-0.012890625
0.584766149520874,397,-0.7476562499999999
0.5867691040039062,398,-1.4308593749999998
0.588238000869751,399,-0.270703125
0.5894529819488525,400,-0.193359375
0.5906050205230713,401,-0.12890625
0.5917270183563232,402,-0.348046875
0.5928401947021484,403,-0.451171875
0.5939350128173828,404,-0.348046875
0.5950219631195068,405,0.0
0.5961501598358154,406,-0.0515625
0.5973341464996338,407,-0.116015625
0.5987319946289062,408,-0.23203125
0.6001741886138916,409,-0.20625
0.6016750335693359,410,-0.992578125
0.6031491756439209,411,-1.6371093749999999
0.6045961380004883,412,-0.193359375
0.60614013671875,413,-0.167578125
0.6075761318206787,414,-0.09023437499999999
0.6100101470947266,415,-0.4125
0.6117920875549316,416,-0.103125
0.6132030487060547,417,-0.038671874999999994
0.6148390769958496,418,-0.167578125
0.6168780326843262,419,-0.141796875
0.6183750629425049,420,-0.8507812499999999
0.6196250915527344,421,-1.5984375
0.6207871437072754,422,-0.399609375
0.6219210624694824,423,-0.193359375
0.6230411529541016,424,-0.2578125
0.6241481304168701,425,0.0
0.6252391338348389,426,-0.4640625
0.6264150142669678,427,-0.4640625
0.6276090145111084,428,-0.33515625
0.6289961338043213,429,-0.038671874999999994
0.630465030670166,430,-0.0515625
0.6319661140441895,431,-0.15468749999999998
