time,count,voltage
0.004309892654418945,1,-0.37382812499999996
0.005590915679931641,2,-0.12890625
0.006776094436645508,3,0.012890625
0.007920026779174805,4,-0.02578125
0.009039878845214844,5,-0.12890625
0.010149955749511719,6,-0.4640625
0.011267900466918945,7,-0.708984375
0.01259303092956543,8,-1.134375
0.014074087142944336,9,-1.65
0.015508890151977539,10,0.0
0.016941070556640625,11,-0.20625
0.01832890510559082,12,-0.322265625
0.019623994827270508,13,-0.30937499999999996
0.020804882049560547,14,-0.4125
0.022023916244506836,15,-0.20625
0.023225069046020508,16,0.0
0.024379968643188477,17,-0.012890625
0.02550792694091797,18,-0.12890625
0.026629924774169922,19,-0.4125
0.027873992919921875,20,-0.6574218749999999
0.029301881790161133,21,-1.018359375
0.030757904052734375,22,-1.65
0.03224587440490723,23,-0.012890625
0.03369402885437012,24,-0.20625
0.03509688377380371,25,-0.37382812499999996
0.036518096923828125,26,-0.30937499999999996
0.03783297538757324,27,-0.322265625
0.03918099403381348,28,-0.0515625
0.041580915451049805,29,0.0
0.043576955795288086,30,-0.103125
0.04496598243713379,31,-0.4640625
0.04669499397277832,32,-1.0828125
0.048609018325805664,33,-1.41796875
0.049926042556762695,34,-0.12890625
0.051115989685058594,35,-0.28359375
0.05229496955871582,36,-0.7734375
0.05342888832092285,37,-0.23203125
0.054553985595703125,38,-0.21914062499999998
0.05571699142456055,39,-0.09023437499999999
0.056839942932128906,40,0.0
0.057936906814575195,41,-0.012890625
0.05903792381286621,42,-0.103125
0.060144901275634766,43,-0.515625
0.06124997138977051,44,-0.7218749999999999
0.06244087219238281,45,-1.1214843749999999
0.06357097625732422,46,-1.65
0.06467700004577637,47,-0.012890625
0.0657799243927002,48,-0.15468749999999998
0.06690001487731934,49,-0.30937499999999996
0.06801295280456543,50,-0.5285156249999999
0.06911897659301758,51,-0.9410156249999999
0.07022595405578613,52,-0.322265625
0.07157588005065918,53,-0.48984374999999997
0.07294297218322754,54,-0.103125
0.07417798042297363,55,-0.02578125
0.07542300224304199,56,-0.103125
0.07685995101928711,57,-0.33515625
0.07830405235290527,58,-0.708984375
0.07986807823181152,59,-1.224609375
0.08135390281677246,60,-0.29648437499999997
0.08273887634277344,61,-0.30937499999999996
0.08417487144470215,62,-0.20625
0.08625197410583496,63,-0.5929687499999999
0.08844995498657227,64,-0.515625
0.08986401557922363,65,0.07734374999999999
0.09165596961975098,66,-0.012890625
0.09360694885253906,67,-0.064453125
0.0949869155883789,68,-0.48984374999999997
0.09618902206420898,69,-1.147265625
0.09732699394226074,70,-1.65
0.09844589233398438,71,0.0
0.09955406188964844,72,-0.21914062499999998
0.1006920337677002,73,-0.193359375
0.10185694694519043,74,-0.5929687499999999
0.10301709175109863,75,-0.20625
0.10420393943786621,76,-0.33515625
0.10555005073547363,77,-0.20625
0.10701894760131836,78,0.0
0.10846090316772461,79,-0.02578125
0.10998988151550293,80,-0.193359375
0.11140704154968262,81,-0.605859375
0.11289787292480469,82,-1.0828125
0.11427092552185059,83,-1.65
0.11675000190734863,84,0.0
0.11843395233154297,85,-0.270703125
0.11982989311218262,86,-0.21914062499999998
0.12170886993408203,87,-0.322265625
0.12362909317016602,88,0.064453125
0.125046968460083,89,-0.012890625
0.12628507614135742,90,-0.193359375
0.12744498252868652,91,-0.5929687499999999
0.1285851001739502,92,-0.708984375
0.12970495223999023,93,-1.4437499999999999
0.13082194328308105,94,-0.2578125
0.13199687004089355,95,-0.0515625
0.1332840919494629,96,-0.167578125
0.13453388214111328,97,-0.322265625
0.13567090034484863,98,-0.7218749999999999
0.13677287101745605,99,-0.37382812499999996
0.13797307014465332,100,-0.42539062499999997
0.13934803009033203,101,-0.20625
0.14083290100097656,102,0.012890625
0.1422739028930664,103,-0.07734374999999999
0.1438438892364502,104,-0.4640625
0.14531707763671875,105,-0.580078125
0.14669489860534668,106,-1.353515625
0.14818596839904785,107,-0.09023437499999999
0.15007805824279785,108,-0.2578125
0.15236806869506836,109,-0.167578125
0.15395689010620117,110,-0.02578125
0.15547490119934082,111,0.141796875
0.1574258804321289,112,0.012890625
0.1591939926147461,113,-0.02578125
0.16051602363586426,114,-0.37382812499999996
0.1616969108581543,115,-0.5285156249999999
0.16294002532958984,116,-1.2503906249999999
0.16410207748413086,117,-0.7476562499999999
0.16529393196105957,118,-0.012890625
0.1666278839111328,119,-0.15468749999999998
0.1681070327758789,120,-0.23203125
0.16953587532043457,121,-0.6703125
0.1710340976715088,122,-0.18046874999999998
0.17254996299743652,123,0.038671874999999994
0.17398905754089355,124,0.012890625
0.17546701431274414,125,-0.0515625
0.17698907852172852,126,-0.30937499999999996
0.1795029640197754,127,-0.605859375
0.1813030242919922,128,-1.546875
0.18271207809448242,129,-0.167578125
0.18416810035705566,130,-0.322265625
0.18612003326416016,131,-0.554296875
0.18786406517028809,132,-0.348046875
0.18919801712036133,133,0.15468749999999998
0.19038105010986328,134,0.012890625
0.1915268898010254,135,-0.064453125
0.19267797470092773,136,-0.20625
0.19379687309265137,137,-0.605859375
0.19492602348327637,138,-0.6187499999999999
0.1961209774017334,139,-1.2890625
0.19748902320861816,140,-1.405078125
0.19893908500671387,141,0.0
0.20034003257751465,142,-0.29648437499999997
0.20189499855041504,143,-0.36093749999999997
0.20338702201843262,144,-0.167578125
0.20482301712036133,145,-0.193359375
0.20624589920043945,146,0.064453125
0.20813798904418945,147,0.0
0.21046996116638184,148,-0.20625
0.21209406852722168,149,-0.580078125
0.21354198455810547,150,-1.340625
0.21539092063903809,151,0.0
0.21718502044677734,152,-0.15468749999999998
0.21853089332580566,153,-0.399609375
0.21971988677978516,154,-0.12890625
0.22086095809936523,155,-0.30937499999999996
0.22202491760253906,156,-0.12890625
0.22316193580627441,157,-0.012890625
0.22427701950073242,158,-0.02578125
0.22538495063781738,159,-0.12890625
0.22656488418579102,160,-0.4640625
0.22789597511291504,161,-0.7218749999999999
0.22937798500061035,162,-1.0828125
0.23081493377685547,163,-1.65
0.23237109184265137,164,0.0
0.2338418960571289,165,-0.29648437499999997
0.2352590560913086,166,-0.4125
0.23663687705993652,167,-0.064453125
0.2380669116973877,168,-0.30937499999999996
0.24014997482299805,169,-0.012890625
0.24231600761413574,170,-0.012890625
0.2438368797302246,171,-0.29648437499999997
0.24529504776000977,172,-0.502734375
0.24721193313598633,173,-1.26328125
0.24913787841796875,174,-0.116015625
0.25045108795166016,175,-0.322265625
0.25162601470947266,176,-0.4640625
0.2528669834136963,177,-0.23203125
0.25400710105895996,178,-0.4125
0.2551290988922119,179,-0.23203125
0.25624608993530273,180,0.012890625
0.2573990821838379,181,-0.0515625
0.2587308883666992,182,-0.103125
0.2601618766784668,183,-0.37382812499999996
0.26157307624816895,184,-0.6703125
0.263153076171875,185,-1.21171875
0.26455092430114746,186,-0.064453125
0.2658820152282715,187,-0.21914062499999998
0.2673299312591553,188,-0.30937499999999996
0.26929306983947754,189,-0.4640625
0.27167701721191406,190,-0.12890625
0.2732970714569092,191,0.348046875
0.2747969627380371,192,-0.012890625
0.27671003341674805,193,-0.103125
0.27840590476989746,194,-0.515625
0.2796969413757324,195,-1.198828125
0.2808539867401123,196,-0.6187499999999999
0.2820420265197754,197,-0.02578125
0.2832338809967041,198,-0.23203125
0.28440093994140625,199,-0.30937499999999996
0.2855870723724365,200,-0.502734375
0.2867240905761719,201,-0.270703125
0.28790903091430664,202,-0.2578125
0.2892920970916748,203,-0.116015625
0.2907590866088867,204,-0.012890625
0.2922098636627197,205,-0.09023437499999999
0.2937459945678711,206,-0.4640625
0.29516005516052246,207,-0.580078125
0.29654693603515625,208,-1.340625
0.29784393310546875,209,-0.064453125
0.30010008811950684,210,-0.167578125
0.302095890045166,211,-0.167578125
0.30352306365966797,212,-0.12890625
0.3053109645843506,213,-0.09023437499999999
0.3072679042816162,214,0.0
0.30867791175842285,215,-0.02578125
0.30988287925720215,216,-0.36093749999999997
0.311568021774292,217,-0.64453125
0.3127889633178711,218,-1.2374999999999998
0.31394290924072266,219,-1.0570312499999999
0.3150780200958252,220,0.0
0.31618809700012207,221,-0.15468749999999998
0.31731295585632324,222,-0.15468749999999998
0.31848692893981934,223,-0.631640625
0.3198258876800537,224,-0.116015625
0.32129597663879395,225,-0.2578125
0.32276487350463867,226,0.038671874999999994
0.32430505752563477,227,-0.0515625
0.3256549835205078,228,-0.103125
0.3271019458770752,229,-0.451171875
0.3284790515899658,230,-0.580078125
0.330798864364624,231,-1.2890625
0.33281493186950684,232,-0.02578125
0.3342709541320801,233,-0.23203125
0.3358290195465088,234,-0.580078125
0.3377840518951416,235,-0.33515625
0.3394598960876465,236,0.12890625
0.3407440185546875,237,-0.012890625
0.341994047164917,238,-0.09023437499999999
0.3431708812713623,239,-0.30937499999999996
0.3443160057067871,240,-0.631640625
0.34543299674987793,241,-0.992578125
0.3465409278869629,242,-1.585546875
0.3476839065551758,243,0.0
0.34885096549987793,244,-0.0515625
0.3502030372619629,245,-0.30937499999999996
0.3516850471496582,246,-0.43828124999999996
0.3532218933105469,247,-0.270703125
0.35475587844848633,248,-0.4125
0.35617494583129883,249,-0.038671874999999994
0.35756897926330566,250,-0.012890625
0.3592379093170166,251,-0.12890625
0.361691951751709,252,-0.4125
0.3633749485015869,253,-0.992578125
0.36476707458496094,254,0.0
0.36658287048339844,255,-0.15468749999999998
0.3684549331665039,256,-0.167578125
0.369797945022583,257,-0.20625
0.37098193168640137,258,-0.36093749999999997
0.372204065322876,259,-0.12890625
0.37334704399108887,260,-0.012890625
0.37447190284729004,261,-0.012890625
0.37560105323791504,262,-0.15468749999999998
0.37671995162963867,263,-0.515625
0.3778369426727295,264,-0.6703125
0.37900805473327637,265,-1.147265625
0.38034796714782715,266,-1.65
0.3818020820617676,267,-0.02578125
0.38329601287841797,268,-0.12890625
0.38475990295410156,269,-0.2578125
0.38622593879699707,270,-0.23203125
0.38766002655029297,271,-0.30937499999999996
0.3891580104827881,272,-0.012890625
0.3910360336303711,273,-0.012890625
0.3934168815612793,274,-0.07734374999999999
0.394989013671875,275,-0.502734375
0.3964400291442871,276,-1.16015625
0.39836597442626953,277,-0.6703125
0.40012693405151367,278,-0.116015625
0.401439905166626,279,-0.36093749999999997
0.4026498794555664,280,-0.322265625
0.4038090705871582,281,-0.30937499999999996
0.40494203567504883,282,-0.193359375
0.40605688095092773,283,0.012890625
0.40717387199401855,284,-0.012890625
0.40828990936279297,285,-0.064453125
0.409466028213501,286,-0.23203125
0.4108130931854248,287,-0.631640625
0.4122920036315918,288,-0.7863281249999999
0.4137439727783203,289,-1.65
0.4152350425720215,290,0.0
0.41655707359313965,291,-0.193359375
0.417957067489624,292,-0.270703125
0.41935205459594727,293,-0.6832031249999999
0.4220290184020996,294,-0.20625
0.42368292808532715,295,0.0
0.42504191398620605,296,-0.012890625
0.426785945892334,297,-0.20625
0.4286959171295166,298,-0.5671875
0.43011999130249023,299,-1.3019531249999998
0.43132805824279785,300,-0.09023437499999999
0.4324920177459717,301,-0.0515625
0.433682918548584,302,-0.2578125
0.4348490238189697,303,-0.4640625
0.43598389625549316,304,-0.33515625
0.43709707260131836,305,-0.4125
0.438230037689209,306,-0.37382812499999996
0.4394540786743164,307,0.012890625
0.4408140182495117,308,-0.012890625
0.44228291511535645,309,-0.09023437499999999
0.443727970123291,310,-0.4125
0.4452540874481201,311,-0.554296875
0.4466979503631592,312,-1.3664062499999998
0.4480710029602051,313,-0.02578125
0.44938206672668457,314,-0.15468749999999998
0.4519929885864258,315,-0.2578125
0.45369601249694824,316,-0.20625
0.45514893531799316,317,0.0
0.456866979598999,318,-0.012890625
0.45879292488098145,319,-0.012890625
0.46019601821899414,320,-0.2578125
0.4613940715789795,321,-0.5671875
0.46257805824279785,322,-1.147265625
0.4637119770050049,323,-1.65
0.4648299217224121,324,0.0
0.4659240245819092,325,-0.141796875
0.46703600883483887,326,-0.322265625
0.4681410789489746,327,-0.476953125
0.4692509174346924,328,-0.20625
0.47043609619140625,329,-0.33515625
0.4717600345611572,330,-0.23203125
0.4732980728149414,331,0.012890625
0.4747328758239746,332,-0.012890625
0.47623705863952637,333,-0.116015625
0.47760701179504395,334,-0.580078125
0.47908687591552734,335,-0.837890625
0.4804069995880127,336,-1.65
0.4826478958129883,337,0.0
0.4845900535583496,338,-0.28359375
0.4860379695892334,339,-0.7218749999999999
0.48745107650756836,340,-0.30937499999999996
0.4893910884857178,341,-0.0515625
0.49117088317871094,342,0.012890625
0.49264097213745117,343,-0.0515625
0.49387693405151367,344,-0.515625
0.49503207206726074,345,-0.64453125
0.4961678981781006,346,-1.3664062499999998
0.49728989601135254,347,-0.515625
0.4984018802642822,348,-0.02578125
0.49950599670410156,349,-0.20625
0.5007109642028809,350,-0.0515625
0.502112865447998,351,-0.5671875
0.5036420822143555,352,-0.0515625
0.5052120685577393,353,-0.12890625
0.5067389011383057,354,0.0
0.508181095123291,355,-0.012890625
0.5096678733825684,356,-0.116015625
0.5111770629882812,357,-0.515625
0.5127129554748535,358,-0.9152343749999999
0.5142018795013428,359,-1.65
0.515657901763916,360,-0.20625
0.5178449153900146,361,-0.33515625
0.5199549198150635,362,-0.4640625
0.5214669704437256,363,-0.322265625
0.5233759880065918,364,0.0
0.5252580642700195,365,-0.012890625
0.5265660285949707,366,-0.21914062499999998
0.5277509689331055,367,-0.502734375
0.5288839340209961,368,-0.966796875
0.5299980640411377,369,-1.5984375
0.5311770439147949,370,0.0
0.5326230525970459,371,-0.141796875
0.5341899394989014,372,-0.270703125
0.5358090400695801,373,-0.38671875
0.5373098850250244,374,-0.2578125
0.5386660099029541,375,-0.038671874999999994
0.5402519702911377,376,-0.012890625
0.5417389869689941,377,-0.012890625
0.543708086013794,378,-0.21914062499999998
0.5460679531097412,379,-0.5285156249999999
0.547523021697998,380,-1.65
0.5491580963134766,381,-0.167578125
0.5510969161987305,382,-0.270703125
0.552772045135498,383,-0.54140625
0.5540599822998047,384,-0.24492187499999998
0.5552408695220947,385,-0.09023437499999999
0.5563740730285645,386,0.012890625
0.5574870109558105,387,0.0
0.5586040019989014,388,-0.116015625
0.5597190856933594,389,-0.43828124999999996
0.5608229637145996,390,-0.69609375
0.5620169639587402,391,-0.928125
0.5634009838104248,392,-1.5726562499999999
0.5648369789123535,393,-0.12890625
0.5663559436798096,394,0.0
0.5678889751434326,395,-0.12890625
0.569242000579834,396,-0.6703125
0.5706760883331299,397,-0.167578125
0.5729629993438721,398,0.0
0.5751039981842041,399,0.0
0.576570987701416,400,-0.167578125
0.5780999660491943,401,-0.5285156249999999
0.5800580978393555,402,-1.0570312499999999
0.5817010402679443,403,-0.02578125
0.5831089019775391,404,-0.12890625
0.5843009948730469,405,-0.2578125
0.5854310989379883,406,-0.6703125
0.5865440368652344,407,-0.28359375
0.5876650810241699,408,-0.30937499999999996
0.5888159275054932,409,-0.20625
0.5899679660797119,410,0.0
0.591101884841919,411,-0.02578125
0.5922949314117432,412,-0.07734374999999999
0.593682050704956,413,-0.48984374999999997
0.5951418876647949,414,-0.605859375
0.5966579914093018,415,-1.340625
0.5982279777526855,416,0.0
0.5995800495147705,417,-0.20625
0.6009819507598877,418,0.0
0.6032359600067139,419,-0.54140625
0.6054050922393799,420,-0.116015625
0.6068229675292969,421,0.0
0.6087160110473633,422,-0.0515625
0.6104769706726074,423,-0.24492187499999998
0.6117560863494873,424,-0.43828124999999996
0.6130070686340332,425,-1.2890625
0.6141510009765625,426,-0.103125
0.615272045135498,427,-0.116015625
0.6163740158081055,428,-0.4125
0.617466926574707,429,-0.2578125
0.6185650825500488,430,-0.42539062499999997
0.6196680068969727,431,-0.0515625
0.620764970779419,432,-0.29648437499999997
0.6219170093536377,433,-0.21914062499999998
0.6231820583343506,434,-0.012890625
0.6245160102844238,435,0.0
0.6259489059448242,436,-0.103125
0.6273798942565918,437,-0.515625
0.628957986831665,438,-0.708984375
