time,count,voltage
0.005280971527099609,1,-0.141796875
0.006847858428955078,2,-0.21914062499999998
0.00827789306640625,3,-0.18046874999999998
0.009657859802246094,4,-0.30937499999999996
0.01104283332824707,5,-0.103125
0.012719869613647461,6,0.0
0.01449894905090332,7,-0.02578125
0.016422033309936523,8,-0.399609375
0.018185853958129883,9,-0.7218749999999999
0.019813060760498047,10,-1.65
0.021522998809814453,11,-0.0515625
0.02299785614013672,12,-0.09023437499999999
0.024397850036621094,13,-0.270703125
0.02579498291015625,14,-0.2578125
0.02721095085144043,15,-0.15468749999999998
0.028827905654907227,16,-0.012890625
0.03054189682006836,17,-0.012890625
0.03229403495788574,18,-0.21914062499999998
0.03404998779296875,19,-0.4125
0.03603506088256836,20,-1.198828125
0.037808895111083984,21,0.012890625
0.03942394256591797,22,-0.167578125
0.041029930114746094,23,-0.37382812499999996
0.04262590408325195,24,-0.399609375
0.04417705535888672,25,-0.141796875
0.04577302932739258,26,0.012890625
0.047508955001831055,27,-0.0515625
0.0493009090423584,28,-0.2578125
0.050997018814086914,29,-0.515625
0.05266284942626953,30,-1.3921875
0.0553128719329834,31,0.0
0.05707502365112305,32,-0.012890625
0.058712005615234375,33,-0.23203125
0.060304880142211914,34,-0.20625
0.06176900863647461,35,-0.012890625
0.06325101852416992,36,0.0
0.06469297409057617,37,-0.0515625
0.06691503524780273,38,-0.399609375
0.06924605369567871,39,-0.863671875
0.07149600982666016,40,-0.012890625
0.073577880859375,41,0.0
0.0755929946899414,42,-0.064453125
0.07784104347229004,43,-0.23203125
0.07969284057617188,44,0.0
0.08178186416625977,45,-0.02578125
0.08392906188964844,46,-0.348046875
0.08609485626220703,47,-0.992578125
0.08784890174865723,48,-0.12890625
0.08944392204284668,49,-0.15468749999999998
0.0910189151763916,50,-0.4125
0.09260892868041992,51,-0.36093749999999997
0.09438896179199219,52,-0.167578125
0.10570883750915527,53,0.012890625
0.10771298408508301,54,-0.012890625
0.1094970703125,55,-0.28359375
0.11147189140319824,56,-0.012890625
0.11443305015563965,57,0.0
0.11668801307678223,58,-0.23203125
0.11821389198303223,59,-0.837890625
0.11966896057128906,60,-1.65
0.12157201766967773,61,0.0
0.12328195571899414,62,-0.103125
0.12457585334777832,63,-0.20625
0.12575793266296387,64,-0.4640625
0.1270439624786377,65,-0.36093749999999997
0.1285240650177002,66,0.012890625
0.1299419403076172,67,-0.012890625
0.13149690628051758,68,-0.038671874999999994
0.13302302360534668,69,-0.4125
0.13450098037719727,70,-0.825
0.13606691360473633,71,-1.5597656249999998
0.1378779411315918,72,0.0
0.14021086692810059,73,-0.20625
0.1417980194091797,74,-0.20625
0.14319705963134766,75,-0.29648437499999997
0.14515185356140137,76,-0.064453125
0.14703893661499023,77,-0.012890625
0.14835906028747559,78,-0.15468749999999998
0.14954686164855957,79,-0.4125
0.15067386627197266,80,-0.8507812499999999
0.1517930030822754,81,-1.4308593749999998
0.15290403366088867,82,0.0
0.15399885177612305,83,-0.103125
0.15511584281921387,84,-0.28359375
0.1562328338623047,85,-0.21914062499999998
0.1574239730834961,86,-0.20625
0.1588149070739746,87,-0.33515625
0.16026592254638672,88,-0.322265625
0.16181206703186035,89,0.0
0.16334986686706543,90,-0.012890625
0.16489505767822266,91,-0.0515625
0.16640090942382812,92,-0.4125
0.16817188262939453,93,-0.863671875
0.17058300971984863,94,-1.5984375
0.1722559928894043,95,-0.0515625
0.17362594604492188,96,-0.36093749999999997
0.17537903785705566,97,-0.12890625
0.1773509979248047,98,-0.23203125
0.1787259578704834,99,0.0
0.17990589141845703,100,-0.02578125
0.1810450553894043,101,-0.09023437499999999
0.18216800689697266,102,-0.4640625
0.18326902389526367,103,-0.451171875
0.1843700408935547,104,-1.0828125
0.18551206588745117,105,-1.65
0.18662190437316895,106,0.0
0.1878199577331543,107,-0.02578125
0.18924403190612793,108,-0.07734374999999999
0.1907029151916504,109,-0.515625
0.1922588348388672,110,-0.270703125
0.19388198852539062,111,-0.20625
0.1954059600830078,112,0.0
0.19693899154663086,113,-0.012890625
0.1986079216003418,114,-0.116015625
0.20102906227111816,115,-0.43828124999999996
0.20265793800354004,116,-1.3019531249999998
0.2040538787841797,117,0.0
0.20595884323120117,118,-0.12890625
0.20783591270446777,119,-0.37382812499999996
0.20919394493103027,120,-0.33515625
0.21039104461669922,121,-0.12890625
0.21152591705322266,122,0.0
0.2126479148864746,123,-0.012890625
0.21375298500061035,124,-0.02578125
0.21490883827209473,125,-0.29648437499999997
0.2160649299621582,126,-0.515625
0.21717500686645508,127,-0.825
0.21835803985595703,128,-1.405078125
0.21976089477539062,129,0.0
0.22121000289916992,130,-0.09023437499999999
0.22273683547973633,131,-0.15468749999999998
0.22424697875976562,132,-0.33515625
0.22570300102233887,133,-0.37382812499999996
0.2272050380706787,134,-0.2578125
0.22861790657043457,135,0.0
0.23084092140197754,136,-0.012890625
0.2328660488128662,137,-0.167578125
0.23430490493774414,138,-0.580078125
0.23585295677185059,139,-1.4437499999999999
0.23784995079040527,140,0.012890625
0.2394700050354004,141,-0.23203125
0.24074292182922363,142,-0.23203125
0.2418980598449707,143,-0.348046875
0.24302101135253906,144,-0.399609375
0.24417400360107422,145,-0.23203125
0.24546194076538086,146,0.0
0.2466280460357666,147,-0.02578125
0.24775290489196777,148,-0.103125
0.2489778995513916,149,-0.42539062499999997
0.25035691261291504,150,-0.502734375
0.2518298625946045,151,-1.224609375
0.2533299922943115,152,0.0
0.25493288040161133,153,-0.012890625
0.2564840316772461,154,-0.103125
0.2579669952392578,155,-0.23203125
0.2596719264984131,156,-0.30937499999999996
0.26218485832214355,157,-0.116015625
0.2638058662414551,158,-0.012890625
0.2651810646057129,159,-0.2578125
0.2669239044189453,160,-0.4125
0.2688620090484619,161,-1.018359375
0.27023887634277344,162,-0.167578125
0.2714259624481201,163,-0.0515625
0.27256083488464355,164,-0.167578125
0.27367496490478516,165,-0.5929687499999999
0.27478885650634766,166,-0.116015625
0.2760350704193115,167,-0.348046875
0.2771799564361572,168,-0.20625
0.27829599380493164,169,0.02578125
0.27947092056274414,170,0.0
0.2808358669281006,171,-0.012890625
0.2822749614715576,172,-0.37382812499999996
0.28378987312316895,173,-0.43828124999999996
0.2853679656982422,174,-1.1859374999999999
0.2868969440460205,175,-0.09023437499999999
0.2884058952331543,176,-0.0515625
0.28998804092407227,177,-0.116015625
0.2925388813018799,178,-0.20625
0.2942328453063965,179,-0.15468749999999998
0.29565906524658203,180,-0.012890625
0.2973208427429199,181,-0.012890625
0.2992899417877197,182,-0.21914062499999998
0.3007080554962158,183,-0.4640625
0.30190396308898926,184,-1.340625
0.30304598808288574,185,-0.167578125
0.30421996116638184,186,-0.167578125
0.30542993545532227,187,-0.02578125
0.3065669536590576,188,-0.36093749999999997
0.307697057723999,189,-0.23203125
0.3088078498840332,190,-0.37382812499999996
0.3099989891052246,191,-0.399609375
0.3113820552825928,192,-0.116015625
0.3128180503845215,193,0.012890625
0.3143458366394043,194,-0.0515625
0.3159019947052002,195,-0.322265625
0.3174118995666504,196,-0.54140625
0.31894588470458984,197,-1.353515625
0.32080602645874023,198,0.0
0.3231348991394043,199,-0.064453125
0.3247220516204834,200,-0.20625
0.32625699043273926,201,-0.38671875
0.3281519412994385,202,-0.167578125
0.32993602752685547,203,0.0
0.3312568664550781,204,-0.0515625
0.3324308395385742,205,-0.399609375
0.33356499671936035,206,-0.554296875
0.33468103408813477,207,-1.224609375
0.3358910083770752,208,-1.65
0.3370039463043213,209,0.0
0.3381009101867676,210,-0.193359375
0.3392000198364258,211,-0.15468749999999998
0.3403940200805664,212,-0.270703125
0.3417959213256836,213,-0.07734374999999999
0.343242883682251,214,-0.2578125
0.3447730541229248,215,-0.012890625
0.34642505645751953,216,-0.012890625
0.34793806076049805,217,-0.02578125
0.34942197799682617,218,-0.4125
0.3512918949127197,219,-0.605859375
0.35361504554748535,220,-1.456640625
0.35518503189086914,221,-0.103125
0.35660696029663086,222,-0.270703125
0.3584580421447754,223,-0.103125
0.36080384254455566,224,-0.322265625
0.3621089458465576,225,0.012890625
0.36328697204589844,226,-0.012890625
0.364426851272583,227,-0.09023437499999999
0.36557888984680176,228,-0.4640625
0.36668896675109863,229,-0.502734375
0.3677990436553955,230,-1.134375
0.3689088821411133,231,-1.65
0.3699989318847656,232,0.0
0.37117600440979004,233,-0.12890625
0.37257885932922363,234,-0.038671874999999994
0.37404298782348633,235,-0.4640625
0.375654935836792,236,-0.270703125
0.37728190422058105,237,-0.20625
0.37877893447875977,238,0.0
0.38033199310302734,239,0.0
0.3817899227142334,240,-0.12890625
0.3842499256134033,241,-0.4125
0.38597583770751953,242,-1.21171875
0.38737988471984863,243,0.0
0.3891329765319824,244,-0.23203125
0.39110898971557617,245,-0.348046875
0.39250993728637695,246,-0.36093749999999997
0.39372706413269043,247,-0.12890625
0.3949739933013916,248,0.0
0.396136999130249,249,-0.012890625
0.39727091789245605,250,-0.012890625
0.3983888626098633,251,-0.322265625
0.3994920253753662,252,-0.4640625
0.40058398246765137,253,-0.8765624999999999
0.4017798900604248,254,-1.456640625
0.40320396423339844,255,-0.12890625
0.40474796295166016,256,-0.02578125
0.4062979221343994,257,-0.103125
0.40778493881225586,258,-0.23203125
0.40929484367370605,259,-0.2578125
0.4109048843383789,260,-0.12890625
0.41236186027526855,261,0.0
0.4147019386291504,262,-0.02578125
0.4167008399963379,263,-0.2578125
0.4181220531463623,264,-0.9152343749999999
0.41976404190063477,265,-1.65
0.4217648506164551,266,-0.02578125
0.42326903343200684,267,-0.193359375
0.4244978427886963,268,-0.15468749999999998
0.42568087577819824,269,-0.451171875
0.42681288719177246,270,-0.33515625
0.4279458522796631,271,0.0
0.4290609359741211,272,0.0
0.4301588535308838,273,-0.012890625
0.43126392364501953,274,-0.20625
0.43245387077331543,275,-0.48984374999999997
0.43382906913757324,276,-0.605859375
0.43528103828430176,277,-1.327734375
0.43686699867248535,278,-0.193359375
0.43836188316345215,279,-0.09023437499999999
0.43979597091674805,280,-0.23203125
0.44129300117492676,281,-0.12890625
0.44305896759033203,282,-0.270703125
0.44553089141845703,283,-0.09023437499999999
0.44718384742736816,284,-0.012890625
0.4485478401184082,285,-0.2578125
0.4502689838409424,286,-0.476953125
0.4521949291229248,287,-1.0570312499999999
0.45357489585876465,288,-0.064453125
0.4547460079193115,289,-0.02578125
0.45596790313720703,290,-0.167578125
0.45709991455078125,291,-0.5285156249999999
0.45821404457092285,292,-0.09023437499999999
0.45932984352111816,293,-0.30937499999999996
0.4604458808898926,294,-0.21914062499999998
0.46155691146850586,295,0.0
0.46274304389953613,296,-0.012890625
0.4641430377960205,297,-0.012890625
0.4656548500061035,298,-0.36093749999999997
0.4671800136566162,299,-0.43828124999999996
0.46872687339782715,300,-1.21171875
0.4702010154724121,301,-0.103125
0.47753405570983887,302,-0.103125
0.47951292991638184,303,-0.20625
0.48145294189453125,304,-0.012890625
0.4829549789428711,305,-0.348046875
0.48421287536621094,306,-0.7476562499999999
0.4854729175567627,307,-1.46953125
0.4866189956665039,308,-0.02578125
0.48774003982543945,309,-0.116015625
0.4888498783111572,310,-0.193359375
0.489948034286499,311,-0.38671875
0.49105405807495117,312,-0.15468749999999998
0.49220800399780273,313,-0.4125
0.4934060573577881,314,-0.38671875
0.4949488639831543,315,-0.0515625
0.496427059173584,316,-0.012890625
0.4979519844055176,317,-0.02578125
0.4998340606689453,318,-0.37382812499999996
0.501417875289917,319,-0.6703125
0.503324031829834,320,-1.65
0.5056638717651367,321,-0.012890625
0.507194995880127,322,-0.36093749999999997
0.5087389945983887,323,-0.0515625
0.510901927947998,324,-0.15468749999999998
0.5126140117645264,325,0.012890625
0.513908863067627,326,-0.07734374999999999
0.5151159763336182,327,-0.322265625
0.5163099765777588,328,-0.42539062499999997
0.5174570083618164,329,-0.928125
0.51857590675354,330,-1.533984375
0.519697904586792,331,-0.167578125
0.5208108425140381,332,0.0
0.5219008922576904,333,-0.18046874999999998
0.5230140686035156,334,-0.37382812499999996
0.5242528915405273,335,-0.193359375
0.525763988494873,336,-0.29648437499999997
0.5273349285125732,337,-0.193359375
0.5289158821105957,338,0.0
0.5304200649261475,339,-0.012890625
0.5320408344268799,340,-0.24492187499999998
0.5334689617156982,341,-0.43828124999999996
0.5360429286956787,342,-1.0828125
0.5378849506378174,343,-0.103125
0.5393898487091064,344,-0.103125
0.5412929058074951,345,-0.43828124999999996
0.5432720184326172,346,-0.322265625
0.544672966003418,347,0.12890625
0.5459878444671631,348,-0.012890625
0.5471789836883545,349,-0.02578125
0.548321008682251,350,-0.30937499999999996
0.5494568347930908,351,-0.502734375
0.5505599975585938,352,-0.8507812499999999
0.5516688823699951,353,-1.4308593749999998
0.552772045135498,354,-0.012890625
0.5538690090179443,355,-0.12890625
0.55507493019104,356,-0.2578125
0.5565168857574463,357,-0.24492187499999998
0.5580120086669922,358,-0.28359375
0.5596189498901367,359,-0.451171875
0.5611958503723145,360,-0.193359375
0.5626699924468994,361,0.0
0.5642049312591553,362,-0.0515625
0.5664498805999756,363,-0.322265625
0.568457841873169,364,-0.605859375
0.5699219703674316,365,-1.4308593749999998
0.5716829299926758,366,-0.103125
0.5737910270690918,367,-0.15468749999999998
0.5753099918365479,368,-0.103125
0.5765180587768555,369,-0.167578125
0.5776848793029785,370,-0.012890625
0.578840970993042,371,0.012890625
0.5799639225006104,372,-0.038671874999999994
0.5811488628387451,373,-0.103125
0.5822658538818359,374,-0.42539062499999997
0.5833709239959717,375,-0.515625
0.584467887878418,376,-1.173046875
0.5856690406799316,377,-1.65
0.5870749950408936,378,0.0
0.5885350704193115,379,-0.167578125
0.5901100635528564,380,-0.23203125
0.5916569232940674,381,-0.12890625
0.5930750370025635,382,-0.322265625
0.5945210456848145,383,-0.09023437499999999
0.5972390174865723,384,0.012890625
0.599308967590332,385,-0.064453125
0.6008260250091553,386,-0.4640625
0.6029410362243652,387,-1.2890625
0.6044900417327881,388,0.0
0.6057569980621338,389,-0.12890625
0.6069149971008301,390,-0.476953125
0.6080679893493652,391,-0.167578125
0.609184980392456,392,-0.4125
0.6102888584136963,393,-0.28359375
0.6114020347595215,394,0.0
0.6125209331512451,395,-0.012890625
0.6136510372161865,396,-0.02578125
0.614753007888794,397,-0.270703125
0.6160290241241455,398,-0.515625
0.6174218654632568,399,-0.7218749999999999
0.6189379692077637,400,-1.456640625
0.6205439567565918,401,-0.012890625
0.6221010684967041,402,-0.18046874999999998
0.6235709190368652,403,-0.29648437499999997
0.6251509189605713,404,-0.12890625
0.6273529529571533,405,-0.322265625
0.6296460628509521,406,0.09023437499999999
0.6311419010162354,407,-0.038671874999999994
0.6326789855957031,408,-0.399609375
0.6345908641815186,409,-0.54140625
0.6364040374755859,410,-1.5082031249999999
0.637732982635498,411,-0.02578125
0.638908863067627,412,-0.0515625
0.640064001083374,413,-0.4125
0.6411819458007812,414,-0.193359375
0.6423039436340332,415,-0.4640625
0.6434199810028076,416,-0.4125
0.6445460319519043,417,-0.012890625
0.6456868648529053,418,-0.012890625
0.6468849182128906,419,-0.012890625
0.6482899188995361,420,-0.167578125
0.6497108936309814,421,-0.4640625
0.6512289047241211,422,-0.928125
0.6528639793395996,423,-1.5984375
0.6543309688568115,424,0.0
0.6559019088745117,425,-0.15468749999999998
0.6578669548034668,426,-0.38671875
0.660308837890625,427,-0.399609375
0.6619110107421875,428,0.322265625
0.6634130477905273,429,-0.012890625
0.6653590202331543,430,-0.064453125
0.6670489311218262,431,-0.37382812499999996
0.6683928966522217,432,-1.147265625
0.6695828437805176,433,-0.38671875
0.6707489490509033,434,-0.038671874999999994
0.6718828678131104,435,-0.20625
0.6729938983917236,436,-0.322265625
0.6741080284118652,437,-0.20625
0.6752820014953613,438,-0.33515625
0.6763989925384521,439,-0.37382812499999996
0.677670955657959,440,-0.20625
0.6790850162506104,441,0.0
0.680534839630127,442,-0.038671874999999994
0.6821029186248779,443,-0.2578125
