time,count,voltage
0.00518488883972168,1,-0.9796874999999999
0.006738901138305664,2,-1.65
0.008143901824951172,3,-0.167578125
0.009511947631835938,4,-0.167578125
0.010870933532714844,5,-0.09023437499999999
0.012518882751464844,6,-0.24492187499999998
0.014364004135131836,7,-0.12890625
0.016045093536376953,8,-0.012890625
0.01772308349609375,9,-0.012890625
0.019284963607788086,10,-0.2578125
0.02094101905822754,11,-0.451171875
0.02241206169128418,12,-1.353515625
0.02383708953857422,13,0.0
0.025198936462402344,14,-0.167578125
0.026547908782958984,15,-0.29648437499999997
0.028094053268432617,16,-0.21914062499999998
0.029807090759277344,17,-0.42539062499999997
0.03155088424682617,18,-0.0515625
0.03324103355407715,19,-0.02578125
0.03513598442077637,20,-0.064453125
0.036843061447143555,21,-0.18046874999999998
0.038439035415649414,22,-0.928125
0.04005694389343262,23,-1.3664062499999998
0.04168200492858887,24,-0.116015625
0.043315887451171875,25,-0.21914062499999998
0.045645952224731445,26,-0.15468749999999998
0.04834103584289551,27,-0.193359375
0.0500330924987793,28,-0.012890625
0.0516810417175293,29,-0.103125
0.053930044174194336,30,-0.167578125
0.05611586570739746,31,-1.03125
0.057821035385131836,32,0.0
0.05927395820617676,33,-0.20625
0.06068897247314453,34,-0.12890625
0.06205606460571289,35,-0.29648437499999997
0.06343603134155273,36,-0.2578125
0.0648050308227539,37,-0.012890625
0.06613802909851074,38,0.0
0.06745290756225586,39,-0.02578125
0.06879591941833496,40,-0.270703125
0.07013893127441406,41,-0.21914062499999998
0.07148408889770508,42,-1.03125
0.07281899452209473,43,-1.65
0.0742330551147461,44,-0.012890625
0.07569193840026855,45,-0.012890625
0.07720708847045898,46,-0.29648437499999997
0.07892704010009766,47,-0.270703125
0.0807030200958252,48,-0.116015625
0.08249688148498535,49,0.012890625
0.08442091941833496,50,-0.012890625
0.08611106872558594,51,-0.2578125
0.08757591247558594,52,-0.502734375
0.08893108367919922,53,-1.3664062499999998
0.09111905097961426,54,0.012890625
0.0932469367980957,55,-0.02578125
0.09464597702026367,56,-0.12890625
0.0964510440826416,57,-0.36093749999999997
0.09835386276245117,58,-0.0515625
0.09970998764038086,59,0.0
0.10088706016540527,60,-0.064453125
0.1020359992980957,61,-0.322265625
0.10318708419799805,62,-0.322265625
0.10430288314819336,63,-0.9796874999999999
0.10550498962402344,64,-1.611328125
0.10693693161010742,65,0.0
0.10839295387268066,66,-0.2578125
0.10988306999206543,67,-0.23203125
0.1114339828491211,68,-0.15468749999999998
0.11285209655761719,69,-0.399609375
0.1143798828125,70,-0.116015625
0.11577796936035156,71,0.0
0.11783504486083984,72,0.0
0.11978507041931152,73,-0.20625
0.1213369369506836,74,-0.7218749999999999
0.12319707870483398,75,-1.585546875
0.12463903427124023,76,-0.0515625
0.1261899471282959,77,-0.116015625
0.12819290161132812,78,-0.0515625
0.129896879196167,79,-0.33515625
0.13127994537353516,80,0.116015625
0.1324748992919922,81,-0.012890625
0.1336350440979004,82,-0.012890625
0.134782075881958,83,-0.2578125
0.13599109649658203,84,-0.23203125
0.13739800453186035,85,-0.6832031249999999
0.13886308670043945,86,-1.405078125
0.14035487174987793,87,0.0
0.1418929100036621,88,-0.193359375
0.14336109161376953,89,-0.2578125
0.14480090141296387,90,-0.116015625
0.14620590209960938,91,-0.270703125
0.14815998077392578,92,-0.07734374999999999
0.1504049301147461,93,0.0
0.15192699432373047,94,-0.15468749999999998
0.15334486961364746,95,-0.09023437499999999
0.15523099899291992,96,-0.863671875
0.15703892707824707,97,-1.21171875
0.1583728790283203,98,-0.167578125
0.1595470905303955,99,-0.37382812499999996
0.16068005561828613,100,-0.02578125
0.16179609298706055,101,-0.270703125
0.1629619598388672,102,-0.348046875
0.16414403915405273,103,-0.193359375
0.16527295112609863,104,0.0
0.1664440631866455,105,-0.02578125
0.16784286499023438,106,-0.09023437499999999
0.16930103302001953,107,-0.322265625
0.1708059310913086,108,-0.54140625
0.1723480224609375,109,-1.353515625
0.17383098602294922,110,0.0
0.17528796195983887,111,-0.23203125
0.17663908004760742,112,-0.30937499999999996
0.17870593070983887,113,-0.116015625
0.1809709072113037,114,-0.24492187499999998
0.18248200416564941,115,0.0
0.18393802642822266,116,-0.012890625
0.18586993217468262,117,-0.23203125
0.18761396408081055,118,-0.36093749999999997
0.18893194198608398,119,-1.405078125
0.19009900093078613,120,0.0
0.19121193885803223,121,-0.18046874999999998
0.19232892990112305,122,-0.141796875
0.1935288906097412,123,-0.20625
0.19465088844299316,124,-0.02578125
0.1957719326019287,125,-0.33515625
0.19695091247558594,126,-0.2578125
0.19835901260375977,127,0.012890625
0.19979095458984375,128,-0.02578125
0.20122694969177246,129,-0.0515625
0.2027580738067627,130,-0.21914062499999998
0.20428705215454102,131,-0.605859375
0.20571398735046387,132,-1.4308593749999998
0.2071089744567871,133,0.012890625
0.20885586738586426,134,-0.2578125
0.2111809253692627,135,-0.21914062499999998
0.21278595924377441,136,-0.167578125
0.21428489685058594,137,0.038671874999999994
0.21610307693481445,138,0.02578125
0.217911958694458,139,-0.02578125
0.21927499771118164,140,-0.167578125
0.22046995162963867,141,-0.5671875
0.2216169834136963,142,-1.26328125
0.22276687622070312,143,-0.4640625
0.2239689826965332,144,-0.09023437499999999
0.2250969409942627,145,-0.15468749999999998
0.2262110710144043,146,-0.33515625
0.2274019718170166,147,-0.15468749999999998
0.2288200855255127,148,-0.23203125
0.23030996322631836,149,-0.21914062499999998
0.23182106018066406,150,0.0
0.2333528995513916,151,0.0
0.23473501205444336,152,-0.12890625
0.23620986938476562,153,-0.193359375
0.2380368709564209,154,-0.69609375
0.23999500274658203,155,-1.46953125
0.24155497550964355,156,-0.12890625
0.24323201179504395,157,-0.2578125
0.24522709846496582,158,-0.02578125
0.2467339038848877,159,-0.12890625
0.24871587753295898,160,0.0
0.2506899833679199,161,-0.012890625
0.2521059513092041,162,-0.2578125
0.25333690643310547,163,-0.23203125
0.25450706481933594,164,-1.03125
0.25563502311706543,165,-1.65
0.2567439079284668,166,0.0
0.25792598724365234,167,-0.0515625
0.2593379020690918,168,-0.193359375
0.26081299781799316,169,-0.12890625
0.2623469829559326,170,-0.2578125
0.2638418674468994,171,-0.167578125
0.2652409076690674,172,0.0
0.26654505729675293,173,-0.02578125
0.2682459354400635,174,-0.103125
0.27069902420043945,175,-0.28359375
0.27220702171325684,176,-1.173046875
0.27369189262390137,177,-0.012890625
0.27559995651245117,178,-0.193359375
0.27748799324035645,179,-0.28359375
0.2789418697357178,180,-0.322265625
0.28017592430114746,181,-0.15468749999999998
0.28133106231689453,182,0.012890625
0.2824420928955078,183,0.0
0.28359508514404297,184,-0.012890625
0.2847418785095215,185,-0.20625
0.28586292266845703,186,-0.28359375
0.2869749069213867,187,-0.6703125
0.2881639003753662,188,-1.276171875
0.2895798683166504,189,-0.4640625
0.29103994369506836,190,-0.064453125
0.2925550937652588,191,-0.064453125
0.2941250801086426,192,-0.167578125
0.2955489158630371,193,-0.2578125
0.29701709747314453,194,-0.193359375
0.29880404472351074,195,0.0
0.3011128902435303,196,-0.012890625
0.3025789260864258,197,-0.193359375
0.3042590618133545,198,-0.476953125
0.3063020706176758,199,-1.3019531249999998
0.30771303176879883,200,-0.0515625
0.3088998794555664,201,-0.0515625
0.31003689765930176,202,-0.167578125
0.31116294860839844,203,-0.07734374999999999
0.31227588653564453,204,-0.36093749999999997
0.313478946685791,205,-0.30937499999999996
0.31462788581848145,206,0.0
0.3157379627227783,207,-0.012890625
0.31683993339538574,208,-0.0515625
0.31794309616088867,209,-0.2578125
0.3191249370574951,210,-0.2578125
0.3205070495605469,211,-0.5671875
0.3219470977783203,212,-1.2890625
0.3235180377960205,213,-0.0515625
0.3250160217285156,214,-0.0515625
0.3263239860534668,215,-0.2578125
0.32767486572265625,216,-0.116015625
0.32964491844177246,217,-0.42539062499999997
0.33176302909851074,218,-0.20625
0.33318495750427246,219,-0.02578125
0.3348579406738281,220,-0.116015625
0.3368408679962158,221,-0.270703125
0.3387329578399658,222,-0.928125
0.34001708030700684,223,-0.103125
0.34119391441345215,224,0.0
0.3423168659210205,225,-0.12890625
0.3435220718383789,226,-0.21914062499999998
0.34466099739074707,227,-0.012890625
0.34576988220214844,228,-0.30937499999999996
0.3468790054321289,229,-0.21914062499999998
0.34798693656921387,230,-0.012890625
0.3491699695587158,231,0.0
0.35051894187927246,232,-0.012890625
0.3519589900970459,233,-0.2578125
0.3534870147705078,234,-0.193359375
0.3549799919128418,235,-0.9796874999999999
0.35639095306396484,236,-0.4125
0.35778188705444336,237,-0.103125
0.35950589179992676,238,-0.02578125
0.36190199851989746,239,-0.167578125
0.36362600326538086,240,-0.23203125
0.3651270866394043,241,0.012890625
0.3670370578765869,242,-0.012890625
0.36871790885925293,243,-0.12890625
0.36998796463012695,244,-0.167578125
0.3711540699005127,245,-0.95390625
0.3722798824310303,246,-1.6242187499999998
0.3735039234161377,247,0.0
0.3746340274810791,248,-0.23203125
0.3757450580596924,249,-0.09023437499999999
0.37685203552246094,250,-0.20625
0.37795209884643555,251,-0.103125
0.3791329860687256,252,-0.348046875
0.38051795959472656,253,-0.2578125
0.3819708824157715,254,0.0
0.3834569454193115,255,-0.038671874999999994
0.38494396209716797,256,-0.12890625
0.3863189220428467,257,-0.167578125
0.3877289295196533,258,-0.79921875
0.3890209197998047,259,-1.5597656249999998
0.39125990867614746,260,0.0
0.39332103729248047,261,-0.20625
0.39481186866760254,262,-0.09023437499999999
0.3965339660644531,263,-0.30937499999999996
0.3985130786895752,264,-0.012890625
0.39989805221557617,265,-0.012890625
0.40106892585754395,266,-0.141796875
0.40220093727111816,267,-0.2578125
0.4033539295196533,268,-0.399609375
0.40448808670043945,269,-1.1214843749999999
0.4056100845336914,270,-1.65
0.40671396255493164,271,0.0
0.40781402587890625,272,-0.141796875
0.40891098976135254,273,-0.15468749999999998
0.41008806228637695,274,-0.2578125
0.41147899627685547,275,-0.02578125
0.4129800796508789,276,-0.270703125
0.4145689010620117,277,-0.012890625
0.4160749912261963,278,-0.012890625
0.4174339771270752,279,-0.012890625
0.4188709259033203,280,-0.29648437499999997
0.42066287994384766,281,-0.2578125
0.42311692237854004,282,-1.1214843749999999
0.4246859550476074,283,-0.0515625
0.426145076751709,284,-0.193359375
0.42810702323913574,285,-0.12890625
0.42984986305236816,286,-0.2578125
0.4311540126800537,287,0.193359375
0.4323098659515381,288,-0.012890625
0.4335150718688965,289,-0.012890625
0.4346458911895752,290,-0.21914062499999998
0.4357728958129883,291,-0.322265625
0.436892032623291,292,-0.631640625
0.4380049705505371,293,-1.26328125
0.4391050338745117,294,-1.327734375
0.4402949810028076,295,0.0
0.44167590141296387,296,-0.193359375
0.4432060718536377,297,-0.23203125
0.4447939395904541,298,-0.116015625
0.4462919235229492,299,-0.37382812499999996
0.4477269649505615,300,-0.012890625
0.4491100311279297,301,-0.012890625
0.4506499767303467,302,-0.012890625
0.4532430171966553,303,-0.24492187499999998
0.45489501953125,304,-0.5671875
0.45624804496765137,305,-1.5726562499999999
0.45806097984313965,306,-0.116015625
0.45995187759399414,307,-0.02578125
0.46131205558776855,308,-0.064453125
0.46248793601989746,309,-0.33515625
0.46364688873291016,310,-0.21914062499999998
0.46478986740112305,311,0.012890625
0.4658970832824707,312,0.0
0.46698999404907227,313,-0.012890625
0.4680960178375244,314,-0.24492187499999998
0.46919989585876465,315,-0.23203125
0.4703810214996338,316,-0.708984375
0.47177886962890625,317,-1.327734375
0.473236083984375,318,-0.116015625
0.4747500419616699,319,-0.064453125
0.47629404067993164,320,-0.103125
0.4776570796966553,321,-0.141796875
0.47904491424560547,322,-0.42539062499999997
0.4803609848022461,323,-0.29648437499999997
0.4827430248260498,324,0.0
0.48463892936706543,325,-0.038671874999999994
0.4860389232635498,326,-0.12890625
0.48778200149536133,327,-0.631640625
0.48970603942871094,328,-1.4437499999999999
0.49109697341918945,329,-0.02578125
0.49227190017700195,330,-0.064453125
0.49350500106811523,331,-0.2578125
0.4946329593658447,332,-0.02578125
0.4957399368286133,333,-0.30937499999999996
0.49685192108154297,334,-0.23203125
0.49795007705688477,335,0.012890625
0.49904394149780273,336,0.0
0.5001330375671387,337,-0.02578125
0.5013089179992676,338,-0.2578125
0.502701997756958,339,-0.322265625
0.5043299198150635,340,-0.6832031249999999
0.5059309005737305,341,-1.5726562499999999
0.5074179172515869,342,0.0
0.5087769031524658,343,0.0
0.5101048946380615,344,-0.322265625
0.51236891746521,345,-0.0515625
0.51432204246521,346,-0.07734374999999999
0.5157260894775391,347,0.0
0.5174009799957275,348,-0.02578125
0.5193719863891602,349,-0.270703125
0.5207719802856445,350,-0.476953125
0.5219419002532959,351,-1.41796875
0.5231099128723145,352,0.0
0.5242340564727783,353,-0.15468749999999998
0.5253510475158691,354,-0.07734374999999999
0.5264549255371094,355,-0.29648437499999997
0.5275559425354004,356,-0.02578125
0.5286509990692139,357,-0.4640625
0.5297470092773438,358,-0.42539062499999997
0.5308718681335449,359,-0.0515625
0.5320589542388916,360,0.0
0.5334329605102539,361,-0.02578125
0.5348689556121826,362,-0.167578125
0.5364170074462891,363,-0.23203125
0.5379009246826172,364,-0.837890625
0.5392298698425293,365,-1.65
0.5405759811401367,366,-0.038671874999999994
0.5427219867706299,367,-0.193359375
0.5448060035705566,368,-0.20625
0.5462498664855957,369,-0.348046875
0.547853946685791,370,-0.012890625
0.5498619079589844,371,0.0
0.5513529777526855,372,-0.0515625
0.5525710582733154,373,-0.167578125
0.5537419319152832,374,-0.6703125
0.5548660755157471,375,-1.3148437499999999
0.5559868812561035,376,-0.322265625
0.5571029186248779,377,-0.012890625
0.558203935623169,378,-0.20625
0.5593059062957764,379,-0.270703125
0.560399055480957,380,-0.141796875
0.561492919921875,381,-0.30937499999999996
0.5626659393310547,382,-0.4125
0.564162015914917,383,-0.2578125
0.5656270980834961,384,0.0
0.5671079158782959,385,-0.0515625
0.5686159133911133,386,-0.2578125
0.569983959197998,387,-0.15468749999999998
0.571368932723999,388,-0.992578125
0.5728518962860107,389,-1.65
0.5754399299621582,390,0.0
0.5770890712738037,391,-0.270703125
0.578434944152832,392,-0.322265625
0.5802440643310547,393,-0.30937499999999996
0.5821568965911865,394,0.0
0.5835978984832764,395,-0.012890625
0.5847890377044678,396,-0.2578125
0.5859260559082031,397,-0.29648437499999997
0.5870518684387207,398,-0.7476562499999999
0.5881810188293457,399,-1.3664062499999998
0.5892930030822754,400,-0.116015625
0.5903909206390381,401,0.0
0.5914828777313232,402,-0.12890625
0.5926649570465088,403,-0.36093749999999997
0.594120979309082,404,-0.116015625
0.5955779552459717,405,-0.20625
0.5971789360046387,406,-0.103125
0.5986850261688232,407,0.012890625
0.6000359058380127,408,-0.038671874999999994
0.6013920307159424,409,-0.18046874999999998
0.6028289794921875,410,-0.29648437499999997
0.6054320335388184,411,-0.7734375
0.6071159839630127,412,-0.103125
0.6084659099578857,413,-0.270703125
0.6102380752563477,414,-0.28359375
0.6121249198913574,415,-0.116015625
0.6136729717254639,416,-0.0515625
0.6148669719696045,417,0.0
0.6159999370574951,418,0.0
0.6170969009399414,419,-0.02578125
0.6182079315185547,420,-0.2578125
0.6193099021911621,421,-0.30937499999999996
0.6204259395599365,422,-0.837890625
0.6215269565582275,423,-1.405078125
0.6227200031280518,424,-0.20625
0.624190092086792,425,-0.103125
0.6256370544433594,426,-0.103125
0.6271328926086426,427,-0.20625
0.6286709308624268,428,-0.322265625
0.6300990581512451,429,-0.23203125
0.6314868927001953,430,0.012890625
0.6327838897705078,431,-0.012890625
0.6348168849945068,432,-0.02578125
0.6371359825134277,433,-0.23203125
0.6386480331420898,434,-1.1214843749999999
0.6401710510253906,435,-0.167578125
0.6421520709991455,436,-0.103125
0.6438150405883789,437,-0.20625
0.6450929641723633,438,-0.33515625
0.646251916885376,439,-0.30937499999999996
0.6474790573120117,440,-0.103125
0.6486220359802246,441,0.0
0.649730920791626,442,-0.064453125
0.6508340835571289,443,-0.116015625
