time,count,voltage
0.0042989253997802734,1,-0.167578125
0.005589962005615234,2,-0.348046875
0.0067899227142333984,3,-0.09023437499999999
0.007925987243652344,4,0.0
0.009032011032104492,5,-0.012890625
0.010132074356079102,6,-0.038671874999999994
0.011245012283325195,7,-0.29648437499999997
0.012904882431030273,8,-0.4125
0.014399051666259766,9,-0.992578125
0.015883922576904297,10,0.0
0.017230987548828125,11,-0.012890625
0.018631935119628906,12,-0.0515625
0.019855976104736328,13,-0.270703125
0.021007061004638672,14,-0.20625
0.02217698097229004,15,-0.2578125
0.023324966430664062,16,-0.15468749999999998
0.024456024169921875,17,0.012890625
0.02556300163269043,18,-0.012890625
0.026658058166503906,19,-0.012890625
0.027931928634643555,20,-0.28359375
0.02938985824584961,21,-0.37382812499999996
0.030842065811157227,22,-1.03125
0.03240203857421875,23,-1.65
0.0338590145111084,24,0.0
0.035202980041503906,25,-0.23203125
0.03653693199157715,26,-0.20625
0.0379490852355957,27,-0.15468749999999998
0.03982400894165039,28,-0.167578125
0.04214596748352051,29,0.012890625
0.04428291320800781,30,-0.02578125
0.04572105407714844,31,-0.29648437499999997
0.04750704765319824,32,-0.79921875
0.049391984939575195,33,-1.6371093749999999
0.05068492889404297,34,0.02578125
0.05194497108459473,35,-0.103125
0.053112030029296875,36,-0.322265625
0.05423998832702637,37,-0.116015625
0.05535697937011719,38,-0.29648437499999997
0.056474924087524414,39,-0.193359375
0.05757498741149902,40,0.012890625
0.05867600440979004,41,-0.012890625
0.05977201461791992,42,-0.0515625
0.060875892639160156,43,-0.2578125
0.06199908256530762,44,-0.43828124999999996
0.06311702728271484,45,-0.6832031249999999
0.06422185897827148,46,-1.3664062499999998
0.06533288955688477,47,0.0
0.06642794609069824,48,-0.012890625
0.06752896308898926,49,-0.103125
0.06863093376159668,50,-0.167578125
0.0698089599609375,51,-0.322265625
0.07094597816467285,52,-0.064453125
0.07207393646240234,53,-0.24492187499999998
0.07326507568359375,54,-0.141796875
0.07453799247741699,55,0.02578125
0.0759589672088623,56,0.0
0.07735490798950195,57,-0.038671874999999994
0.07893085479736328,58,-0.36093749999999997
0.08037590980529785,59,-0.708984375
0.08177399635314941,60,-1.546875
0.08344006538391113,61,0.0
0.08594202995300293,62,-0.15468749999999998
0.08745288848876953,63,-0.167578125
0.08911395072937012,64,-0.399609375
0.09113597869873047,65,-0.15468749999999998
0.09257888793945312,66,-0.012890625
0.09376788139343262,67,-0.0515625
0.09491991996765137,68,-0.33515625
0.0960540771484375,69,-0.42539062499999997
0.0971839427947998,70,-1.1214843749999999
0.09830403327941895,71,-1.65
0.0994100570678711,72,0.0
0.10052704811096191,73,-0.02578125
0.10166597366333008,74,0.0
0.10278201103210449,75,-0.322265625
0.10396599769592285,76,-0.167578125
0.10540390014648438,77,-0.399609375
0.10694408416748047,78,-0.23203125
0.10834503173828125,79,0.012890625
0.10974597930908203,80,-0.0515625
0.11107587814331055,81,-0.18046874999999998
0.11267399787902832,82,-0.33515625
0.11413097381591797,83,-0.9796874999999999
0.11670804023742676,84,-1.65
0.1183938980102539,85,0.0
0.11980485916137695,86,-0.322265625
0.12175393104553223,87,-0.193359375
0.12353301048278809,88,-0.02578125
0.12492990493774414,89,-0.012890625
0.1261129379272461,90,-0.012890625
0.12761998176574707,91,-0.103125
0.12888288497924805,92,-0.322265625
0.1300499439239502,93,-0.8121093749999999
0.13119196891784668,94,-1.456640625
0.13240790367126465,95,0.0
0.13355088233947754,96,0.0
0.13475894927978516,97,-0.18046874999999998
0.1361699104309082,98,-0.30937499999999996
0.13764405250549316,99,-0.141796875
0.13918685913085938,100,-0.322265625
0.14070987701416016,101,-0.0515625
0.14225006103515625,102,0.0
0.1436600685119629,103,-0.012890625
0.14577698707580566,104,-0.33515625
0.14786005020141602,105,-0.554296875
0.14927291870117188,106,-0.116015625
0.15101003646850586,107,-0.012890625
0.1530170440673828,108,-0.02578125
0.1544020175933838,109,-0.21914062499999998
0.15560197830200195,110,-0.21914062499999998
0.15679597854614258,111,-0.0515625
0.15793704986572266,112,0.0
0.1590569019317627,113,-0.012890625
0.16017508506774902,114,-0.02578125
0.1612870693206787,115,-0.36093749999999997
0.16248106956481934,116,-0.451171875
0.16361689567565918,117,-1.018359375
0.16480588912963867,118,-1.6371093749999999
0.16620993614196777,119,0.0
0.16768407821655273,120,-0.07734374999999999
0.16911888122558594,121,-0.141796875
0.1707010269165039,122,-0.28359375
0.17227792739868164,123,-0.30937499999999996
0.17383289337158203,124,-0.0515625
0.17562389373779297,125,0.012890625
0.1780228614807129,126,-0.02578125
0.17958307266235352,127,-0.270703125
0.18124890327453613,128,-1.044140625
0.18335986137390137,129,-0.193359375
0.18478107452392578,130,-0.167578125
0.185960054397583,131,-0.28359375
0.1871049404144287,132,-0.12890625
0.18824195861816406,133,-0.4125
0.18937301635742188,134,-0.37382812499999996
0.19050908088684082,135,0.012890625
0.19164705276489258,136,0.0
0.1927800178527832,137,-0.0515625
0.1938939094543457,138,-0.116015625
0.1950819492340088,139,-0.37382812499999996
0.19649600982666016,140,-0.554296875
0.19794893264770508,141,-1.340625
0.1994929313659668,142,0.0
0.2010340690612793,143,-0.038671874999999994
0.20257806777954102,144,-0.167578125
0.20405888557434082,145,-0.20625
0.20665693283081055,146,-0.37382812499999996
0.2083878517150879,147,0.012890625
0.20984888076782227,148,-0.02578125
0.2119309902191162,149,-0.20625
0.2135169506072998,150,-0.322265625
0.2147519588470459,151,-1.3921875
0.21589303016662598,152,0.0
0.21700692176818848,153,-0.02578125
0.21811890602111816,154,-0.116015625
0.21923398971557617,155,-0.37382812499999996
0.22034502029418945,156,-0.193359375
0.22153687477111816,157,-0.322265625
0.2226719856262207,158,-0.322265625
0.2237870693206787,159,0.0
0.224884033203125,160,0.0
0.22603392601013184,161,-0.02578125
0.22741389274597168,162,-0.12890625
0.22885394096374512,163,-0.4125
0.23040103912353516,164,-0.708984375
0.23201394081115723,165,-1.533984375
0.23346996307373047,166,0.0
0.23486995697021484,167,-0.12890625
0.2373368740081787,168,-0.30937499999999996
0.23917293548583984,169,-0.399609375
0.24071002006530762,170,0.23203125
0.24271297454833984,171,0.0
0.2442328929901123,172,-0.012890625
0.24546003341674805,173,-0.348046875
0.24661898612976074,174,-0.7476562499999999
0.24774694442749023,175,-1.4308593749999998
0.24889087677001953,176,-0.012890625
0.2500128746032715,177,-0.064453125
0.2511260509490967,178,-0.167578125
0.2522590160369873,179,-0.21914062499999998
0.25337791442871094,180,-0.2578125
0.2544898986816406,181,-0.399609375
0.2555968761444092,182,-0.4125
0.25676798820495605,183,-0.21914062499999998
0.2581610679626465,184,0.012890625
0.25957703590393066,185,-0.012890625
0.2610819339752197,186,-0.103125
0.26277589797973633,187,-0.36093749999999997
0.2642638683319092,188,-1.03125
0.2657289505004883,189,-1.03125
0.26807308197021484,190,-0.02578125
0.27038002014160156,191,-0.103125
0.2722618579864502,192,-0.33515625
0.2745020389556885,193,0.038671874999999994
0.27626705169677734,194,-0.012890625
0.27759790420532227,195,-0.103125
0.2788419723510742,196,-0.322265625
0.27999091148376465,197,-0.8121093749999999
0.28112196922302246,198,-1.456640625
0.2822709083557129,199,-0.02578125
0.2834019660949707,200,0.0
0.2845158576965332,201,-0.20625
0.2856428623199463,202,-0.28359375
0.28682804107666016,203,-0.15468749999999998
0.28823304176330566,204,-0.322265625
0.2896878719329834,205,-0.21914062499999998
0.29123997688293457,206,0.0
0.2929229736328125,207,0.0
0.29436802864074707,208,-0.103125
0.29592394828796387,209,-0.322265625
0.29843592643737793,210,-0.928125
0.3000328540802002,211,-0.0515625
0.30177807807922363,212,-0.141796875
0.3038289546966553,213,-0.29648437499999997
0.30521106719970703,214,-0.30937499999999996
0.3064000606536865,215,-0.0515625
0.307528018951416,216,0.012890625
0.30864906311035156,217,0.0
0.3097569942474365,218,-0.02578125
0.3108649253845215,219,-0.270703125
0.31203508377075195,220,-0.43828124999999996
0.3138718605041504,221,-0.734765625
0.3150608539581299,222,-1.65
0.31619906425476074,223,0.0
0.31740403175354004,224,-0.02578125
0.31881189346313477,225,-0.12890625
0.32025694847106934,226,-0.29648437499999997
0.3218510150909424,227,-0.30937499999999996
0.3238818645477295,228,-0.141796875
0.32538294792175293,229,0.0
0.3269989490509033,230,-0.012890625
0.32950401306152344,231,-0.29648437499999997
0.3310818672180176,232,-0.8507812499999999
0.33286404609680176,233,0.0
0.334867000579834,234,0.0
0.3362259864807129,235,-0.24492187499999998
0.33742785453796387,236,-0.116015625
0.3385748863220215,237,-0.36093749999999997
0.33973097801208496,238,-0.23203125
0.34087586402893066,239,0.012890625
0.34203386306762695,240,0.0
0.34314894676208496,241,-0.038671874999999994
0.34426093101501465,242,-0.2578125
0.3453669548034668,243,-0.43828124999999996
0.3464779853820801,244,-0.825
0.34765195846557617,245,-1.41796875
0.3490629196166992,246,0.0
0.35051894187927246,247,0.0
0.35210394859313965,248,-0.141796875
0.35370707511901855,249,-0.2578125
0.35512590408325195,250,-0.30937499999999996
0.3566138744354248,251,-0.141796875
0.3589498996734619,252,0.0
0.36078786849975586,253,-0.0515625
0.3622579574584961,254,-0.2578125
0.3642709255218506,255,-0.734765625
0.3659698963165283,256,-1.65
0.367218017578125,257,-0.012890625
0.36837100982666016,258,-0.116015625
0.3695030212402344,259,-0.20625
0.3706228733062744,260,-0.167578125
0.3717658519744873,261,-0.37382812499999996
0.372891902923584,262,-0.29648437499999997
0.3740100860595703,263,0.0
0.37511587142944336,264,-0.012890625
0.3762519359588623,265,-0.064453125
0.3773930072784424,266,-0.20625
0.3785860538482666,267,-0.37382812499999996
0.37999391555786133,268,-0.631640625
0.38154101371765137,269,-1.3921875
0.3829960823059082,270,0.0
0.38463306427001953,271,-0.0515625
0.38610005378723145,272,-0.23203125
0.3875119686126709,273,-0.103125
0.3893139362335205,274,-0.322265625
0.39183998107910156,275,-0.09023437499999999
0.39333105087280273,276,-0.012890625
0.3950769901275635,277,-0.270703125
0.3970198631286621,278,-0.322265625
0.3983478546142578,279,-1.4437499999999999
0.3995370864868164,280,0.0
0.4006638526916504,281,-0.0515625
0.4018080234527588,282,-0.09023437499999999
0.4029569625854492,283,-0.30937499999999996
0.404080867767334,284,-0.116015625
0.4051978588104248,285,-0.322265625
0.4063069820404053,286,-0.20625
0.4074430465698242,287,0.0
0.4086489677429199,288,0.0
0.4100320339202881,289,-0.012890625
0.4115309715270996,290,-0.29648437499999997
0.4131450653076172,291,-0.399609375
0.4146449565887451,292,-1.198828125
0.41605091094970703,293,0.0
0.417435884475708,294,0.0
0.4197108745574951,295,-0.18046874999999998
0.42179203033447266,296,-0.20625
0.4233219623565674,297,0.0
0.4253509044647217,298,0.012890625
0.4269390106201172,299,-0.012890625
0.428178071975708,300,-0.270703125
0.4293360710144043,301,-0.37382812499999996
0.43048095703125,302,-1.0828125
0.4316260814666748,303,-1.65
0.432750940322876,304,0.0
0.43386387825012207,305,-0.0515625
0.43497800827026367,306,-0.064453125
0.4360818862915039,307,-0.2578125
0.4371910095214844,308,-0.20625
0.43829989433288574,309,-0.42539062499999997
0.4395110607147217,310,-0.33515625
0.4409160614013672,311,0.012890625
0.44234299659729004,312,0.012890625
0.4438920021057129,313,-0.02578125
0.4454538822174072,314,-0.29648437499999997
0.44686102867126465,315,-0.6574218749999999
0.4482569694519043,316,-1.456640625
0.4505739212036133,317,0.0
0.4524650573730469,318,-0.103125
0.45388102531433105,319,-0.193359375
0.45580506324768066,320,-0.322265625
0.4575459957122803,321,0.012890625
0.45881104469299316,322,0.0
0.45995497703552246,323,-0.0515625
0.4610929489135742,324,-0.270703125
0.46224403381347656,325,-0.37382812499999996
0.4633779525756836,326,-0.928125
0.4645040035247803,327,-1.533984375
0.4656209945678711,328,-0.012890625
0.46672987937927246,329,-0.0515625
0.46784090995788574,330,-0.193359375
0.4689459800720215,331,-0.28359375
0.47014594078063965,332,-0.193359375
0.471621036529541,333,-0.322265625
0.47311902046203613,334,-0.20625
0.4747450351715088,335,0.0
0.47626304626464844,336,0.012890625
0.4777519702911377,337,-0.167578125
0.48002004623413086,338,-0.37382812499999996
0.48273205757141113,339,-1.03125
0.4844019412994385,340,-0.02578125
0.4867820739746094,341,-0.12890625
0.4887080192565918,342,-0.141796875
0.4902229309082031,343,0.116015625
0.49158692359924316,344,0.012890625
0.49298095703125,345,-0.012890625
0.49430108070373535,346,-0.167578125
0.49556708335876465,347,-0.4125
0.49686098098754883,348,-0.8507812499999999
0.4981110095977783,349,-1.546875
0.504241943359375,350,0.0
0.506572961807251,351,-0.0515625
0.5085048675537109,352,0.2578125
0.5110089778900146,353,-0.012890625
0.5138909816741943,354,-0.2578125
0.5159740447998047,355,-1.3664062499999998
0.518272876739502,356,0.0
0.5197339057922363,357,-0.2578125
0.5210440158843994,358,-0.20625
0.5223278999328613,359,-0.270703125
0.5237419605255127,360,-0.103125
0.5250349044799805,361,0.0
0.5262959003448486,362,-0.0515625
0.5275359153747559,363,-0.167578125
0.5288040637969971,364,-0.36093749999999997
0.5350639820098877,365,-0.7863281249999999
0.5371019840240479,366,-1.4437499999999999
0.5389330387115479,367,-0.399609375
0.5409610271453857,368,-0.09023437499999999
0.5440149307250977,369,0.012890625
0.5459039211273193,370,-0.20625
0.548058032989502,371,-0.7863281249999999
0.550178050994873,372,-1.65
0.5517048835754395,373,-0.167578125
0.5530328750610352,374,-0.28359375
0.5543088912963867,375,-0.141796875
0.5555548667907715,376,-0.270703125
0.5569920539855957,377,-0.103125
0.5582818984985352,378,0.012890625
0.559520959854126,379,-0.012890625
0.565558910369873,380,-0.15468749999999998
0.5676159858703613,381,-0.399609375
0.5694470405578613,382,-0.103125
0.5719389915466309,383,-0.116015625
0.5743250846862793,384,-0.33515625
0.5762300491333008,385,-0.012890625
0.5782308578491211,386,-0.02578125
0.5796530246734619,387,-0.30937499999999996
0.5809409618377686,388,-1.16015625
0.5821640491485596,389,0.0
0.5832979679107666,390,-0.064453125
0.5844080448150635,391,-0.103125
0.585582971572876,392,-0.21914062499999998
0.5867300033569336,393,-0.270703125
0.5878849029541016,394,-0.322265625
0.5890059471130371,395,-0.36093749999999997
0.5901849269866943,396,-0.12890625
0.5913040637969971,397,0.0
0.5925948619842529,398,-0.012890625
0.5940258502960205,399,-0.0515625
0.5954430103302002,400,-0.37382812499999996
0.5970540046691895,401,-0.7476562499999999
0.5986108779907227,402,-1.546875
0.5999679565429688,403,0.0
0.601248025894165,404,-0.23203125
0.6038060188293457,405,-0.2578125
0.605618953704834,406,-0.193359375
0.6071798801422119,407,0.29648437499999997
0.6091978549957275,408,0.0
0.61061692237854,409,-0.0515625
0.6119129657745361,410,-0.29648437499999997
0.6130938529968262,411,-0.580078125
0.6143028736114502,412,-1.327734375
0.6154248714447021,413,0.0
0.616534948348999,414,0.012890625
0.6176390647888184,415,-0.23203125
0.618790864944458,416,-0.20625
0.6199300289154053,417,-0.21914062499999998
0.6210498809814453,418,-0.37382812499999996
0.6222388744354248,419,-0.38671875
0.6234660148620605,420,-0.193359375
0.6249120235443115,421,0.0
0.6263120174407959,422,-0.0515625
0.6279208660125732,423,-0.18046874999999998
0.6294949054718018,424,-0.33515625
0.6309928894042969,425,-1.0828125
0.6324350833892822,426,0.0
0.6339058876037598,427,-0.012890625
0.6364750862121582,428,-0.02578125
0.6382200717926025,429,-0.103125
0.6396880149841309,430,0.012890625
0.641679048538208,431,0.0
0.6434080600738525,432,0.0
0.6447160243988037,433,-0.270703125
0.6459450721740723,434,-0.322265625
0.64711594581604,435,-1.0828125
0.6482398509979248,436,-1.65
0.6493589878082275,437,0.012890625
0.6504669189453125,438,-0.012890625
0.6515979766845703,439,-0.0515625
0.652756929397583,440,-0.399609375
0.6540589332580566,441,-0.116015625
0.6555309295654297,442,-0.37382812499999996
0.6570229530334473,443,-0.07734374999999999
0.6585440635681152,444,0.0
0.660085916519165,445,-0.012890625
0.6616330146789551,446,-0.270703125
