time,count,voltage
0.004374027252197266,1,-0.064453125
0.005756855010986328,2,-0.20625
0.006985902786254883,3,-0.4640625
0.008137941360473633,4,-0.580078125
0.009269952774047852,5,-1.26328125
0.010396003723144531,6,-1.65
0.011512994766235352,7,-0.12890625
0.012739896774291992,8,-0.322265625
0.013948917388916016,9,-0.2578125
0.015095949172973633,10,-0.23203125
0.022304058074951172,11,-0.322265625
0.02362203598022461,12,-0.21914062499999998
0.024816036224365234,13,-0.37382812499999996
0.025951862335205078,14,-1.1214843749999999
0.027083873748779297,15,-1.65
0.02819991111755371,16,-0.23203125
0.02931690216064453,17,-0.30937499999999996
0.0304410457611084,18,-0.23203125
0.050508975982666016,19,-0.270703125
0.05200004577636719,20,-0.193359375
0.05344986915588379,21,-0.012890625
0.05482888221740723,22,-0.15468749999999998
0.05607485771179199,23,-0.37382812499999996
0.05724501609802246,24,-0.4640625
0.058380842208862305,25,-0.889453125
0.0595090389251709,26,-1.4308593749999998
0.06062889099121094,27,-0.193359375
0.06174898147583008,28,-0.21914062499999998
0.06289386749267578,29,-0.42539062499999997
0.06401491165161133,30,-0.33515625
0.06513404846191406,31,-0.23203125
0.06625103950500488,32,-0.33515625
0.06748104095458984,33,-0.399609375
0.06870484352111816,34,-0.29648437499999997
0.06994104385375977,35,0.0
0.07116198539733887,36,-0.116015625
0.07238197326660156,37,-0.36093749999999997
0.07364487648010254,38,-0.515625
0.07488894462585449,39,-0.6703125
0.07611489295959473,40,-1.353515625
0.07734489440917969,41,-0.992578125
0.07857084274291992,42,-0.167578125
0.07979488372802734,43,-0.4640625
0.08101797103881836,44,-0.33515625
0.08658385276794434,45,-0.15468749999999998
0.0883479118347168,46,-0.5285156249999999
0.0899040699005127,47,-0.29648437499999997
0.0912928581237793,48,-0.2578125
0.09267902374267578,49,-1.018359375
0.09639406204223633,50,-1.65
0.098114013671875,51,-0.2578125
0.10046505928039551,52,-0.0515625
0.10232186317443848,53,-0.064453125
0.10374593734741211,54,-0.012890625
0.10504794120788574,55,-0.15468749999999998
0.10633087158203125,56,-0.48984374999999997
0.10758686065673828,57,-0.5671875
0.10889196395874023,58,-1.03125
0.11019206047058105,59,-1.6371093749999999
0.11147904396057129,60,-0.064453125
0.11734390258789062,61,-0.30937499999999996
0.11942005157470703,62,-0.23203125
0.12127685546875,63,-0.02578125
0.12382698059082031,64,-0.18046874999999998
0.12616586685180664,65,-0.4125
0.12807393074035645,66,-1.5597656249999998
0.13039088249206543,67,-0.28359375
0.13194584846496582,68,-0.270703125
0.13343286514282227,69,-0.37382812499999996
0.13480591773986816,70,-0.2578125
0.13612699508666992,71,-0.012890625
0.1374049186706543,72,-0.0515625
0.13868284225463867,73,-0.30937499999999996
0.13994288444519043,74,-0.476953125
0.14118504524230957,75,-0.48984374999999997
0.14244294166564941,76,-1.147265625
0.14844489097595215,77,-1.65
0.15069198608398438,78,-0.15468749999999998
0.15252089500427246,79,0.012890625
0.1554410457611084,80,-0.012890625
0.1573948860168457,81,-0.21914062499999998
0.15944695472717285,82,-0.5285156249999999
0.1616518497467041,83,-1.456640625
0.16313385963439941,84,-0.270703125
0.16446185111999512,85,-0.2578125
0.16575288772583008,86,-0.167578125
0.16702604293823242,87,-0.43828124999999996
0.16827988624572754,88,-0.30937499999999996
0.16954493522644043,89,-0.012890625
0.17078590393066406,90,-0.064453125
0.17202401161193848,91,-0.33515625
0.17335891723632812,92,-0.54140625
0.1793069839477539,93,-0.4640625
0.18136286735534668,94,-1.1859374999999999
0.1833329200744629,95,-0.193359375
0.1862790584564209,96,-0.20625
0.1884019374847412,97,0.0
0.1903829574584961,98,-0.30937499999999996
0.19266796112060547,99,-0.4640625
0.19420790672302246,100,-1.585546875
0.19552898406982422,101,-0.33515625
0.1968238353729248,102,-0.4125
0.19809699058532715,103,-0.399609375
0.19935083389282227,104,-0.103125
0.2005908489227295,105,-0.29648437499999997
0.20184683799743652,106,-0.193359375
0.20311594009399414,107,-0.012890625
0.20434904098510742,108,-0.07734374999999999
0.21066904067993164,109,-0.28359375
0.21282386779785156,110,-0.5929687499999999
0.21485304832458496,111,-0.43828124999999996
0.2171928882598877,112,-0.193359375
0.21958494186401367,113,-0.23203125
0.22140789031982422,114,-0.0515625
0.223923921585083,115,-0.270703125
0.22554898262023926,116,-0.502734375
0.22689390182495117,117,-1.52109375
0.22817206382751465,118,-0.141796875
0.22944092750549316,119,-0.270703125
0.23070502281188965,120,-0.36093749999999997
0.2319478988647461,121,-0.2578125
0.23329591751098633,122,-0.322265625
0.23457789421081543,123,-0.28359375
0.24038195610046387,124,-0.02578125
0.24241900444030762,125,-0.09023437499999999
0.24445104598999023,126,-1.26328125
0.24724888801574707,127,-0.18046874999999998
0.24936890602111816,128,-0.322265625
0.2513129711151123,129,-0.322265625
0.2536499500274658,130,0.0
0.2551999092102051,131,-0.09023437499999999
0.2565469741821289,132,-0.43828124999999996
0.2578439712524414,133,-0.515625
0.25908994674682617,134,-1.16015625
0.2603309154510498,135,-1.65
0.2615818977355957,136,-0.15468749999999998
0.26293206214904785,137,-0.322265625
0.2641940116882324,138,-0.33515625
0.26544785499572754,139,-0.270703125
0.2712368965148926,140,-0.29648437499999997
0.27335405349731445,141,-0.36093749999999997
0.2752418518066406,142,-0.38671875
0.27771997451782227,143,-1.1859374999999999
0.28007006645202637,144,-0.30937499999999996
0.28200197219848633,145,-0.322265625
0.2842068672180176,146,-0.167578125
0.28612399101257324,147,0.15468749999999998
0.2883279323577881,148,-0.02578125
0.29003000259399414,149,-0.23203125
0.2913949489593506,150,-0.43828124999999996
0.2927439212799072,151,-1.1859374999999999
0.29410600662231445,152,-1.2890625
0.2953908443450928,153,-0.2578125
0.3028130531311035,154,-0.4640625
0.30480098724365234,155,-0.4125
0.30639004707336426,156,-0.24492187499999998
0.30907607078552246,157,-0.5285156249999999
0.31081104278564453,158,-1.4437499999999999
0.3124668598175049,159,-0.2578125
0.3149759769439697,160,-0.6703125
0.31651806831359863,161,-0.15468749999999998
0.3180558681488037,162,-0.116015625
0.31939005851745605,163,0.038671874999999994
0.320997953414917,164,-0.064453125
0.32229185104370117,165,-0.270703125
0.3235938549041748,166,-0.54140625
0.3248939514160156,167,-0.734765625
0.32621002197265625,168,-1.405078125
0.3397068977355957,169,-0.0515625
0.34184885025024414,170,-0.21914062499999998
0.34346699714660645,171,-1.147265625
0.3456099033355713,172,-0.4640625
0.3473329544067383,173,-0.54140625
0.3486008644104004,174,-0.33515625
0.34978389739990234,175,-0.29648437499999997
0.35098695755004883,176,-0.30937499999999996
0.3521308898925781,177,-0.103125
0.3533039093017578,178,-0.02578125
0.35442185401916504,179,-0.103125
0.3555428981781006,180,-0.37382812499999996
0.35668396949768066,181,-0.6832031249999999
0.357806921005249,182,-0.7476562499999999
0.3590869903564453,183,-1.353515625
0.36058902740478516,184,-1.3019531249999998
0.362076997756958,185,-0.12890625
0.3640420436859131,186,-0.399609375
0.36599302291870117,187,-0.30937499999999996
0.3676488399505615,188,-0.270703125
0.37023091316223145,189,0.09023437499999999
0.37195396423339844,190,-0.0515625
0.37383198738098145,191,-0.37382812499999996
0.37600088119506836,192,-0.605859375
0.3775749206542969,193,-1.65
0.3788008689880371,194,-0.322265625
0.3799629211425781,195,-0.580078125
0.3811018466949463,196,-0.4125
0.38225483894348145,197,-0.24492187499999998
0.38342905044555664,198,-0.4640625
0.38459086418151855,199,-0.37382812499999996
0.38574695587158203,200,-0.012890625
0.3868708610534668,201,-0.116015625
0.3879969120025635,202,-0.2578125
0.3892700672149658,203,-0.48984374999999997
0.3908360004425049,204,-0.69609375
0.3922898769378662,205,-1.16015625
0.39399099349975586,206,-1.65
0.3955390453338623,207,-0.15468749999999998
0.3969919681549072,208,-0.5671875
0.3986039161682129,209,-0.2578125
0.40119194984436035,210,-0.37382812499999996
0.4028818607330322,211,0.15468749999999998
0.4047398567199707,212,-0.064453125
0.4073929786682129,213,-0.29648437499999997
0.40876102447509766,214,-0.8507812499999999
0.409945011138916,215,-1.5597656249999998
0.4110848903656006,216,-0.15468749999999998
0.41221094131469727,217,-0.23203125
0.413362979888916,218,-0.734765625
0.4145488739013672,219,-0.37382812499999996
0.41568899154663086,220,-0.24492187499999998
0.4168128967285156,221,-0.38671875
0.41793084144592285,222,-0.322265625
0.419144868850708,223,-0.0515625
0.4206218719482422,224,-0.0515625
0.4222290515899658,225,-0.2578125
0.42386293411254883,226,-0.54140625
0.42549586296081543,227,-0.7863281249999999
0.42689085006713867,228,-1.65
0.4286649227142334,229,-0.116015625
0.4315009117126465,230,-0.33515625
0.4330258369445801,231,-0.23203125
0.43479084968566895,232,-0.270703125
0.4368710517883301,233,-0.012890625
0.43835902214050293,234,-0.116015625
0.4395730495452881,235,-0.4640625
0.44075584411621094,236,-0.605859375
0.44212985038757324,237,-1.1214843749999999
0.44333505630493164,238,-1.65
0.4444899559020996,239,-0.167578125
0.4456498622894287,240,-0.2578125
0.4467940330505371,241,-0.399609375
0.44791603088378906,242,-0.43828124999999996
0.44905996322631836,243,-0.18046874999999998
0.4502890110015869,244,-0.36093749999999997
0.4517068862915039,245,-0.28359375
0.45331406593322754,246,-0.02578125
0.4550189971923828,247,-0.103125
0.456557035446167,248,-0.38671875
0.4580068588256836,249,-0.515625
0.45972394943237305,250,-1.2503906249999999
0.462277889251709,251,0.0
0.46393489837646484,252,-0.42539062499999997
0.46584486961364746,253,-0.23203125
0.46785402297973633,254,-0.193359375
0.4692530632019043,255,0.18046874999999998
0.4704899787902832,256,-0.0515625
0.4716489315032959,257,-0.270703125
0.4728238582611084,258,-0.5671875
0.4739658832550049,259,-0.708984375
0.4750988483428955,260,-1.134375
0.4761998653411865,261,-1.6371093749999999
0.47731995582580566,262,0.0
0.47846293449401855,263,-0.23203125
0.47957897186279297,264,-0.5285156249999999
0.4808390140533447,265,-0.322265625
0.4822828769683838,266,-0.37382812499999996
0.48378586769104004,267,-0.37382812499999996
0.48542284965515137,268,-0.167578125
0.4870748519897461,269,-0.012890625
0.488584041595459,270,-0.29648437499999997
0.4901759624481201,271,-0.5285156249999999
0.49219489097595215,272,-0.6832031249999999
0.4946160316467285,273,-1.4953124999999998
0.4961268901824951,274,-0.20625
0.49774789810180664,275,-0.36093749999999997
0.4997899532318115,276,-0.24492187499999998
0.5014550685882568,277,-0.29648437499999997
0.5028269290924072,278,-0.012890625
0.5040159225463867,279,-0.0515625
0.5052158832550049,280,-0.322265625
0.5063509941101074,281,-0.580078125
0.5074739456176758,282,-0.631640625
0.5085899829864502,283,-1.173046875
0.5097119808197021,284,-1.65
0.510983943939209,285,-0.012890625
0.5124349594116211,286,-0.29648437499999997
0.5140650272369385,287,-0.4640625
0.5156500339508057,288,-0.2578125
0.5172939300537109,289,-0.167578125
0.5188789367675781,290,0.038671874999999994
0.5204260349273682,291,-0.012890625
0.5228450298309326,292,-0.193359375
0.5249500274658203,293,-0.502734375
0.526432991027832,294,-1.2890625
0.5280759334564209,295,-0.23203125
0.5305218696594238,296,-0.399609375
0.5319249629974365,297,-0.30937499999999996
0.5332798957824707,298,-0.24492187499999998
0.5344898700714111,299,-0.193359375
0.5356309413909912,300,-0.012890625
0.536776065826416,301,-0.103125
0.5379140377044678,302,-0.20625
0.5390338897705078,303,-0.4125
0.5401420593261719,304,-0.6703125
0.5413579940795898,305,-0.837890625
0.5429220199584961,306,-1.4308593749999998
0.544719934463501,307,-0.064453125
0.5463919639587402,308,-0.2578125
0.5478990077972412,309,-0.322265625
0.5494048595428467,310,-0.167578125
0.5509419441223145,311,-0.29648437499999997
0.5533938407897949,312,0.02578125
0.5553269386291504,313,-0.0515625
0.5567660331726074,314,-0.33515625
0.5586559772491455,315,-0.54140625
0.5606038570404053,316,-1.405078125
0.5620169639587402,317,-0.116015625
0.563309907913208,318,-0.54140625
0.5644659996032715,319,-0.29648437499999997
0.5656888484954834,320,-0.0515625
0.5668299198150635,321,-0.348046875
0.567950963973999,322,-0.37382812499999996
0.5690920352935791,323,-0.012890625
0.5702090263366699,324,-0.0515625
0.5714399814605713,325,-0.2578125
0.572929859161377,326,-0.515625
0.5744600296020508,327,-0.64453125
0.5759918689727783,328,-1.2503906249999999
0.5775279998779297,329,-0.5929687499999999
0.5789408683776855,330,-0.167578125
0.5804049968719482,331,-0.580078125
0.5825200080871582,332,-0.2578125
0.585015058517456,333,-0.29648437499999997
0.5865268707275391,334,0.0
0.5881209373474121,335,-0.09023437499999999
0.5902259349822998,336,-0.43828124999999996
0.5917620658874512,337,-0.515625
0.593005895614624,338,-1.456640625
0.5941929817199707,339,0.0
0.5953309535980225,340,-0.23203125
0.5964560508728027,341,-0.54140625
0.5976378917694092,342,-0.4640625
0.5987839698791504,343,-0.21914062499999998
0.5999090671539307,344,-0.4640625
0.6010439395904541,345,-0.4125
0.6022520065307617,346,-0.0515625
0.6036698818206787,347,-0.02578125
0.6051230430603027,348,-0.2578125
0.6067218780517578,349,-0.5285156249999999
0.6082949638366699,350,-0.580078125
0.6097660064697266,351,-1.405078125
0.6111969947814941,352,-0.012890625
0.6128170490264893,353,-0.20625
0.6154930591583252,354,-0.30937499999999996
0.6172080039978027,355,-0.38671875
0.6186518669128418,356,0.0515625
0.6205489635467529,357,0.0
0.6224880218505859,358,-0.167578125
0.623913049697876,359,-0.4640625
0.6251339912414551,360,-0.90234375
0.6262938976287842,361,-1.546875
0.6275548934936523,362,-0.0515625
0.6287620067596436,363,-0.270703125
0.629936933517456,364,-0.48984374999999997
0.6310739517211914,365,-0.4125
0.6322958469390869,366,-0.193359375
0.6337778568267822,367,-0.451171875
0.6352519989013672,368,-0.33515625
0.6368029117584229,369,0.0
0.638463020324707,370,-0.12890625
0.6399390697479248,371,-0.476953125
0.6415109634399414,372,-0.580078125
0.6433119773864746,373,-1.340625
0.6458768844604492,374,-0.103125
0.6477270126342773,375,-0.4640625
0.6495580673217773,376,-0.23203125
0.651576042175293,377,-0.29648437499999997
0.6530179977416992,378,-0.012890625
0.6543028354644775,379,-0.12890625
0.6554670333862305,380,-0.36093749999999997
0.6566228866577148,381,-0.5929687499999999
0.6577770709991455,382,-0.708984375
0.6588940620422363,383,-1.340625
0.6599998474121094,384,-1.65
0.661139965057373,385,-0.167578125
0.6623878479003906,386,-0.28359375
0.6639180183410645,387,-0.6187499999999999
0.6654598712921143,388,-0.270703125
0.6670079231262207,389,-0.20625
0.6685400009155273,390,-0.116015625
0.6700170040130615,391,-0.012890625
0.6715719699859619,392,-0.103125
0.673469066619873,393,-0.43828124999999996
0.675847053527832,394,-0.5671875
0.6774508953094482,395,-1.65
0.67905592918396,396,-0.24492187499999998
0.6811749935150146,397,-0.515625
0.6828620433807373,398,-0.322265625
0.6841640472412109,399,-0.23203125
0.6853349208831787,400,-0.02578125
0.686521053314209,401,-0.012890625
0.6876449584960938,402,-0.103125
0.688791036605835,403,-0.36093749999999997
0.689924955368042,404,-0.631640625
0.6910400390625,405,-0.7218749999999999
0.6921529769897461,406,-1.327734375
0.6933698654174805,407,-1.65
0.6948518753051758,408,-0.167578125
0.6963138580322266,409,-0.30937499999999996
0.6979279518127441,410,-0.30937499999999996
0.6994678974151611,411,-0.20625
0.7009198665618896,412,-0.2578125
0.7025618553161621,413,0.012890625
0.7048740386962891,414,-0.064453125
0.7070040702819824,415,-0.270703125
0.7084648609161377,416,-0.605859375
0.7102110385894775,417,-1.4953124999999998
0.7122690677642822,418,-0.167578125
0.7139029502868652,419,-0.37382812499999996
0.715134859085083,420,-0.322265625
0.7162868976593018,421,-0.33515625
0.7174210548400879,422,-0.36093749999999997
0.7186019420623779,423,-0.18046874999999998
0.7197329998016357,424,-0.012890625
0.7208590507507324,425,-0.09023437499999999
0.721977949142456,426,-0.36093749999999997
0.7231688499450684,427,-0.631640625
0.7243928909301758,428,-0.69609375
0.725877046585083,429,-1.3019531249999998
0.7278108596801758,430,-0.48984374999999997
0.7295370101928711,431,-0.28359375
0.7310340404510498,432,-0.33515625
0.7324850559234619,433,-0.2578125
0.7341020107269287,434,-0.38671875
0.736656904220581,435,-0.103125
0.7385008335113525,436,-0.103125
0.7398960590362549,437,-0.399609375
0.7419009208679199,438,-0.476953125
0.743837833404541,439,-1.3664062499999998
0.7452640533447266,440,-0.167578125
0.7464568614959717,441,-0.515625
0.7476060390472412,442,-0.322265625
0.7489550113677979,443,-0.30937499999999996
0.7502009868621826,444,-0.4640625
0.7513449192047119,445,-0.37382812499999996
0.7524769306182861,446,-0.012890625
0.7537410259246826,447,-0.064453125
0.7550158500671387,448,-0.29648437499999997
0.7564859390258789,449,-0.605859375
0.7580139636993408,450,-0.6187499999999999
0.7596168518066406,451,-1.340625
0.7611379623413086,452,-0.103125
0.7625949382781982,453,-0.2578125
0.7641918659210205,454,-0.42539062499999997
0.7666208744049072,455,-0.20625
0.7686488628387451,456,-0.21914062499999998
0.7701330184936523,457,-0.012890625
0.7718889713287354,458,-0.20625
0.7740449905395508,459,-0.502734375
0.7754690647125244,460,-0.837890625
0.7767059803009033,461,-1.65
0.7778558731079102,462,-0.167578125
0.7789819240570068,463,-0.28359375
0.7800898551940918,464,-0.42539062499999997
0.7811989784240723,465,-0.4640625
0.782336950302124,466,-0.09023437499999999
0.7834908962249756,467,-0.33515625
0.7846238613128662,468,-0.2578125
0.7858500480651855,469,-0.02578125
0.7872748374938965,470,-0.0515625
0.788769006729126,471,-0.29648437499999997
0.7904698848724365,472,-0.580078125
0.7920019626617432,473,-0.7863281249999999
0.7935869693756104,474,-1.6242187499999998
0.7951169013977051,475,-0.07734374999999999
0.797292947769165,476,-0.36093749999999997
0.7995190620422363,477,-0.29648437499999997
0.8009848594665527,478,-0.29648437499999997
0.8026578426361084,479,0.038671874999999994
0.8047568798065186,480,-0.0515625
0.8063640594482422,481,-0.2578125
0.8076038360595703,482,-0.48984374999999997
0.8087868690490723,483,-1.095703125
0.8099279403686523,484,-1.65
0.811042070388794,485,-0.064453125
0.812147855758667,486,-0.37382812499999996
0.813295841217041,487,-0.760546875
0.8144290447235107,488,-0.37382812499999996
0.8155560493469238,489,-0.2578125
0.8168148994445801,490,-0.54140625
0.8182170391082764,491,-0.48984374999999997
0.8196969032287598,492,0.0
0.8212790489196777,493,-0.116015625
0.8235578536987305,494,-0.33515625
0.825145959854126,495,-0.5671875
0.8265810012817383,496,-1.4437499999999999
0.8291049003601074,497,-0.064453125
0.8308908939361572,498,-0.4125
0.8322679996490479,499,-0.399609375
0.8340990543365479,500,-0.4640625
0.8362338542938232,501,-0.270703125
0.8377199172973633,502,-0.02578125
0.8389718532562256,503,-0.270703125
0.8401238918304443,504,-0.515625
0.8412799835205078,505,-0.734765625
0.8423960208892822,506,-1.3792968749999999
0.8435418605804443,507,-1.198828125
0.8446729183197021,508,-0.064453125
0.8457808494567871,509,-0.29648437499999997
0.8470430374145508,510,-0.4125
0.848456859588623,511,-0.2578125
0.849984884262085,512,-0.515625
0.8517029285430908,513,-0.36093749999999997
0.8533809185028076,514,0.012890625
0.8549258708953857,515,-0.103125
0.8564169406890869,516,-0.42539062499999997
0.8587908744812012,517,-0.5285156249999999
0.8607039451599121,518,-1.405078125
0.8622739315032959,519,-0.20625
0.8640298843383789,520,-0.476953125
0.8659930229187012,521,-0.33515625
0.8674168586730957,522,-0.42539062499999997
0.8686749935150146,523,-0.02578125
0.8698439598083496,524,-0.012890625
0.8710038661956787,525,-0.12890625
0.8721389770507812,526,-0.33515625
0.8733069896697998,527,-0.6703125
0.8744409084320068,528,-0.7863281249999999
0.8755528926849365,529,-1.405078125
0.8766529560089111,530,-1.533984375
0.8778679370880127,531,-0.12890625
0.8793308734893799,532,-0.28359375
0.8808479309082031,533,-0.270703125
0.8824150562286377,534,-0.167578125
0.8840498924255371,535,-0.399609375
0.8856589794158936,536,-0.0515625
0.8871748447418213,537,-0.0515625
0.889448881149292,538,-0.23203125
0.8915350437164307,539,-0.502734375
0.8929989337921143,540,-1.26328125
0.8947169780731201,541,-0.270703125
0.896826982498169,542,-0.30937499999999996
0.8983428478240967,543,-0.29648437499999997
0.8995800018310547,544,-0.4125
0.9007868766784668,545,-0.4640625
0.901979923248291,546,-0.270703125
0.9033060073852539,547,-0.012890625
0.9044649600982666,548,-0.15468749999999998
0.9056239128112793,549,-0.4125
0.9067409038543701,550,-0.6187499999999999
0.9088690280914307,551,-0.837890625
0.910423994064331,552,-1.65
0.911902904510498,553,-0.15468749999999998
0.9136149883270264,554,-0.43828124999999996
0.9151339530944824,555,-0.270703125
0.9167048931121826,556,-0.322265625
0.9188158512115479,557,-0.20625
0.9212298393249512,558,0.0
0.9228529930114746,559,-0.33515625
0.9243679046630859,560,-0.5285156249999999
0.9263989925384521,561,-1.134375
0.9280588626861572,562,-0.103125
0.9293818473815918,563,-0.2578125
0.9305548667907715,564,-0.33515625
0.9317209720611572,565,-0.21914062499999998
0.9328908920288086,566,-0.4640625
0.9342899322509766,567,-0.43828124999999996
0.9354808330535889,568,-0.20625
0.9366250038146973,569,-0.0515625
0.9377679824829102,570,-0.167578125
0.9389898777008057,571,-0.43828124999999996
0.940438985824585,572,-0.6832031249999999
0.9418990612030029,573,-0.9152343749999999
0.9435849189758301,574,-1.65
0.9451439380645752,575,-0.116015625
0.946599006652832,576,-0.38671875
0.9480819702148438,577,-0.580078125
0.9501299858093262,578,-0.167578125
0.9525408744812012,579,-0.193359375
0.9544780254364014,580,-0.02578125
0.9561388492584229,581,-0.20625
0.9582638740539551,582,-0.54140625
0.959709882736206,583,-1.2374999999999998
0.960939884185791,584,0.0
0.9620928764343262,585,-0.2578125
0.96331787109375,586,-0.42539062499999997
0.9644620418548584,587,-0.348046875
0.965648889541626,588,0.0
0.9667859077453613,589,-0.37382812499999996
0.9679169654846191,590,-0.399609375
0.9691629409790039,591,0.0
0.9705770015716553,592,-0.0515625
0.9720089435577393,593,-0.23203125
0.9737088680267334,594,-0.515625
0.9752910137176514,595,-0.7476562499999999
0.9767868518829346,596,-1.5984375
0.9783070087432861,597,-0.103125
0.9804809093475342,598,-0.515625
0.9828228950500488,599,-0.37382812499999996
0.9843058586120605,600,-0.322265625
0.9859750270843506,601,-0.0515625
0.9880008697509766,602,-0.038671874999999994
0.9894578456878662,603,-0.2578125
0.990772008895874,604,-0.502734375
0.9919350147247314,605,-1.0828125
0.9931690692901611,606,-1.6371093749999999
0.9943149089813232,607,-0.012890625
0.9954369068145752,608,-0.29648437499999997
0.9965529441833496,609,-0.6703125
0.9977240562438965,610,-0.30937499999999996
0.9988598823547363,611,-0.167578125
1.0000710487365723,612,-0.399609375
1.0015249252319336,613,-0.33515625
1.0029809474945068,614,-0.012890625
1.0045549869537354,615,-0.064453125
1.0061450004577637,616,-0.348046875
1.00764799118042,617,-0.5929687499999999
1.0091018676757812,618,-1.1859374999999999
1.010972023010254,619,-1.65
1.0133509635925293,620,-0.322265625
1.0149848461151123,621,-0.451171875
1.0164759159088135,622,-0.37382812499999996
1.0186550617218018,623,-0.29648437499999997
1.0202999114990234,624,-0.012890625
1.0215790271759033,625,-0.20625
1.0228688716888428,626,-0.515625
1.0240230560302734,627,-0.5929687499999999
1.0251789093017578,628,-1.134375
1.0262959003448486,629,-1.65
1.027406930923462,630,0.0
1.0285048484802246,631,-0.20625
1.0296759605407715,632,-0.4640625
1.0309069156646729,633,-0.4125
1.0323200225830078,634,-0.167578125
1.033902883529663,635,-0.4125
1.0354528427124023,636,-0.103125
1.036952018737793,637,-0.02578125
1.038404941558838,638,-0.167578125
1.0398459434509277,639,-0.48984374999999997
1.0423729419708252,640,-0.554296875
1.044132947921753,641,-1.585546875
1.0456390380859375,642,-0.29648437499999997
1.0475339889526367,643,-0.37382812499999996
1.0495688915252686,644,-0.2578125
1.0509998798370361,645,-0.2578125
1.0521979331970215,646,0.0515625
1.0533690452575684,647,-0.0515625
1.0550289154052734,648,-0.167578125
1.0562629699707031,649,-0.4640625
1.057452917098999,650,-0.605859375
1.0585930347442627,651,-1.147265625
1.0597319602966309,652,-1.65
1.0609948635101318,653,0.0
1.0624959468841553,654,-0.270703125
1.064054012298584,655,-0.21914062499999998
1.0656569004058838,656,-0.20625
1.067168951034546,657,-0.270703125
1.0685570240020752,658,-0.064453125
1.0699539184570312,659,-0.012890625
1.0725090503692627,660,-0.20625
1.0744500160217285,661,-0.451171875
1.0758018493652344,662,-1.147265625
1.0777020454406738,663,-1.65
1.0796539783477783,664,-0.20625
1.0810420513153076,665,-0.30937499999999996
1.082252025604248,666,-0.141796875
1.0834259986877441,667,-0.37382812499999996
1.084563970565796,668,-0.30937499999999996
1.0857348442077637,669,-0.012890625
1.0868749618530273,670,-0.064453125
1.0879878997802734,671,-0.270703125
1.0891258716583252,672,-0.515625
1.0902409553527832,673,-0.6703125
1.0914740562438965,674,-0.992578125
1.0929338932037354,675,-1.5597656249999998
1.0945029258728027,676,-0.012890625
1.0960719585418701,677,-0.21914062499999998
1.0976719856262207,678,-0.4640625
1.099081039428711,679,-0.167578125
1.1005480289459229,680,-0.36093749999999997
1.1025679111480713,681,-0.167578125
1.1051130294799805,682,-0.012890625
1.1066420078277588,683,-0.36093749999999997
1.108309030532837,684,-0.5285156249999999
1.1104419231414795,685,-1.340625
1.1120119094848633,686,-0.167578125
1.1134309768676758,687,-0.4640625
1.1146230697631836,688,-0.48984374999999997
1.115772008895874,689,-0.103125
1.1168949604034424,690,-0.30937499999999996
1.1180460453033447,691,-0.21914062499999998
1.1192009449005127,692,-0.012890625
1.1203198432922363,693,-0.0515625
1.1215479373931885,694,-0.2578125
1.1230008602142334,695,-0.580078125
1.124450922012329,696,-0.6832031249999999
1.1260709762573242,697,-1.3148437499999999
1.1276469230651855,698,-0.103125
1.1290888786315918,699,-0.2578125
1.130506992340088,700,-0.2578125
1.132343053817749,701,-0.38671875
1.1350500583648682,702,-0.33515625
1.1366429328918457,703,0.012890625
1.1382639408111572,704,-0.12890625
1.140260934829712,705,-0.38671875
1.1419589519500732,706,-0.6187499999999999
1.1433758735656738,707,-1.6371093749999999
1.14457106590271,708,-0.167578125
1.145777940750122,709,-0.322265625
1.1469089984893799,710,-0.28359375
1.1480209827423096,711,-0.29648437499999997
1.1491398811340332,712,-0.103125
1.1502869129180908,713,-0.29648437499999997
1.1515309810638428,714,-0.23203125
1.1529910564422607,715,-0.012890625
1.154451847076416,716,-0.09023437499999999
1.1560189723968506,717,-0.30937499999999996
1.1576628684997559,718,-0.580078125
1.159376859664917,719,-1.147265625
1.160977840423584,720,0.0
1.1630229949951172,721,-0.23203125
1.1653099060058594,722,-0.37382812499999996
1.1669368743896484,723,-0.502734375
1.168522834777832,724,-0.12890625
1.1705999374389648,725,-0.012890625
1.172179937362671,726,-0.2578125
1.1734709739685059,727,-0.515625
1.174699068069458,728,-0.734765625
1.1758408546447754,729,-1.405078125
1.1769959926605225,730,-0.09023437499999999
1.1781299114227295,731,-0.167578125
1.1792550086975098,732,-0.322265625
1.1803689002990723,733,-0.43828124999999996
1.181588888168335,734,-0.21914062499999998
1.1831140518188477,735,-0.502734375
1.184593915939331,736,-0.322265625
1.1862609386444092,737,0.0
1.187777042388916,738,-0.0515625
1.1893270015716553,739,-0.322265625
1.1908528804779053,740,-0.54140625
1.192793846130371,741,-1.095703125
1.1951570510864258,742,-1.65
1.196678876876831,743,-0.4125
1.1983058452606201,744,-0.5285156249999999
1.200361967086792,745,-0.167578125
1.2020728588104248,746,0.103125
1.2033908367156982,747,-0.012890625
1.2046809196472168,748,-0.24492187499999998
1.2058589458465576,749,-0.48984374999999997
1.2070269584655762,750,-0.708984375
1.2081458568572998,751,-1.0570312499999999
1.2092828750610352,752,-1.585546875
1.2103970050811768,753,0.0
1.2116198539733887,754,-0.20625
1.2130589485168457,755,-0.4125
1.214552879333496,756,-0.36093749999999997
1.2161400318145752,757,-0.167578125
1.2177228927612305,758,-0.21914062499999998
1.219161033630371,759,0.038671874999999994
1.220672845840454,760,-0.0515625
1.2226879596710205,761,-0.23203125
1.2251629829406738,762,-0.54140625
1.2267098426818848,763,-1.3792968749999999
1.228208065032959,764,-0.167578125
1.230332851409912,765,-0.33515625
1.2320010662078857,766,-0.322265625
1.2333948612213135,767,-0.2578125
1.234631061553955,768,-0.15468749999999998
1.235785961151123,769,0.0
1.236914873123169,770,-0.09023437499999999
1.2380969524383545,771,-0.2578125
1.2392399311065674,772,-0.502734375
1.2403569221496582,773,-0.7218749999999999
1.2418620586395264,774,-1.095703125
1.243440866470337,775,-1.65
1.2448890209197998,776,-0.02578125
1.2466189861297607,777,-0.4125
1.248142957687378,778,-0.4640625
1.2496130466461182,779,-0.23203125
1.2510669231414795,780,-0.24492187499999998
1.2534489631652832,781,-0.02578125
1.2556638717651367,782,-0.064453125
1.2571468353271484,783,-0.37382812499999996
1.258772850036621,784,-0.8121093749999999
1.2610290050506592,785,-1.52109375
1.2625229358673096,786,-0.103125
1.2638359069824219,787,-0.37382812499999996
1.2650229930877686,788,-0.24492187499999998
1.2661688327789307,789,-0.33515625
1.267284870147705,790,-0.33515625
1.268399953842163,791,-0.18046874999999998
1.2695419788360596,792,-0.012890625
1.2706809043884277,793,-0.07734374999999999
1.271911859512329,794,-0.36093749999999997
1.2735059261322021,795,-0.6187499999999999
1.2749500274658203,796,-0.7734375
1.2764959335327148,797,-1.52109375
1.278106927871704,798,0.0
1.27960205078125,799,-0.24492187499999998
1.2811288833618164,800,-0.515625
1.2834599018096924,801,-0.193359375
1.286362886428833,802,-0.116015625
1.2881529331207275,803,-0.012890625
1.2903668880462646,804,-0.21914062499999998
1.2924389839172363,805,-0.322265625
1.2940459251403809,806,-1.4953124999999998
1.2953259944915771,807,-0.29648437499999997
1.296494960784912,808,-0.5671875
1.2976539134979248,809,-0.4125
1.298771858215332,810,-0.20625
1.29988694190979,811,-0.4125
1.3009960651397705,812,-0.37382812499999996
1.3026678562164307,813,0.0
1.3042569160461426,814,-0.064453125
1.3057420253753662,815,-0.21914062499999998
1.3073499202728271,816,-0.515625
1.3087899684906006,817,-0.992578125
1.310318946838379,818,-1.65
1.3122539520263672,819,-0.12890625
1.3147399425506592,820,-0.4125
1.3164498805999756,821,-0.21914062499999998
1.3179869651794434,822,-0.064453125
1.3199269771575928,823,0.0
1.3219599723815918,824,-0.0515625
1.3234398365020752,825,-0.37382812499999996
1.3246650695800781,826,-0.708984375
1.325850009918213,827,-1.3921875
1.3270349502563477,828,-0.12890625
1.3281688690185547,829,-0.141796875
1.3293218612670898,830,-0.43828124999999996
1.3304500579833984,831,-0.37382812499999996
1.331563949584961,832,-0.2578125
1.3328938484191895,833,-0.37382812499999996
1.3344700336456299,834,-0.399609375
1.3359348773956299,835,-0.012890625
1.3375918865203857,836,-0.02578125
1.3390939235687256,837,-0.270703125
1.340545892715454,838,-0.54140625
1.3419489860534668,839,-0.95390625
1.3445160388946533,840,-1.65
1.346458911895752,841,-0.20625
1.347872018814087,842,-0.4125
1.349837064743042,843,-0.0515625
1.35213303565979,844,-0.116015625
1.3535499572753906,845,0.0
1.354748010635376,846,-0.23203125
1.3558928966522217,847,-0.580078125
1.3570399284362793,848,-0.6703125
1.3582119941711426,849,-1.0570312499999999
1.3593668937683105,850,-1.585546875
1.3604888916015625,851,0.0
1.361624002456665,852,-0.30937499999999996
1.3628599643707275,853,-0.4125
1.3645479679107666,854,-0.37382812499999996
1.366102933883667,855,-0.12890625
1.3677189350128174,856,-0.193359375
1.3692288398742676,857,0.07734374999999999
1.3706920146942139,858,-0.038671874999999994
1.3720920085906982,859,-0.23203125
1.374634027481079,860,-0.5671875
1.376396894454956,861,-0.992578125
1.3779518604278564,862,0.0
1.3799679279327393,863,-0.21914062499999998
1.3815739154815674,864,-0.37382812499999996
1.3829059600830078,865,-0.502734375
1.384078025817871,866,-0.4640625
