time,count,voltage
0.005938053131103516,1,-0.103125
0.0074541568756103516,2,-0.24492187499999998
0.008861064910888672,3,-0.30937499999999996
0.010228157043457031,4,-0.270703125
0.011642932891845703,5,-0.0515625
0.013036012649536133,6,-0.02578125
0.014380931854248047,7,-0.0515625
0.016488075256347656,8,-0.2578125
0.018193960189819336,9,-0.476953125
0.02007913589477539,10,-1.41796875
0.021832942962646484,11,-0.2578125
0.023488998413085938,12,-0.2578125
0.02497100830078125,13,-0.24492187499999998
0.026363134384155273,14,-0.4125
0.02779102325439453,15,-0.21914062499999998
0.029211044311523438,16,0.0
0.030584096908569336,17,-0.116015625
0.032258033752441406,18,-0.18046874999999998
0.03396296501159668,19,-0.116015625
0.03570103645324707,20,-0.9796874999999999
0.03762102127075195,21,-0.7476562499999999
0.0393681526184082,22,-0.30937499999999996
0.04102206230163574,23,-0.6574218749999999
0.04265904426574707,24,-0.4640625
0.04431009292602539,25,-0.21914062499999998
0.046044111251831055,26,0.012890625
0.04889702796936035,27,-0.09023437499999999
0.05121898651123047,28,-0.09023437499999999
0.052947998046875,29,-1.1214843749999999
0.054685115814208984,30,-0.37382812499999996
0.057192087173461914,31,-0.24492187499999998
0.059370994567871094,32,-0.116015625
0.061120033264160156,33,0.02578125
0.06258511543273926,34,0.012890625
0.0639810562133789,35,-0.0515625
0.06533098220825195,36,-0.21914062499999998
0.06667900085449219,37,-0.12890625
0.06804203987121582,38,-0.8121093749999999
0.06940293312072754,39,-1.4953124999999998
0.07082700729370117,40,-0.2578125
0.07218003273010254,41,-0.33515625
0.07350611686706543,42,-0.2578125
0.07482314109802246,43,-0.167578125
0.07621002197265625,44,-0.38671875
0.07760906219482422,45,-0.20625
0.07893109321594238,46,0.012890625
0.08028411865234375,47,-0.0515625
0.08162093162536621,48,-0.167578125
0.08310198783874512,49,-0.21914062499999998
0.08477115631103516,50,-0.605859375
0.0865480899810791,51,-1.4308593749999998
0.08822298049926758,52,-0.20625
0.08999204635620117,53,-0.116015625
0.09182405471801758,54,-0.141796875
0.09355711936950684,55,-0.322265625
0.09529304504394531,56,0.012890625
0.09758114814758301,57,-0.012890625
0.10027813911437988,58,-0.09023437499999999
0.10271310806274414,59,-0.554296875
0.10441803932189941,60,-0.23203125
0.1063530445098877,61,-0.2578125
0.10866713523864746,62,-0.193359375
0.11066794395446777,63,-0.2578125
0.11233997344970703,64,0.0
0.11388611793518066,65,-0.064453125
0.11571407318115234,66,-0.15468749999999998
0.11754512786865234,67,-0.09023437499999999
0.11934709548950195,68,-1.044140625
0.12104606628417969,69,-0.30937499999999996
0.12271904945373535,70,-0.348046875
0.12433409690856934,71,-0.20625
0.1257929801940918,72,-0.33515625
0.12838506698608398,73,-0.20625
0.13009309768676758,74,0.0
0.13149309158325195,75,-0.064453125
0.13342499732971191,76,-0.167578125
0.1353130340576172,77,-0.5671875
0.13670015335083008,78,-1.611328125
0.13788604736328125,79,-0.193359375
0.13906002044677734,80,-0.193359375
0.14020705223083496,81,-0.270703125
0.14137697219848633,82,-0.12890625
0.14250802993774414,83,-0.37382812499999996
0.1437549591064453,84,-0.36093749999999997
0.14517903327941895,85,-0.064453125
0.14660906791687012,86,0.0
0.1481931209564209,87,-0.07734374999999999
0.14980602264404297,88,-0.23203125
0.15122699737548828,89,-0.631640625
0.1525890827178955,90,-1.3921875
0.1539931297302246,91,-0.23203125
0.15680599212646484,92,-0.270703125
0.15842795372009277,93,-0.012890625
0.15993905067443848,94,-0.2578125
0.1619870662689209,95,-0.07734374999999999
0.1637120246887207,96,-0.02578125
0.1650080680847168,97,-0.141796875
0.16619515419006348,98,-0.20625
0.16731905937194824,99,-0.580078125
0.1684250831604004,100,-1.2503906249999999
0.16953110694885254,101,-1.65
0.17061996459960938,102,-0.193359375
0.17180395126342773,103,-0.2578125
0.17293715476989746,104,-0.23203125
0.1741631031036377,105,-0.103125
0.17561101913452148,106,-0.322265625
0.17713713645935059,107,-0.322265625
0.17864108085632324,108,-0.038671874999999994
0.18020296096801758,109,-0.02578125
0.1819460391998291,110,-0.0515625
0.18345999717712402,111,-0.167578125
0.185014009475708,112,-0.825
0.18641114234924316,113,-1.611328125
0.18782496452331543,114,-0.20625
0.18927502632141113,115,-0.064453125
0.19087910652160645,116,-0.21914062499999998
0.19345712661743164,117,-0.30937499999999996
0.19536399841308594,118,0.103125
0.19692111015319824,119,-0.012890625
0.19908595085144043,120,-0.064453125
0.20078206062316895,121,-0.0515625
0.2020399570465088,122,-0.992578125
0.20325493812561035,123,-1.65
0.20453500747680664,124,-0.103125
0.2059640884399414,125,-0.2578125
0.20738005638122559,126,-0.15468749999999998
0.20897412300109863,127,-0.322265625
0.21038103103637695,128,-0.23203125
0.21192502975463867,129,-0.02578125
0.21366596221923828,130,-0.02578125
0.21620392799377441,131,-0.103125
0.21773695945739746,132,-0.322265625
0.21952104568481445,133,-1.2890625
0.2216780185699463,134,-0.21914062499999998
0.22299408912658691,135,-0.167578125
0.2241671085357666,136,-0.116015625
0.22528600692749023,137,-0.29648437499999997
0.22639203071594238,138,-0.37382812499999996
0.22751307487487793,139,-0.270703125
0.22867798805236816,140,0.012890625
0.22980403900146484,141,-0.02578125
0.23093605041503906,142,-0.12890625
0.2320871353149414,143,-0.348046875
0.2332000732421875,144,-0.167578125
0.23438715934753418,145,-0.837890625
0.23586201667785645,146,-1.533984375
0.2373371124267578,147,-0.15468749999999998
0.23891401290893555,148,-0.29648437499999997
0.24036812782287598,149,-0.270703125
0.24188804626464844,150,-0.07734374999999999
0.24347805976867676,151,-0.2578125
0.24615907669067383,152,-0.0515625
0.2477409839630127,153,-0.07734374999999999
0.24942398071289062,154,-0.2578125
0.25147294998168945,155,-0.270703125
0.25286412239074707,156,-1.3921875
0.2541060447692871,157,-0.167578125
0.25524306297302246,158,-0.23203125
0.25638294219970703,159,-0.2578125
0.2574770450592041,160,-0.12890625
0.2585740089416504,161,-0.29648437499999997
0.25969409942626953,162,-0.399609375
0.2608520984649658,163,-0.2578125
0.2620201110839844,164,-0.012890625
0.2631199359893799,165,-0.012890625
0.26421213150024414,166,-0.09023437499999999
0.2653970718383789,167,-0.322265625
0.2667999267578125,168,-0.21914062499999998
0.2683250904083252,169,-0.889453125
0.26996612548828125,170,-1.65
0.2716219425201416,171,-0.15468749999999998
0.27308011054992676,172,-0.18046874999999998
0.2746100425720215,173,-0.15468749999999998
0.2775859832763672,174,-0.30937499999999996
0.2791111469268799,175,0.0
0.2809460163116455,176,-0.15468749999999998
0.2828860282897949,177,-0.167578125
0.2842879295349121,178,-0.4125
0.2855031490325928,179,-1.26328125
0.2866859436035156,180,-0.8121093749999999
0.2878241539001465,181,-0.15468749999999998
0.28894710540771484,182,-0.15468749999999998
0.29004597663879395,183,-0.21914062499999998
0.29128313064575195,184,-0.012890625
0.2924320697784424,185,-0.4125
0.29358410835266113,186,-0.36093749999999997
0.29471898078918457,187,-0.20625
0.29590797424316406,188,-0.02578125
0.29732203483581543,189,-0.09023437499999999
0.2987661361694336,190,-0.21914062499999998
0.3004720211029053,191,-0.15468749999999998
0.30223894119262695,192,-0.9152343749999999
0.303786039352417,193,-0.889453125
0.30526113510131836,194,-0.37382812499999996
0.3078300952911377,195,-0.23203125
0.3095729351043701,196,-0.29648437499999997
0.31117701530456543,197,0.064453125
0.3132140636444092,198,0.0
0.31464409828186035,199,-0.103125
0.3158581256866455,200,-0.167578125
0.31708192825317383,201,-0.30937499999999996
0.3182361125946045,202,-1.095703125
0.31934499740600586,203,-1.6371093749999999
0.3204841613769531,204,-0.064453125
0.3216209411621094,205,-0.24492187499999998
0.3227269649505615,206,-0.270703125
0.3238210678100586,207,-0.12890625
0.3249399662017822,208,-0.2578125
0.326153039932251,209,-0.37382812499999996
0.32758212089538574,210,-0.24492187499999998
0.3290400505065918,211,0.012890625
0.3305649757385254,212,-0.064453125
0.3332560062408447,213,-0.20625
0.334758996963501,214,-0.6703125
0.33644795417785645,215,-1.46953125
0.3389310836791992,216,-0.141796875
0.34063005447387695,217,-0.193359375
0.34233808517456055,218,-0.193359375
0.34438014030456543,219,-0.15468749999999998
0.34604501724243164,220,0.0
0.3473539352416992,221,-0.09023437499999999
0.3485989570617676,222,-0.2578125
0.34973812103271484,223,-0.193359375
0.35087013244628906,224,-0.7734375
0.3520209789276123,225,-1.3921875
0.3531310558319092,226,-0.37382812499999996
0.3542320728302002,227,-0.193359375
0.3553309440612793,228,-0.2578125
0.3565559387207031,229,-0.2578125
0.3579730987548828,230,-0.103125
0.3594241142272949,231,-0.42539062499999997
0.3610260486602783,232,-0.23203125
0.3625600337982178,233,0.012890625
0.3642611503601074,234,-0.07734374999999999
0.36580395698547363,235,-0.18046874999999998
0.3677799701690674,236,-0.2578125
0.3700830936431885,237,-1.044140625
0.37159109115600586,238,-0.21914062499999998
0.37314701080322266,239,-0.0515625
0.37514615058898926,240,-0.116015625
0.3767409324645996,241,-0.322265625
0.377993106842041,242,0.038671874999999994
0.379223108291626,243,-0.012890625
0.3803670406341553,244,-0.103125
0.381572961807251,245,-0.193359375
0.38268208503723145,246,-0.20625
0.3837859630584717,247,-0.54140625
0.38488006591796875,248,-1.1859374999999999
0.3859889507293701,249,-1.65
0.3872220516204834,250,-0.12890625
0.38870906829833984,251,-0.23203125
0.39014506340026855,252,-0.24492187499999998
0.39171504974365234,253,-0.15468749999999998
0.3932499885559082,254,-0.322265625
0.39470601081848145,255,-0.09023437499999999
0.3961679935455322,256,-0.012890625
0.39803409576416016,257,-0.116015625
0.400529146194458,258,-0.2578125
0.402130126953125,259,-0.889453125
0.40367603302001953,260,-1.6242187499999998
0.40578794479370117,261,-0.20625
0.40732598304748535,262,-0.2578125
0.40856504440307617,263,-0.33515625
0.4097170829772949,264,-0.348046875
0.41088199615478516,265,-0.2578125
0.41203999519348145,266,-0.012890625
0.41318607330322266,267,-0.0515625
0.4142720699310303,268,-0.103125
0.4153561592102051,269,-0.33515625
0.41646599769592285,270,-0.18046874999999998
0.41767001152038574,271,-0.825
0.41910815238952637,272,-1.456640625
0.4206111431121826,273,-0.12890625
0.4228219985961914,274,-0.23203125
0.42425012588500977,275,-0.20625
0.4255990982055664,276,-0.29648437499999997
0.42696499824523926,277,-0.29648437499999997
0.4293651580810547,278,-0.0515625
0.43277907371520996,279,-0.02578125
0.4347879886627197,280,-0.09023437499999999
0.4368619918823242,281,-1.2503906249999999
0.43825793266296387,282,-0.167578125
0.4394340515136719,283,-0.193359375
0.4405550956726074,284,-0.141796875
0.44175100326538086,285,-0.322265625
0.4428839683532715,286,-0.4125
0.44402194023132324,287,-0.322265625
0.44516706466674805,288,0.0
0.4462599754333496,289,-0.0515625
0.4473600387573242,290,-0.103125
0.4485909938812256,291,-0.270703125
0.45000195503234863,292,-0.24492187499999998
0.4515089988708496,293,-0.863671875
0.45310401916503906,294,-1.6242187499999998
0.45459699630737305,295,-0.21914062499999998
0.45597314834594727,296,-0.103125
0.45736098289489746,297,-0.23203125
0.45928406715393066,298,-0.33515625
0.46196699142456055,299,-0.33515625
0.46353602409362793,300,-0.012890625
0.465101957321167,301,-0.116015625
0.4671180248260498,302,-0.167578125
0.46878600120544434,303,-0.863671875
0.47005414962768555,304,-1.5082031249999999
0.47130513191223145,305,-0.167578125
0.472445011138916,306,-0.167578125
0.47355008125305176,307,-0.24492187499999998
0.47464895248413086,308,-0.116015625
0.4757671356201172,309,-0.37382812499999996
0.4768669605255127,310,-0.33515625
0.477977991104126,311,-0.116015625
0.4792001247406006,312,-0.012890625
0.4806511402130127,313,-0.103125
0.4821500778198242,314,-0.21914062499999998
0.48368406295776367,315,-0.09023437499999999
0.4852719306945801,316,-0.9152343749999999
0.4867260456085205,317,-1.65
0.4881420135498047,318,-0.20625
0.4899129867553711,319,-0.20625
0.4923980236053467,320,-0.064453125
0.49402904510498047,321,-0.02578125
0.49567413330078125,322,0.0
0.49763011932373047,323,-0.02578125
0.49923110008239746,324,-0.20625
0.5005130767822266,325,-0.2578125
0.5017890930175781,326,-1.10859375
0.502953052520752,327,-1.65
0.5040740966796875,328,-0.167578125
0.5051829814910889,329,-0.21914062499999998
0.5062811374664307,330,-0.24492187499999998
0.5073790550231934,331,-0.167578125
0.5084960460662842,332,-0.33515625
0.5097191333770752,333,-0.4125
0.5111820697784424,334,-0.2578125
0.5126810073852539,335,-0.038671874999999994
0.5142381191253662,336,-0.09023437499999999
0.5158770084381104,337,-0.2578125
0.5173599720001221,338,-0.30937499999999996
0.5188000202178955,339,-1.1859374999999999
0.5203709602355957,340,-0.580078125
0.522907018661499,341,-0.103125
0.5245959758758545,342,-0.20625
0.5260100364685059,343,-0.322265625
0.5280110836029053,344,-0.15468749999999998
0.5297629833221436,345,-0.012890625
0.5311141014099121,346,-0.0515625
0.532336950302124,347,-0.23203125
0.5335140228271484,348,-0.270703125
0.5346300601959229,349,-0.992578125
0.5357370376586914,350,-1.5726562499999999
0.5368340015411377,351,0.012890625
0.5379209518432617,352,-0.2578125
0.5390081405639648,353,-0.012890625
0.5402750968933105,354,-0.2578125
0.5417759418487549,355,-0.116015625
0.543255090713501,356,-0.28359375
0.5448470115661621,357,-0.07734374999999999
0.5463550090789795,358,-0.02578125
0.5478429794311523,359,-0.103125
0.5494050979614258,360,-0.20625
0.5515539646148682,361,-0.399609375
0.5537059307098389,362,-1.353515625
0.5552771091461182,363,-0.116015625
0.5569651126861572,364,-0.2578125
0.5589830875396729,365,-0.23203125
0.5606019496917725,366,-0.103125
0.5618939399719238,367,0.012890625
0.5630431175231934,368,-0.038671874999999994
0.5642540454864502,369,-0.0515625
0.5653650760650635,370,-0.29648437499999997
0.5664899349212646,371,-0.103125
0.5675840377807617,372,-0.837890625
0.5686769485473633,373,-1.4308593749999998
0.5697770118713379,374,-0.37382812499999996
0.5709600448608398,375,-0.116015625
0.5724179744720459,376,-0.270703125
0.5739259719848633,377,-0.21914062499999998
0.575545072555542,378,-0.2578125
0.577070951461792,379,-0.23203125
0.5784001350402832,380,-0.02578125
0.5797860622406006,381,0.012890625
0.5821011066436768,382,-0.09023437499999999
0.5841829776763916,383,-0.20625
0.585644006729126,384,-1.147265625
0.5873010158538818,385,-0.48984374999999997
0.5894210338592529,386,-0.141796875
0.5910210609436035,387,-0.2578125
0.5922739505767822,388,-0.2578125
0.5934140682220459,389,-0.18046874999999998
0.5945401191711426,390,-0.103125
0.5956900119781494,391,-0.02578125
0.5967950820922852,392,-0.02578125
0.5978951454162598,393,-0.15468749999999998
0.5989961624145508,394,-0.28359375
0.6000869274139404,395,-0.37382812499999996
0.6013391017913818,396,-1.044140625
0.6027641296386719,397,-1.65
0.6042439937591553,398,-0.193359375
0.6058909893035889,399,-0.193359375
0.6074099540710449,400,-0.23203125
0.6088221073150635,401,-0.37382812499999996
0.6102111339569092,402,-0.322265625
0.611915111541748,403,-0.0515625
0.6145949363708496,404,-0.02578125
0.6161351203918457,405,-0.15468749999999998
0.6175920963287354,406,-0.4640625
0.6195969581604004,407,-1.2503906249999999
0.6215250492095947,408,-0.23203125
0.6228029727935791,409,-0.20625
0.6239750385284424,410,-0.103125
0.6251051425933838,411,-0.33515625
0.626215934753418,412,-0.43828124999999996
0.6273469924926758,413,-0.30937499999999996
0.6284780502319336,414,0.012890625
0.6296141147613525,415,-0.012890625
0.6307611465454102,416,-0.103125
0.631965160369873,417,-0.270703125
0.6333451271057129,418,-0.20625
0.6347739696502686,419,-0.889453125
0.6363799571990967,420,-1.5984375
0.6379759311676025,421,-0.18046874999999998
0.639394998550415,422,-0.103125
0.6408541202545166,423,-0.0515625
0.6427459716796875,424,-0.33515625
0.6453020572662354,425,-0.2578125
0.6468081474304199,426,-0.012890625
0.6484241485595703,427,-0.12890625
0.6503770351409912,428,-0.20625
0.651993989944458,429,-0.889453125
