time,count,voltage
0.005202054977416992,1,-1.03125
0.0067560672760009766,2,-0.0515625
0.008154869079589844,3,-0.167578125
0.009508848190307617,4,-0.33515625
0.010904073715209961,5,-0.193359375
0.012464046478271484,6,-0.348046875
0.014234066009521484,7,-0.103125
0.015941858291625977,8,0.0
0.01759195327758789,9,-0.116015625
0.01917886734008789,10,-0.515625
0.02087092399597168,11,-0.7734375
0.022316932678222656,12,-1.65
0.023692846298217773,13,-0.193359375
0.025049924850463867,14,-0.30937499999999996
0.026422977447509766,15,-0.42539062499999997
0.028069019317626953,16,-0.20625
0.029857873916625977,17,-0.21914062499999998
0.03159594535827637,18,-0.012890625
0.033383846282958984,19,0.0
0.03509688377380371,20,-0.270703125
0.03669404983520508,21,-0.502734375
0.03827691078186035,22,-1.327734375
0.0397799015045166,23,-0.167578125
0.04150986671447754,24,-0.21914062499999998
0.04358792304992676,25,-0.399609375
0.04665684700012207,26,-0.167578125
0.04856991767883301,27,0.48984374999999997
0.05013394355773926,28,-0.012890625
0.052355051040649414,29,-0.37382812499999996
0.054628849029541016,30,-0.554296875
0.05643606185913086,31,-1.65
0.05790996551513672,32,-0.21914062499999998
0.059324026107788086,33,-0.21914062499999998
0.06079292297363281,34,-0.2578125
0.06217598915100098,35,-0.18046874999999998
0.06354188919067383,36,-0.012890625
0.0648798942565918,37,0.0
0.06620287895202637,38,-0.064453125
0.0675358772277832,39,-0.23203125
0.06886100769042969,40,-0.515625
0.07030487060546875,41,-0.7218749999999999
0.07203197479248047,42,-1.4953124999999998
0.07348084449768066,43,0.0
0.07486605644226074,44,-0.193359375
0.07623600959777832,45,-0.30937499999999996
0.07759904861450195,46,-0.193359375
0.07895493507385254,47,-0.36093749999999997
0.08033585548400879,48,-0.12890625
0.08180594444274902,49,0.0
0.08324694633483887,50,-0.0515625
0.08471894264221191,51,-0.2578125
0.08639907836914062,52,-0.515625
0.08808302879333496,53,-1.16015625
0.08988404273986816,54,0.0
0.09180092811584473,55,-0.103125
0.09342789649963379,56,-0.36093749999999997
0.09510397911071777,57,-0.116015625
0.09697604179382324,58,0.0
0.09984993934631348,59,0.012890625
0.10169506072998047,60,-0.167578125
0.10331892967224121,61,-0.43828124999999996
0.10515594482421875,62,-1.2503906249999999
0.1074209213256836,63,-0.141796875
0.10946798324584961,64,-0.193359375
0.11107206344604492,65,-0.2578125
0.11250686645507812,66,-0.322265625
0.11405587196350098,67,-0.12890625
0.11573100090026855,68,0.0
0.1174159049987793,69,-0.09023437499999999
0.11914587020874023,70,-0.5285156249999999
0.1209859848022461,71,-0.7476562499999999
0.12271595001220703,72,-1.65
0.12442994117736816,73,-0.193359375
0.12607192993164062,74,-0.18046874999999998
0.12882590293884277,75,-0.322265625
0.1313009262084961,76,-0.2578125
0.13298797607421875,77,-0.012890625
0.13492703437805176,78,-0.12890625
0.13724589347839355,79,-0.515625
0.13906002044677734,80,-1.4437499999999999
0.14058995246887207,81,-0.103125
0.14201998710632324,82,-0.322265625
0.14347195625305176,83,-0.4125
0.14497900009155273,84,-0.103125
0.14670991897583008,85,-0.09023437499999999
0.14844584465026855,86,0.0
0.150115966796875,87,-0.02578125
0.15222406387329102,88,-0.2578125
0.15382885932922363,89,-0.515625
0.1553020477294922,90,-1.533984375
0.1571509838104248,91,0.0
0.15956401824951172,92,-0.2578125
0.16106486320495605,93,-0.2578125
0.16283893585205078,94,-0.33515625
0.16480803489685059,95,-0.0515625
0.16615700721740723,96,-0.012890625
0.16733598709106445,97,-0.116015625
0.16847491264343262,98,-0.502734375
0.16959285736083984,99,-0.554296875
0.17077088356018066,100,-1.2374999999999998
0.17195796966552734,101,-1.65
0.1730799674987793,102,0.012890625
0.17421293258666992,103,-0.12890625
0.1754300594329834,104,-0.23203125
0.17682194709777832,105,-0.322265625
0.17831707000732422,106,-0.064453125
0.1799769401550293,107,-0.02578125
0.18158698081970215,108,0.0
0.18301105499267578,109,-0.012890625
0.18436694145202637,110,-0.2578125
0.18665289878845215,111,-0.554296875
0.18868684768676758,112,-0.992578125
0.19027090072631836,113,-0.012890625
0.1924128532409668,114,-0.116015625
0.19403290748596191,115,-0.515625
0.19528508186340332,116,-0.15468749999999998
0.19649004936218262,117,-0.0515625
0.19763398170471191,118,0.012890625
0.19877195358276367,119,0.0
0.19988584518432617,120,-0.116015625
0.20106196403503418,121,-0.4125
0.20221996307373047,122,-0.6703125
0.20334601402282715,123,-0.825
0.2044539451599121,124,-1.52109375
0.20564484596252441,125,0.0
0.20702791213989258,126,-0.064453125
0.20849394798278809,127,-0.2578125
0.21003103256225586,128,-0.5285156249999999
0.21220993995666504,129,-0.02578125
0.21439099311828613,130,0.193359375
0.21643900871276855,131,0.0
0.21910905838012695,132,-0.12890625
0.2209000587463379,133,-0.43828124999999996
0.22312688827514648,134,-1.5726562499999999
0.22511005401611328,135,-0.2578125
0.2265610694885254,136,-0.29648437499999997
0.22788596153259277,137,-0.167578125
0.2291569709777832,138,-0.29648437499999997
0.2304239273071289,139,-0.193359375
0.23183608055114746,140,0.0
0.23315095901489258,141,-0.02578125
0.2344050407409668,142,-0.23203125
0.2404320240020752,143,-0.580078125
0.24257993698120117,144,-0.7863281249999999
0.24447107315063477,145,-0.5285156249999999
0.24713587760925293,146,-0.167578125
0.24947285652160645,147,0.0515625
0.25122499465942383,148,-0.116015625
0.25362586975097656,149,-0.43828124999999996
0.2553420066833496,150,-1.198828125
0.2566969394683838,151,0.0
0.2579689025878906,152,-0.18046874999999998
0.25924086570739746,153,-0.23203125
0.2604830265045166,154,-0.21914062499999998
0.2618570327758789,155,-0.37382812499999996
0.26311802864074707,156,-0.167578125
0.2643580436706543,157,-0.012890625
0.2698540687561035,158,-0.012890625
0.272014856338501,159,-0.116015625
0.27387499809265137,160,-0.12890625
0.27564501762390137,161,-0.21914062499999998
0.2784550189971924,162,-0.4640625
0.280472993850708,163,0.09023437499999999
0.2827780246734619,164,0.012890625
0.2847409248352051,165,-0.064453125
0.2861969470977783,166,-0.451171875
0.2874939441680908,167,-0.992578125
0.288754940032959,168,-1.65
0.28998684883117676,169,0.0
0.29141688346862793,170,-0.193359375
0.2927360534667969,171,-0.270703125
0.2940089702606201,172,-0.33515625
0.295259952545166,173,-0.23203125
0.30115199089050293,174,-0.24492187499999998
0.30325984954833984,175,0.012890625
0.30513691902160645,176,-0.8121093749999999
0.30675792694091797,177,-0.0515625
0.30957603454589844,178,-0.23203125
0.3114950656890869,179,-0.54140625
0.31371498107910156,180,-0.399609375
0.31604886054992676,181,0.012890625
0.31766390800476074,182,-0.103125
0.3190169334411621,183,-0.43828124999999996
0.3202948570251465,184,-0.6574218749999999
0.32158994674682617,185,-1.456640625
0.32291603088378906,186,-0.0515625
0.32416701316833496,187,-0.103125
0.3254129886627197,188,-0.2578125
0.3308279514312744,189,-0.4640625
0.33248186111450195,190,-0.167578125
0.3339519500732422,191,-0.15468749999999998
0.33538198471069336,192,-0.4640625
0.33742690086364746,193,-0.5929687499999999
0.3394949436187744,194,-1.5082031249999999
0.34093284606933594,195,-0.103125
0.34281492233276367,196,-0.502734375
0.3446660041809082,197,-0.20625
0.3459339141845703,198,-0.322265625
0.3471188545227051,199,-0.0515625
0.34824204444885254,200,0.0
0.34934401512145996,201,-0.012890625
0.35045289993286133,202,-0.167578125
0.3516559600830078,203,-0.554296875
0.3527669906616211,204,-0.54140625
0.35385990142822266,205,-1.147265625
0.3549518585205078,206,-1.65
0.35604000091552734,207,0.0
0.35712695121765137,208,-0.09023437499999999
0.3583390712738037,209,-0.29648437499999997
0.3597249984741211,210,-0.43828124999999996
0.3612940311431885,211,-0.193359375
0.36285901069641113,212,-0.23203125
0.3643989562988281,213,0.02578125
0.36577701568603516,214,-0.02578125
0.36719202995300293,215,-0.141796875
0.3694889545440674,216,-0.515625
0.3715090751647949,217,-0.734765625
0.3729689121246338,218,-0.02578125
0.3750028610229492,219,-0.038671874999999994
0.3766598701477051,220,-0.322265625
0.37844300270080566,221,-0.12890625
0.3796870708465576,222,0.038671874999999994
0.38086700439453125,223,0.012890625
0.382004976272583,224,0.0
0.3831169605255127,225,-0.0515625
0.38422393798828125,226,-0.28359375
0.38534998893737793,227,-0.6187499999999999
0.3864710330963135,228,-0.708984375
0.387584924697876,229,-1.3921875
0.38877201080322266,230,-0.2578125
0.39016103744506836,231,-0.0515625
0.39160990715026855,232,-0.23203125
0.39318299293518066,233,-0.2578125
0.3947758674621582,234,-0.20625
0.39612889289855957,235,-0.29648437499999997
0.3975820541381836,236,-0.012890625
0.3996589183807373,237,-0.012890625
0.4017069339752197,238,-0.12890625
0.4031548500061035,239,-0.4640625
0.4046940803527832,240,-1.1859374999999999
0.4067399501800537,241,-0.0515625
0.4083120822906494,242,-0.24492187499999998
0.4095499515533447,243,-0.322265625
0.4107630252838135,244,-0.21914062499999998
0.4118988513946533,245,-0.36093749999999997
0.41301703453063965,246,-0.2578125
0.4141418933868408,247,0.012890625
0.41524291038513184,248,-0.012890625
0.41634607315063477,249,-0.0515625
0.41743898391723633,250,-0.2578125
0.4185328483581543,251,-0.5671875
0.41971802711486816,252,-0.605859375
0.4212019443511963,253,-1.3019531249999998
0.42267584800720215,254,-0.038671874999999994
0.4242219924926758,255,-0.12890625
0.42574000358581543,256,-0.36093749999999997
0.42713093757629395,257,-0.30937499999999996
0.42851686477661133,258,-0.322265625
0.43081092834472656,259,-0.15468749999999998
0.4328289031982422,260,0.0
0.43424201011657715,261,-0.193359375
0.4359159469604492,262,-0.515625
0.4380049705505371,263,-0.7476562499999999
0.43941807746887207,264,-1.198828125
0.44068408012390137,265,-0.07734374999999999
0.4418480396270752,266,-0.33515625
0.44297289848327637,267,-0.451171875
0.4440898895263672,268,-0.12890625
0.44519901275634766,269,-0.38671875
0.44631004333496094,270,-0.28359375
0.44744300842285156,271,0.0
0.4485359191894531,272,-0.012890625
0.4497339725494385,273,-0.064453125
0.4511749744415283,274,-0.322265625
0.4526350498199463,275,-0.6187499999999999
0.4541940689086914,276,-0.992578125
0.45572686195373535,277,-1.65
0.4570748805999756,278,-0.02578125
0.45851588249206543,279,-0.270703125
0.4608139991760254,280,-0.42539062499999997
0.462893009185791,281,-0.37382812499999996
0.46435093879699707,282,0.30937499999999996
0.46608591079711914,283,-0.02578125
0.4679880142211914,284,-0.12890625
0.46938300132751465,285,-0.515625
0.47065305709838867,286,-1.03125
0.4718179702758789,287,-1.65
0.47293686866760254,288,0.0
0.4740450382232666,289,-0.167578125
0.4751598834991455,290,-0.30937499999999996
0.4762699604034424,291,-0.476953125
0.4773719310760498,292,-0.18046874999999998
0.4784810543060303,293,-0.4125
0.47968506813049316,294,-0.322265625
0.4810960292816162,295,0.0
0.48254990577697754,296,0.0
0.484050989151001,297,-0.103125
0.48554301261901855,298,-0.4640625
0.4868900775909424,299,-0.6574218749999999
0.4882819652557373,300,-1.482421875
0.490095853805542,301,-0.02578125
0.49254703521728516,302,-0.103125
0.4940669536590576,303,-0.30937499999999996
0.4956028461456299,304,-0.167578125
0.4976189136505127,305,-0.0515625
0.4992408752441406,306,0.0
0.5004909038543701,307,-0.167578125
0.501755952835083,308,-0.515625
0.5029308795928955,309,-0.54140625
0.5040819644927979,310,-1.198828125
0.5051908493041992,311,-1.65
0.5062949657440186,312,0.0
0.5073959827423096,313,-0.12890625
0.5084948539733887,314,-0.2578125
0.5096778869628906,315,-0.42539062499999997
0.5110800266265869,316,-0.15468749999999998
0.512537956237793,317,-0.30937499999999996
0.514042854309082,318,-0.02578125
0.5155839920043945,319,0.0
0.5169589519500732,320,-0.064453125
0.5183959007263184,321,-0.42539062499999997
0.5198068618774414,322,-0.515625
0.5223269462585449,323,-1.224609375
0.5240850448608398,324,-0.20625
0.5254590511322021,325,-0.270703125
0.5272250175476074,326,-0.4640625
0.5291769504547119,327,-0.2578125
0.5306210517883301,328,0.193359375
0.5318310260772705,329,-0.012890625
0.5329668521881104,330,-0.012890625
0.5341019630432129,331,-0.23203125
0.5352170467376709,332,-0.580078125
0.5363190174102783,333,-0.580078125
0.5374140739440918,334,-1.26328125
0.5385520458221436,335,-1.65
0.5397989749908447,336,0.0
0.5412819385528564,337,-0.116015625
0.5427520275115967,338,-0.20625
0.5442829132080078,339,-0.322265625
0.5458519458770752,340,-0.193359375
0.547292947769165,341,0.064453125
0.5487320423126221,342,0.0
0.5502340793609619,343,-0.0515625
0.5527689456939697,344,-0.36093749999999997
0.5544149875640869,345,-0.734765625
0.5558030605316162,346,-1.65
0.5576670169830322,347,-0.15468749999999998
0.5595228672027588,348,-0.29648437499999997
0.5608940124511719,349,-0.2578125
0.5620689392089844,350,-0.4125
0.5632109642028809,351,-0.23203125
0.5643248558044434,352,0.0
0.5654258728027344,353,-0.012890625
0.5665318965911865,354,-0.103125
0.5676209926605225,355,-0.30937499999999996
0.5687239170074463,356,-0.6187499999999999
0.5699210166931152,357,-0.760546875
0.5713839530944824,358,-1.4308593749999998
0.572843074798584,359,-0.02578125
0.5743680000305176,360,-0.23203125
0.575901985168457,361,-0.116015625
0.5772809982299805,362,-0.36093749999999997
0.5786900520324707,363,-0.23203125
0.5801749229431152,364,-0.103125
0.5828509330749512,365,0.0
0.5844650268554688,366,-0.12890625
0.5858068466186523,367,-0.515625
0.5876049995422363,368,-0.8765624999999999
0.5895109176635742,369,-1.65
0.590893030166626,370,-0.23203125
0.5920779705047607,371,-0.116015625
0.5932168960571289,372,-0.476953125
0.5943388938903809,373,-0.2578125
0.5954499244689941,374,-0.322265625
0.5965540409088135,375,-0.29648437499999997
0.5976619720458984,376,0.012890625
0.5988168716430664,377,-0.012890625
0.6000268459320068,378,-0.09023437499999999
0.6014108657836914,379,-0.37382812499999996
0.6028800010681152,380,-0.580078125
0.6043939590454102,381,-1.147265625
0.6059439182281494,382,-1.65
0.6073229312896729,383,-0.103125
0.6087310314178467,384,-0.270703125
0.6100668907165527,385,-0.4640625
0.6124570369720459,386,-0.07734374999999999
0.6143529415130615,387,0.193359375
0.6157598495483398,388,-0.012890625
0.6174440383911133,389,-0.24492187499999998
0.6193609237670898,390,-0.5671875
0.6207709312438965,391,-0.837890625
0.6219749450683594,392,-1.65
0.6231110095977783,393,-0.0515625
0.6242339611053467,394,-0.193359375
0.6253468990325928,395,-0.29648437499999997
0.6264610290527344,396,-0.6703125
0.6275608539581299,397,-0.012890625
0.6286618709564209,398,-0.33515625
0.6297628879547119,399,-0.322265625
0.6309759616851807,400,0.0
0.6323509216308594,401,-0.012890625
0.6337668895721436,402,-0.141796875
0.6352970600128174,403,-0.43828124999999996
0.6368389129638672,404,-0.37382812499999996
0.6382648944854736,405,-1.2890625
0.6396949291229248,406,-0.20625
0.6412670612335205,407,-0.064453125
0.6437819004058838,408,-0.2578125
0.6454899311065674,409,-0.28359375
0.6468980312347412,410,0.193359375
0.6487829685211182,411,0.012890625
0.6506428718566895,412,-0.012890625
0.6519620418548584,413,-0.36093749999999997
0.653264045715332,414,-0.515625
0.6547689437866211,415,-1.2503906249999999
0.6562340259552002,416,-0.141796875
0.6575088500976562,417,-0.167578125
0.6586718559265137,418,-0.116015625
0.6598000526428223,419,-0.5671875
0.6610140800476074,420,-0.15468749999999998
0.6624288558959961,421,-0.36093749999999997
0.6639089584350586,422,-0.116015625
0.6654360294342041,423,0.012890625
0.6669330596923828,424,-0.0515625
0.6682429313659668,425,-0.322265625
0.6696200370788574,426,-0.515625
0.6717638969421387,427,-1.1214843749999999
0.6739089488983154,428,0.0
0.675339937210083,429,-0.29648437499999997
0.6772708892822266,430,-0.399609375
0.6791419982910156,431,-0.30937499999999996
0.6804149150848389,432,0.18046874999999998
0.681678056716919,433,0.0
0.6828200817108154,434,-0.0515625
0.6839320659637451,435,-0.21914062499999998
0.6850359439849854,436,-0.5671875
0.6861379146575928,437,-0.580078125
0.6872320175170898,438,-1.198828125
0.6883270740509033,439,-1.65
0.6894149780273438,440,-0.0515625
0.6905028820037842,441,-0.167578125
