time,count,voltage
0.0056569576263427734,1,-0.20625
0.007223844528198242,2,-0.2578125
0.008620977401733398,3,-0.322265625
0.009985923767089844,4,-0.322265625
0.011378049850463867,5,-0.103125
0.012769937515258789,6,-0.02578125
0.01431584358215332,7,-0.0515625
0.016032934188842773,8,-0.167578125
0.017711877822875977,9,-0.4125
0.019479036331176758,10,-1.2890625
0.021059036254882812,11,-0.43828124999999996
0.02274799346923828,12,-0.167578125
0.024222850799560547,13,-0.167578125
0.025604963302612305,14,-0.2578125
0.026958942413330078,15,-0.21914062499999998
0.028322935104370117,16,-0.012890625
0.029831886291503906,17,-0.012890625
0.03149700164794922,18,-0.09023437499999999
0.03331589698791504,19,-0.167578125
0.03506183624267578,20,-0.837890625
0.03687882423400879,21,-1.65
0.038478851318359375,22,-0.21914062499999998
0.04004192352294922,23,-0.30937499999999996
0.04153895378112793,24,-0.09023437499999999
0.04330301284790039,25,-0.2578125
0.0453639030456543,26,0.038671874999999994
0.04830598831176758,27,-0.038671874999999994
0.050145864486694336,28,-0.12890625
0.051735877990722656,29,-0.889453125
0.05373382568359375,30,-1.65
0.05589795112609863,31,-0.29648437499999997
0.05780386924743652,32,-0.2578125
0.059324026107788086,33,-0.193359375
0.060791969299316406,34,-0.02578125
0.06223797798156738,35,0.012890625
0.06386303901672363,36,-0.064453125
0.06517696380615234,37,-0.2578125
0.06630301475524902,38,-0.12890625
0.06741786003112793,39,-0.7863281249999999
0.06853199005126953,40,-1.3921875
0.06963491439819336,41,-0.54140625
0.07073593139648438,42,-0.24492187499999998
0.07184195518493652,43,-0.193359375
0.0729520320892334,44,-0.2578125
0.07404494285583496,45,-0.15468749999999998
0.07514691352844238,46,-0.322265625
0.07625603675842285,47,-0.399609375
0.07735204696655273,48,-0.2578125
0.07844400405883789,49,-0.012890625
0.07953882217407227,50,-0.0515625
0.08062982559204102,51,-0.064453125
0.08171582221984863,52,-0.29648437499999997
0.08286786079406738,53,-0.24492187499999998
0.08406996726989746,54,-0.825
0.0853719711303711,55,-1.405078125
0.0869898796081543,56,-0.4125
0.08844804763793945,57,-0.29648437499999997
0.09015893936157227,58,-0.2578125
0.09171795845031738,59,-0.0515625
0.09323692321777344,60,-0.20625
0.0949869155883789,61,-0.012890625
0.09748697280883789,62,-0.02578125
0.09904098510742188,63,-0.116015625
0.10068082809448242,64,-0.30937499999999996
0.10277795791625977,65,-1.1214843749999999
0.10425400733947754,66,-0.33515625
0.1054379940032959,67,-0.15468749999999998
0.1065828800201416,68,-0.12890625
0.10770201683044434,69,-0.12890625
0.10883092880249023,70,-0.4125
0.10994482040405273,71,-0.4125
0.11104798316955566,72,-0.23203125
0.11221694946289062,73,-0.02578125
0.1134040355682373,74,-0.167578125
0.11460089683532715,75,-0.21914062499999998
0.11600184440612793,76,-0.193359375
0.12280893325805664,77,-0.5671875
0.12554097175598145,78,-1.3148437499999999
0.12736082077026367,79,-0.580078125
0.1287848949432373,80,0.0
0.13071298599243164,81,-0.07734374999999999
0.13320493698120117,82,-0.20625
0.13446998596191406,83,-0.64453125
0.13560795783996582,84,-1.3921875
0.13673782348632812,85,-0.4125
0.13785791397094727,86,-0.21914062499999998
0.1389780044555664,87,-0.09023437499999999
0.1400918960571289,88,-0.20625
0.141218900680542,89,-0.12890625
0.14238286018371582,90,-0.37382812499999996
0.14356398582458496,91,-0.322265625
0.14479899406433105,92,-0.02578125
0.14619994163513184,93,-0.02578125
0.1476140022277832,94,-0.0515625
0.149122953414917,95,-0.2578125
0.15056586265563965,96,-0.33515625
0.15195584297180176,97,-1.173046875
0.153425931930542,98,-1.405078125
0.15598201751708984,99,-0.2578125
0.15761685371398926,100,-0.24492187499999998
0.15910100936889648,101,-0.21914062499999998
0.16120386123657227,102,-0.20625
0.16275596618652344,103,0.0
0.16399884223937988,104,-0.02578125
0.16515183448791504,105,-0.23203125
0.16629290580749512,106,-0.103125
0.16741704940795898,107,-0.7863281249999999
0.16854190826416016,108,-1.3792968749999999
0.1696488857269287,109,-0.54140625
0.17074990272521973,110,-0.18046874999999998
0.1718578338623047,111,-0.0515625
0.17298293113708496,112,-0.24492187499999998
0.17410802841186523,113,-0.116015625
0.17529797554016113,114,-0.4640625
0.17668890953063965,115,-0.4640625
0.1781330108642578,116,-0.167578125
0.17965388298034668,117,-0.012890625
0.1811840534210205,118,-0.0515625
0.18265295028686523,119,-0.103125
0.18413186073303223,120,-0.476953125
0.18645000457763672,121,-1.276171875
0.18843388557434082,122,-0.4640625
0.18987584114074707,123,-0.20625
0.19176101684570312,124,-0.064453125
0.19363093376159668,125,-0.2578125
0.1949169635772705,126,0.038671874999999994
0.19609904289245605,127,-0.012890625
0.19726300239562988,128,-0.07734374999999999
0.1983809471130371,129,-0.20625
0.1994798183441162,130,-0.103125
0.20057892799377441,131,-0.734765625
0.20167899131774902,132,-1.327734375
0.2028639316558838,133,-1.65
0.20398592948913574,134,-0.116015625
0.20508885383605957,135,-0.20625
0.2062668800354004,136,-0.28359375
0.20766186714172363,137,-0.141796875
0.20911598205566406,138,-0.42539062499999997
0.2106478214263916,139,-0.29648437499999997
0.21222186088562012,140,-0.012890625
0.21392083168029785,141,-0.103125
0.21541690826416016,142,-0.20625
0.2179570198059082,143,-0.15468749999999998
0.21964097023010254,144,-1.21171875
0.2211780548095703,145,-0.141796875
0.22331690788269043,146,-0.103125
0.2248220443725586,147,-0.103125
0.22601103782653809,148,-0.23203125
0.2271418571472168,149,-0.167578125
0.22825884819030762,150,0.012890625
0.2293689250946045,151,-0.012890625
0.23047089576721191,152,-0.0515625
0.23156189918518066,153,-0.28359375
0.23267483711242676,154,-0.167578125
0.23377299308776855,155,-0.7218749999999999
0.2348790168762207,156,-1.327734375
0.23598504066467285,157,-1.65
0.2371530532836914,158,-0.193359375
0.23854494094848633,159,-0.2578125
0.24000191688537598,160,-0.2578125
0.2415180206298828,161,-0.103125
0.24316000938415527,162,-0.29648437499999997
0.2446119785308838,163,0.0
0.24594593048095703,164,-0.012890625
0.24833202362060547,165,-0.0515625
0.25002503395080566,166,-0.116015625
0.2515418529510498,167,-0.8507812499999999
0.2536048889160156,168,-1.5984375
0.25515294075012207,169,-0.270703125
0.2564048767089844,170,-0.23203125
0.2575650215148926,171,-0.064453125
0.2587578296661377,172,-0.4640625
0.2598989009857178,173,-0.4125
0.26105499267578125,174,-0.21914062499999998
0.26218295097351074,175,-0.012890625
0.26335883140563965,176,-0.12890625
0.26447296142578125,177,-0.167578125
0.26556992530822754,178,-0.23203125
0.26666688919067383,179,-0.38671875
0.26784205436706543,180,-1.069921875
0.2692439556121826,181,-1.6371093749999999
0.27066898345947266,182,-0.09023437499999999
0.2722358703613281,183,-0.36093749999999997
0.2739109992980957,184,-0.2578125
0.27529001235961914,185,-0.348046875
0.27671098709106445,186,-0.322265625
0.27898693084716797,187,-0.103125
0.2809319496154785,188,-0.0515625
0.2823488712310791,189,-0.103125
0.28420495986938477,190,-0.30937499999999996
0.2860739231109619,191,-1.198828125
0.28741884231567383,192,-0.5285156249999999
0.288593053817749,193,-0.21914062499999998
0.28972697257995605,194,-0.2578125
0.290848970413208,195,-0.0515625
0.2919888496398926,196,-0.4125
0.2931339740753174,197,-0.4125
0.2942469120025635,198,-0.2578125
0.2953469753265381,199,-0.012890625
0.29644203186035156,200,-0.116015625
0.2975289821624756,201,-0.15468749999999998
0.29868292808532715,202,-0.28359375
0.3000669479370117,203,-0.2578125
0.3015270233154297,204,-1.03125
0.30315399169921875,205,-1.65
0.304703950881958,206,-0.116015625
0.3061199188232422,207,-0.15468749999999998
0.30759286880493164,208,-0.02578125
0.30939197540283203,209,-0.28359375
0.31173086166381836,210,-0.20625
0.31331300735473633,211,-0.012890625
0.3146669864654541,212,-0.116015625
0.3165140151977539,213,-0.15468749999999998
0.31835389137268066,214,-0.6703125
0.31968188285827637,215,-1.65
0.32085299491882324,216,-0.12890625
0.32197999954223633,217,-0.12890625
