time,count,voltage
0.004595041275024414,1,-0.012890625
0.006150960922241211,2,-0.103125
0.007419109344482422,3,-0.012890625
0.008680105209350586,4,0.012890625
0.009994983673095703,5,-0.012890625
0.01126408576965332,6,-0.2578125
0.01630091667175293,7,-0.167578125
0.020248889923095703,8,-0.9152343749999999
0.02156209945678711,9,-0.2578125
0.02277207374572754,10,-0.167578125
0.023930072784423828,11,0.0
0.02526402473449707,12,-0.012890625
0.0265500545501709,13,-0.09023437499999999
0.027818918228149414,14,-0.20625
0.039628028869628906,15,-0.20625
0.0413210391998291,16,-0.8507812499999999
0.04262399673461914,17,-0.012890625
0.04401588439941406,18,-0.103125
0.04534101486206055,19,-0.20625
0.046920061111450195,20,-0.69609375
0.04877495765686035,21,-1.3664062499999998
0.050707101821899414,22,0.012890625
0.05277299880981445,23,-0.0515625
0.061328887939453125,24,-0.12890625
0.0629570484161377,25,-0.12890625
0.06431388854980469,26,-1.018359375
0.06561994552612305,27,-1.5597656249999998
0.06937694549560547,28,-0.103125
0.07522010803222656,29,-0.064453125
0.07688093185424805,30,-0.20625
0.07840609550476074,31,-0.20625
0.07988810539245605,32,-0.29648437499999997
0.08138608932495117,33,-1.198828125
0.08289289474487305,34,0.0
0.08439803123474121,35,-0.103125
0.08613896369934082,36,-0.21914062499999998
0.08779406547546387,37,-0.07734374999999999
0.08939790725708008,38,-0.193359375
0.09075689315795898,39,0.07734374999999999
0.09241890907287598,40,-0.012890625
0.09446907043457031,41,-0.012890625
0.09650087356567383,42,-0.167578125
0.10472297668457031,43,-0.992578125
0.1162729263305664,44,-0.4640625
0.1176760196685791,45,-0.12890625
0.11893510818481445,46,-0.20625
0.12016892433166504,47,-0.24492187499999998
0.12146687507629395,48,-0.399609375
0.12289309501647949,49,-0.36093749999999997
0.12443399429321289,50,0.012890625
0.12598896026611328,51,-0.012890625
0.12749695777893066,52,-0.064453125
0.1288928985595703,53,-0.167578125
0.13035297393798828,54,-0.7863281249999999
0.13160395622253418,55,-1.533984375
0.13280391693115234,56,-0.038671874999999994
0.1342029571533203,57,-0.2578125
0.1357889175415039,58,-0.09023437499999999
0.13735508918762207,59,-0.064453125
0.13883399963378906,60,-0.33515625
0.14024090766906738,61,-0.0515625
0.14168500900268555,62,-0.012890625
0.14394688606262207,63,-0.07734374999999999
0.14600396156311035,64,-0.15468749999999998
0.14741301536560059,65,-0.889453125
0.14903497695922852,66,-1.65
0.1510028839111328,67,-0.02578125
0.15251398086547852,68,-0.12890625
0.15375399589538574,69,-0.02578125
0.15495610237121582,70,-0.36093749999999997
0.15618109703063965,71,-0.270703125
0.1573190689086914,72,0.012890625
0.15845298767089844,73,0.0
0.1595630645751953,74,-0.0515625
0.16067290306091309,75,-0.20625
0.16178107261657715,76,-0.20625
0.16295695304870605,77,-0.580078125
0.16434407234191895,78,-1.2890625
0.16588211059570312,79,-0.064453125
0.16737103462219238,80,-0.103125
0.16890692710876465,81,-0.12890625
0.17034006118774414,82,-0.116015625
0.1718430519104004,83,-0.4125
0.17403101921081543,84,-0.20625
0.17608189582824707,85,0.012890625
0.17751693725585938,86,-0.103125
0.17902588844299316,87,-0.18046874999999998
0.18105506896972656,88,-0.7734375
0.18266510963439941,89,-1.65
0.18392109870910645,90,-0.103125
0.18515992164611816,91,-0.103125
0.18631410598754883,92,-0.23203125
0.1874370574951172,93,-0.322265625
0.18855810165405273,94,-0.4125
0.18966102600097656,95,-0.29648437499999997
0.19077301025390625,96,0.0
0.19187307357788086,97,-0.012890625
0.19303488731384277,98,-0.012890625
0.19440603256225586,99,-0.20625
0.19585895538330078,100,-0.20625
0.1973099708557129,101,-0.9152343749999999
0.19887900352478027,102,-1.65
0.20033597946166992,103,-0.167578125
0.20180606842041016,104,-0.064453125
0.2032639980316162,105,-0.20625
0.20576000213623047,106,-0.36093749999999997
0.20754790306091309,107,-0.012890625
0.2089838981628418,108,0.0
0.2109370231628418,109,-0.02578125
0.21263599395751953,110,-0.167578125
0.21396708488464355,111,-0.9152343749999999
0.2152268886566162,112,-1.65
0.2164289951324463,113,0.012890625
0.2175590991973877,114,-0.18046874999999998
0.21869897842407227,115,-0.103125
0.21982693672180176,116,-0.167578125
0.2209939956665039,117,-0.322265625
0.22213506698608398,118,-0.399609375
0.22812795639038086,119,-0.21914062499999998
0.22982192039489746,120,-0.0515625
0.2313239574432373,121,-1.0570312499999999
0.23325300216674805,122,-0.012890625
0.23593497276306152,123,-0.116015625
0.23743295669555664,124,-0.167578125
0.2392590045928955,125,-0.270703125
0.2413020133972168,126,0.02578125
0.24276089668273926,127,0.0
0.24408197402954102,128,-0.103125
0.2453930377960205,129,-0.18046874999999998
0.2467029094696045,130,-0.631640625
0.24800610542297363,131,-1.3792968749999999
0.24941587448120117,132,-0.02578125
0.25066494941711426,133,0.0
0.2519090175628662,134,-0.103125
0.2577331066131592,135,-0.21914062499999998
0.25989389419555664,136,-0.322265625
0.26192688941955566,137,-0.12890625
0.26447296142578125,138,-0.116015625
0.2668900489807129,139,-1.2503906249999999
0.26879096031188965,140,-0.23203125
0.2712728977203369,141,-0.193359375
0.27300000190734863,142,-0.2578125
0.27433300018310547,143,0.012890625
0.275770902633667,144,-0.012890625
0.2770988941192627,145,-0.02578125
0.27837610244750977,146,-0.23203125
0.2796509265899658,147,-0.37382812499999996
0.2809178829193115,148,-1.147265625
0.2821788787841797,149,-0.5929687499999999
0.2883870601654053,150,-0.0515625
0.29061293601989746,151,-0.02578125
0.29277896881103516,152,-0.012890625
0.2956380844116211,153,-0.012890625
0.2979929447174072,154,-0.0515625
0.29989099502563477,155,-1.173046875
0.30229687690734863,156,-0.20625
0.30387306213378906,157,-0.18046874999999998
0.30530500411987305,158,-0.4125
0.3067629337310791,159,-0.21914062499999998
0.30805492401123047,160,0.0
0.3093149662017822,161,-0.0515625
0.3106119632720947,162,-0.103125
0.31188106536865234,163,-0.193359375
0.31313204765319824,164,-0.502734375
0.31522297859191895,165,-1.2503906249999999
0.31666994094848633,166,-0.28359375
0.31813788414001465,167,-0.2578125
0.31955504417419434,168,-0.20625
0.3210940361022949,169,-0.02578125
0.32251501083374023,170,-0.103125
0.323915958404541,171,0.103125
0.3256800174713135,172,-0.012890625
0.3281118869781494,173,-0.064453125
0.3296349048614502,174,-0.012890625
0.3376479148864746,175,-1.03125
0.33916497230529785,176,-1.0828125
0.3403608798980713,177,0.36093749999999997
0.34154295921325684,178,0.0
0.3426690101623535,179,-0.0515625
0.3437950611114502,180,-0.18046874999999998
0.34491610527038574,181,-0.270703125
0.3462390899658203,182,-0.399609375
0.34766387939453125,183,-1.198828125
0.3491220474243164,184,-0.0515625
0.35056495666503906,185,0.0
0.35204291343688965,186,0.0
0.35341691970825195,187,-0.141796875
0.35480189323425293,188,-0.21914062499999998
0.35640692710876465,189,-0.167578125
0.3580479621887207,190,0.0
0.3604700565338135,191,-0.012890625
0.3623769283294678,192,-0.193359375
0.3638150691986084,193,-0.708984375
0.3655259609222412,194,-1.5726562499999999
0.3674609661102295,195,-0.09023437499999999
0.3690619468688965,196,-0.167578125
0.37032604217529297,197,-0.15468749999999998
0.37149691581726074,198,-0.43828124999999996
0.3726520538330078,199,-0.33515625
0.3737969398498535,200,-0.012890625
0.37491488456726074,201,0.0
0.37624096870422363,202,-0.064453125
0.37766098976135254,203,-0.167578125
0.37912988662719727,204,-0.20625
0.38060593605041504,205,-0.8765624999999999
0.3821868896484375,206,-1.6242187499999998
0.38361597061157227,207,-0.064453125
0.3849799633026123,208,-0.09023437499999999
0.3868260383605957,209,-0.21914062499999998
0.38924503326416016,210,-0.28359375
0.39074206352233887,211,0.348046875
0.39235711097717285,212,-0.012890625
0.3943040370941162,213,-0.02578125
0.3958261013031006,214,-0.103125
0.3970649242401123,215,-0.837890625
0.39824700355529785,216,-1.533984375
0.3993990421295166,217,0.0
0.4005270004272461,218,-0.0515625
0.40164709091186523,219,-0.103125
0.40276503562927246,220,-0.167578125
0.40463995933532715,221,-0.0515625
0.4059019088745117,222,0.0
0.40714502334594727,223,0.0
0.4085729122161865,224,-0.012890625
0.4100310802459717,225,-0.0515625
0.41154003143310547,226,-0.20625
0.4130840301513672,227,-0.20625
0.414963960647583,228,-1.134375
0.416550874710083,229,-0.012890625
0.4179990291595459,230,-0.2578125
0.4203488826751709,231,-0.29648437499999997
0.4224050045013428,232,-0.38671875
0.4238569736480713,233,0.193359375
0.4254300594329834,234,-0.012890625
0.42738890647888184,235,-0.0515625
0.4290618896484375,236,-0.18046874999999998
0.43034791946411133,237,-0.79921875
0.431535005569458,238,-1.533984375
0.43267393112182617,239,-0.012890625
0.4338068962097168,240,-0.103125
0.4349400997161865,241,-0.116015625
0.4361588954925537,242,-0.23203125
0.4373929500579834,243,-0.103125
0.4387819766998291,244,-0.270703125
0.44024205207824707,245,-0.103125
0.4416790008544922,246,-0.012890625
0.4432339668273926,247,-0.02578125
0.44461607933044434,248,-0.23203125
0.4461369514465332,249,-0.116015625
0.44756388664245605,250,-0.9796874999999999
0.45008397102355957,251,-1.353515625
0.45174503326416016,252,-0.18046874999999998
0.453171968460083,253,-0.2578125
0.45514488220214844,254,-0.322265625
0.4568789005279541,255,-0.116015625
0.4581899642944336,256,0.0
0.45937108993530273,257,-0.02578125
0.4605250358581543,258,-0.116015625
0.46169400215148926,259,-0.2578125
0.46283602714538574,260,-0.4640625
0.46396493911743164,261,-1.16015625
0.4651510715484619,262,-1.65
0.4662909507751465,263,-0.02578125
0.467479944229126,264,-0.23203125
0.46888089179992676,265,-0.193359375
0.4703409671783447,266,-0.167578125
0.47180795669555664,267,-0.322265625
0.4733591079711914,268,-0.20625
0.4747281074523926,269,0.0
0.4761619567871094,270,-0.038671874999999994
0.4779679775238037,271,-0.12890625
0.48035597801208496,272,-0.15468749999999998
0.4818429946899414,273,-1.276171875
0.48349595069885254,274,0.0
0.4854249954223633,275,-0.270703125
0.4869210720062256,276,-0.20625
0.48816990852355957,277,-0.2578125
0.48934197425842285,278,-0.21914062499999998
0.4904921054840088,279,0.012890625
0.4916379451751709,280,-0.012890625
0.49277806282043457,281,-0.09023437499999999
0.4939289093017578,282,-0.193359375
0.49512195587158203,283,-0.21914062499999998
0.4962730407714844,284,-0.502734375
0.4974648952484131,285,-1.224609375
0.49886608123779297,286,-1.21171875
0.5003340244293213,287,-0.012890625
0.5017940998077393,288,-0.064453125
0.5033600330352783,289,-0.20625
0.50478196144104,290,-0.322265625
0.5063009262084961,291,-0.20625
0.508044958114624,292,0.012890625
0.5104339122772217,293,0.0
0.5121099948883057,294,-0.18046874999999998
0.5138149261474609,295,-0.43828124999999996
0.5158848762512207,296,-1.405078125
0.5173449516296387,297,-0.0515625
0.5185670852661133,298,-0.141796875
0.5197389125823975,299,-0.167578125
0.5208930969238281,300,-0.322265625
0.5220210552215576,301,-0.399609375
0.5231359004974365,302,-0.23203125
0.524259090423584,303,0.012890625
0.5254058837890625,304,0.012890625
0.5265440940856934,305,-0.012890625
0.5277509689331055,306,-0.2578125
0.5291609764099121,307,-0.20625
0.5306360721588135,308,-0.8765624999999999
0.5321629047393799,309,-1.65
0.5337190628051758,310,-0.116015625
0.5352039337158203,311,-0.09023437499999999
0.5366549491882324,312,-0.103125
0.5384790897369385,313,-0.36093749999999997
0.5406949520111084,314,-0.2578125
0.5421690940856934,315,-0.012890625
0.543766975402832,316,-0.012890625
0.5457150936126709,317,-0.24492187499999998
0.5472009181976318,318,-0.631640625
0.5484468936920166,319,-1.5726562499999999
0.5496320724487305,320,-0.02578125
0.5507888793945312,321,-0.21914062499999998
0.5519371032714844,322,-0.141796875
0.5530679225921631,323,-0.167578125
0.5541889667510986,324,-0.29648437499999997
0.5553309917449951,325,-0.399609375
0.5564699172973633,326,-0.29648437499999997
0.5576739311218262,327,0.0
0.5590651035308838,328,-0.012890625
0.560528039932251,329,-0.02578125
0.562021017074585,330,-0.193359375
0.5635499954223633,331,-0.48984374999999997
0.5649569034576416,332,-1.3792968749999999
0.5664899349212646,333,0.0
0.5682129859924316,334,-0.2578125
0.5705878734588623,335,-0.167578125
0.5720949172973633,336,-0.103125
0.5736589431762695,337,0.064453125
0.5761010646820068,338,0.0
0.5778579711914062,339,-0.012890625
0.579322099685669,340,-0.038671874999999994
0.5807499885559082,341,-0.863671875
0.5821640491485596,342,-1.65
0.5835258960723877,343,-0.0515625
0.5848889350891113,344,-0.103125
0.586432933807373,345,-0.23203125
0.5879790782928467,346,-0.2578125
0.5896689891815186,347,-0.167578125
0.5914239883422852,348,0.012890625
0.5930929183959961,349,-0.012890625
0.5950911045074463,350,-0.193359375
0.5968999862670898,351,-0.18046874999999998
0.5986979007720947,352,-1.26328125
0.600398063659668,353,-0.02578125
0.6033608913421631,354,0.0
0.605518102645874,355,-0.064453125
0.6071579456329346,356,0.28359375
0.6091299057006836,357,-0.012890625
0.6114249229431152,358,-0.012890625
0.6132080554962158,359,-0.09023437499999999
0.6147010326385498,360,-1.095703125
0.6161289215087891,361,-0.116015625
0.6175220012664795,362,-0.12890625
0.6190118789672852,363,-0.167578125
0.6206910610198975,364,-0.012890625
0.6224009990692139,365,-0.33515625
0.6243510246276855,366,0.038671874999999994
0.6262829303741455,367,0.0
0.6280078887939453,368,-0.103125
0.6298248767852783,369,-0.116015625
0.6316559314727783,370,-1.03125
0.6347079277038574,371,-0.103125
0.6368629932403564,372,-0.12890625
0.6385290622711182,373,-0.322265625
0.6404850482940674,374,-0.064453125
0.6427600383758545,375,-0.012890625
0.6445651054382324,376,-0.064453125
0.6460669040679932,377,-0.09023437499999999
0.6474699974060059,378,-0.928125
0.6489238739013672,379,-1.65
0.6505858898162842,380,-0.103125
0.6522960662841797,381,0.0
0.6539928913116455,382,-0.116015625
0.6559920310974121,383,-0.38671875
0.6576430797576904,384,0.103125
0.659282922744751,385,-0.012890625
0.6612188816070557,386,-0.0515625
0.6642251014709473,387,-0.12890625
0.6661200523376465,388,-1.405078125
0.6678080558776855,389,-0.103125
0.6700758934020996,390,-0.20625
0.6722609996795654,391,-0.0515625
0.67380690574646,392,0.28359375
0.6754128932952881,393,0.012890625
0.6768510341644287,394,-0.0515625
0.6781020164489746,395,-0.20625
0.6793479919433594,396,-0.20625
0.6807980537414551,397,-0.992578125
0.6822390556335449,398,-1.65
0.6837999820709229,399,0.012890625
0.6853659152984619,400,-0.116015625
0.686898946762085,401,-0.15468749999999998
0.6882569789886475,402,-0.20625
0.6907520294189453,403,-0.103125
0.6924619674682617,404,0.012890625
0.6940770149230957,405,-0.116015625
0.6962709426879883,406,-0.4125
0.6977050304412842,407,-1.044140625
0.6988930702209473,408,-0.064453125
0.7000410556793213,409,-0.012890625
0.7011749744415283,410,-0.167578125
0.7023019790649414,411,-0.24492187499999998
0.7034220695495605,412,-0.02578125
0.704535961151123,413,-0.29648437499999997
0.7056798934936523,414,-0.33515625
0.7067890167236328,415,-0.12890625
0.7079041004180908,416,0.0
0.7090110778808594,417,-0.012890625
0.7101969718933105,418,-0.0515625
0.7116069793701172,419,-0.270703125
0.7130739688873291,420,-0.33515625
0.7146270275115967,421,-1.198828125
0.7167000770568848,422,-0.02578125
0.7185859680175781,423,-0.20625
0.7212100028991699,424,-0.20625
0.7237589359283447,425,-0.33515625
0.7258260250091553,426,0.0
0.7280769348144531,427,-0.02578125
0.7295958995819092,428,-0.09023437499999999
0.7309238910675049,429,-0.928125
0.7322020530700684,430,-1.65
0.7334730625152588,431,-0.103125
0.7347359657287598,432,-0.2578125
0.7360219955444336,433,-0.2578125
0.7372689247131348,434,-0.064453125
0.7385179996490479,435,-0.37382812499999996
0.741966962814331,436,-0.2578125
0.7436258792877197,437,0.0
0.7450690269470215,438,-0.18046874999999998
0.7464790344238281,439,-0.322265625
0.747730016708374,440,-1.198828125
0.7491960525512695,441,-0.38671875
0.750633955001831,442,-0.0515625
0.7528491020202637,443,-0.064453125
0.754910945892334,444,-0.12890625
0.7564840316772461,445,0.0515625
