time,count,voltage
0.005506038665771484,1,-1.611328125
0.007234096527099609,2,-0.12890625
0.008764982223510742,3,-0.42539062499999997
0.010210037231445312,4,-0.103125
0.011646032333374023,5,-0.09023437499999999
0.013059139251708984,6,0.012890625
0.014426946640014648,7,0.0
0.015774011611938477,8,-0.038671874999999994
0.017262935638427734,9,-0.399609375
0.018791913986206055,10,-0.502734375
0.02049994468688965,11,-1.327734375
0.022195100784301758,12,-0.0515625
0.02746891975402832,13,-0.167578125
0.029043912887573242,14,0.42539062499999997
0.030465126037597656,15,-0.012890625
0.03183102607727051,16,-0.038671874999999994
0.03320598602294922,17,-0.23203125
0.03477191925048828,18,-0.515625
0.03645610809326172,19,-0.9796874999999999
0.038186073303222656,20,-1.65
0.05658602714538574,21,-0.0515625
0.05872201919555664,22,-0.18046874999999998
0.06094694137573242,23,-0.21914062499999998
0.06291413307189941,24,0.0515625
0.06441497802734375,25,0.0
0.06581711769104004,26,-0.012890625
0.06730794906616211,27,-0.348046875
0.06872105598449707,28,-0.54140625
0.0700829029083252,29,-1.327734375
0.07154607772827148,30,-0.07734374999999999
0.07322812080383301,31,-0.09023437499999999
0.07493996620178223,32,-0.167578125
0.07671093940734863,33,-0.21914062499999998
0.0786130428314209,34,-0.30937499999999996
0.08028006553649902,35,0.0
0.08189797401428223,36,-0.012890625
0.08350396156311035,37,-0.18046874999999998
0.08645009994506836,38,-0.4125
0.08884096145629883,39,-1.3921875
0.09028100967407227,40,-0.167578125
0.09192395210266113,41,-0.399609375
0.09385490417480469,42,-0.20625
0.09531593322753906,43,-0.038671874999999994
0.09663891792297363,44,0.0
0.09779095649719238,45,0.012890625
0.09894990921020508,46,-0.0515625
0.10015201568603516,47,-0.399609375
0.10136890411376953,48,-0.43828124999999996
0.10276603698730469,49,-1.03125
0.10416007041931152,50,-1.65
0.10560202598571777,51,0.0
0.10715794563293457,52,-0.23203125
0.1086890697479248,53,-0.43828124999999996
0.11014699935913086,54,-0.12890625
0.11167407035827637,55,-0.193359375
0.11303997039794922,56,0.09023437499999999
0.11525297164916992,57,-0.02578125
0.11740994453430176,58,-0.064453125
0.11893105506896973,59,-0.4125
0.1203451156616211,60,-1.353515625
0.12211799621582031,61,-0.12890625
0.12404298782348633,62,-0.103125
0.12546896934509277,63,-0.399609375
0.12668299674987793,64,-0.28359375
0.12783098220825195,65,-0.33515625
0.12895798683166504,66,-0.12890625
0.13007307052612305,67,0.012890625
0.1312389373779297,68,-0.012890625
0.13259005546569824,69,-0.038671874999999994
0.13408207893371582,70,-0.43828124999999996
0.13553404808044434,71,-0.631640625
0.13712191581726074,72,-1.405078125
0.13853693008422852,73,0.0
0.1399080753326416,74,-0.193359375
0.1412959098815918,75,-0.21914062499999998
0.14375090599060059,76,-0.2578125
0.14542913436889648,77,-0.23203125
0.14687108993530273,78,0.0
0.14873194694519043,79,0.0
0.1505739688873291,80,-0.167578125
0.15199708938598633,81,-0.37382812499999996
0.15319299697875977,82,-1.2374999999999998
0.15432500839233398,83,0.0
0.1554429531097412,84,-0.02578125
0.1565721035003662,85,-0.193359375
0.15769600868225098,86,-0.270703125
0.15881896018981934,87,-0.29648437499999997
0.1599280834197998,88,-0.37382812499999996
0.1610419750213623,89,-0.451171875
0.16222190856933594,90,-0.2578125
0.16357994079589844,91,0.0
0.16503596305847168,92,-0.02578125
0.16654205322265625,93,-0.12890625
0.16811394691467285,94,-0.399609375
0.16954612731933594,95,-0.9796874999999999
0.17090106010437012,96,-1.65
0.17219305038452148,97,0.012890625
0.174605131149292,98,-0.2578125
0.17644190788269043,99,-0.2578125
0.1778271198272705,100,-0.37382812499999996
0.17950105667114258,101,-0.07734374999999999
0.18147611618041992,102,0.012890625
0.18300390243530273,103,-0.012890625
0.1842489242553711,104,-0.37382812499999996
0.18542909622192383,105,-0.734765625
0.18658804893493652,106,-1.405078125
0.18771600723266602,107,-0.0515625
0.18883991241455078,108,-0.0515625
0.18994998931884766,109,-0.2578125
0.19104504585266113,110,-0.30937499999999996
0.19221210479736328,111,-0.2578125
0.19356298446655273,112,-0.38671875
0.19500398635864258,113,-0.348046875
0.19645404815673828,114,-0.012890625
0.19799399375915527,115,0.012890625
0.19946694374084473,116,-0.012890625
0.20089507102966309,117,-0.4125
0.20233702659606934,118,-0.64453125
0.20424103736877441,119,-1.456640625
0.20652103424072266,120,0.0
0.2080690860748291,121,-0.12890625
0.2094719409942627,122,-0.15468749999999998
0.21130990982055664,123,-0.4125
0.2131819725036621,124,-0.07734374999999999
0.214555025100708,125,-0.012890625
0.21573996543884277,126,-0.038671874999999994
0.21698307991027832,127,-0.42539062499999997
0.21812701225280762,128,-0.4640625
0.21924805641174316,129,-1.0828125
0.22036099433898926,130,-1.65
0.22147107124328613,131,0.0
0.2226400375366211,132,-0.167578125
0.22401213645935059,133,-0.116015625
0.22547197341918945,134,-0.4125
0.2269279956817627,135,-0.23203125
0.22853302955627441,136,-0.20625
0.2299959659576416,137,0.0
0.23140406608581543,138,0.0
0.23323297500610352,139,-0.02578125
0.2355051040649414,140,-0.4125
0.2370319366455078,141,-1.2503906249999999
0.23848605155944824,142,0.012890625
0.24036407470703125,143,-0.15468749999999998
0.24216103553771973,144,-0.270703125
0.24347209930419922,145,-0.20625
0.2446601390838623,146,-0.167578125
0.24582791328430176,147,-0.02578125
0.24704694747924805,148,-0.012890625
0.248183012008667,149,-0.0515625
0.24929094314575195,150,-0.12890625
0.250399112701416,151,-0.4125
0.2515139579772949,152,-0.515625
0.2526869773864746,153,-1.147265625
0.254040002822876,154,-1.65
0.25551295280456543,155,0.0
0.256972074508667,156,-0.141796875
0.25855302810668945,157,-0.37382812499999996
0.25997495651245117,158,-0.09023437499999999
0.2613859176635742,159,-0.23203125
0.26306605339050293,160,-0.012890625
0.2655179500579834,161,0.0
0.26717305183410645,162,-0.20625
0.26857709884643555,163,-0.348046875
0.27040910720825195,164,-1.16015625
0.27226805686950684,165,-0.103125
0.27362704277038574,166,-0.20625
0.27481698989868164,167,-0.399609375
0.2760450839996338,168,-0.116015625
0.2771899700164795,169,-0.43828124999999996
0.2783229351043701,170,-0.30937499999999996
0.2794461250305176,171,0.012890625
0.28055405616760254,172,-0.012890625
0.2816479206085205,173,-0.012890625
0.28281497955322266,174,-0.20625
0.2841799259185791,175,-0.515625
0.28564906120300293,176,-0.6832031249999999
0.2872140407562256,177,-1.482421875
0.28881192207336426,178,0.0
0.29026198387145996,179,-0.116015625
0.29165101051330566,180,-0.33515625
0.2964639663696289,181,0.0
0.2979850769042969,182,-0.36093749999999997
0.29960203170776367,183,-0.02578125
0.3015470504760742,184,-0.4125
0.30322813987731934,185,-0.889453125
0.3045229911804199,186,-0.451171875
0.3056831359863281,187,-0.07734374999999999
0.30696606636047363,188,-0.20625
0.30821704864501953,189,-0.399609375
0.3094000816345215,190,-0.193359375
0.31052708625793457,191,-0.4640625
0.3116319179534912,192,-0.36093749999999997
0.3128061294555664,193,0.0
0.31417107582092285,194,-0.012890625
0.31560397148132324,195,-0.02578125
0.31730198860168457,196,-0.322265625
0.31880998611450195,197,-0.476953125
0.3201589584350586,198,-1.340625
0.3215000629425049,199,-0.103125
0.3234529495239258,200,-0.116015625
0.32561492919921875,201,-0.02578125
0.32722997665405273,202,-0.270703125
0.3288230895996094,203,-0.07734374999999999
0.33081507682800293,204,0.012890625
0.3324439525604248,205,-0.038671874999999994
0.3337371349334717,206,-0.33515625
0.3349020481109619,207,-0.4640625
0.336061954498291,208,-1.134375
0.3371860980987549,209,-1.65
0.3382899761199951,210,0.012890625
0.33940911293029785,211,-0.116015625
0.3405580520629883,212,-0.116015625
0.34167909622192383,213,-0.37382812499999996
0.34285497665405273,214,-0.15468749999999998
0.3442070484161377,215,-0.38671875
0.34566211700439453,216,-0.2578125
0.3472731113433838,217,0.012890625
0.34884190559387207,218,-0.0515625
0.3502819538116455,219,-0.30937499999999996
0.35164713859558105,220,-0.37382812499999996
0.3545551300048828,221,-1.0828125
0.3565349578857422,222,0.0
0.35797595977783203,223,-0.20625
0.3594639301300049,224,-0.20625
0.3613920211791992,225,-0.30937499999999996
0.36310410499572754,226,0.07734374999999999
0.3644070625305176,227,0.012890625
0.365584135055542,228,-0.0515625
0.3667459487915039,229,-0.399609375
0.3678760528564453,230,-0.451171875
0.3689849376678467,231,-0.992578125
0.370089054107666,232,-1.5984375
0.371204137802124,233,0.0
0.372312068939209,234,-0.07734374999999999
0.3735320568084717,235,-0.23203125
0.3748891353607178,236,-0.37382812499999996
0.3763411045074463,237,-0.02578125
0.3777639865875244,238,-0.36093749999999997
0.37933993339538574,239,-0.09023437499999999
0.38081812858581543,240,0.0
0.3822059631347656,241,-0.02578125
0.38347911834716797,242,-0.348046875
0.385836124420166,243,-0.515625
0.3877699375152588,244,-1.3148437499999999
0.38918113708496094,245,0.0
0.3907599449157715,246,-0.12890625
0.3926520347595215,247,-0.399609375
0.39420104026794434,248,-0.322265625
0.39546895027160645,249,-0.012890625
0.396665096282959,250,0.012890625
0.397813081741333,251,-0.012890625
0.39893198013305664,252,-0.012890625
0.40003395080566406,253,-0.37382812499999996
0.4011380672454834,254,-0.515625
0.4022250175476074,255,-0.992578125
0.40331101417541504,256,-1.546875
0.40448999404907227,257,-0.103125
0.40585994720458984,258,-0.116015625
0.4073951244354248,259,-0.12890625
0.40881991386413574,260,-0.36093749999999997
0.41036009788513184,261,-0.20625
0.41181111335754395,262,-0.141796875
0.41321802139282227,263,0.0
0.4148859977722168,264,-0.012890625
0.4173259735107422,265,-0.0515625
0.41891002655029297,266,-0.30937499999999996
0.4203050136566162,267,-1.26328125
0.4221000671386719,268,-0.0515625
0.42400193214416504,269,-0.12890625
0.42540502548217773,270,-0.28359375
0.42660093307495117,271,-0.20625
0.42774105072021484,272,-0.270703125
0.4288771152496338,273,-0.15468749999999998
0.4300100803375244,274,0.0
0.43111205101013184,275,-0.012890625
0.43221402168273926,276,-0.02578125
0.43331193923950195,277,-0.399609375
0.43450307846069336,278,-0.476953125
0.43596911430358887,279,-0.966796875
0.43746113777160645,280,-1.65
0.4389510154724121,281,0.0
0.4404919147491455,282,-0.20625
0.44184112548828125,283,-0.42539062499999997
0.443195104598999,284,-0.103125
0.4448730945587158,285,-0.30937499999999996
0.4473690986633301,286,-0.09023437499999999
0.44897913932800293,287,-0.012890625
0.4503660202026367,288,-0.33515625
0.45220494270324707,289,-0.399609375
0.4541280269622803,290,-1.224609375
0.4555199146270752,291,0.0
0.45674800872802734,292,-0.23203125
0.4579041004180908,293,-0.399609375
0.4590489864349365,294,-0.270703125
0.4601619243621826,295,-0.29648437499999997
0.46128392219543457,296,-0.322265625
0.46242213249206543,297,-0.12890625
0.46352505683898926,298,0.0
0.4647040367126465,299,-0.012890625
0.4661679267883301,300,-0.0515625
0.46764111518859863,301,-0.451171875
0.46918797492980957,302,-0.734765625
0.4706759452819824,303,-1.5082031249999999
0.47206592559814453,304,0.0
0.4734609127044678,305,-0.0515625
0.47527599334716797,306,-0.270703125
0.4777231216430664,307,-0.23203125
0.4792799949645996,308,0.167578125
0.48070406913757324,309,0.0
0.4826231002807617,310,-0.012890625
0.484403133392334,311,-0.322265625
0.4857149124145508,312,-0.7218749999999999
0.4869699478149414,313,-1.4953124999999998
0.4881300926208496,314,0.0
0.4892439842224121,315,-0.103125
0.4903550148010254,316,-0.0515625
0.49146008491516113,317,-0.42539062499999997
0.4925711154937744,318,-0.2578125
0.4936671257019043,319,-0.476953125
0.49486303329467773,320,-0.451171875
0.49629712104797363,321,-0.012890625
0.4977610111236572,322,-0.012890625
0.49927592277526855,323,-0.02578125
0.5008699893951416,324,-0.37382812499999996
0.50229811668396,325,-0.631640625
0.5037009716033936,326,-1.41796875
0.5051009654998779,327,0.0
0.5076401233673096,328,-0.116015625
0.5094189643859863,329,-0.322265625
0.5108001232147217,330,-0.18046874999999998
0.5123651027679443,331,-0.07734374999999999
0.5143139362335205,332,0.0
0.5159659385681152,333,-0.0515625
0.5172560214996338,334,-0.37382812499999996
0.5184290409088135,335,-0.54140625
0.5195610523223877,336,-1.2374999999999998
0.520672082901001,337,-1.65
0.5217649936676025,338,0.0
0.5228519439697266,339,-0.12890625
0.5239560604095459,340,-0.103125
0.5251340866088867,341,-0.37382812499999996
0.526623010635376,342,-0.193359375
0.5280530452728271,343,-0.2578125
0.529541015625,344,0.038671874999999994
0.5310709476470947,345,0.0
0.5325350761413574,346,-0.038671874999999994
0.5340161323547363,347,-0.4125
0.5353789329528809,348,-0.54140625
0.5376451015472412,349,-1.340625
0.5396420955657959,350,-0.21914062499999998
0.5411200523376465,351,-0.116015625
0.5425999164581299,352,-0.29648437499999997
0.5444889068603516,353,-0.29648437499999997
0.5462429523468018,354,0.02578125
0.5475549697875977,355,-0.012890625
0.5487370491027832,356,-0.038671874999999994
0.549889087677002,357,-0.36093749999999997
0.5510249137878418,358,-0.515625
0.5521430969238281,359,-0.9152343749999999
0.5532639026641846,360,-1.4953124999999998
0.5543680191040039,361,-0.02578125
0.5555570125579834,362,-0.103125
0.5569601058959961,363,-0.012890625
0.5584020614624023,364,-0.36093749999999997
0.5598580837249756,365,-0.193359375
0.561331033706665,366,-0.322265625
0.5627081394195557,367,0.0
0.5640749931335449,368,0.0
0.5655059814453125,369,-0.0515625
0.5677180290222168,370,-0.29648437499999997
0.569843053817749,371,-0.515625
0.5713269710540771,372,-1.65
0.5728380680084229,373,-0.103125
0.5747690200805664,374,-0.02578125
0.5765509605407715,375,-0.21914062499999998
0.5778470039367676,376,-0.33515625
0.5790209770202637,377,-0.064453125
0.5801770687103271,378,0.012890625
0.581308126449585,379,-0.02578125
0.5824379920959473,380,-0.09023437499999999
0.5835669040679932,381,-0.42539062499999997
0.5846850872039795,382,-0.515625
0.5859200954437256,383,-1.0828125
0.5873479843139648,384,-1.65
0.5888090133666992,385,0.0
0.5903029441833496,386,-0.23203125
0.5918319225311279,387,-0.28359375
0.5932519435882568,388,-0.20625
0.594689130783081,389,-0.29648437499999997
0.5961830615997314,390,-0.038671874999999994
0.5986161231994629,391,0.0
0.6004629135131836,392,-0.064453125
0.6018979549407959,393,-0.322265625
0.6035299301147461,394,-1.1859374999999999
0.6054949760437012,395,-0.18046874999999998
0.607151985168457,396,-0.116015625
0.6084120273590088,397,-0.399609375
0.6095631122589111,398,-0.15468749999999998
0.6106939315795898,399,-0.37382812499999996
0.6118199825286865,400,-0.270703125
0.6129729747772217,401,0.0
0.6140820980072021,402,-0.012890625
0.6152291297912598,403,-0.0515625
0.6165299415588379,404,-0.270703125
0.6179819107055664,405,-0.4640625
0.6195459365844727,406,-0.95390625
0.6209940910339355,407,-1.65
0.6224119663238525,408,-0.012890625
0.6237199306488037,409,-0.193359375
0.6252179145812988,410,-0.48984374999999997
0.6267240047454834,411,-0.15468749999999998
0.6290531158447266,412,-0.23203125
0.6310241222381592,413,0.012890625
0.63248610496521,414,-0.0515625
0.6340410709381104,415,-0.399609375
0.6360559463500977,416,-0.476953125
0.6377260684967041,417,-1.4953124999999998
0.6390089988708496,418,-0.02578125
0.6401710510253906,419,-0.20625
0.6412909030914307,420,-0.33515625
0.642401933670044,421,-0.2578125
0.6435089111328125,422,-0.2578125
0.64463210105896,423,-0.322265625
0.6457431316375732,424,-0.103125
0.647010087966919,425,0.012890625
0.6484019756317139,426,-0.02578125
0.6498639583587646,427,-0.12890625
0.6513519287109375,428,-0.43828124999999996
0.6529240608215332,429,-0.928125
0.6543810367584229,430,-1.65
0.655785083770752,431,0.0
0.657257080078125,432,-0.20625
0.659419059753418,433,-0.4125
0.6614670753479004,434,-0.38671875
0.6629281044006348,435,0.193359375
0.6644129753112793,436,-0.012890625
0.6663601398468018,437,-0.02578125
0.6680910587310791,438,-0.348046875
0.6693949699401855,439,-0.928125
0.6705770492553711,440,-1.65
0.6717119216918945,441,0.0
0.6728289127349854,442,-0.167578125
0.6739320755004883,443,-0.12890625
