time,count,voltage
0.00518798828125,1,-0.605859375
0.006865024566650391,2,-1.5082031249999999
0.008339166641235352,3,-0.20625
0.00978708267211914,4,-0.399609375
0.011198997497558594,5,-0.631640625
0.012844085693359375,6,-0.38671875
0.014642000198364258,7,-0.2578125
0.016416072845458984,8,-0.012890625
0.018193960189819336,9,-0.103125
0.019819974899291992,10,-0.48984374999999997
0.021409988403320312,11,-0.7734375
0.022840023040771484,12,-1.6242187499999998
0.02424001693725586,13,-0.0515625
0.02559518814086914,14,-0.2578125
0.026973962783813477,15,-0.30937499999999996
0.028548002243041992,16,-0.4125
0.03025507926940918,17,-0.399609375
0.03196406364440918,18,-0.0515625
0.03373003005981445,19,-0.0515625
0.03554797172546387,20,-0.23203125
0.03730607032775879,21,-0.580078125
0.03906512260437012,22,-1.173046875
0.04071307182312012,23,0.0
0.04244518280029297,24,-0.270703125
0.04453301429748535,25,-0.30937499999999996
0.04744696617126465,26,-0.20625
0.04954218864440918,27,0.48984374999999997
0.05123114585876465,28,-0.12890625
0.05289602279663086,29,-0.43828124999999996
0.0551600456237793,30,-0.6703125
0.0573580265045166,31,-1.65
0.05908799171447754,32,-0.270703125
0.06055712699890137,33,-0.322265625
0.06195998191833496,34,-0.4125
0.06334114074707031,35,-0.4125
0.06470608711242676,36,-0.167578125
0.06606411933898926,37,-0.012890625
0.0675051212310791,38,-0.103125
0.06886410713195801,39,-0.348046875
0.07022619247436523,40,-0.6832031249999999
0.07157301902770996,41,-1.147265625
0.07291698455810547,42,-1.65
0.07425713539123535,43,-0.012890625
0.0755929946899414,44,-0.29648437499999997
0.07695698738098145,45,-0.270703125
0.07842302322387695,46,-0.734765625
0.0799400806427002,47,-0.4125
0.08163714408874512,48,-0.15468749999999998
0.08332514762878418,49,-0.012890625
0.08509111404418945,50,-0.167578125
0.08709001541137695,51,-0.54140625
0.08882713317871094,52,-1.044140625
0.09055304527282715,53,0.0
0.09240603446960449,54,-0.23203125
0.0952150821685791,55,-0.29648437499999997
0.09717416763305664,56,-0.36093749999999997
0.09887909889221191,57,0.038671874999999994
0.10056710243225098,58,-0.02578125
0.1027519702911377,59,-0.21914062499999998
0.10495114326477051,60,-0.580078125
0.10662317276000977,61,-1.5597656249999998
0.10831308364868164,62,-0.064453125
0.10982704162597656,63,-0.42539062499999997
0.1112980842590332,64,-0.476953125
0.11278414726257324,65,-0.37382812499999996
0.11441898345947266,66,-0.20625
0.11596012115478516,67,-0.012890625
0.11748909950256348,68,-0.09023437499999999
0.11899709701538086,69,-0.348046875
0.12094998359680176,70,-0.6703125
0.1232609748840332,71,-1.2890625
0.12478208541870117,72,-0.02578125
0.1262800693511963,73,-0.33515625
0.12837600708007812,74,-0.48984374999999997
0.13001513481140137,75,-0.4640625
0.1312870979309082,76,0.0
0.13244915008544922,77,0.0
0.13358712196350098,78,-0.0515625
0.1347200870513916,79,-0.270703125
0.13584017753601074,80,-0.6703125
0.1369931697845459,81,-0.7863281249999999
0.13812613487243652,82,-1.3019531249999998
0.13935518264770508,83,-1.65
0.14077115058898926,84,-0.103125
0.1422431468963623,85,-0.2578125
0.14377403259277344,86,-0.29648437499999997
0.14532208442687988,87,-0.6703125
0.14682412147521973,88,-0.54140625
0.14835000038146973,89,-0.2578125
0.15014410018920898,90,-0.012890625
0.15254902839660645,91,-0.12890625
0.15413713455200195,92,-0.554296875
0.15553498268127441,93,-1.2890625
0.1574091911315918,94,0.0
0.15923619270324707,95,-0.24492187499999998
0.1605980396270752,96,-0.322265625
0.16177105903625488,97,-0.322265625
0.16291213035583496,98,-0.4640625
0.1640300750732422,99,-0.322265625
0.16514301300048828,100,0.0
0.16625618934631348,101,-0.0515625
0.16739511489868164,102,-0.193359375
0.16851115226745605,103,-0.42539062499999997
0.16972804069519043,104,-0.7863281249999999
0.17112398147583008,105,-1.03125
0.17258596420288086,106,-1.65
0.17415118217468262,107,0.0
0.17568206787109375,108,-0.33515625
0.17710614204406738,109,-0.322265625
0.17855405807495117,110,-0.33515625
0.1803300380706787,111,-0.43828124999999996
0.18270301818847656,112,-0.20625
0.18428301811218262,113,-0.07734374999999999
0.18567705154418945,114,-0.37382812499999996
0.1876230239868164,115,-0.6703125
0.18946599960327148,116,-1.3664062499999998
0.1908111572265625,117,0.0
0.19198203086853027,118,-0.23203125
0.19312310218811035,119,-0.33515625
0.1942451000213623,120,-0.42539062499999997
0.1953721046447754,121,-0.193359375
0.19649004936218262,122,-0.28359375
0.19769811630249023,123,-0.20625
0.19883203506469727,124,0.0
0.2000730037689209,125,-0.0515625
0.20151901245117188,126,-0.2578125
0.20296907424926758,127,-0.6187499999999999
0.2045459747314453,128,-0.8765624999999999
0.2061460018157959,129,-1.5984375
0.20761799812316895,130,-0.0515625
0.2090911865234375,131,-0.23203125
0.2108771800994873,132,-0.38671875
0.21323204040527344,133,-0.2578125
0.2148120403289795,134,0.18046874999999998
0.21629595756530762,135,-0.012890625
0.21833395957946777,136,-0.12890625
0.22004103660583496,137,-0.580078125
0.22135710716247559,138,-1.00546875
0.22254610061645508,139,-1.65
0.22368907928466797,140,0.0
0.22481513023376465,141,-0.193359375
0.22592997550964355,142,-0.36093749999999997
0.22706913948059082,143,-0.43828124999999996
0.22819113731384277,144,-0.36093749999999997
0.22931408882141113,145,-0.580078125
0.23052215576171875,146,-0.43828124999999996
0.23192811012268066,147,-0.012890625
0.2333691120147705,148,-0.0515625
0.23494601249694824,149,-0.20625
0.23650598526000977,150,-0.605859375
0.23800396919250488,151,-0.9152343749999999
0.23941516876220703,152,-1.65
0.2411961555480957,153,-0.322265625
0.24350214004516602,154,-0.322265625
0.24506497383117676,155,-0.580078125
0.24649596214294434,156,-0.54140625
0.24850797653198242,157,-0.270703125
0.25030016899108887,158,-0.012890625
0.2516040802001953,159,-0.167578125
0.25278711318969727,160,-0.5671875
0.2539350986480713,161,-0.8121093749999999
0.2550690174102783,162,-1.3921875
0.2561941146850586,163,-0.502734375
0.2573411464691162,164,0.012890625
0.2584800720214844,165,-0.33515625
0.25958895683288574,166,-0.270703125
0.2607841491699219,167,-0.605859375
0.26218414306640625,168,-0.141796875
0.2636260986328125,169,-0.2578125
0.2652280330657959,170,0.0
0.26701998710632324,171,-0.02578125
0.26851701736450195,172,-0.193359375
0.270035982131958,173,-0.580078125
0.2720949649810791,174,-0.992578125
0.274306058883667,175,-1.65
0.2757720947265625,176,-0.30937499999999996
0.27725911140441895,177,-0.322265625
0.2792210578918457,178,-0.21914062499999998
0.28096699714660645,179,-0.20625
0.2822530269622803,180,-0.0515625
0.28342199325561523,181,-0.0515625
0.284574031829834,182,-0.270703125
0.28575706481933594,183,-0.631640625
0.28691911697387695,184,-0.7734375
0.28804802894592285,185,-1.2890625
0.2891721725463867,186,-1.65
0.2902791500091553,187,-0.012890625
0.2914760112762451,188,-0.2578125
0.2928609848022461,189,-0.399609375
0.29429197311401367,190,-0.4640625
0.2958371639251709,191,-0.15468749999999998
0.29755616188049316,192,-0.12890625
0.2992110252380371,193,0.0
0.30080103874206543,194,-0.141796875
0.30314207077026367,195,-0.37382812499999996
0.3052711486816406,196,-0.64453125
0.30678606033325195,197,-0.8507812499999999
0.30880308151245117,198,-0.20625
0.3105661869049072,199,-0.24492187499999998
0.3119840621948242,200,-0.2578125
0.3133230209350586,201,-0.36093749999999997
0.3146030902862549,202,-0.141796875
0.3158531188964844,203,0.0
0.3175771236419678,204,-0.07734374999999999
0.3188810348510742,205,-0.33515625
0.32016897201538086,206,-0.708984375
0.32587099075317383,207,-1.16015625
0.32778310775756836,208,-1.65
0.32970404624938965,209,-0.270703125
0.3320021629333496,210,-0.02578125
0.3347890377044678,211,-0.012890625
0.33649206161499023,212,-0.322265625
0.3388490676879883,213,-0.708984375
0.3406851291656494,214,-1.65
0.34217214584350586,215,-0.33515625
0.3434569835662842,216,-0.322265625
0.34475111961364746,217,-0.515625
0.3460049629211426,218,-0.29648437499999997
0.34735107421875,219,-0.2578125
0.3487889766693115,220,0.0
0.35063695907592773,221,-0.064453125
0.35673999786376953,222,-0.2578125
0.3589060306549072,223,-0.6703125
0.36081600189208984,224,-0.29648437499999997
0.363537073135376,225,-0.30937499999999996
0.365725040435791,226,-0.12890625
0.3676571846008301,227,-0.038671874999999994
0.3699910640716553,228,-0.23203125
0.37150096893310547,229,-0.69609375
0.3728311061859131,230,-1.65
0.3741931915283203,231,-0.103125
0.3754541873931885,232,-0.29648437499999997
0.37680602073669434,233,-0.322265625
0.37810516357421875,234,-0.37382812499999996
0.3793630599975586,235,-0.322265625
0.38063716888427734,236,-0.21914062499999998
0.38614797592163086,237,0.0
0.38831615447998047,238,-0.02578125
0.39014196395874023,239,-1.224609375
0.39228200912475586,240,-0.103125
0.3949141502380371,241,-0.193359375
0.3966410160064697,242,-0.48984374999999997
0.39905309677124023,243,-0.0515625
0.40096211433410645,244,-0.0515625
0.4023711681365967,245,-0.29648437499999997
0.40367603302001953,246,-0.631640625
0.40498805046081543,247,-1.147265625
0.4062790870666504,248,-1.65
0.40755414962768555,249,-0.20625
0.40904712677001953,250,-0.2578125
0.41033411026000977,251,-0.2578125
0.4115869998931885,252,-0.631640625
0.41715407371520996,253,-0.580078125
0.41899800300598145,254,-0.37382812499999996
0.4205479621887207,255,-0.502734375
0.4220771789550781,256,-1.147265625
0.4246180057525635,257,-0.167578125
0.4263451099395752,258,-0.2578125
0.4278411865234375,259,-0.476953125
0.4299781322479248,260,-0.43828124999999996
0.43158698081970215,261,-0.15468749999999998
0.4328281879425049,262,-0.0515625
0.4339921474456787,263,-0.141796875
0.43512701988220215,264,-0.399609375
0.4362499713897705,265,-0.708984375
0.43741416931152344,266,-0.992578125
0.4385521411895752,267,-1.546875
0.43967199325561523,268,-0.012890625
0.4407930374145508,269,-0.064453125
0.4419059753417969,270,-0.399609375
0.44301605224609375,271,-0.399609375
0.4442281723022461,272,-0.6574218749999999
0.445667028427124,273,-0.18046874999999998
0.44713902473449707,274,-0.193359375
0.4487340450286865,275,0.0
0.45021700859069824,276,-0.0515625
0.45157313346862793,277,-0.23203125
0.4529111385345459,278,-0.580078125
0.45504117012023926,279,-0.837890625
0.45716214179992676,280,-1.65
0.45862317085266113,281,-0.270703125
0.4600679874420166,282,-0.28359375
0.4620051383972168,283,-0.4125
0.4638211727142334,284,-0.23203125
0.46515917778015137,285,0.18046874999999998
0.46634912490844727,286,-0.02578125
0.4675281047821045,287,-0.18046874999999998
0.4686610698699951,288,-0.515625
0.46979403495788574,289,-0.760546875
0.4709281921386719,290,-1.095703125
0.47207117080688477,291,-1.65
0.47318100929260254,292,0.0
0.4743690490722656,293,-0.167578125
0.4758031368255615,294,-0.33515625
0.4773080348968506,295,-0.43828124999999996
0.47890496253967285,296,-0.270703125
0.48047709465026855,297,-0.2578125
0.4818150997161865,298,0.07734374999999999
0.48315000534057617,299,-0.0515625
0.4848761558532715,300,-0.167578125
0.48723506927490234,301,-0.5285156249999999
0.4887971878051758,302,-1.2374999999999998
0.4901580810546875,303,-0.15468749999999998
0.4919610023498535,304,-0.23203125
0.4938480854034424,305,-0.30937499999999996
0.49524807929992676,306,-0.502734375
0.4964599609375,307,-0.37382812499999996
0.4977390766143799,308,-0.20625
0.4988901615142822,309,0.0
0.5000259876251221,310,-0.09023437499999999
0.5011579990386963,311,-0.23203125
0.5023171901702881,312,-0.6187499999999999
0.5034630298614502,313,-0.8121093749999999
0.5046980381011963,314,-1.276171875
0.5061261653900146,315,-1.65
0.5075881481170654,316,-0.20625
0.5090291500091553,317,-0.33515625
0.5105781555175781,318,-0.48984374999999997
0.5120279788970947,319,-0.33515625
0.5133941173553467,320,-0.33515625
0.5147161483764648,321,-0.103125
0.5170481204986572,322,-0.012890625
0.5186929702758789,323,-0.15468749999999998
0.5204629898071289,324,-0.5671875
0.5219440460205078,325,-1.16015625
0.5233500003814697,326,-0.15468749999999998
0.5252180099487305,327,-0.193359375
0.5270330905914307,328,-0.33515625
0.5284039974212646,329,-0.38671875
0.529608964920044,330,-0.42539062499999997
0.5307650566101074,331,-0.2578125
0.5318939685821533,332,0.0
0.5330071449279785,333,-0.103125
0.5341379642486572,334,-0.21914062499999998
0.5353620052337646,335,-0.605859375
0.5368630886077881,336,-0.837890625
0.5383410453796387,337,-1.26328125
0.539884090423584,338,-0.6187499999999999
0.5414321422576904,339,-0.12890625
0.542849063873291,340,-0.322265625
0.5442559719085693,341,-0.515625
0.5456140041351318,342,-0.103125
0.5480451583862305,343,-0.116015625
0.5500161647796631,344,-0.02578125
0.5514559745788574,345,-0.20625
0.5530250072479248,346,-0.580078125
0.5549991130828857,347,-0.8121093749999999
0.5566310882568359,348,-1.65
0.5579910278320312,349,-0.193359375
0.5591740608215332,350,-0.28359375
0.5603079795837402,351,-0.580078125
0.5614399909973145,352,-0.4125
0.5625519752502441,353,-0.515625
0.5636651515960693,354,-0.399609375
0.5647761821746826,355,-0.02578125
0.565972089767456,356,-0.012890625
0.5674431324005127,357,-0.12890625
0.5692131519317627,358,-0.4125
0.570713996887207,359,-0.6703125
0.572282075881958,360,-1.405078125
0.5736629962921143,361,0.0
0.5750060081481934,362,-0.270703125
0.5766310691833496,363,-0.29648437499999997
0.5791561603546143,364,-0.605859375
0.5806951522827148,365,-0.30937499999999996
0.5823521614074707,366,0.012890625
0.5843429565429688,367,-0.038671874999999994
0.5857620239257812,368,-0.29648437499999997
0.5870020389556885,369,-0.580078125
0.5881710052490234,370,-1.198828125
0.5893239974975586,371,-1.65
0.5904550552368164,372,-0.064453125
0.591576099395752,373,-0.322265625
0.5926871299743652,374,-0.193359375
0.5937941074371338,375,-0.5671875
0.5949070453643799,376,-0.322265625
0.5961301326751709,377,-0.4640625
0.5975849628448486,378,-0.33515625
0.5990371704101562,379,-0.0515625
0.6005079746246338,380,-0.0515625
0.6020350456237793,381,-0.2578125
0.6034870147705078,382,-0.6703125
0.6048879623413086,383,-1.198828125
0.6063721179962158,384,-1.65
0.6081721782684326,385,-0.09023437499999999
0.6105179786682129,386,-0.399609375
0.6121129989624023,387,-0.37382812499999996
0.61350417137146,388,-0.270703125
0.6152980327606201,389,-0.02578125
0.6171860694885254,390,-0.0515625
0.6185569763183594,391,-0.23203125
0.619744062423706,392,-0.605859375
0.6209080219268799,393,-1.03125
0.6220591068267822,394,-1.5984375
0.6231880187988281,395,-0.012890625
0.6243641376495361,396,-0.167578125
0.6255249977111816,397,-0.4125
0.6267781257629395,398,-0.37382812499999996
0.6282069683074951,399,-0.30937499999999996
0.6296730041503906,400,-0.348046875
0.6312661170959473,401,-0.12890625
0.6327950954437256,402,0.0
0.6341760158538818,403,-0.141796875
0.6356229782104492,404,-0.451171875
0.6370410919189453,405,-0.6832031249999999
0.6394691467285156,406,-1.276171875
0.641319990158081,407,-0.103125
0.6427350044250488,408,-0.348046875
0.6443431377410889,409,-0.631640625
0.6463601589202881,410,-0.167578125
0.6479861736297607,411,0.15468749999999998
0.6492700576782227,412,0.012890625
0.6504361629486084,413,-0.103125
0.6515791416168213,414,-0.348046875
0.6527149677276611,415,-0.6832031249999999
0.6538591384887695,416,-0.889453125
0.6549880504608154,417,-1.482421875
0.6561071872711182,418,-0.038671874999999994
0.6573970317840576,419,-0.0515625
0.6588170528411865,420,-0.2578125
0.6602520942687988,421,-0.322265625
0.6617741584777832,422,-0.64453125
0.6632950305938721,423,-0.54140625
0.6647350788116455,424,-0.141796875
0.6661481857299805,425,0.012890625
0.6675150394439697,426,-0.116015625
0.669619083404541,427,-0.4125
0.6717851161956787,428,-0.6574218749999999
0.6732850074768066,429,-1.65
0.6747710704803467,430,-0.28359375
0.6767401695251465,431,-0.29648437499999997
0.678462028503418,432,-0.5285156249999999
0.6797690391540527,433,-0.476953125
0.6809561252593994,434,-0.18046874999999998
0.6821110248565674,435,0.0
0.6832339763641357,436,-0.0515625
0.6843559741973877,437,-0.23203125
0.6854860782623291,438,-0.5671875
0.6866061687469482,439,-0.7863281249999999
