time,count,voltage
0.007642030715942383,1,-0.23203125
0.009319067001342773,2,-0.20625
0.010771036148071289,3,0.0
0.012562990188598633,4,-0.012890625
0.014352083206176758,5,-0.322265625
0.01626420021057129,6,-0.6703125
0.017856121063232422,7,-1.65
0.019543170928955078,8,-0.064453125
0.021116018295288086,9,-0.038671874999999994
0.022523164749145508,10,-0.167578125
0.023888111114501953,11,-0.37382812499999996
0.02527308464050293,12,-0.167578125
0.026627063751220703,13,0.012890625
0.028240203857421875,14,0.0
0.03002309799194336,15,-0.07734374999999999
0.031812191009521484,16,-0.30937499999999996
0.033631086349487305,17,-1.147265625
0.03537702560424805,18,0.0
0.037065982818603516,19,-0.07734374999999999
0.03875899314880371,20,-0.270703125
0.04036998748779297,21,-0.30937499999999996
0.04204201698303223,22,-0.12890625
0.045179128646850586,23,0.0
0.0475921630859375,24,-0.012890625
0.04929304122924805,25,-0.4125
0.050988197326660156,26,-1.5597656249999998
0.05353713035583496,27,-0.012890625
0.0557401180267334,28,-0.23203125
0.0573270320892334,29,-0.29648437499999997
0.05875802040100098,30,0.038671874999999994
0.06023001670837402,31,0.0
0.06167316436767578,32,0.0
0.0630180835723877,33,-0.18046874999999998
0.06440901756286621,34,-0.30937499999999996
0.0657951831817627,35,-0.8765624999999999
0.0671842098236084,36,-1.65
0.0685720443725586,37,0.0
0.07016420364379883,38,-0.12890625
0.0718221664428711,39,-0.30937499999999996
0.07327103614807129,40,-0.064453125
0.07470512390136719,41,-0.103125
0.07628321647644043,42,-0.012890625
0.07783699035644531,43,0.012890625
0.07950806617736816,44,-0.0515625
0.08124899864196777,45,-0.33515625
0.08291816711425781,46,-0.8765624999999999
0.08506608009338379,47,-1.353515625
0.08692598342895508,48,0.0
0.08858299255371094,49,-0.37382812499999996
0.08994698524475098,50,-0.07734374999999999
0.09232401847839355,51,-0.064453125
0.09435009956359863,52,0.0
0.09582901000976562,53,-0.012890625
0.09757614135742188,54,-0.322265625
0.09963107109069824,55,-0.5671875
0.1010282039642334,56,-1.65
0.10228109359741211,57,-0.012890625
0.10346102714538574,58,-0.103125
0.10459399223327637,59,-0.37382812499999996
0.10573601722717285,60,-0.116015625
0.10684418678283691,61,-0.43828124999999996
0.1080629825592041,62,-0.348046875
0.1096501350402832,63,0.0
0.11121201515197754,64,0.012890625
0.1126561164855957,65,-0.012890625
0.11400198936462402,66,-0.37382812499999996
0.11550211906433105,67,-0.580078125
0.11704611778259277,68,-1.41796875
0.11863517761230469,69,0.0
0.12115001678466797,70,-0.116015625
0.12279510498046875,71,-0.141796875
0.12421607971191406,72,-0.36093749999999997
0.12622809410095215,73,-0.09023437499999999
0.1281881332397461,74,-0.012890625
0.12952399253845215,75,-0.103125
0.1307060718536377,76,-0.29648437499999997
0.1318800449371338,77,-0.6832031249999999
0.13303112983703613,78,-1.405078125
0.13416719436645508,79,0.0
0.13529515266418457,80,-0.02578125
0.13640999794006348,81,-0.15468749999999998
0.1375141143798828,82,-0.270703125
0.13870906829833984,83,-0.116015625
0.14014220237731934,84,-0.33515625
0.14167213439941406,85,-0.24492187499999998
0.14333820343017578,86,0.0
0.1449441909790039,87,0.012890625
0.1463911533355713,88,-0.12890625
0.14793109893798828,89,-0.29648437499999997
0.15015220642089844,90,-0.95390625
0.1521451473236084,91,-0.012890625
0.15360212326049805,92,-0.02578125
0.15549111366271973,93,-0.37382812499999996
0.15770721435546875,94,-0.09023437499999999
0.15915799140930176,95,0.36093749999999997
0.16036319732666016,96,0.0
0.16149401664733887,97,-0.012890625
0.16262507438659668,98,-0.193359375
0.16377902030944824,99,-0.399609375
0.16493701934814453,100,-0.5285156249999999
0.1661231517791748,101,-1.2890625
0.16723203659057617,102,0.0
0.1683211326599121,103,0.0
0.16950321197509766,104,-0.012890625
0.17092514038085938,105,-0.167578125
0.17246603965759277,106,-0.2578125
0.17412900924682617,107,-0.167578125
0.1758739948272705,108,0.0515625
0.17728304862976074,109,0.0
0.17869210243225098,110,-0.02578125
0.1802961826324463,111,-0.29648437499999997
0.18298006057739258,112,-0.36093749999999997
0.18457603454589844,113,-1.65
0.1859591007232666,114,0.0
0.18780016899108887,115,-0.0515625
0.18973207473754883,116,-0.193359375
0.1911602020263672,117,-0.2578125
0.19236111640930176,118,0.103125
0.1934971809387207,119,0.012890625
0.19460701942443848,120,0.0
0.1957850456237793,121,-0.07734374999999999
0.19690918922424316,122,-0.37382812499999996
0.19804906845092773,123,-0.43828124999999996
0.19916009902954102,124,-1.16015625
0.2005610466003418,125,-1.65
0.20202398300170898,126,0.0
0.2034921646118164,127,-0.141796875
0.20525503158569336,128,-0.28359375
0.20683813095092773,129,-0.07734374999999999
0.20836305618286133,130,0.0
0.20977520942687988,131,0.012890625
0.212050199508667,132,0.0
0.2143092155456543,133,-0.064453125
0.2157580852508545,134,-0.5929687499999999
0.2174391746520996,135,-1.5082031249999999
0.21952414512634277,136,0.0
0.22091221809387207,137,-0.012890625
0.22215604782104492,138,-0.116015625
0.2232990264892578,139,-0.2578125
0.22444510459899902,140,-0.28359375
0.22558808326721191,141,-0.012890625
0.22669219970703125,142,0.0
0.2278151512145996,143,-0.02578125
0.22891616821289062,144,-0.0515625
0.23004913330078125,145,-0.33515625
0.23123908042907715,146,-0.30937499999999996
0.2326521873474121,147,-1.03125
0.23407220840454102,148,-1.65
0.23569607734680176,149,0.012890625
0.23733901977539062,150,-0.141796875
0.23875713348388672,151,-0.12890625
0.24019813537597656,152,-0.36093749999999997
0.2416679859161377,153,-0.193359375
0.2442471981048584,154,0.0
0.2460641860961914,155,-0.012890625
0.24744915962219238,156,-0.28359375
0.24927306175231934,157,-0.5929687499999999
0.2511742115020752,158,-1.533984375
0.2525920867919922,159,-0.038671874999999994
0.25380706787109375,160,-0.09023437499999999
0.25504302978515625,161,-0.37382812499999996
0.25622105598449707,162,-0.09023437499999999
0.2573411464691162,163,-0.23203125
0.2584350109100342,164,-0.103125
0.259566068649292,165,0.0
0.2606961727142334,166,0.012890625
0.26189398765563965,167,0.0
0.2633070945739746,168,-0.30937499999999996
0.2648131847381592,169,-0.37382812499999996
0.2664492130279541,170,-1.0828125
0.2680671215057373,171,0.0
0.269550085067749,172,-0.012890625
0.27100300788879395,173,-0.167578125
0.2729620933532715,174,-0.193359375
0.2755250930786133,175,-0.167578125
0.27703118324279785,176,0.012890625
0.2786672115325928,177,-0.012890625
0.28064703941345215,178,-0.23203125
0.28215599060058594,179,-0.4125
0.2834041118621826,180,-1.4308593749999998
0.2845799922943115,181,0.0
0.28577709197998047,182,-0.012890625
0.2869231700897217,183,0.0
0.28806209564208984,184,-0.37382812499999996
0.28917813301086426,185,-0.12890625
0.29027509689331055,186,-0.4125
0.2913970947265625,187,-0.322265625
0.292633056640625,188,0.012890625
0.2940561771392822,189,-0.012890625
0.2956111431121826,190,-0.02578125
0.2971611022949219,191,-0.2578125
0.298720121383667,192,-0.399609375
0.3002171516418457,193,-1.340625
0.3016672134399414,194,0.0
0.30307912826538086,195,-0.09023437499999999
0.3057100772857666,196,-0.167578125
0.30748820304870605,197,-0.29648437499999997
0.30898404121398926,198,0.141796875
0.31131505966186523,199,0.0
0.3129870891571045,200,-0.02578125
0.3142549991607666,201,-0.20625
0.31552720069885254,202,-0.7863281249999999
0.31677699089050293,203,-1.52109375
0.31791210174560547,204,0.0
0.3190340995788574,205,0.0
0.32016515731811523,206,-0.15468749999999998
0.3212850093841553,207,-0.399609375
0.3223860263824463,208,-0.167578125
0.32358312606811523,209,-0.4125
0.32510900497436523,210,-0.29648437499999997
0.3266751766204834,211,0.012890625
0.3282179832458496,212,-0.012890625
0.3297591209411621,213,-0.09023437499999999
0.33122920989990234,214,-0.29648437499999997
0.3328390121459961,215,-0.9152343749999999
0.3347651958465576,216,-1.65
0.337177038192749,217,0.0
0.3386499881744385,218,-0.36093749999999997
0.34035801887512207,219,-0.30937499999999996
0.342602014541626,220,-0.18046874999999998
0.344527006149292,221,0.0
0.3457760810852051,222,-0.0515625
0.3469400405883789,223,-0.38671875
0.34815120697021484,224,-0.4125
0.3493030071258545,225,-1.16015625
0.35042309761047363,226,-1.65
0.3515491485595703,227,0.0
0.35265421867370605,228,0.0
0.35384416580200195,229,-0.103125
0.3553481101989746,230,-0.399609375
0.3568840026855469,231,-0.167578125
0.35861706733703613,232,0.0
0.36018919944763184,233,0.0
0.36161208152770996,234,0.0
0.3630180358886719,235,-0.15468749999999998
0.36536216735839844,236,-0.37382812499999996
0.3676130771636963,237,-0.992578125
0.3690910339355469,238,0.0
0.370743989944458,239,-0.012890625
0.37277913093566895,240,-0.29648437499999997
0.3743581771850586,241,-0.141796875
0.37561917304992676,242,0.21914062499999998
0.3767850399017334,243,0.012890625
0.37790417671203613,244,-0.012890625
0.3790121078491211,245,-0.0515625
0.38018298149108887,246,-0.322265625
0.38132500648498535,247,-0.36093749999999997
0.3824641704559326,248,-1.10859375
0.383587121963501,249,-1.65
0.3847801685333252,250,0.012890625
0.38626813888549805,251,-0.038671874999999994
0.3878340721130371,252,-0.167578125
0.3894960880279541,253,-0.12890625
0.391024112701416,254,-0.33515625
0.39234304428100586,255,0.038671874999999994
0.39363598823547363,256,0.012890625
0.395550012588501,257,-0.012890625
0.39806103706359863,258,-0.20625
0.39966416358947754,259,-0.837890625
0.40113401412963867,260,0.0
0.4030900001525879,261,-0.012890625
0.4048621654510498,262,-0.12890625
0.4062490463256836,263,-0.167578125
0.40742015838623047,264,-0.23203125
0.4085361957550049,265,-0.103125
0.4099311828613281,266,0.0
0.4110841751098633,267,0.0
0.41228318214416504,268,-0.02578125
0.4134101867675781,269,-0.36093749999999997
0.41454315185546875,270,-0.29648437499999997
0.41578102111816406,271,-1.018359375
0.41716718673706055,272,-1.65
0.4186081886291504,273,0.0
0.42026710510253906,274,-0.103125
0.4219071865081787,275,-0.36093749999999997
0.4233121871948242,276,-0.103125
0.4247732162475586,277,-0.064453125
0.4267141819000244,278,0.012890625
0.42928504943847656,279,-0.012890625
0.43084716796875,280,-0.270703125
0.4325220584869385,281,-0.6187499999999999
0.4345130920410156,282,-1.4953124999999998
0.4360840320587158,283,0.0
0.43735718727111816,284,-0.103125
0.4385371208190918,285,-0.2578125
0.43967103958129883,286,-0.270703125
0.4407830238342285,287,-0.322265625
0.44188618659973145,288,-0.141796875
0.4429910182952881,289,0.0
0.44413113594055176,290,0.012890625
0.4453001022338867,291,-0.012890625
0.44651317596435547,292,-0.30937499999999996
0.447979211807251,293,-0.38671875
0.44945406913757324,294,-1.018359375
0.4509761333465576,295,-1.5082031249999999
0.4526560306549072,296,-0.0515625
0.45410704612731934,297,-0.012890625
0.4556691646575928,298,-0.09023437499999999
0.4575531482696533,299,-0.29648437499999997
0.4598841667175293,300,-0.103125
0.46144819259643555,301,-0.012890625
0.4630770683288574,302,-0.064453125
0.46531009674072266,303,-0.33515625
0.4667971134185791,304,-1.1214843749999999
0.46801209449768066,305,0.0
0.46922802925109863,306,0.0
0.4703521728515625,307,0.0
0.47147703170776367,308,-0.30937499999999996
0.4725971221923828,309,-0.09023437499999999
0.4737281799316406,310,-0.36093749999999997
0.4748270511627197,311,-0.2578125
0.47603416442871094,312,0.0
0.477323055267334,313,0.0
0.4787931442260742,314,-0.02578125
0.4802680015563965,315,-0.2578125
0.4818301200866699,316,-0.322265625
0.48342418670654297,317,-1.1859374999999999
0.4849891662597656,318,0.0
0.4864962100982666,319,-0.064453125
0.48847317695617676,320,-0.20625
0.49074721336364746,321,-0.141796875
0.49228715896606445,322,0.24492187499999998
0.4940822124481201,323,0.0
0.49622011184692383,324,-0.012890625
0.4976379871368408,325,-0.270703125
0.4988241195678711,326,-0.79921875
0.4999711513519287,327,-1.5082031249999999
0.5012221336364746,328,0.0
0.502373218536377,329,-0.064453125
0.5034990310668945,330,0.0
0.5045990943908691,331,-0.399609375
0.5057260990142822,332,-0.103125
0.5068349838256836,333,-0.38671875
0.5083560943603516,334,-0.29648437499999997
0.5099451541900635,335,0.012890625
0.5114312171936035,336,0.0
0.5130641460418701,337,-0.103125
0.5145151615142822,338,-0.33515625
0.516071081161499,339,-0.9152343749999999
0.5175070762634277,340,-1.65
0.5197601318359375,341,-0.012890625
0.5217611789703369,342,0.0
0.5232369899749756,343,0.0
0.5251190662384033,344,-0.116015625
0.5273220539093018,345,0.0
0.5287261009216309,346,0.0
0.5299110412597656,347,-0.322265625
0.531055212020874,348,-0.36093749999999997
0.5322420597076416,349,-0.9410156249999999
0.5333600044250488,350,-1.611328125
0.5344841480255127,351,0.0
0.5356030464172363,352,0.0
0.5366971492767334,353,-0.0515625
0.5378000736236572,354,-0.37382812499999996
0.5389912128448486,355,-0.15468749999999998
0.5404810905456543,356,-0.23203125
0.5420451164245605,357,-0.103125
0.5436670780181885,358,-0.012890625
0.545220136642456,359,-0.02578125
0.5466701984405518,360,-0.20625
0.5481870174407959,361,-0.36093749999999997
0.5500011444091797,362,-1.0570312499999999
0.5523641109466553,363,-0.4640625
0.5538980960845947,364,-0.0515625
0.5554871559143066,365,-0.2578125
0.5578250885009766,366,-0.23203125
0.5594351291656494,367,0.24492187499999998
0.5607180595397949,368,0.0
0.5618669986724854,369,-0.02578125
0.5629880428314209,370,-0.270703125
0.5641281604766846,371,-0.36093749999999997
0.5653181076049805,372,-0.837890625
0.5664300918579102,373,-1.46953125
0.5675230026245117,374,0.0
0.5686140060424805,375,-0.0515625
0.56980299949646,376,-0.064453125
0.5712521076202393,377,-0.23203125
0.5728151798248291,378,-0.12890625
0.574397087097168,379,-0.322265625
0.5760002136230469,380,-0.012890625
0.5774540901184082,381,0.0
0.5788521766662598,382,-0.02578125
0.5807301998138428,383,-0.30937499999999996
0.5831851959228516,384,-0.2578125
0.5847179889678955,385,0.0
0.5863521099090576,386,0.0
0.588515043258667,387,-0.20625
0.5901820659637451,388,-0.103125
0.5914981365203857,389,0.038671874999999994
0.592724084854126,390,0.0
0.593858003616333,391,0.012890625
0.5950560569763184,392,-0.012890625
0.5962400436401367,393,-0.2578125
0.5973641872406006,394,-0.399609375
0.5985031127929688,395,-0.7218749999999999
0.5996131896972656,396,-1.41796875
0.6007771492004395,397,0.0
0.6021621227264404,398,-0.02578125
0.6036221981048584,399,-0.103125
0.6053121089935303,400,-0.37382812499999996
0.6069362163543701,401,-0.0515625
0.6085271835327148,402,0.064453125
0.6099541187286377,403,0.0
0.6115460395812988,404,-0.012890625
0.6143791675567627,405,-0.0515625
0.61598801612854,406,-0.5671875
0.6173491477966309,407,-1.65
0.6197152137756348,408,-0.0515625
0.621427059173584,409,-0.02578125
0.6227331161499023,410,-0.103125
0.6238892078399658,411,-0.36093749999999997
0.6250581741333008,412,-0.193359375
0.6261780261993408,413,0.012890625
0.6273260116577148,414,-0.012890625
0.6284360885620117,415,-0.02578125
0.6295881271362305,416,-0.2578125
0.6307880878448486,417,-0.38671875
0.6322000026702881,418,-0.7863281249999999
0.6336321830749512,419,-1.533984375
0.6352941989898682,420,0.0
0.6369390487670898,421,-0.0515625
0.6384332180023193,422,-0.29648437499999997
0.6399080753326416,423,-0.103125
0.6414961814880371,424,-0.116015625
0.6439790725708008,425,0.064453125
0.6457390785217285,426,-0.012890625
0.6471700668334961,427,-0.270703125
0.6490612030029297,428,-0.43828124999999996
0.6508691310882568,429,-1.4437499999999999
0.6522111892700195,430,0.0
0.6533820629119873,431,-0.193359375
0.6545531749725342,432,-0.270703125
0.6557450294494629,433,-0.09023437499999999
0.656872034072876,434,-0.33515625
0.6579821109771729,435,-0.2578125
0.6590800285339355,436,0.012890625
0.6602301597595215,437,0.012890625
0.6614170074462891,438,-0.012890625
0.6628520488739014,439,-0.103125
0.6643190383911133,440,-0.33515625
0.6658971309661865,441,-0.7863281249999999
0.6675221920013428,442,-1.611328125
0.6690590381622314,443,0.0
0.6705291271209717,444,-0.07734374999999999
0.6723330020904541,445,-0.2578125
0.6748180389404297,446,-0.09023437499999999
