time,count,voltage
0.0056340694427490234,1,-0.322265625
0.007256984710693359,2,-0.322265625
0.0087890625,3,-0.43828124999999996
0.010264158248901367,4,-0.167578125
0.011753082275390625,5,-0.038671874999999994
0.013159036636352539,6,-0.23203125
0.014552116394042969,7,-0.580078125
0.01591205596923828,8,-0.6832031249999999
0.01727008819580078,9,-1.405078125
0.02716803550720215,10,-0.064453125
0.028756141662597656,11,-0.012890625
0.030189037322998047,12,-0.167578125
0.031681060791015625,13,-0.5671875
0.033065080642700195,14,-0.8765624999999999
0.04368305206298828,15,-1.611328125
0.04559898376464844,16,-0.038671874999999994
0.04735398292541504,17,-0.15468749999999998
0.04944205284118652,18,-0.54140625
0.05333900451660156,19,-1.198828125
0.05548906326293945,20,-0.270703125
0.058279991149902344,21,-0.4125
0.06101799011230469,22,-0.18046874999999998
0.0629570484161377,23,-0.0515625
0.06461596488952637,24,-0.29648437499999997
0.06619405746459961,25,-0.515625
0.06775593757629395,26,-1.327734375
0.06932997703552246,27,-0.167578125
0.07094192504882812,28,-0.20625
0.07254195213317871,29,-0.322265625
0.0740959644317627,30,-0.193359375
0.07562398910522461,31,-0.2578125
0.07738399505615234,32,0.064453125
0.0789499282836914,33,-0.02578125
0.08052992820739746,34,-0.20625
0.10128998756408691,35,-0.5671875
0.1036081314086914,36,-1.03125
0.10574197769165039,37,-0.4125
0.10731697082519531,38,-0.20625
0.10855913162231445,39,-0.23203125
0.10973811149597168,40,-0.21914062499999998
0.11093497276306152,41,0.012890625
0.11209797859191895,42,-0.02578125
0.11340808868408203,43,-0.23203125
0.11487102508544922,44,-0.631640625
0.11631608009338379,45,-0.889453125
0.11789894104003906,46,-1.6242187499999998
0.11929893493652344,47,-0.167578125
0.12056303024291992,48,-0.12890625
0.12291193008422852,49,-0.29648437499999997
0.1259620189666748,50,-0.21914062499999998
0.12778496742248535,51,0.451171875
0.13018512725830078,52,-0.0515625
0.13190102577209473,53,-0.37382812499999996
0.13329005241394043,54,-0.8765624999999999
0.1346120834350586,55,-1.65
0.1358790397644043,56,-0.0515625
0.13718008995056152,57,-0.348046875
0.13844895362854004,58,-0.24492187499999998
0.1397080421447754,59,-0.37382812499999996
0.1409749984741211,60,-0.38671875
0.14219999313354492,61,-0.30937499999999996
0.1434919834136963,62,-0.038671874999999994
0.1450340747833252,63,-0.0515625
0.14658594131469727,64,-0.167578125
0.1479480266571045,65,-0.5671875
0.14932012557983398,66,-0.7863281249999999
0.1507279872894287,67,-1.46953125
0.1523139476776123,68,-0.0515625
0.153764009475708,69,-0.23203125
0.15624594688415527,70,-0.2578125
0.15820908546447754,71,-0.24492187499999998
0.15966415405273438,72,0.141796875
0.16134905815124512,73,0.0
0.16334009170532227,74,-0.103125
0.1649630069732666,75,-0.43828124999999996
0.16629695892333984,76,-0.8507812499999999
0.16751408576965332,77,-1.5597656249999998
0.16867303848266602,78,0.0
0.16980409622192383,79,-0.23203125
0.17099714279174805,80,-0.451171875
0.17213797569274902,81,-0.42539062499999997
0.1733720302581787,82,-0.2578125
0.17480111122131348,83,-0.5285156249999999
0.17627906799316406,84,-0.322265625
0.17779994010925293,85,-0.012890625
0.17936015129089355,86,-0.0515625
0.18079710006713867,87,-0.399609375
0.1823749542236328,88,-0.6832031249999999
0.18381810188293457,89,-1.276171875
0.18614792823791504,90,-0.0515625
0.18810105323791504,91,-0.28359375
0.18959307670593262,92,-0.515625
0.19129300117492676,93,-0.38671875
0.19330596923828125,94,-0.23203125
0.19488906860351562,95,0.0
0.19614911079406738,96,-0.12890625
0.19735193252563477,97,-0.502734375
0.1985340118408203,98,-0.7734375
0.19966697692871094,99,-1.1859374999999999
0.20080113410949707,100,-1.65
0.20200514793395996,101,0.012890625
0.20313215255737305,102,-0.2578125
0.2043139934539795,103,-0.322265625
0.20575404167175293,104,-0.605859375
0.20720696449279785,105,-0.270703125
0.20875096321105957,106,-0.4125
0.21028709411621094,107,-0.167578125
0.21175909042358398,108,-0.0515625
0.21318602561950684,109,-0.12890625
0.21462011337280273,110,-0.54140625
0.21710205078125,111,-0.7734375
0.21895313262939453,112,-1.65
0.2203531265258789,113,-0.2578125
0.2220461368560791,114,-0.23203125
0.22407007217407227,115,-0.36093749999999997
0.22562003135681152,116,-0.33515625
0.22684597969055176,117,0.0
0.2279980182647705,118,-0.0515625
0.2291259765625,119,-0.141796875
0.23027300834655762,120,-0.4125
0.23150014877319336,121,-0.708984375
0.23264408111572266,122,-1.018359375
0.23377513885498047,123,-1.5597656249999998
0.2349860668182373,124,0.0
0.23641300201416016,125,-0.116015625
0.23788714408874512,126,-0.4640625
0.2394709587097168,127,-0.4640625
0.241102933883667,128,-0.23203125
0.24259114265441895,129,-0.064453125
0.24396395683288574,130,0.0
0.24615907669067383,131,-0.02578125
0.24825310707092285,132,-0.270703125
0.2496650218963623,133,-0.734765625
0.2513890266418457,134,-1.5597656249999998
0.25339603424072266,135,-0.012890625
0.25484800338745117,136,-0.399609375
0.2560760974884033,137,-0.4125
0.2572331428527832,138,-0.33515625
0.2583739757537842,139,-0.36093749999999997
0.25949692726135254,140,-0.193359375
0.26061105728149414,141,0.0
0.2617909908294678,142,-0.0515625
0.2629530429840088,143,-0.24492187499999998
0.26409101486206055,144,-0.605859375
0.2653181552886963,145,-0.734765625
0.2667391300201416,146,-1.2503906249999999
0.268218994140625,147,-1.65
0.2698020935058594,148,-0.0515625
0.2713899612426758,149,-0.37382812499999996
0.27283596992492676,150,-0.64453125
0.274245023727417,151,-0.399609375
0.276155948638916,152,-0.37382812499999996
0.2784609794616699,153,0.0
0.27988505363464355,154,-0.12890625
0.28156208992004395,155,-0.54140625
0.2836029529571533,156,-0.79921875
0.28513407707214355,157,-1.65
0.2863900661468506,158,-0.21914062499999998
0.28755903244018555,159,-0.348046875
0.28870701789855957,160,-0.42539062499999997
0.2898440361022949,161,-0.48984374999999997
0.29105114936828613,162,-0.48984374999999997
0.29219508171081543,163,-0.4125
0.2933189868927002,164,0.012890625
0.2944490909576416,165,-0.038671874999999994
0.2956669330596924,166,-0.15468749999999998
0.2970900535583496,167,-0.348046875
0.2985501289367676,168,-0.734765625
0.3001270294189453,169,-1.16015625
0.30179715156555176,170,-1.65
0.30323195457458496,171,-0.2578125
0.30466413497924805,172,-0.29648437499999997
0.30636096000671387,173,-0.476953125
0.3088870048522949,174,-0.270703125
0.3107130527496338,175,0.28359375
0.31260013580322266,176,-0.0515625
0.3148231506347656,177,-0.270703125
0.31679201126098633,178,-0.6703125
0.31827306747436523,179,-1.65
0.3194849491119385,180,-0.15468749999999998
0.32064104080200195,181,-0.4640625
0.3218059539794922,182,-0.29648437499999997
0.322951078414917,183,-0.322265625
0.3240780830383301,184,-0.36093749999999997
0.3251960277557373,185,-0.37382812499999996
0.326444149017334,186,-0.167578125
0.32787609100341797,187,-0.012890625
0.3293421268463135,188,-0.12890625
0.3309791088104248,189,-0.43828124999999996
0.3326530456542969,190,-0.6832031249999999
0.3341200351715088,191,-1.456640625
0.3355751037597656,192,-0.0515625
0.3378570079803467,193,-0.2578125
0.3398280143737793,194,-0.4125
0.341310977935791,195,-0.270703125
0.3433570861816406,196,-0.12890625
0.34511303901672363,197,-0.012890625
0.34637904167175293,198,-0.193359375
0.34754204750061035,199,-0.580078125
0.34868597984313965,200,-0.6703125
0.3498849868774414,201,-1.3019531249999998
0.35110902786254883,202,-1.65
0.352276086807251,203,0.0
0.35340213775634766,204,-0.20625
0.35451602935791016,205,-0.270703125
0.35563206672668457,206,-0.6703125
0.3568389415740967,207,-0.193359375
0.35828113555908203,208,-0.37382812499999996
0.359727144241333,209,-0.167578125
0.3613100051879883,210,0.0
0.36286115646362305,211,-0.103125
0.36432504653930664,212,-0.4640625
0.3658130168914795,213,-0.6187499999999999
0.36840009689331055,214,-1.3921875
0.3700530529022217,215,-0.103125
0.371614933013916,216,-0.29648437499999997
0.3737759590148926,217,-0.7476562499999999
0.3753199577331543,218,-0.23203125
0.3770270347595215,219,0.15468749999999998
0.37824106216430664,220,-0.02578125
0.3793799877166748,221,-0.167578125
0.3805201053619385,222,-0.515625
0.3816850185394287,223,-0.734765625
0.38282203674316406,224,-1.147265625
0.3839380741119385,225,-1.65
0.38504600524902344,226,0.012890625
0.38615894317626953,227,-0.21914062499999998
0.38735198974609375,228,-0.399609375
0.388761043548584,229,-0.43828124999999996
0.390239953994751,230,-0.399609375
0.39191293716430664,231,-0.4125
0.3933751583099365,232,-0.15468749999999998
0.39468812942504883,233,-0.0515625
0.39601707458496094,234,-0.167578125
0.39838194847106934,235,-0.4640625
0.4002799987792969,236,-0.734765625
0.40187811851501465,237,-0.580078125
0.4039270877838135,238,-0.15468749999999998
0.4055211544036865,239,-0.20625
0.4067671298980713,240,-0.2578125
0.40792298316955566,241,-0.37382812499999996
0.40906310081481934,242,-0.270703125
0.4102160930633545,243,0.012890625
0.41142892837524414,244,-0.02578125
0.41257810592651367,245,-0.193359375
0.4137120246887207,246,-0.502734375
0.41482996940612793,247,-0.7218749999999999
0.41594409942626953,248,-1.0828125
0.4170510768890381,249,-1.611328125
0.4182441234588623,250,-0.012890625
0.4196641445159912,251,-0.167578125
0.42118310928344727,252,-0.37382812499999996
0.4227781295776367,253,-0.43828124999999996
0.424299955368042,254,-0.37382812499999996
0.42573094367980957,255,-0.167578125
0.42707204818725586,256,0.0
0.42947912216186523,257,-0.012890625
0.4313380718231201,258,-0.270703125
0.4327421188354492,259,-0.64453125
0.43452906608581543,260,-1.4953124999999998
0.4364781379699707,261,0.0
0.43785595893859863,262,-0.36093749999999997
0.43906092643737793,263,-0.734765625
0.44020795822143555,264,-0.15468749999999998
0.44144511222839355,265,-0.322265625
0.4426000118255615,266,-0.167578125
0.44372105598449707,267,0.0
0.44482994079589844,268,-0.038671874999999994
0.44596195220947266,269,-0.193359375
0.44707512855529785,270,-0.554296875
0.44831013679504395,271,-0.7863281249999999
0.44974708557128906,272,-1.16015625
0.4512200355529785,273,-1.65
0.4527750015258789,274,0.0
0.4542961120605469,275,-0.30937499999999996
0.4557161331176758,276,-0.4125
0.45714902877807617,277,0.0
0.4585690498352051,278,-0.33515625
0.4611930847167969,279,-0.0515625
0.4629490375518799,280,-0.012890625
0.46432995796203613,281,-0.399609375
0.4661271572113037,282,-0.605859375
0.468062162399292,283,-1.4308593749999998
0.469465970993042,284,0.0
0.4706599712371826,285,-0.399609375
0.4718301296234131,286,-0.33515625
0.4729790687561035,287,-0.502734375
0.4741029739379883,288,-0.2578125
0.47521114349365234,289,-0.29648437499999997
0.4763340950012207,290,-0.18046874999999998
0.47746801376342773,291,-0.02578125
0.4787099361419678,292,-0.09023437499999999
0.48012399673461914,293,-0.28359375
0.4816770553588867,294,-0.734765625
0.4832651615142822,295,-1.0828125
0.4848330020904541,296,-1.65
0.4862630367279053,297,-0.103125
0.4876589775085449,298,-0.4125
0.48957300186157227,299,-0.43828124999999996
0.4920320510864258,300,-0.30937499999999996
0.4935901165008545,301,0.4125
0.4952559471130371,302,-0.02578125
0.4973149299621582,303,-0.20625
0.4987800121307373,304,-0.54140625
0.499985933303833,305,-1.198828125
0.501197099685669,306,-1.65
0.502392053604126,307,-0.103125
0.5035440921783447,308,-0.29648437499999997
0.5046670436859131,309,-0.36093749999999997
0.5057930946350098,310,-0.43828124999999996
0.5069119930267334,311,-0.15468749999999998
0.5080239772796631,312,-0.28359375
0.5092380046844482,313,-0.30937499999999996
0.5106871128082275,314,-0.0515625
0.5122511386871338,315,-0.0515625
0.5138399600982666,316,-0.36093749999999997
0.5153651237487793,317,-0.64453125
0.5167391300201416,318,-1.198828125
0.5181469917297363,319,-1.2374999999999998
0.5196399688720703,320,0.0
0.5221829414367676,321,-0.399609375
0.5238101482391357,322,-0.2578125
0.5251891613006592,323,-0.24492187499999998
0.5270640850067139,324,0.0
0.5289411544799805,325,-0.02578125
0.5303070545196533,326,-0.2578125
0.5315840244293213,327,-0.64453125
0.5327391624450684,328,-1.044140625
0.5339140892028809,329,-1.65
0.5350370407104492,330,0.0
0.5361490249633789,331,-0.23203125
0.5372631549835205,332,-0.36093749999999997
0.5383820533752441,333,-0.37382812499999996
0.5395970344543457,334,-0.734765625
0.5411019325256348,335,-0.30937499999999996
0.5426290035247803,336,-0.193359375
0.5442140102386475,337,-0.012890625
0.5457150936126709,338,-0.116015625
0.5470631122589111,339,-0.322265625
0.5484600067138672,340,-0.6574218749999999
0.5502269268035889,341,-1.1214843749999999
0.5527169704437256,342,-1.65
0.5542919635772705,343,-0.322265625
0.5557129383087158,344,-0.54140625
0.5577149391174316,345,-0.24492187499999998
0.5595600605010986,346,-0.116015625
0.5609979629516602,347,0.0
0.5622119903564453,348,-0.167578125
0.5633630752563477,349,-0.37382812499999996
0.5644879341125488,350,-0.69609375
0.5656070709228516,351,-0.90234375
0.5667331218719482,352,-1.46953125
0.5678410530090332,353,0.0
0.56899094581604,354,0.0
0.5702300071716309,355,-0.28359375
0.5717220306396484,356,-0.21914062499999998
0.5731990337371826,357,-0.37382812499999996
0.5747940540313721,358,-0.30937499999999996
0.5764420032501221,359,-0.103125
0.5782420635223389,360,-0.012890625
0.5799210071563721,361,-0.12890625
0.5823891162872314,362,-0.515625
0.5843701362609863,363,-1.095703125
0.5858199596405029,364,0.0
0.5875101089477539,365,-0.322265625
0.5895600318908691,366,-0.37382812499999996
0.5911450386047363,367,-0.29648437499999997
0.5924620628356934,368,-0.012890625
0.5936279296875,369,0.012890625
0.5947630405426025,370,-0.0515625
0.5958750247955322,371,-0.23203125
0.5969791412353516,372,-0.5285156249999999
0.5981011390686035,373,-0.734765625
0.5992131233215332,374,-1.1214843749999999
0.6004331111907959,375,-1.6371093749999999
0.6018681526184082,376,0.0
0.6033179759979248,377,-0.322265625
0.6048629283905029,378,-0.322265625
0.6064260005950928,379,-0.631640625
0.6078219413757324,380,-0.28359375
0.6092109680175781,381,-0.103125
0.6107380390167236,382,0.0
0.613347053527832,383,-0.0515625
0.6150240898132324,384,-0.399609375
0.6164510250091553,385,-0.9152343749999999
0.61832594871521,386,-1.65
0.620171070098877,387,-0.064453125
0.6216070652008057,388,-0.322265625
0.6228179931640625,389,-0.64453125
0.6239619255065918,390,-0.4640625
0.6250851154327393,391,-0.4125
0.6261999607086182,392,-0.167578125
0.6273131370544434,393,-0.012890625
0.6284201145172119,394,-0.064453125
0.629539966583252,395,-0.23203125
0.6307539939880371,396,-0.6187499999999999
0.6322529315948486,397,-0.734765625
0.6337080001831055,398,-1.3921875
0.6352801322937012,399,0.0
0.6368000507354736,400,-0.23203125
0.6381690502166748,401,-0.23203125
0.6395730972290039,402,-0.605859375
0.6415259838104248,403,-0.33515625
0.6438820362091064,404,-0.20625
0.6454010009765625,405,-0.0515625
0.6469810009002686,406,-0.20625
0.6489739418029785,407,-0.605859375
0.6506011486053467,408,-1.198828125
0.6521060466766357,409,-0.18046874999999998
0.6533989906311035,410,-0.29648437499999997
0.6545619964599609,411,-0.20625
0.6558239459991455,412,-0.5671875
0.6570889949798584,413,-0.20625
0.6583311557769775,414,-0.24492187499999998
0.6595680713653564,415,-0.09023437499999999
0.6655709743499756,416,0.012890625
0.6718430519104004,417,-0.09023437499999999
0.6731629371643066,418,-0.43828124999999996
0.6746311187744141,419,-0.4640625
0.6761629581451416,420,-0.270703125
0.6777081489562988,421,-0.012890625
0.6792669296264648,422,-0.064453125
0.6807849407196045,423,-0.43828124999999996
0.6827261447906494,424,-0.631640625
0.684805154800415,425,-1.405078125
0.6864421367645264,426,0.02578125
0.688075065612793,427,-0.322265625
0.6898860931396484,428,-0.6187499999999999
0.6954841613769531,429,-0.29648437499999997
0.6972610950469971,430,0.038671874999999994
0.6989989280700684,431,-0.43828124999999996
0.7007341384887695,432,-1.147265625
0.702430009841919,433,-0.103125
0.7042911052703857,434,-0.2578125
0.7060689926147461,435,-0.33515625
0.7080631256103516,436,-0.15468749999999998
0.7115709781646729,437,0.012890625
0.7133171558380127,438,-0.0515625
0.715644121170044,439,-0.502734375
0.7174980640411377,440,-0.992578125
0.7188949584960938,441,-0.12890625
0.7202129364013672,442,-0.322265625
0.7316360473632812,443,-0.20625
0.7341620922088623,444,-0.6187499999999999
0.7358651161193848,445,-0.270703125
0.7372410297393799,446,-0.29648437499999997
0.7389631271362305,447,-0.36093749999999997
0.7409520149230957,448,-0.36093749999999997
0.7424800395965576,449,-0.12890625
0.7436859607696533,450,0.0
0.7448389530181885,451,-0.0515625
0.745980978012085,452,-0.20625
0.7471010684967041,453,-0.554296875
0.748237133026123,454,-0.734765625
0.7493751049041748,455,-1.198828125
0.7504940032958984,456,-1.65
0.7516200542449951,457,-0.012890625
0.7528691291809082,458,-0.20625
0.7542870044708252,459,-0.4125
0.7557530403137207,460,-0.43828124999999996
0.7572970390319824,461,-0.116015625
0.7588591575622559,462,-0.103125
0.7601940631866455,463,0.012890625
0.7618110179901123,464,-0.02578125
0.763322114944458,465,-0.20625
0.7657160758972168,466,-0.5671875
0.7676329612731934,467,-1.1859374999999999
0.7690880298614502,468,-0.038671874999999994
0.7706191539764404,469,-0.270703125
0.7726249694824219,470,-0.36093749999999997
0.7743079662322998,471,-0.167578125
0.7756180763244629,472,-0.02578125
0.7768011093139648,473,0.012890625
0.7779350280761719,474,-0.012890625
0.7790510654449463,475,-0.2578125
0.7801589965820312,476,-0.554296875
0.7813060283660889,477,-0.7863281249999999
0.7824289798736572,478,-1.0828125
0.7836410999298096,479,-1.65
0.7850480079650879,480,0.0
0.7864949703216553,481,-0.20625
0.7879879474639893,482,-0.29648437499999997
0.7895669937133789,483,-0.7863281249999999
0.7910840511322021,484,-0.33515625
0.7925970554351807,485,-0.23203125
0.793964147567749,486,-0.012890625
0.7959611415863037,487,-0.12890625
0.7982039451599121,488,-0.29648437499999997
0.799778938293457,489,-0.7863281249999999
0.8012030124664307,490,-1.65
0.8030259609222412,491,-0.12890625
0.8048379421234131,492,-0.322265625
0.8062090873718262,493,-0.5929687499999999
0.8074109554290771,494,-0.2578125
0.8085551261901855,495,-0.2578125
0.809697151184082,496,-0.012890625
0.8108129501342773,497,-0.012890625
0.8120110034942627,498,-0.12890625
0.8131439685821533,499,-0.322265625
0.8143391609191895,500,-0.6703125
0.8157241344451904,501,-0.8507812499999999
0.8171660900115967,502,-1.533984375
0.8186640739440918,503,0.0
0.820141077041626,504,-0.28359375
0.8217830657958984,505,-0.23203125
0.823249101638794,506,-0.29648437499999997
0.8246340751647949,507,-0.399609375
0.8270900249481201,508,-0.167578125
0.8288910388946533,509,-0.012890625
0.8303079605102539,510,-0.2578125
0.8319470882415771,511,-0.5929687499999999
0.8338890075683594,512,-1.134375
0.8354740142822266,513,-0.02578125
0.8367400169372559,514,-0.2578125
0.8379149436950684,515,-0.29648437499999997
0.8390719890594482,516,-0.4640625
0.8401930332183838,517,-0.37382812499999996
0.8413410186767578,518,-0.502734375
0.8424510955810547,519,-0.322265625
0.8435461521148682,520,-0.012890625
0.8447260856628418,521,-0.02578125
0.8461360931396484,522,-0.21914062499999998
0.847602128982544,523,-0.631640625
0.8490679264068604,524,-0.8121093749999999
0.8505980968475342,525,-1.5597656249999998
0.852349042892456,526,0.012890625
0.8537881374359131,527,-0.28359375
0.8551499843597412,528,-0.4640625
0.8573169708251953,529,-0.24492187499999998
0.8594341278076172,530,-0.270703125
0.8609809875488281,531,-0.02578125
0.8625459671020508,532,-0.09023437499999999
0.8644850254058838,533,-0.42539062499999997
0.8663280010223389,534,-0.6574218749999999
0.8676259517669678,535,-1.65
0.8687901496887207,536,-0.0515625
0.8699309825897217,537,-0.33515625
0.871082067489624,538,-0.20625
0.8722021579742432,539,-0.79921875
0.8733241558074951,540,-0.193359375
0.8744421005249023,541,-0.4640625
0.8757359981536865,542,-0.36093749999999997
0.8771629333496094,543,0.0
0.8786110877990723,544,-0.0515625
0.8801190853118896,545,-0.20625
0.8817570209503174,546,-0.605859375
0.8831031322479248,547,-1.147265625
0.8844771385192871,548,-1.65
0.8860440254211426,549,-0.0515625
0.8884389400482178,550,-0.2578125
0.8899741172790527,551,-0.515625
0.8920421600341797,552,-0.502734375
0.8942370414733887,553,-0.20625
0.8957610130310059,554,-0.038671874999999994
0.8970880508422852,555,-0.322265625
0.8983669281005859,556,-0.6187499999999999
0.8996281623840332,557,-1.10859375
0.9008610248565674,558,-1.65
0.9022109508514404,559,-0.09023437499999999
0.9034559726715088,560,-0.322265625
0.9089889526367188,561,-0.23203125
0.911186933517456,562,-0.605859375
0.9130630493164062,563,-0.0515625
0.9148900508880615,564,-0.4125
0.917665958404541,565,-0.8507812499999999
0.9194250106811523,566,0.0
0.9214580059051514,567,-0.4125
0.9236049652099609,568,-0.554296875
0.9251000881195068,569,-0.36093749999999997
0.9264299869537354,570,0.0515625
0.927685022354126,571,-0.012890625
0.9289340972900391,572,-0.18046874999999998
0.9301741123199463,573,-0.29648437499999997
0.931455135345459,574,-0.476953125
0.9327170848846436,575,-0.837890625
0.9339730739593506,576,-1.5082031249999999
0.9395730495452881,577,0.0
0.9418611526489258,578,-0.21914062499999998
0.9438221454620361,579,0.2578125
0.9454441070556641,580,0.0
0.9482159614562988,581,-0.2578125
0.9501111507415771,582,-0.515625
0.9532520771026611,583,-1.65
0.955348014831543,584,-0.29648437499999997
0.9567861557006836,585,-0.2578125
0.9581060409545898,586,-0.322265625
0.9593760967254639,587,-0.103125
0.9606280326843262,588,0.0
0.9618949890136719,589,-0.116015625
0.9631321430206299,590,-0.29648437499999997
0.964447021484375,591,-0.6703125
0.9784500598907471,592,-0.8507812499999999
0.9800779819488525,593,-1.546875
0.9818630218505859,594,-0.515625
0.983957052230835,595,-0.9152343749999999
0.9854021072387695,596,0.0
0.9865889549255371,597,-0.270703125
0.9877269268035889,598,-0.193359375
0.9888601303100586,599,-0.6187499999999999
0.9899890422821045,600,-0.29648437499999997
0.9911379814147949,601,-0.33515625
0.9922580718994141,602,-0.23203125
0.9933710098266602,603,0.012890625
0.9944760799407959,604,-0.0515625
0.9955830574035645,605,-0.21914062499999998
0.9968321323394775,606,-0.476953125
0.9982819557189941,607,-0.734765625
0.9996819496154785,608,-1.2374999999999998
1.0012950897216797,609,-1.65
1.0027220249176025,610,-0.116015625
1.0040850639343262,611,-0.4125
1.0055980682373047,612,-0.476953125
1.008108139038086,613,-0.2578125
1.0096900463104248,614,0.193359375
1.0112240314483643,615,-0.012890625
1.0131819248199463,616,-0.167578125
1.014883041381836,617,-0.515625
1.0161759853363037,618,-1.044140625
1.0173561573028564,619,-1.65
1.0184950828552246,620,0.0
1.0196051597595215,621,-0.24492187499999998
1.0207281112670898,622,-0.4640625
1.0219340324401855,623,-0.6832031249999999
1.023069143295288,624,-0.20625
1.0241789817810059,625,-0.4125
1.0252881050109863,626,-0.322265625
1.0263910293579102,627,-0.012890625
1.0275819301605225,628,-0.0515625
1.0289759635925293,629,-0.15468749999999998
1.0304429531097412,630,-0.48984374999999997
1.03200101852417,631,-0.69609375
1.0335919857025146,632,-1.2890625
1.0350379943847656,633,-0.141796875
1.0364890098571777,634,-0.12890625
1.03826904296875,635,-0.30937499999999996
1.0406320095062256,636,-0.708984375
1.0423541069030762,637,-0.36093749999999997
1.043808937072754,638,0.012890625
1.0458431243896484,639,-0.064453125
1.0475480556488037,640,-0.30937499999999996
1.0488560199737549,641,-0.6187499999999999
1.0500309467315674,642,-1.405078125
1.0511910915374756,643,-0.02578125
1.0523109436035156,644,-0.23203125
1.0534369945526123,645,-0.29648437499999997
1.0545539855957031,646,-0.2578125
1.0556681156158447,647,-0.8121093749999999
1.0567851066589355,648,-0.29648437499999997
1.057987928390503,649,-0.4640625
1.0593860149383545,650,-0.2578125
1.0608270168304443,651,0.0
1.0624771118164062,652,-0.167578125
1.0640039443969727,653,-0.4640625
1.0654051303863525,654,-0.6703125
1.0668139457702637,655,-1.353515625
1.0681660175323486,656,0.0
1.070462942123413,657,-0.20625
