time,count,voltage
0.004619121551513672,1,0.4640625
0.006130218505859375,2,-0.0515625
0.007433176040649414,3,-0.15468749999999998
0.009067058563232422,4,-0.515625
0.010450124740600586,5,-0.631640625
0.0181732177734375,6,-1.405078125
0.01996016502380371,7,-0.103125
0.021299123764038086,8,0.4125
0.0225980281829834,9,-0.02578125
0.023862123489379883,10,-0.12890625
0.025120019912719727,11,-0.43828124999999996
0.026368141174316406,12,-0.5671875
0.04769301414489746,13,-1.069921875
0.04937911033630371,14,-1.65
0.050721168518066406,15,-0.4640625
0.05191802978515625,16,-0.322265625
0.05307316780090332,17,-0.322265625
0.0542140007019043,18,-0.116015625
0.0553441047668457,19,-0.012890625
0.056463003158569336,20,-0.116015625
0.05761218070983887,21,-0.30937499999999996
0.05873703956604004,22,-0.64453125
0.05985307693481445,23,-0.708984375
0.06097412109375,24,-1.3019531249999998
0.06211519241333008,25,-1.65
0.06324100494384766,26,-0.02578125
0.06435418128967285,27,-0.20625
0.06547403335571289,28,-0.37382812499999996
0.06659913063049316,29,-0.36093749999999997
0.06779313087463379,30,-0.09023437499999999
0.06892800331115723,31,-0.38671875
0.0701441764831543,32,-0.30937499999999996
0.07155704498291016,33,-0.012890625
0.0730130672454834,34,-0.02578125
0.07456517219543457,35,-0.20625
0.07607007026672363,36,-0.515625
0.07754111289978027,37,-0.90234375
0.07898712158203125,38,-1.611328125
0.08101916313171387,39,0.0
0.08312702178955078,40,-0.399609375
0.08452916145324707,41,-0.21914062499999998
0.08632111549377441,42,-0.4125
0.08829021453857422,43,-0.103125
0.08967304229736328,44,-0.012890625
0.09086823463439941,45,-0.20625
0.09201812744140625,46,-0.54140625
0.09316301345825195,47,-0.580078125
0.09431099891662598,48,-1.224609375
0.09543704986572266,49,-1.65
0.09654903411865234,50,0.012890625
0.09775114059448242,51,-0.23203125
0.09889602661132812,52,-0.20625
0.10010218620300293,53,-0.580078125
0.10152602195739746,54,-0.064453125
0.10297918319702148,55,-0.21914062499999998
0.10452914237976074,56,0.012890625
0.1060791015625,57,-0.02578125
0.10753822326660156,58,-0.15468749999999998
0.10900306701660156,59,-0.515625
0.1112360954284668,60,-0.64453125
0.11327219009399414,61,-1.5726562499999999
0.11463618278503418,62,-0.270703125
0.11647415161132812,63,-0.193359375
0.11834001541137695,64,-0.270703125
0.11969113349914551,65,-0.270703125
0.12088918685913086,66,0.038671874999999994
0.1220550537109375,67,-0.012890625
0.12318015098571777,68,-0.116015625
0.12435317039489746,69,-0.29648437499999997
0.12554216384887695,70,-0.605859375
0.1267402172088623,71,-0.734765625
0.1279160976409912,72,-1.3792968749999999
0.12908220291137695,73,-0.038671874999999994
0.1302931308746338,74,-0.0515625
0.13171005249023438,75,-0.502734375
0.13316917419433594,76,-0.30937499999999996
0.13472819328308105,77,-0.193359375
0.1362621784210205,78,-0.36093749999999997
0.13778114318847656,79,-0.02578125
0.1393110752105713,80,-0.012890625
0.1409621238708496,81,-0.20625
0.1425611972808838,82,-0.502734375
0.14420413970947266,83,-0.7863281249999999
0.14668512344360352,84,-1.5984375
0.1484830379486084,85,-0.23203125
0.14999914169311523,86,-0.37382812499999996
0.15209507942199707,87,-0.167578125
0.15395021438598633,88,-0.09023437499999999
0.1552720069885254,89,-0.012890625
0.15645313262939453,90,-0.09023437499999999
0.15765118598937988,91,-0.33515625
0.1588151454925537,92,-0.6187499999999999
0.15995502471923828,93,-0.734765625
0.16117620468139648,94,-1.3664062499999998
0.16259503364562988,95,-1.173046875
0.16404318809509277,96,-0.12890625
0.16556310653686523,97,-0.37382812499999996
0.1670541763305664,98,-0.502734375
0.1685352325439453,99,-0.21914062499999998
0.1700000762939453,100,-0.15468749999999998
0.17203903198242188,101,-0.012890625
0.17420005798339844,102,-0.02578125
0.17564105987548828,103,-0.37382812499999996
0.1774601936340332,104,-0.54140625
0.17945408821105957,105,-1.405078125
0.18078207969665527,106,-0.322265625
0.18198418617248535,107,-0.30937499999999996
0.18314599990844727,108,-0.4640625
0.18427205085754395,109,-0.0515625
0.18539023399353027,110,-0.43828124999999996
0.18651604652404785,111,-0.36093749999999997
0.1876661777496338,112,-0.012890625
0.18882322311401367,113,-0.02578125
0.1899561882019043,114,-0.103125
0.1911780834197998,115,-0.36093749999999997
0.1926100254058838,116,-0.6703125
0.19406700134277344,117,-0.889453125
0.19562315940856934,118,-1.65
0.19707417488098145,119,0.0
0.19860506057739258,120,-0.29648437499999997
0.2000260353088379,121,-0.36093749999999997
0.2024531364440918,122,-0.15468749999999998
0.20429301261901855,123,-0.02578125
0.20581603050231934,124,-0.012890625
0.20788908004760742,125,-0.167578125
0.2094881534576416,126,-0.476953125
0.21072602272033691,127,-0.9410156249999999
0.21188902854919434,128,-1.5984375
0.2130270004272461,129,-0.0515625
0.21414804458618164,130,-0.4640625
0.21527314186096191,131,-0.4640625
0.21638822555541992,132,-0.451171875
0.21753907203674316,133,-0.270703125
0.21866106986999512,134,-0.502734375
0.21977615356445312,135,-0.4125
0.22089815139770508,136,-0.064453125
0.22210216522216797,137,-0.012890625
0.22350215911865234,138,-0.116015625
0.2249441146850586,139,-0.36093749999999997
0.2265000343322754,140,-0.631640625
0.22819209098815918,141,-1.1859374999999999
0.22969603538513184,142,-0.0515625
0.23130512237548828,143,-0.23203125
0.23386216163635254,144,-0.322265625
0.23551702499389648,145,-0.0515625
0.23737621307373047,146,0.09023437499999999
0.2394402027130127,147,-0.012890625
0.24080419540405273,148,-0.21914062499999998
0.24200010299682617,149,-0.5285156249999999
0.24315214157104492,150,-0.554296875
0.24428200721740723,151,-1.21171875
0.24540114402770996,152,-1.65
0.24654507637023926,153,0.012890625
0.2477869987487793,154,-0.2578125
0.24894499778747559,155,-0.21914062499999998
0.25008416175842285,156,-0.515625
0.25119805335998535,157,-0.064453125
0.2524130344390869,158,-0.30937499999999996
0.25388622283935547,159,-0.20625
0.25542306900024414,160,-0.012890625
0.25678014755249023,161,-0.09023437499999999
0.25818705558776855,162,-0.348046875
0.2595081329345703,163,-0.580078125
0.26098108291625977,164,-1.0570312499999999
0.2624351978302002,165,-1.65
0.26488423347473145,166,-0.02578125
0.26656222343444824,167,-0.2578125
0.26807522773742676,168,-0.29648437499999997
0.27003002166748047,169,-0.348046875
0.27184510231018066,170,0.09023437499999999
0.27317309379577637,171,-0.064453125
0.2743561267852783,172,-0.20625
0.27549099922180176,173,-0.5671875
0.276630163192749,174,-0.708984375
0.27785205841064453,175,-1.3148437499999999
0.27900218963623047,176,-0.6703125
0.2801170349121094,177,-0.103125
0.2812330722808838,178,-0.322265625
0.28244900703430176,179,-0.21914062499999998
0.2838630676269531,180,-0.515625
0.28537607192993164,181,-0.37382812499999996
0.28699207305908203,182,-0.21914062499999998
0.2886190414428711,183,-0.012890625
0.29001402854919434,184,-0.064453125
0.2913641929626465,185,-0.2578125
0.2931661605834961,186,-0.6187499999999999
0.2956211566925049,187,-1.00546875
0.2971370220184326,188,-0.37382812499999996
0.2987501621246338,189,-0.5285156249999999
0.3007540702819824,190,-0.37382812499999996
0.3024461269378662,191,-0.42539062499999997
0.3037290573120117,192,-0.0515625
0.3048970699310303,193,0.0
0.30603814125061035,194,-0.09023437499999999
0.3071730136871338,195,-0.21914062499999998
0.30838608741760254,196,-0.5285156249999999
0.3095231056213379,197,-0.6187499999999999
0.3106532096862793,198,-1.147265625
0.3117690086364746,199,-1.65
0.31298303604125977,200,-0.064453125
0.31438112258911133,201,-0.167578125
0.3158411979675293,202,-0.33515625
0.3174731731414795,203,-0.4125
0.3190000057220459,204,-0.29648437499999997
0.32038021087646484,205,-0.09023437499999999
0.32174205780029297,206,-0.012890625
0.32331204414367676,207,-0.07734374999999999
0.32581210136413574,208,-0.270703125
0.3275120258331299,209,-0.502734375
0.3289351463317871,210,-1.52109375
0.3307301998138428,211,0.012890625
0.3325660228729248,212,-0.37382812499999996
0.33391904830932617,213,-0.322265625
0.33567118644714355,214,-0.322265625
0.3369300365447998,215,-0.02578125
0.3381211757659912,216,-0.012890625
0.33925914764404297,217,-0.0515625
0.3403801918029785,218,-0.20625
0.34150099754333496,219,-0.5285156249999999
0.34262919425964355,220,-0.631640625
0.3438451290130615,221,-1.0570312499999999
0.34528017044067383,222,-1.611328125
0.34673023223876953,223,-0.012890625
0.3482811450958252,224,-0.28359375
0.3498411178588867,225,-0.28359375
0.3512740135192871,226,-0.103125
0.35268521308898926,227,-0.43828124999999996
0.354356050491333,228,-0.167578125
0.3567960262298584,229,-0.02578125
0.3585031032562256,230,-0.167578125
0.35994815826416016,231,-0.4125
0.3618330955505371,232,-1.10859375
0.36365699768066406,233,-0.15468749999999998
0.3649940490722656,234,-0.24492187499999998
0.3661940097808838,235,-0.322265625
0.36739611625671387,236,-0.30937499999999996
0.368549108505249,237,-0.30937499999999996
0.36968517303466797,238,-0.399609375
0.37080812454223633,239,-0.09023437499999999
0.3719370365142822,240,-0.012890625
0.3730471134185791,241,-0.20625
0.3742671012878418,242,-0.29648437499999997
0.37569212913513184,243,-0.631640625
0.3771381378173828,244,-0.8121093749999999
0.37881016731262207,245,-1.533984375
0.38032007217407227,246,-0.0515625
0.3817441463470459,247,-0.33515625
0.383148193359375,248,-0.322265625
0.38503503799438477,249,-0.24492187499999998
0.3874800205230713,250,-0.4125
0.38899922370910645,251,0.0
0.3905630111694336,252,-0.15468749999999998
0.39255714416503906,253,-0.4125
0.39415407180786133,254,-0.6703125
0.3954131603240967,255,-1.611328125
0.3965780735015869,256,-0.064453125
0.39780712127685547,257,-0.29648437499999997
0.39896702766418457,258,-0.2578125
0.40009617805480957,259,-0.33515625
0.4012141227722168,260,-0.167578125
0.40233707427978516,261,-0.2578125
0.4034440517425537,262,-0.37382812499999996
0.4046630859375,263,0.012890625
0.40607714653015137,264,-0.038671874999999994
0.4075591564178467,265,-0.21914062499999998
0.40910911560058594,266,-0.580078125
0.41063618659973145,267,-0.734765625
0.4120321273803711,268,-1.5597656249999998
0.4133942127227783,269,-0.0515625
0.41466212272644043,270,-0.23203125
0.4170091152191162,271,-0.29648437499999997
0.4190690517425537,272,-0.18046874999999998
0.42050600051879883,273,0.141796875
0.42232823371887207,274,-0.012890625
0.4242391586303711,275,-0.09023437499999999
0.4256150722503662,276,-0.451171875
0.42680811882019043,277,-0.6187499999999999
0.42798805236816406,278,-1.327734375
0.42914819717407227,279,-0.270703125
0.43027710914611816,280,-0.167578125
0.4313971996307373,281,-0.33515625
0.43251705169677734,282,-0.30937499999999996
0.43643903732299805,283,-0.5285156249999999
0.43842220306396484,284,0.5929687499999999
0.43999814987182617,285,-0.064453125
0.4414350986480713,286,-0.2578125
0.44281506538391113,287,-0.5285156249999999
0.44413304328918457,288,-0.992578125
0.4467651844024658,289,-1.65
0.44835400581359863,290,-0.399609375
0.44982314109802246,291,-0.348046875
0.4520421028137207,292,-0.33515625
0.45395517349243164,293,-0.103125
0.4552910327911377,294,-0.012890625
0.45645809173583984,295,-0.116015625
0.4577500820159912,296,-0.2578125
0.4589071273803711,297,-0.580078125
0.46004414558410645,298,-0.7734375
0.4611701965332031,299,-1.3921875
0.4623072147369385,300,-0.21914062499999998
0.46342015266418457,301,-0.12890625
0.46454715728759766,302,-0.37382812499999996
0.4658210277557373,303,-0.20625
0.4672970771789551,304,-0.33515625
0.4687831401824951,305,-0.399609375
0.47050905227661133,306,-0.20625
0.4719710350036621,307,-0.012890625
0.47338008880615234,308,-0.103125
0.4746670722961426,309,-0.30937499999999996
0.47713804244995117,310,-0.580078125
0.47916507720947266,311,-1.16015625
0.48058319091796875,312,-0.064453125
0.4824221134185791,313,-0.4125
0.4843101501464844,314,-0.43828124999999996
0.4857511520385742,315,-0.33515625
0.4870131015777588,316,-0.116015625
0.48827314376831055,317,0.012890625
0.4894380569458008,318,-0.12890625
0.49057912826538086,319,-0.29648437499999997
0.491718053817749,320,-0.605859375
0.49284911155700684,321,-0.6703125
0.49404001235961914,322,-1.224609375
0.4951810836791992,323,-1.65
0.4963951110839844,324,-0.064453125
0.4979381561279297,325,-0.21914062499999998
0.4994051456451416,326,-0.24492187499999998
0.5009520053863525,327,-0.28359375
0.502467155456543,328,-0.20625
0.5037891864776611,329,-0.15468749999999998
0.5051760673522949,330,-0.012890625
0.5074810981750488,331,-0.103125
0.5094881057739258,332,-0.399609375
0.5109860897064209,333,-0.7863281249999999
0.5128741264343262,334,-1.6371093749999999
0.5147490501403809,335,-0.103125
0.5161252021789551,336,-0.15468749999999998
0.517423152923584,337,-0.193359375
0.5186831951141357,338,-0.29648437499999997
0.5198330879211426,339,-0.270703125
0.5209572315216064,340,-0.012890625
0.5220961570739746,341,-0.09023437499999999
0.5232250690460205,342,-0.116015625
0.5243351459503174,343,-0.36093749999999997
0.525501012802124,344,-0.64453125
0.5267691612243652,345,-0.7863281249999999
0.5281991958618164,346,-1.456640625
0.5296530723571777,347,-0.167578125
0.5311760902404785,348,-0.37382812499999996
0.5327041149139404,349,-0.2578125
0.5342600345611572,350,-0.348046875
0.5356500148773193,351,-0.167578125
0.5375242233276367,352,-0.0515625
0.5398881435394287,353,-0.012890625
0.5414431095123291,354,-0.116015625
0.5430362224578857,355,-0.502734375
0.5454471111297607,356,-1.044140625
0.5469241142272949,357,-0.30937499999999996
0.5481631755828857,358,-0.33515625
0.5493340492248535,359,-0.30937499999999996
0.5505800247192383,360,-0.30937499999999996
0.5517311096191406,361,-0.322265625
0.5528500080108643,362,-0.33515625
0.554091215133667,363,-0.15468749999999998
0.5552520751953125,364,-0.02578125
0.5563712120056152,365,-0.103125
0.5576961040496826,366,-0.33515625
0.5591731071472168,367,-0.6187499999999999
0.5606942176818848,368,-0.8765624999999999
0.5622990131378174,369,-1.5984375
0.5637562274932861,370,0.012890625
0.565115213394165,371,-0.399609375
0.5665621757507324,372,-0.399609375
0.5684740543365479,373,-0.167578125
0.5710282325744629,374,-0.4125
0.5726070404052734,375,-0.012890625
0.5742940902709961,376,-0.18046874999999998
0.5775761604309082,377,-0.48984374999999997
0.5789110660552979,378,-1.4953124999999998
0.5800940990447998,379,-0.02578125
0.5812301635742188,380,-0.30937499999999996
0.5823960304260254,381,-0.348046875
0.5835320949554443,382,-0.30937499999999996
0.5846970081329346,383,-0.30937499999999996
0.5858290195465088,384,-0.37382812499999996
0.5869472026824951,385,-0.2578125
0.588198184967041,386,0.0
0.5896990299224854,387,-0.0515625
0.5912091732025146,388,-0.2578125
0.5929310321807861,389,-0.54140625
0.5945801734924316,390,-0.9410156249999999
0.5960941314697266,391,-1.65
0.5975852012634277,392,-0.12890625
0.6002161502838135,393,-0.322265625
0.6019690036773682,394,-0.23203125
0.603593111038208,395,-0.103125
0.6058402061462402,396,-0.012890625
0.6074011325836182,397,-0.07734374999999999
0.6086850166320801,398,-0.4640625
0.6098520755767822,399,-0.5285156249999999
0.6109862327575684,400,-1.2374999999999998
0.6121220588684082,401,-1.65
0.6132330894470215,402,-0.012890625
0.6143460273742676,403,-0.20625
0.6154670715332031,404,-0.21914062499999998
0.6166110038757324,405,-0.580078125
0.6178131103515625,406,-0.0515625
0.619056224822998,407,-0.29648437499999997
0.6204891204833984,408,-0.18046874999999998
0.6220240592956543,409,-0.0515625
0.6236321926116943,410,-0.116015625
0.6251940727233887,411,-0.36093749999999997
0.6265830993652344,412,-0.4640625
0.6280591487884521,413,-1.224609375
0.6307291984558105,414,0.0
0.6323261260986328,415,-0.30937499999999996
0.6341030597686768,416,-0.399609375
0.6361620426177979,417,-0.33515625
0.6376230716705322,418,0.09023437499999999
0.6388511657714844,419,-0.0515625
0.6400110721588135,420,-0.20625
0.641185998916626,421,-0.399609375
0.6423830986022949,422,-0.631640625
0.6435420513153076,423,-0.928125
0.6446681022644043,424,-1.4953124999999998
0.6457991600036621,425,-0.0515625
0.6469511985778809,426,-0.15468749999999998
0.6486260890960693,427,-0.43828124999999996
0.6500070095062256,428,-0.43828124999999996
0.6514739990234375,429,-0.103125
0.6529781818389893,430,-0.20625
0.6545741558074951,431,0.0
0.6561501026153564,432,-0.064453125
0.6578471660614014,433,-0.20625
0.6603860855102539,434,-0.515625
0.6621460914611816,435,-1.147265625
0.6637592315673828,436,0.012890625
0.6659212112426758,437,-0.33515625
0.6674151420593262,438,-0.28359375
0.6686680316925049,439,-0.2578125
0.669842004776001,440,-0.18046874999999998
0.671011209487915,441,-0.012890625
0.6721282005310059,442,-0.02578125
0.673267126083374,443,-0.20625
0.6743950843811035,444,-0.4640625
0.6755051612854004,445,-0.708984375
0.676624059677124,446,-0.837890625
0.6782500743865967,447,-1.456640625
0.6795191764831543,448,-0.21914062499999998
0.6809689998626709,449,-0.20625
0.6824040412902832,450,-0.28359375
0.6839931011199951,451,-0.42539062499999997
0.6855940818786621,452,-0.33515625
0.6870031356811523,453,-0.103125
0.6890130043029785,454,-0.02578125
0.691460132598877,455,-0.0515625
0.6929612159729004,456,-0.42539062499999997
0.6949431896209717,457,-1.018359375
0.6968982219696045,458,-0.5671875
0.6998741626739502,459,-0.2578125
0.7011291980743408,460,-0.116015625
0.7023160457611084,461,-0.33515625
0.7034640312194824,462,-0.21914062499999998
0.7046282291412354,463,0.012890625
0.7057762145996094,464,-0.0515625
0.7068881988525391,465,-0.167578125
0.7080252170562744,466,-0.515625
0.709144115447998,467,-0.631640625
0.7103970050811768,468,-1.03125
0.7118380069732666,469,-1.585546875
0.7133381366729736,470,0.0
0.7149031162261963,471,-0.322265625
0.7163481712341309,472,-0.30937499999999996
0.7180531024932861,473,-0.116015625
0.7200701236724854,474,-0.37382812499999996
0.7225010395050049,475,0.0515625
0.7239890098571777,476,-0.116015625
0.72601318359375,477,-0.4640625
0.7279741764068604,478,-0.6832031249999999
0.7293310165405273,479,-0.837890625
0.730518102645874,480,-0.20625
0.7316691875457764,481,-0.4640625
0.7327990531921387,482,-0.36093749999999997
0.7339761257171631,483,-0.20625
0.7351012229919434,484,-0.515625
0.7362282276153564,485,-0.4640625
0.737389087677002,486,-0.167578125
0.738530158996582,487,-0.012890625
0.7396430969238281,488,-0.12890625
0.741192102432251,489,-0.30937499999999996
0.7427270412445068,490,-0.580078125
0.7441880702972412,491,-1.018359375
0.7457780838012695,492,-1.65
0.7472331523895264,493,-0.15468749999999998
0.7488551139831543,494,-0.30937499999999996
0.7511370182037354,495,-0.4125
0.7534921169281006,496,-0.29648437499999997
0.7550351619720459,497,0.0
0.7574620246887207,498,-0.0515625
0.7593600749969482,499,-0.37382812499999996
0.7606551647186279,500,-0.9152343749999999
0.761864185333252,501,-1.5984375
0.7629940509796143,502,-0.07734374999999999
0.7641072273254395,503,-0.20625
0.7652261257171631,504,-0.29648437499999997
0.7663521766662598,505,-0.580078125
0.7674920558929443,506,-0.20625
0.7686631679534912,507,-0.42539062499999997
0.7698121070861816,508,-0.322265625
0.7710421085357666,509,0.0
0.7724530696868896,510,-0.064453125
0.7738940715789795,511,-0.15468749999999998
0.775536060333252,512,-0.515625
0.7769930362701416,513,-0.631640625
0.7790322303771973,514,-1.456640625
0.7806360721588135,515,-0.064453125
0.7833991050720215,516,-0.29648437499999997
0.7849760055541992,517,-0.103125
0.7868261337280273,518,-0.09023437499999999
0.7888760566711426,519,-0.012890625
0.7903051376342773,520,-0.064453125
0.7915031909942627,521,-0.451171875
0.7926971912384033,522,-0.580078125
0.7938470840454102,523,-1.0828125
0.7949681282043457,524,-1.65
0.7960820198059082,525,-0.193359375
0.7972772121429443,526,-0.2578125
0.7984621524810791,527,-0.30937499999999996
0.7996001243591309,528,-0.42539062499999997
0.8007590770721436,529,-0.21914062499999998
0.801995038986206,530,-0.48984374999999997
0.8034241199493408,531,-0.451171875
0.804887056350708,532,0.0
0.8065400123596191,533,-0.0515625
0.8080241680145264,534,-0.20625
0.8094210624694824,535,-0.502734375
0.8107471466064453,536,-1.044140625
0.8131740093231201,537,-1.65
0.815089225769043,538,-0.15468749999999998
0.8166391849517822,539,-0.38671875
0.8187131881713867,540,-0.2578125
0.8204450607299805,541,-0.0515625
0.8218131065368652,542,0.0
0.8230431079864502,543,-0.103125
0.8242030143737793,544,-0.270703125
0.8253531455993652,545,-0.5671875
0.8264861106872559,546,-0.708984375
0.8276400566101074,547,-1.340625
0.8287680149078369,548,-1.65
0.829909086227417,549,0.0
0.8310341835021973,550,-0.270703125
0.8322670459747314,551,-0.322265625
0.8337140083312988,552,-0.322265625
0.8351762294769287,553,-0.399609375
0.83675217628479,554,-0.322265625
0.83840012550354,555,-0.012890625
0.8398110866546631,556,-0.0515625
0.8412511348724365,557,-0.28359375
0.8430721759796143,558,-0.54140625
0.8455471992492676,559,-1.00546875
0.8471450805664062,560,-0.20625
0.8489091396331787,561,-0.322265625
0.8511831760406494,562,-0.43828124999999996
0.8527262210845947,563,-0.24492187499999998
0.8539872169494629,564,0.18046874999999998
0.8551881313323975,565,-0.012890625
0.8563361167907715,566,-0.103125
0.857511043548584,567,-0.322265625
0.8586602210998535,568,-0.631640625
0.8597831726074219,569,-0.708984375
0.8611540794372559,570,-1.340625
0.8624470233917236,571,0.038671874999999994
0.8638942241668701,572,-0.193359375
0.8654282093048096,573,-0.29648437499999997
0.8670251369476318,574,-0.451171875
0.8686761856079102,575,-0.43828124999999996
0.8702981472015381,576,-0.167578125
0.8717391490936279,577,-0.012890625
0.8738071918487549,578,-0.064453125
0.8760600090026855,579,-0.2578125
0.8776421546936035,580,-0.7476562499999999
0.8792731761932373,581,-1.65
0.8812570571899414,582,-0.322265625
0.8828370571136475,583,-0.21914062499999998
0.8841161727905273,584,-0.21914062499999998
0.8852992057800293,585,-0.4640625
0.8864870071411133,586,-0.36093749999999997
0.8876690864562988,587,-0.012890625
0.8888330459594727,588,-0.0515625
0.8899691104888916,589,-0.167578125
0.8911011219024658,590,-0.48984374999999997
0.8923501968383789,591,-0.6703125
0.8939151763916016,592,-0.95390625
0.8954510688781738,593,-1.6371093749999999
0.8970670700073242,594,-0.038671874999999994
0.8986690044403076,595,-0.33515625
0.9001021385192871,596,-0.515625
0.9015011787414551,597,-0.103125
0.9039311408996582,598,-0.167578125
0.9059262275695801,599,0.0
0.9074652194976807,600,-0.167578125
0.9092750549316406,601,-0.4640625
0.9113740921020508,602,-0.708984375
0.9128451347351074,603,-1.147265625
0.9140400886535645,604,-0.18046874999999998
0.9152002334594727,605,-0.4125
0.9163310527801514,606,-0.37382812499999996
0.9174950122833252,607,-0.064453125
0.9187040328979492,608,-0.399609375
0.9198410511016846,609,-0.28359375
0.9209640026092529,610,-0.012890625
0.9220860004425049,611,-0.0515625
0.923314094543457,612,-0.29648437499999997
0.9248030185699463,613,-0.580078125
0.9263870716094971,614,-0.6832031249999999
0.9280951023101807,615,-1.276171875
0.9296410083770752,616,-0.15468749999999998
0.9310240745544434,617,-0.21914062499999998
0.9324362277984619,618,-0.2578125
0.9345810413360596,619,-0.20625
0.9370272159576416,620,-0.29648437499999997
0.9386281967163086,621,0.012890625
0.9403021335601807,622,-0.103125
0.942573070526123,623,-0.37382812499999996
0.9439911842346191,624,-0.69609375
0.9452691078186035,625,-1.611328125
0.9464271068572998,626,-0.02578125
0.9475781917572021,627,-0.193359375
0.9489481449127197,628,-0.29648437499999997
0.950188159942627,629,-0.6574218749999999
0.9513630867004395,630,-0.28359375
0.9524941444396973,631,-0.33515625
0.9537920951843262,632,-0.167578125
0.955254077911377,633,0.0
0.956754207611084,634,-0.167578125
0.9584980010986328,635,-0.399609375
0.960064172744751,636,-0.5285156249999999
0.9615440368652344,637,-1.327734375
0.963421106338501,638,-0.15468749999999998
0.9658942222595215,639,-0.28359375
0.9680240154266357,640,-0.399609375
0.9694859981536865,641,-0.37382812499999996
0.9713971614837646,642,-0.012890625
0.9733760356903076,643,-0.0515625
0.974816083908081,644,-0.2578125
0.9760282039642334,645,-0.502734375
