time,count,voltage
0.005316019058227539,1,-0.36093749999999997
0.006871938705444336,2,-0.36093749999999997
0.00833892822265625,3,0.012890625
0.00974893569946289,4,0.0
0.01111292839050293,5,0.0
0.012650012969970703,6,-0.12890625
0.014378070831298828,7,-0.4640625
0.016031980514526367,8,-1.134375
0.017782926559448242,9,0.0
0.01949596405029297,10,0.0
0.021188974380493164,11,-0.2578125
0.0226900577545166,12,-0.20625
0.024116992950439453,13,-0.20625
0.025523900985717773,14,0.07734374999999999
0.02692699432373047,15,0.0
0.028502941131591797,16,-0.012890625
0.03030109405517578,17,-0.33515625
0.03201699256896973,18,-0.64453125
0.03380107879638672,19,-1.65
0.03554797172546387,20,0.0
0.03716707229614258,21,-0.15468749999999998
0.03893303871154785,22,-0.6187499999999999
0.04065108299255371,23,-0.29648437499999997
0.0424809455871582,24,0.18046874999999998
0.04442000389099121,25,-0.012890625
0.04699587821960449,26,-0.02578125
0.049983978271484375,27,-0.4640625
0.05174899101257324,28,0.0
0.0531308650970459,29,-0.0515625
0.054821014404296875,30,-0.4125
0.056719064712524414,31,-0.29648437499999997
0.058270931243896484,32,0.038671874999999994
0.059561967849731445,33,0.012890625
0.0607600212097168,34,0.0
0.061903953552246094,35,-0.012890625
0.06304502487182617,36,-0.4125
0.06416201591491699,37,-0.605859375
0.06526494026184082,38,-1.1859374999999999
0.06638002395629883,39,-1.65
0.06748700141906738,40,0.0
0.06859397888183594,41,0.0
0.06977200508117676,42,-0.12890625
0.07089495658874512,43,-0.42539062499999997
0.07200908660888672,44,-0.20625
0.07311296463012695,45,-0.30937499999999996
0.07421708106994629,46,-0.2578125
0.07532596588134766,47,0.0
0.07645893096923828,48,0.012890625
0.0778350830078125,49,-0.012890625
0.0792078971862793,50,-0.103125
0.08048200607299805,51,-0.4640625
0.08175992965698242,52,-0.9152343749999999
0.0832219123840332,53,-1.611328125
0.0846550464630127,54,0.0
0.08623194694519043,55,-0.012890625
0.08767008781433105,56,-0.29648437499999997
0.08904910087585449,57,-0.21914062499999998
0.09050989151000977,58,-0.37382812499999996
0.09299588203430176,59,-0.012890625
0.09487199783325195,60,0.0
0.09630393981933594,61,-0.2578125
0.09820199012756348,62,-0.502734375
0.10003995895385742,63,-1.3664062499999998
0.10135507583618164,64,0.0
0.10252809524536133,65,-0.064453125
0.10366988182067871,66,-0.23203125
0.10478806495666504,67,-0.580078125
0.10589098930358887,68,-0.193359375
0.10699987411499023,69,-0.20625
0.10813593864440918,70,-0.09023437499999999
0.10933709144592285,71,0.0
0.11054205894470215,72,0.012890625
0.111968994140625,73,-0.012890625
0.11341094970703125,74,-0.4125
0.1149289608001709,75,-0.605859375
0.11640095710754395,76,-1.5082031249999999
0.11775708198547363,77,0.0
0.11915707588195801,78,0.0
0.12144804000854492,79,-0.0515625
0.12331604957580566,80,-0.6574218749999999
0.1247560977935791,81,-0.09023437499999999
0.1267719268798828,82,0.0
0.1284198760986328,83,0.0
0.12967896461486816,84,-0.33515625
0.13083696365356445,85,-0.580078125
0.13196206092834473,86,-1.16015625
0.13307809829711914,87,-1.65
0.13418102264404297,88,0.0
0.13528800010681152,89,0.0
0.1363840103149414,90,-0.15468749999999998
0.13749408721923828,91,-0.38671875
0.1385939121246338,92,-0.37382812499999996
0.13978195190429688,93,-0.30937499999999996
0.14100098609924316,94,-0.23203125
0.14239788055419922,95,0.012890625
0.14385390281677246,96,0.012890625
0.14539408683776855,97,-0.0515625
0.14691400527954102,98,-0.37382812499999996
0.1483609676361084,99,-0.6703125
0.14993500709533691,100,-1.5597656249999998
0.15182995796203613,101,0.0
0.15412592887878418,102,-0.012890625
0.15569210052490234,103,-0.33515625
0.15718698501586914,104,-0.36093749999999997
0.15925097465515137,105,-0.064453125
0.16092491149902344,106,0.0
0.1622018814086914,107,-0.0515625
0.1633749008178711,108,-0.43828124999999996
0.16451597213745117,109,-0.6703125
0.16564393043518066,110,-1.3921875
0.1667490005493164,111,0.0
0.16783905029296875,112,0.0
0.16895508766174316,113,0.0
0.17005300521850586,114,-0.07734374999999999
0.17125701904296875,115,-0.38671875
0.17267394065856934,116,-0.24492187499999998
0.17415189743041992,117,-0.2578125
0.1757190227508545,118,0.038671874999999994
0.17724990844726562,119,0.012890625
0.1786670684814453,120,-0.012890625
0.18022489547729492,121,-0.4125
0.18197894096374512,122,-0.6703125
0.18431591987609863,123,-1.52109375
0.1858820915222168,124,0.0
0.18732500076293945,125,-0.167578125
0.1892859935760498,126,-0.322265625
0.191148042678833,127,-0.07734374999999999
0.19245600700378418,128,0.0
0.19361495971679688,129,0.0
0.19475007057189941,130,-0.02578125
0.19587397575378418,131,-0.322265625
0.19699406623840332,132,-0.580078125
0.19809508323669434,133,-0.8765624999999999
0.19928407669067383,134,-1.546875
0.20039796829223633,135,0.012890625
0.20158004760742188,136,0.0
0.20297908782958984,137,-0.09023437499999999
0.2044999599456787,138,-0.2578125
0.2060410976409912,139,-0.193359375
0.20759201049804688,140,-0.29648437499999997
0.20915508270263672,141,0.0
0.2106618881225586,142,0.0
0.21210002899169922,143,-0.012890625
0.21459698677062988,144,-0.42539062499999997
0.21627593040466309,145,-0.992578125
0.21764898300170898,146,0.0
0.21942400932312012,147,0.0
0.22133803367614746,148,-0.103125
0.22272109985351562,149,-0.29648437499999997
0.2239220142364502,150,-0.23203125
0.2250828742980957,151,0.012890625
0.2262110710144043,152,0.0
0.22731804847717285,153,0.0
0.22842907905578613,154,-0.02578125
0.22956299781799316,155,-0.399609375
0.23067688941955566,156,-0.631640625
0.23186993598937988,157,-1.147265625
0.2332749366760254,158,-1.65
0.23473095893859863,159,0.0
0.2362959384918213,160,-0.02578125
0.23784089088439941,161,-0.21914062499999998
0.23946809768676758,162,-0.30937499999999996
0.24097490310668945,163,-0.2578125
0.24273109436035156,164,0.0
0.24513602256774902,165,0.012890625
0.24671602249145508,166,-0.20625
0.24815797805786133,167,-0.515625
0.2500638961791992,168,-1.3921875
0.2518429756164551,169,0.0
0.25315093994140625,170,-0.116015625
0.25432395935058594,171,-0.37382812499999996
0.255465030670166,172,-0.24492187499999998
0.25658607482910156,173,-0.4125
0.2577049732208252,174,-0.30937499999999996
0.2589268684387207,175,0.012890625
0.2600550651550293,176,0.012890625
0.26116394996643066,177,-0.012890625
0.26235508918762207,178,-0.193359375
0.2637479305267334,179,-0.515625
0.26517605781555176,180,-0.825
0.26671600341796875,181,-1.65
0.2682349681854248,182,0.0
0.2696878910064697,183,-0.07734374999999999
0.2711179256439209,184,-0.29648437499999997
0.2725789546966553,185,-0.24492187499999998
0.2751309871673584,186,-0.322265625
0.2768380641937256,187,0.012890625
0.278209924697876,188,-0.012890625
0.2800118923187256,189,-0.29648437499999997
0.28187990188598633,190,-0.5285156249999999
0.2832510471343994,191,-1.546875
0.28444504737854004,192,0.0
0.2855808734893799,193,0.012890625
0.2866940498352051,194,-0.0515625
0.28780508041381836,195,-0.631640625
0.28893089294433594,196,-0.30937499999999996
0.2900509834289551,197,-0.4125
0.2911570072174072,198,-0.23203125
0.29238104820251465,199,0.012890625
0.29382896423339844,200,0.0
0.2952768802642822,201,-0.012890625
0.2968108654022217,202,-0.4125
0.2982790470123291,203,-0.5671875
0.29978108406066895,204,-1.5082031249999999
0.3011949062347412,205,0.0
0.30277395248413086,206,0.0
0.30524587631225586,207,-0.116015625
0.30699896812438965,208,-0.270703125
0.30852198600769043,209,0.21914062499999998
0.3105740547180176,210,-0.012890625
0.3122990131378174,211,-0.038671874999999994
0.3135960102081299,212,-0.42539062499999997
0.31482386589050293,213,-0.734765625
0.31597399711608887,214,-1.4953124999999998
0.3171088695526123,215,0.0
0.31821703910827637,216,0.0
0.31934499740600586,217,-0.15468749999999998
0.32045507431030273,218,-0.20625
0.32155704498291016,219,-0.43828124999999996
0.32274889945983887,220,-0.167578125
0.3241579532623291,221,-0.20625
0.32561588287353516,222,0.0515625
0.3271450996398926,223,0.0
0.32865405082702637,224,-0.012890625
0.3301279544830322,225,-0.36093749999999997
0.3321959972381592,226,-0.631640625
0.3341410160064697,227,-1.65
0.3364739418029785,228,0.0
0.3380239009857178,229,-0.20625
0.33959293365478516,230,-0.15468749999999998
0.3416609764099121,231,-0.167578125
0.34331488609313965,232,0.0
0.344588041305542,233,-0.012890625
0.34573793411254883,234,-0.20625
0.3468770980834961,235,-0.502734375
0.34799790382385254,236,-0.7863281249999999
0.34914207458496094,237,-1.46953125
0.35026001930236816,238,0.0
0.35135793685913086,239,0.0
0.35245800018310547,240,0.0
0.35364198684692383,241,-0.167578125
0.3550450801849365,242,-0.42539062499999997
0.3565049171447754,243,-0.20625
0.35810399055480957,244,-0.012890625
0.359637975692749,245,0.012890625
0.3610379695892334,246,0.012890625
0.3624269962310791,247,-0.103125
0.3637518882751465,248,-0.476953125
0.3660728931427002,249,-0.825
0.3679039478302002,250,-1.4953124999999998
0.3694009780883789,251,0.0
0.3711669445037842,252,-0.270703125
0.37314295768737793,253,-0.167578125
0.37459707260131836,254,-0.09023437499999999
0.375809907913208,255,0.012890625
0.37695789337158203,256,-0.012890625
0.37807393074035645,257,-0.02578125
0.37929296493530273,258,-0.29648437499999997
0.3804359436035156,259,-0.580078125
0.3815479278564453,260,-0.95390625
0.38264894485473633,261,-1.611328125
0.38387298583984375,262,0.0
0.3852729797363281,263,-0.02578125
0.3867340087890625,264,-0.09023437499999999
0.3883168697357178,265,-0.4125
0.38990306854248047,266,-0.02578125
0.3914649486541748,267,0.038671874999999994
0.39292287826538086,268,0.0
0.39424991607666016,269,0.0
0.3964979648590088,270,-0.0515625
0.39856410026550293,271,-0.476953125
0.40012693405151367,272,-1.533984375
0.40172290802001953,273,0.0
0.4036998748779297,274,-0.0515625
0.4053359031677246,275,-0.37382812499999996
0.40661001205444336,276,-0.36093749999999997
0.4077870845794678,277,-0.167578125
0.40923404693603516,278,0.0
0.41050004959106445,279,0.0
0.4118189811706543,280,-0.02578125
0.41751694679260254,281,-0.322265625
0.41985201835632324,282,-0.580078125
0.4213550090789795,283,-0.322265625
0.42279505729675293,284,-0.23203125
0.42423391342163086,285,-0.21914062499999998
0.42586708068847656,286,0.0
0.4283289909362793,287,0.012890625
0.43022608757019043,288,-0.15468749999999998
0.43163490295410156,289,-0.54140625
0.43317389488220215,290,-1.46953125
0.43509602546691895,291,0.0
0.4366879463195801,292,-0.0515625
0.4379539489746094,293,-0.42539062499999997
0.43915891647338867,294,-0.21914062499999998
0.44031691551208496,295,-0.322265625
0.4414339065551758,296,-0.12890625
0.4425380229949951,297,0.0
0.44363903999328613,298,0.0
0.44486498832702637,299,-0.0515625
0.44627904891967773,300,-0.29648437499999997
0.4477419853210449,301,-0.54140625
0.44918107986450195,302,-1.21171875
0.4507009983062744,303,0.0
0.4521369934082031,304,0.0
0.4535660743713379,305,-0.12890625
0.45497798919677734,306,-0.5285156249999999
0.45700693130493164,307,-0.12890625
0.45920896530151367,308,0.0515625
0.4607250690460205,309,-0.012890625
0.4621560573577881,310,-0.012890625
0.46401500701904297,311,-0.4640625
0.465756893157959,312,-0.8121093749999999
0.4671049118041992,313,-0.23203125
0.46829986572265625,314,0.0
0.46947503089904785,315,-0.0515625
0.47061991691589355,316,-0.2578125
0.4717369079589844,317,-0.631640625
0.47284507751464844,318,-0.399609375
0.4739570617675781,319,-0.36093749999999997
0.47518205642700195,320,-0.09023437499999999
0.4765889644622803,321,0.012890625
0.47803497314453125,322,-0.012890625
0.47962307929992676,323,-0.18046874999999998
0.4811580181121826,324,-0.54140625
0.4825160503387451,325,-1.224609375
0.48392295837402344,326,0.0
0.4856870174407959,327,0.0
0.487994909286499,328,-0.09023437499999999
0.48959994316101074,329,-0.28359375
0.49115896224975586,330,-0.167578125
0.4931149482727051,331,0.0
0.4948298931121826,332,-0.012890625
0.4961390495300293,333,-0.193359375
0.4973158836364746,334,-0.515625
0.4984409809112549,335,-1.0570312499999999
0.49957990646362305,336,-1.65
0.5007078647613525,337,0.012890625
0.5018529891967773,338,0.0
0.5029819011688232,339,-0.20625
0.5040979385375977,340,-0.15468749999999998
0.5052878856658936,341,-0.79921875
0.5066928863525391,342,-0.37382812499999996
0.508152961730957,343,-0.193359375
0.5096759796142578,344,0.0
0.5112040042877197,345,-0.012890625
0.5126218795776367,346,-0.103125
0.5139739513397217,347,-0.4640625
0.5155539512634277,348,-0.928125
0.5179309844970703,349,-1.65
0.5197129249572754,350,-0.02578125
0.5211160182952881,351,-0.270703125
0.5227780342102051,352,-0.167578125
0.5247559547424316,353,-0.29648437499999997
0.526298999786377,354,0.0
0.5275299549102783,355,-0.012890625
0.5286870002746582,356,-0.02578125
0.5299029350280762,357,-0.42539062499999997
0.5310399532318115,358,-0.48984374999999997
0.5321590900421143,359,-1.173046875
0.5332698822021484,360,-1.65
0.5343759059906006,361,0.0
0.5355439186096191,362,0.012890625
0.5369439125061035,363,-0.167578125
0.5383880138397217,364,-0.6703125
0.5398550033569336,365,-0.29648437499999997
0.5414729118347168,366,-0.0515625
0.5429179668426514,367,0.0
0.5442709922790527,368,0.0
0.5456440448760986,369,-0.064453125
0.5475320816040039,370,-0.476953125
0.5498230457305908,371,-0.7734375
0.5514359474182129,372,0.0
0.5528240203857422,373,0.0
0.5541958808898926,374,-0.2578125
0.5558938980102539,375,-0.605859375
0.5578579902648926,376,-0.270703125
0.5596239566802979,377,0.0
0.5609569549560547,378,0.012890625
0.5621418952941895,379,-0.064453125
0.5632920265197754,380,-0.476953125
0.5644199848175049,381,-0.6187499999999999
0.5656208992004395,382,-1.2890625
0.5670568943023682,383,-0.141796875
0.5686039924621582,384,0.0
0.5700938701629639,385,-0.064453125
0.5714719295501709,386,-0.43828124999999996
0.5728530883789062,387,-0.21914062499999998
0.5744040012359619,388,-0.23203125
0.5758559703826904,389,0.0
0.5778748989105225,390,0.012890625
0.5801539421081543,391,-0.012890625
0.5816760063171387,392,-0.4125
0.5830609798431396,393,-1.405078125
0.5848789215087891,394,0.0
0.5867059230804443,395,-0.07734374999999999
0.5880649089813232,396,-0.36093749999999997
0.5893518924713135,397,-0.270703125
0.5905110836029053,398,-0.29648437499999997
0.591667890548706,399,-0.07734374999999999
0.5928220748901367,400,0.012890625
0.5939240455627441,401,-0.012890625
0.5950369834899902,402,-0.012890625
0.5962309837341309,403,-0.36093749999999997
0.5976309776306152,404,-0.580078125
0.5990660190582275,405,-1.16015625
0.600579023361206,406,-0.37382812499999996
0.6020998954772949,407,0.0
0.6035161018371582,408,-0.193359375
0.6049330234527588,409,-0.399609375
0.6066930294036865,410,-0.167578125
0.6090619564056396,411,-0.116015625
0.6105968952178955,412,0.012890625
0.6120069026947021,413,-0.02578125
0.613818883895874,414,-0.399609375
0.6156439781188965,415,-0.631640625
0.617048978805542,416,-1.65
0.618232011795044,417,0.0
0.6194319725036621,418,-0.0515625
0.6205780506134033,419,-0.2578125
0.6217100620269775,420,-0.322265625
0.622826099395752,421,-0.36093749999999997
0.6239368915557861,422,-0.322265625
0.6250429153442383,423,-0.09023437499999999
0.6262309551239014,424,0.012890625
0.6276249885559082,425,0.0
0.6290850639343262,426,-0.064453125
0.6306040287017822,427,-0.476953125
0.6320550441741943,428,-0.837890625
0.6334099769592285,429,-1.65
0.6347289085388184,430,0.0
0.6364920139312744,431,-0.02578125
0.6388828754425049,432,-0.23203125
0.6404199600219727,433,-0.38671875
0.641855001449585,434,0.09023437499999999
0.6437160968780518,435,0.0
0.6454939842224121,436,0.0
0.6468160152435303,437,-0.399609375
0.6479849815368652,438,-0.6703125
0.6491210460662842,439,-1.405078125
0.6502580642700195,440,0.0
0.6513819694519043,441,0.012890625
0.6524980068206787,442,-0.02578125
0.6536130905151367,443,-0.116015625
0.6547279357910156,444,-0.5671875
0.6558380126953125,445,-0.21914062499999998
0.657027006149292,446,-0.33515625
0.6584088802337646,447,-0.15468749999999998
0.6598720550537109,448,0.012890625
0.6613829135894775,449,-0.012890625
0.662909984588623,450,-0.12890625
0.6642560958862305,451,-0.515625
