time,count,voltage
0.00419306755065918,1,-0.992578125
0.005479097366333008,2,-0.02578125
0.006621122360229492,3,-0.103125
0.007740020751953125,4,-0.15468749999999998
0.008900165557861328,5,-0.167578125
0.010094165802001953,6,-0.0515625
0.011275053024291992,7,-0.28359375
0.012617111206054688,8,-0.20625
0.014116048812866211,9,0.012890625
0.01556706428527832,10,0.0
0.016962051391601562,11,-0.116015625
0.018345117568969727,12,-0.21914062499999998
0.019646167755126953,13,-0.760546875
0.020811080932617188,14,-1.4953124999999998
0.02194499969482422,15,0.0
0.023046016693115234,16,-0.012890625
0.02415609359741211,17,-0.116015625
0.025252103805541992,18,-0.29648437499999997
0.026350021362304688,19,-0.103125
0.027439117431640625,20,-0.43828124999999996
0.02867722511291504,21,-0.37382812499999996
0.030201196670532227,22,-0.02578125
0.031640052795410156,23,-0.012890625
0.03314518928527832,24,-0.02578125
0.03461813926696777,25,-0.29648437499999997
0.035987138748168945,26,-0.4640625
0.03736710548400879,27,-1.2890625
0.03861212730407715,28,-0.116015625
0.03995108604431152,29,-0.0515625
0.04172015190124512,30,-0.116015625
0.04429817199707031,31,-0.2578125
0.04603004455566406,32,-0.167578125
0.04748415946960449,33,0.012890625
0.04941606521606445,34,-0.012890625
0.05110812187194824,35,-0.18046874999999998
0.052375078201293945,36,-0.33515625
0.05354619026184082,37,-1.16015625
0.054679155349731445,38,-1.65
0.05578804016113281,39,-0.02578125
0.05688118934631348,40,-0.23203125
0.05797314643859863,41,-0.15468749999999998
0.05909609794616699,42,-0.20625
0.0601961612701416,43,-0.167578125
0.0612940788269043,44,-0.33515625
0.06238412857055664,45,-0.2578125
0.06348514556884766,46,0.0
0.06458115577697754,47,-0.012890625
0.06568121910095215,48,-0.064453125
0.0667722225189209,49,-0.193359375
0.06786513328552246,50,-0.30937499999999996
0.06898212432861328,51,-0.580078125
0.07008600234985352,52,-1.2374999999999998
0.07118511199951172,53,-1.65
0.07226705551147461,54,-0.012890625
0.07335519790649414,55,-0.12890625
0.07444000244140625,56,-0.167578125
0.07552719116210938,57,-0.2578125
0.07661819458007812,58,-0.0515625
0.07771420478820801,59,-0.322265625
0.07885408401489258,60,-0.30937499999999996
0.07997918128967285,61,0.012890625
0.08108210563659668,62,0.012890625
0.08227300643920898,63,-0.09023437499999999
0.0834650993347168,64,-0.193359375
0.08485102653503418,65,-0.28359375
0.08628511428833008,66,-0.6703125
0.08779621124267578,67,-1.456640625
0.08925104141235352,68,0.0
0.09057116508483887,69,-0.21914062499999998
0.09192013740539551,70,-0.2578125
0.09388613700866699,71,-0.15468749999999998
0.09623217582702637,72,-0.30937499999999996
0.09786415100097656,73,0.0
0.09924507141113281,74,-0.0515625
0.1005702018737793,75,-0.23203125
0.10205602645874023,76,-0.21914062499999998
0.1039571762084961,77,-0.928125
0.10568022727966309,78,-0.64453125
0.10694003105163574,79,-0.141796875
0.10810518264770508,80,-0.21914062499999998
0.10927200317382812,81,-0.12890625
0.11041617393493652,82,-0.33515625
0.11153006553649902,83,-0.38671875
0.11275219917297363,84,-0.20625
0.11416101455688477,85,0.0
0.11559200286865234,86,-0.012890625
0.11705422401428223,87,-0.167578125
0.11861014366149902,88,-0.28359375
0.12017202377319336,89,-0.889453125
0.12159609794616699,90,-1.65
0.12293601036071777,91,-0.064453125
0.12499713897705078,92,-0.167578125
0.12716102600097656,93,-0.322265625
0.128648042678833,94,-0.270703125
0.1301732063293457,95,0.038671874999999994
0.13207602500915527,96,-0.012890625
0.13387012481689453,97,-0.0515625
0.13517999649047852,98,-0.23203125
0.13634109497070312,99,-0.8765624999999999
0.13746905326843262,100,-1.5082031249999999
0.13862919807434082,101,0.012890625
0.13987207412719727,102,-0.09023437499999999
0.14101719856262207,103,-0.07734374999999999
0.14214420318603516,104,-0.2578125
0.14334416389465332,105,-0.09023437499999999
0.14475512504577637,106,-0.37382812499999996
0.14623713493347168,107,-0.20625
0.14775514602661133,108,0.0
0.14928412437438965,109,-0.038671874999999994
0.15069222450256348,110,-0.20625
0.15204119682312012,111,-0.2578125
0.15387701988220215,112,-0.9796874999999999
0.15607404708862305,113,-1.65
0.15747308731079102,114,-0.2578125
0.1588752269744873,115,-0.2578125
0.16070914268493652,116,-0.103125
0.16267108917236328,117,-0.15468749999999998
0.16406822204589844,118,0.0
0.1652531623840332,119,-0.038671874999999994
0.16641020774841309,120,-0.064453125
0.16753721237182617,121,-0.28359375
0.16864609718322754,122,-0.33515625
0.1698322296142578,123,-1.0570312499999999
0.17095112800598145,124,-1.6242187499999998
0.1720600128173828,125,0.012890625
0.17315220832824707,126,-0.116015625
0.17434000968933105,127,-0.07734374999999999
0.17575621604919434,128,-0.167578125
0.17721104621887207,129,-0.02578125
0.17865800857543945,130,-0.103125
0.18026208877563477,131,0.09023437499999999
0.18163204193115234,132,-0.012890625
0.18298101425170898,133,-0.038671874999999994
0.18436408042907715,134,-0.30937499999999996
0.1868741512298584,135,-0.2578125
0.1884322166442871,136,-1.4953124999999998
0.18979120254516602,137,-0.09023437499999999
0.19156408309936523,138,-0.012890625
0.19344401359558105,139,-0.23203125
0.19487905502319336,140,-0.12890625
0.19607210159301758,141,0.07734374999999999
0.19722509384155273,142,0.0
0.19835209846496582,143,-0.012890625
0.19951605796813965,144,-0.02578125
0.20065808296203613,145,-0.33515625
0.201768159866333,146,-0.2578125
0.20287203788757324,147,-0.889453125
0.20397305488586426,148,-1.5082031249999999
0.20516300201416016,149,-0.012890625
0.20653009414672852,150,0.0
0.20796918869018555,151,-0.103125
0.20952320098876953,152,-0.2578125
0.21104121208190918,153,-0.322265625
0.2125082015991211,154,-0.141796875
0.21392321586608887,155,0.012890625
0.21562409400939941,156,-0.012890625
0.2179880142211914,157,-0.0515625
0.2195601463317871,158,-0.37382812499999996
0.2210252285003662,159,-1.340625
0.22284913063049316,160,-0.012890625
0.22464704513549805,161,-0.2578125
0.2259671688079834,162,-0.20625
0.22712922096252441,163,-0.37382812499999996
0.22826910018920898,164,-0.399609375
0.2295072078704834,165,-0.20625
0.23064804077148438,166,0.012890625
0.23175716400146484,167,-0.012890625
0.23285412788391113,168,-0.0515625
0.23394417762756348,169,-0.270703125
0.23511219024658203,170,-0.30937499999999996
0.23651814460754395,171,-0.928125
0.23797321319580078,172,-1.585546875
0.23949217796325684,173,0.012890625
0.2410280704498291,174,-0.2578125
0.24238014221191406,175,-0.21914062499999998
0.24370622634887695,176,-0.167578125
0.24531006813049316,177,-0.23203125
0.2477400302886963,178,-0.0515625
0.24930620193481445,179,-0.0515625
0.25075721740722656,180,-0.20625
0.2525360584259033,181,-0.20625
0.2544231414794922,182,-1.0828125
0.2558112144470215,183,-0.012890625
0.25699305534362793,184,-0.193359375
0.2581300735473633,185,-0.193359375
0.25925612449645996,186,-0.167578125
0.2603731155395508,187,-0.33515625
0.2614901065826416,188,-0.37382812499999996
0.2626020908355713,189,-0.2578125
0.26369619369506836,190,0.0
0.26478099822998047,191,-0.012890625
0.26595211029052734,192,-0.07734374999999999
0.26734018325805664,193,-0.2578125
0.26877522468566895,194,-0.2578125
0.2703080177307129,195,-1.018359375
0.2718660831451416,196,-1.65
0.27331113815307617,197,0.0
0.27462005615234375,198,-0.09023437499999999
0.2763102054595947,199,-0.2578125
0.27908921241760254,200,-0.29648437499999997
0.28105902671813965,201,0.399609375
0.2824740409851074,202,-0.012890625
0.2841651439666748,203,-0.23203125
0.2861001491546631,204,-0.30937499999999996
0.2875652313232422,205,-1.1859374999999999
0.2887840270996094,206,-0.02578125
0.28999900817871094,207,0.0
0.29111599922180176,208,-0.12890625
0.29223108291625977,209,-0.29648437499999997
0.29334306716918945,210,0.0
0.29444217681884766,211,-0.33515625
0.29554009437561035,212,-0.2578125
0.2966880798339844,213,0.012890625
0.2980520725250244,214,0.0
0.29957008361816406,215,-0.012890625
0.30103516578674316,216,-0.2578125
0.30256009101867676,217,-0.33515625
0.30390214920043945,218,-1.198828125
0.3060131072998047,219,-0.0515625
0.30782508850097656,220,-0.23203125
0.31022119522094727,221,-0.23203125
0.3118300437927246,222,-0.116015625
0.31321120262145996,223,0.18046874999999998
0.31497907638549805,224,-0.012890625
0.31685900688171387,225,-0.02578125
0.31829404830932617,226,-0.24492187499999998
0.31951308250427246,227,-0.760546875
0.3206632137298584,228,-1.4308593749999998
0.3217911720275879,229,-0.02578125
0.3228921890258789,230,-0.0515625
0.32398414611816406,231,-0.18046874999999998
0.32509708404541016,232,-0.23203125
0.32619810104370117,233,-0.103125
0.3273651599884033,234,-0.322265625
0.32874011993408203,235,-0.33515625
0.33030104637145996,236,-0.012890625
0.33176612854003906,237,0.0
0.33332109451293945,238,-0.02578125
0.33467721939086914,239,-0.21914062499999998
0.33603715896606445,240,-0.515625
0.33755016326904297,241,-1.2890625
0.3400452136993408,242,-0.09023437499999999
0.34169602394104004,243,-0.193359375
0.34305906295776367,244,-0.167578125
0.344710111618042,245,-0.2578125
0.346682071685791,246,-0.167578125
0.3481571674346924,247,0.0
0.34945106506347656,248,-0.0515625
0.35061216354370117,249,-0.2578125
0.3517441749572754,250,-0.20625
0.3528561592102051,251,-0.8765624999999999
0.3539772033691406,252,-1.46953125
0.3550741672515869,253,-0.012890625
0.3561592102050781,254,-0.012890625
0.35735607147216797,255,-0.2578125
0.3587210178375244,256,-0.29648437499999997
0.360274076461792,257,-0.0515625
0.36170411109924316,258,-0.2578125
0.3632240295410156,259,-0.0515625
0.3645942211151123,260,-0.012890625
0.36598920822143555,261,-0.0515625
0.367570161819458,262,-0.2578125
0.3701190948486328,263,-0.2578125
0.3717460632324219,264,-1.405078125
0.3730762004852295,265,-0.116015625
0.37468814849853516,266,-0.02578125
0.3766450881958008,267,-0.2578125
0.3781571388244629,268,-0.167578125
0.3794560432434082,269,0.09023437499999999
0.38062620162963867,270,0.012890625
0.38176512718200684,271,-0.012890625
0.38287806510925293,272,-0.0515625
0.3839881420135498,273,-0.322265625
0.3851041793823242,274,-0.29648437499999997
0.3862152099609375,275,-0.928125
0.3873870372772217,276,-1.533984375
0.3887801170349121,277,0.0
0.3902862071990967,278,-0.064453125
0.3917381763458252,279,-0.167578125
0.3932530879974365,280,-0.20625
0.39459919929504395,281,-0.399609375
0.39603400230407715,282,-0.20625
0.3976900577545166,283,0.0
0.4001591205596924,284,-0.012890625
0.4018070697784424,285,-0.20625
0.40314316749572754,286,-0.79921875
0.4047892093658447,287,-1.533984375
0.4066660404205322,288,0.0
0.40814709663391113,289,-0.07734374999999999
0.4094560146331787,290,-0.15468749999999998
0.41062021255493164,291,-0.33515625
0.41176509857177734,292,-0.33515625
0.41292500495910645,293,-0.15468749999999998
0.41405606269836426,294,0.0
0.4151580333709717,295,-0.012890625
0.4162561893463135,296,-0.0515625
0.4174230098724365,297,-0.2578125
0.41886305809020996,298,-0.2578125
0.42034411430358887,299,-1.03125
0.4218471050262451,300,-0.863671875
0.4233570098876953,301,-0.064453125
0.424727201461792,302,-0.09023437499999999
0.4260420799255371,303,-0.167578125
0.427692174911499,304,-0.348046875
0.43019604682922363,305,-0.322265625
0.43178415298461914,306,0.012890625
0.43312811851501465,307,-0.0515625
0.43483614921569824,308,-0.2578125
0.4367520809173584,309,-0.48984374999999997
0.4381861686706543,310,-1.52109375
0.4394500255584717,311,-0.0515625
0.44059109687805176,312,-0.20625
0.4417080879211426,313,-0.29648437499999997
0.44281816482543945,314,-0.0515625
0.4439220428466797,315,-0.28359375
0.44503116607666016,316,-0.322265625
0.44626903533935547,317,-0.167578125
0.4520862102508545,318,0.0
0.45337700843811035,319,-0.6832031249999999
0.45465612411499023,320,-1.5082031249999999
0.45586204528808594,321,-0.09023437499999999
0.45705604553222656,322,-0.21914062499999998
0.4582700729370117,323,-0.20625
0.46210408210754395,324,-0.167578125
0.4634361267089844,325,0.012890625
0.4647390842437744,326,-0.012890625
0.46598100662231445,327,-0.02578125
0.46720099449157715,328,-0.2578125
0.4684460163116455,329,-0.30937499999999996
0.46975016593933105,330,-0.889453125
0.4709351062774658,331,-1.5597656249999998
0.47209906578063965,332,0.0
0.47350001335144043,333,-0.0515625
0.4749891757965088,334,-0.09023437499999999
0.4790170192718506,335,-0.193359375
0.4899461269378662,336,-0.141796875
0.49165821075439453,337,-0.0515625
0.493455171585083,338,-0.21914062499999998
0.49526405334472656,339,-0.20625
0.4970371723175049,340,0.103125
0.49860215187072754,341,-0.012890625
0.5005500316619873,342,-0.0515625
0.5025181770324707,343,-0.193359375
0.5041420459747314,344,-0.992578125
0.5056540966033936,345,0.0
0.508965015411377,346,-0.064453125
0.5105361938476562,347,-0.20625
0.5120840072631836,348,-0.167578125
0.5134780406951904,349,0.09023437499999999
0.5147402286529541,350,-0.012890625
0.5160541534423828,351,-0.064453125
0.5178780555725098,352,-0.23203125
0.5201730728149414,353,-0.193359375
0.5216541290283203,354,-1.456640625
0.5230669975280762,355,-0.103125
0.5249841213226318,356,-0.167578125
0.5266580581665039,357,-0.116015625
0.5279300212860107,358,-0.270703125
0.5291080474853516,359,-0.116015625
0.5302331447601318,360,0.0
0.5315210819244385,361,0.012890625
0.53273606300354,362,-0.012890625
0.5338761806488037,363,-0.18046874999999998
0.5350210666656494,364,-0.012890625
0.5361251831054688,365,-0.6703125
0.537222146987915,366,-1.2890625
0.5383801460266113,367,-1.65
0.5397992134094238,368,-0.116015625
0.5412721633911133,369,-0.18046874999999998
0.5428202152252197,370,-0.20625
0.5444190502166748,371,-0.33515625
0.5458481311798096,372,-0.103125
0.5472471714019775,373,0.0
0.549206018447876,374,-0.02578125
0.5518770217895508,375,-0.0515625
0.5534100532531738,376,-0.5671875
0.5547420978546143,377,-1.52109375
0.556678056716919,378,-0.103125
0.5588910579681396,379,-0.21914062499999998
0.5609500408172607,380,-0.12890625
0.5622320175170898,381,0.038671874999999994
0.5633940696716309,382,-0.012890625
0.5645852088928223,383,-0.012890625
0.5657150745391846,384,-0.064453125
0.566817045211792,385,-0.20625
0.567925214767456,386,-0.33515625
0.5691041946411133,387,-0.605859375
0.5704891681671143,388,-1.276171875
0.5719501972198486,389,0.0
0.5734360218048096,390,-0.103125
0.5750510692596436,391,-0.02578125
0.57647705078125,392,-0.15468749999999998
0.5778570175170898,393,-0.270703125
0.5792121887207031,394,-0.193359375
0.5814471244812012,395,0.012890625
0.5836122035980225,396,-0.012890625
0.5850491523742676,397,-0.167578125
0.5866110324859619,398,-0.7863281249999999
0.5887582302093506,399,-1.482421875
0.5903441905975342,400,-0.116015625
0.5915951728820801,401,-0.5285156249999999
0.5927691459655762,402,-1.095703125
0.5938811302185059,403,-0.48984374999999997
0.5949962139129639,404,-0.43828124999999996
0.5961480140686035,405,-0.23203125
0.5972490310668945,406,0.0
0.5983421802520752,407,-0.012890625
0.5995330810546875,408,-0.038671874999999994
0.6009330749511719,409,-0.29648437499999997
0.6023721694946289,410,-0.20625
0.6039431095123291,411,-1.10859375
0.6055312156677246,412,-0.322265625
0.6069412231445312,413,-0.103125
0.6083872318267822,414,-0.193359375
0.6098020076751709,415,-0.116015625
0.6123552322387695,416,-0.20625
0.6140971183776855,417,0.193359375
0.6154520511627197,418,-0.02578125
0.6171882152557373,419,-0.103125
0.6191232204437256,420,-0.28359375
0.6204860210418701,421,-1.03125
0.6217200756072998,422,-0.23203125
0.6228361129760742,423,-0.038671874999999994
0.6239681243896484,424,-0.20625
0.6250832080841064,425,-0.28359375
0.6261792182922363,426,-0.18046874999999998
0.6272711753845215,427,-0.29648437499999997
0.6283721923828125,428,-0.36093749999999997
0.6296341419219971,429,-0.193359375
0.6310222148895264,430,-0.012890625
0.6324541568756104,431,-0.02578125
0.6339840888977051,432,-0.20625
0.6354761123657227,433,-0.28359375
0.6369781494140625,434,-0.992578125
0.6383662223815918,435,-1.5597656249999998
0.6401700973510742,436,-0.064453125
0.6425080299377441,437,-0.21914062499999998
0.644050121307373,438,-0.0515625
0.6455061435699463,439,-0.09023437499999999
