time,count,voltage
0.0053560733795166016,1,-0.29648437499999997
0.007245063781738281,2,-0.0515625
0.00884103775024414,3,0.0
0.010261058807373047,4,0.012890625
0.011666059494018555,5,-0.103125
0.013043880462646484,6,-0.4125
0.014636039733886719,7,-0.6187499999999999
0.016521930694580078,8,-1.095703125
0.018262863159179688,9,-0.451171875
0.020034074783325195,10,-0.270703125
0.02166295051574707,11,-0.37382812499999996
0.02337193489074707,12,-0.07734374999999999
0.024934053421020508,13,-0.12890625
0.02639293670654297,14,0.09023437499999999
0.027801990509033203,15,-0.103125
0.029206037521362305,16,-0.21914062499999998
0.0308530330657959,17,-0.580078125
0.03259992599487305,18,-0.760546875
0.034358978271484375,19,-1.611328125
0.03608393669128418,20,-0.20625
0.03800702095031738,21,-0.2578125
0.039639949798583984,22,-0.30937499999999996
0.041337013244628906,23,-0.476953125
0.043020009994506836,24,-0.103125
0.04481101036071777,25,-0.038671874999999994
0.04675602912902832,26,-0.167578125
0.04905200004577637,27,-0.43828124999999996
0.05185699462890625,28,-1.2890625
0.05432605743408203,29,-0.322265625
0.05614495277404785,30,-0.2578125
0.05822491645812988,31,-0.399609375
0.06051492691040039,32,0.012890625
0.062445878982543945,33,-0.064453125
0.06424403190612793,34,-0.4125
0.06585693359375,35,-0.6703125
0.06731200218200684,36,-1.533984375
0.06870889663696289,37,-0.193359375
0.07012486457824707,38,-0.42539062499999997
0.07151603698730469,39,-0.399609375
0.07289505004882812,40,-0.12890625
0.07426285743713379,41,-0.30937499999999996
0.07583999633789062,42,-0.15468749999999998
0.0774240493774414,43,0.0
0.0786600112915039,44,-0.20625
0.07981586456298828,45,-0.54140625
0.08103704452514648,46,-0.605859375
0.08238697052001953,47,-1.0570312499999999
0.08387303352355957,48,-1.6371093749999999
0.08536601066589355,49,-0.0515625
0.08710193634033203,50,-0.502734375
0.08859992027282715,51,-0.43828124999999996
0.09004998207092285,52,-0.270703125
0.09145998954772949,53,-0.30937499999999996
0.09367489814758301,54,-0.15468749999999998
0.09585690498352051,55,-0.0515625
0.09743189811706543,56,-0.4125
0.09886002540588379,57,-0.631640625
0.10062885284423828,58,-1.3921875
0.10265994071960449,59,-0.29648437499999997
0.10415387153625488,60,-0.36093749999999997
0.10539007186889648,61,-0.43828124999999996
0.10663604736328125,62,-0.348046875
0.10779094696044922,63,-0.33515625
0.10894989967346191,64,-0.167578125
0.11009502410888672,65,-0.012890625
0.11133790016174316,66,-0.09023437499999999
0.11277604103088379,67,-0.322265625
0.11428093910217285,68,-0.631640625
0.11588501930236816,69,-0.9410156249999999
0.11747193336486816,70,-1.65
0.1189279556274414,71,-0.167578125
0.12048006057739258,72,-0.38671875
0.12223196029663086,73,-0.43828124999999996
0.12474894523620605,74,-0.29648437499999997
0.1264650821685791,75,0.270703125
0.1278679370880127,76,-0.0515625
0.12959599494934082,77,-0.2578125
0.13164186477661133,78,-0.580078125
0.13307404518127441,79,-1.16015625
0.13432788848876953,80,-0.07734374999999999
0.13554906845092773,81,-0.322265625
0.13674688339233398,82,-0.631640625
0.13789892196655273,83,-0.4125
0.13903307914733887,84,-0.24492187499999998
0.14017987251281738,85,-0.502734375
0.1414189338684082,86,-0.43828124999999996
0.14290785789489746,87,-0.15468749999999998
0.1444110870361328,88,-0.064453125
0.14593005180358887,89,-0.21914062499999998
0.14755797386169434,90,-0.515625
0.14899206161499023,91,-0.8121093749999999
0.15053296089172363,92,-1.5597656249999998
0.1519758701324463,93,-0.012890625
0.15446686744689941,94,-0.4125
0.15635395050048828,95,-0.33515625
0.15780901908874512,96,-0.36093749999999997
0.15957999229431152,97,-0.07734374999999999
0.16156697273254395,98,-0.02578125
0.16299891471862793,99,-0.21914062499999998
0.1642310619354248,100,-0.502734375
0.1654188632965088,101,-0.95390625
0.16667795181274414,102,-1.533984375
0.1678318977355957,103,-0.09023437499999999
0.16898107528686523,104,-0.4125
0.1701068878173828,105,-0.54140625
0.17133402824401855,106,-0.502734375
0.1727888584136963,107,-0.15468749999999998
0.17431092262268066,108,-0.37382812499999996
0.17599105834960938,109,-0.12890625
0.17759490013122559,110,-0.012890625
0.17895197868347168,111,-0.20625
0.18030786514282227,112,-0.5671875
0.1825249195098877,113,-0.605859375
0.18461298942565918,114,-1.46953125
0.1860649585723877,115,-0.20625
0.18775606155395508,116,-0.23203125
0.18978285789489746,117,-0.322265625
0.19136691093444824,118,-0.4640625
0.19272899627685547,119,0.0
0.19390392303466797,120,-0.064453125
0.19505095481872559,121,-0.18046874999999998
0.19621586799621582,122,-0.48984374999999997
0.19737505912780762,123,-0.6703125
0.19852495193481445,124,-0.9410156249999999
0.199660062789917,125,-1.52109375
0.20078587532043457,126,-0.20625
0.20202302932739258,127,-0.20625
0.20345687866210938,128,-0.4125
0.20495104789733887,129,-0.42539062499999997
0.2065730094909668,130,-0.141796875
0.2081589698791504,131,-0.193359375
0.2095630168914795,132,0.09023437499999999
0.2109520435333252,133,-0.0515625
0.21306800842285156,134,-0.167578125
0.2151930332183838,135,-0.515625
0.21675992012023926,136,-1.26328125
0.21841001510620117,137,-0.24492187499999998
0.22045397758483887,138,-0.4125
0.22203588485717773,139,-0.399609375
0.22329187393188477,140,-0.37382812499999996
0.22447800636291504,141,-0.37382812499999996
0.22572588920593262,142,-0.167578125
0.22698402404785156,143,-0.012890625
0.22814607620239258,144,-0.167578125
0.22926592826843262,145,-0.38671875
0.23040294647216797,146,-0.631640625
0.23372101783752441,147,-0.7863281249999999
0.2351999282836914,148,-1.340625
0.2444629669189453,149,-0.502734375
0.24602293968200684,150,-0.116015625
0.24754095077514648,151,-0.43828124999999996
0.24939608573913574,152,-0.7476562499999999
0.2579638957977295,153,-1.533984375
0.2595670223236084,154,-0.23203125
0.26108503341674805,155,-0.0515625
0.2666149139404297,156,-0.23203125
0.2681000232696533,157,-0.580078125
0.269428014755249,158,-0.29648437499999997
0.2706890106201172,159,-0.23203125
0.27190399169921875,160,-0.43828124999999996
0.27321887016296387,161,-0.33515625
0.274432897567749,162,-0.33515625
0.2757260799407959,163,-0.167578125
0.27723002433776855,164,-0.012890625
0.27869296073913574,165,-0.103125
0.28013086318969727,166,-0.4640625
0.2814610004425049,167,-0.515625
0.28290605545043945,168,-1.1859374999999999
0.28487396240234375,169,-1.65
0.2869398593902588,170,-0.23203125
0.2890028953552246,171,-0.322265625
0.29097890853881836,172,-0.37382812499999996
0.29567885398864746,173,-0.012890625
0.297321081161499,174,-0.02578125
0.2995150089263916,175,-0.4640625
0.3014490604400635,176,-1.3921875
0.3032228946685791,177,-0.30937499999999996
0.305095911026001,178,-0.24492187499999998
0.3068819046020508,179,-0.09023437499999999
0.30916786193847656,180,-0.167578125
0.31175708770751953,181,0.0
0.3134288787841797,182,-0.167578125
0.3157188892364502,183,-0.4640625
0.31771302223205566,184,-1.224609375
0.3191549777984619,185,-0.167578125
0.3204679489135742,186,-0.580078125
0.32173800468444824,187,-0.515625
0.32766294479370117,188,-0.15468749999999998
0.3296389579772949,189,-0.30937499999999996
0.3314850330352783,190,-0.37382812499999996
0.3334488868713379,191,-0.889453125
0.3362150192260742,192,-1.65
0.33797287940979004,193,-0.5285156249999999
0.340054988861084,194,-0.23203125
0.3423628807067871,195,-0.30937499999999996
0.3438379764556885,196,-0.012890625
0.3451540470123291,197,-0.167578125
0.3464488983154297,198,-0.4640625
0.3477668762207031,199,-0.631640625
0.34910106658935547,200,-1.0828125
0.350369930267334,201,-1.65
0.35161685943603516,202,-0.09023437499999999
0.3572359085083008,203,-0.33515625
0.35934901237487793,204,-0.322265625
0.3611118793487549,205,0.0
0.3626439571380615,206,-0.21914062499999998
0.36539292335510254,207,-0.580078125
0.3674149513244629,208,-1.03125
0.3693258762359619,209,-0.064453125
0.37157106399536133,210,-0.37382812499999996
0.3731420040130615,211,-0.322265625
0.37448906898498535,212,-0.37382812499999996
0.37586307525634766,213,-0.103125
0.3776719570159912,214,-0.012890625
0.3789799213409424,215,-0.12890625
0.38024401664733887,216,-0.5285156249999999
0.3815159797668457,217,-0.580078125
0.38275885581970215,218,-1.2374999999999998
0.38853907585144043,219,-1.65
0.39058899879455566,220,-0.15468749999999998
0.39243006706237793,221,0.0
0.39468908309936523,222,0.0
0.3970980644226074,223,-0.18046874999999998
0.3987588882446289,224,-0.33515625
0.4009239673614502,225,-1.2503906249999999
0.4028918743133545,226,-0.23203125
0.40431904792785645,227,-0.30937499999999996
0.4057328701019287,228,-0.29648437499999997
0.4070570468902588,229,-0.451171875
0.4083240032196045,230,-0.29648437499999997
0.40958595275878906,231,0.0
0.41082000732421875,232,-0.09023437499999999
0.4120490550994873,233,-0.2578125
0.41328907012939453,234,-0.5671875
0.41906094551086426,235,-0.631640625
0.4210669994354248,236,-1.147265625
0.42290592193603516,237,-0.30937499999999996
0.425091028213501,238,-0.43828124999999996
0.4276909828186035,239,-0.167578125
0.4293639659881592,240,-0.18046874999999998
0.431596040725708,241,-0.502734375
0.43349695205688477,242,-0.9410156249999999
0.434952974319458,243,-0.2578125
0.4393899440765381,244,-0.322265625
0.4409210681915283,245,-0.103125
0.44228696823120117,246,0.33515625
0.44362592697143555,247,-0.064453125
0.4447920322418213,248,-0.15468749999999998
0.446213960647583,249,-0.4640625
0.44767308235168457,250,-0.734765625
0.4491150379180908,251,-1.1214843749999999
0.4509880542755127,252,-1.65
0.45243000984191895,253,-0.2578125
0.4538900852203369,254,-0.322265625
0.4551429748535156,255,-0.515625
0.4575638771057129,256,-0.36093749999999997
0.459352970123291,257,-0.0515625
0.4608628749847412,258,-0.012890625
0.46286988258361816,259,-0.167578125
0.4644348621368408,260,-0.54140625
0.4658010005950928,261,-1.044140625
0.46698498725891113,262,-1.65
0.4681239128112793,263,-0.02578125
0.4692559242248535,264,-0.322265625
0.47041893005371094,265,-0.322265625
0.47153592109680176,266,-0.4125
0.47266387939453125,267,-0.064453125
0.47377705574035645,268,-0.348046875
0.474884033203125,269,-0.37382812499999996
0.4760770797729492,270,-0.012890625
0.477341890335083,271,-0.064453125
0.4788029193878174,272,-0.23203125
0.4803040027618408,273,-0.5285156249999999
0.481903076171875,274,-0.64453125
0.48340392112731934,275,-1.41796875
0.4848320484161377,276,-0.193359375
0.48650693893432617,277,-0.4125
0.48883485794067383,278,-0.502734375
0.4908919334411621,279,-0.20625
0.4923980236053467,280,0.09023437499999999
0.4941248893737793,281,-0.012890625
0.49614906311035156,282,-0.20625
0.49761486053466797,283,-0.5285156249999999
0.49885106086730957,284,-1.03125
0.500006914138794,285,-1.611328125
0.5011820793151855,286,-0.02578125
0.5024089813232422,287,-0.270703125
0.5035629272460938,288,-0.502734375
0.504706859588623,289,-0.38671875
0.5058588981628418,290,-0.103125
0.5069699287414551,291,-0.38671875
0.5082268714904785,292,-0.322265625
0.5097579956054688,293,-0.038671874999999994
0.5112209320068359,294,-0.0515625
0.5128400325775146,295,-0.28359375
0.514319896697998,296,-0.580078125
0.5158309936523438,297,-1.03125
0.5172550678253174,298,-1.65
0.5197999477386475,299,-0.0515625
0.5215349197387695,300,-0.28359375
0.5230400562286377,301,-0.0515625
0.5252408981323242,302,-0.2578125
0.5268599987030029,303,-0.012890625
0.5280990600585938,304,-0.12890625
0.529278039932251,305,-0.43828124999999996
0.5304200649261475,306,-0.6574218749999999
0.531548023223877,307,-0.825
0.5326550006866455,308,-1.41796875
0.5337839126586914,309,-0.33515625
0.535167932510376,310,0.0
0.5363190174102783,311,-0.4125
0.5374419689178467,312,-0.30937499999999996
0.5386650562286377,313,-0.399609375
0.5401298999786377,314,-0.322265625
0.5417220592498779,315,-0.29648437499999997
0.5432748794555664,316,-0.0515625
0.5448720455169678,317,-0.07734374999999999
0.5463590621948242,318,-0.322265625
0.5477979183197021,319,-0.580078125
0.5498480796813965,320,-1.095703125
0.5524580478668213,321,-1.65
0.5539770126342773,322,-0.451171875
0.5557429790496826,323,-0.348046875
0.5579850673675537,324,-0.30937499999999996
0.5593960285186768,325,0.21914062499999998
0.5606539249420166,326,-0.0515625
0.5618019104003906,327,-0.20625
0.5629229545593262,328,-0.5671875
0.5640389919281006,329,-0.6832031249999999
0.5651779174804688,330,-1.0828125
0.5663259029388428,331,-1.5597656249999998
0.5674419403076172,332,0.0
0.5686988830566406,333,-0.33515625
0.5701220035552979,334,-0.476953125
0.57157301902771,335,-0.5285156249999999
0.5732169151306152,336,-0.167578125
0.5748519897460938,337,-0.21914062499999998
0.5764250755310059,338,-0.012890625
0.5778510570526123,339,-0.07734374999999999
0.5796089172363281,340,-0.36093749999999997
0.582103967666626,341,-0.631640625
0.5836679935455322,342,-1.456640625
0.5851409435272217,343,0.0
0.5870769023895264,344,-0.37382812499999996
0.5888900756835938,345,-0.4640625
0.5902600288391113,346,-0.23203125
0.5914380550384521,347,-0.24492187499999998
0.592628002166748,348,-0.02578125
0.5937559604644775,349,-0.0515625
0.5948739051818848,350,-0.23203125
0.5960578918457031,351,-0.502734375
0.5971848964691162,352,-0.6703125
0.5983190536499023,353,-0.9410156249999999
0.5995419025421143,354,-1.4953124999999998
0.6009728908538818,355,-0.064453125
0.6024138927459717,356,-0.36093749999999997
0.6039729118347168,357,-0.322265625
0.6057069301605225,358,-0.42539062499999997
0.607184886932373,359,-0.20625
0.6086928844451904,360,-0.02578125
0.6104879379272461,361,0.0
0.6127719879150391,362,-0.09023437499999999
0.6144518852233887,363,-0.476953125
0.6159229278564453,364,-1.03125
0.6179749965667725,365,-1.65
0.6196699142456055,366,-0.28359375
0.621027946472168,367,-0.30937499999999996
0.6222329139709473,368,-0.20625
0.6233839988708496,369,-0.54140625
0.6245379447937012,370,-0.451171875
0.6256859302520752,371,-0.09023437499999999
0.626816987991333,372,-0.0515625
0.6279230117797852,373,-0.15468749999999998
0.6290478706359863,374,-0.36093749999999997
0.6302778720855713,375,-0.7218749999999999
0.6316928863525391,376,-0.8121093749999999
0.6331510543823242,377,-1.46953125
0.634800910949707,378,-0.2578125
0.6364560127258301,379,-0.28359375
0.6379330158233643,380,-0.30937499999999996
0.6393880844116211,381,-0.20625
0.6412889957427979,382,-0.36093749999999997
0.6436259746551514,383,-0.116015625
0.6454639434814453,384,-0.103125
0.6472358703613281,385,-0.399609375
0.6493539810180664,386,-0.631640625
0.6508018970489502,387,-1.65
0.6520628929138184,388,-0.270703125
0.6532299518585205,389,-0.515625
0.6543960571289062,390,-0.399609375
0.6557860374450684,391,-0.193359375
0.6569528579711914,392,-0.42539062499999997
0.6580929756164551,393,-0.37382812499999996
0.6592109203338623,394,-0.02578125
0.6604290008544922,395,-0.064453125
0.66190505027771,396,-0.2578125
0.6633310317993164,397,-0.515625
0.6649680137634277,398,-0.5671875
0.6665160655975342,399,-1.327734375
0.6679689884185791,400,-0.29648437499999997
0.669503927230835,401,-0.30937499999999996
0.67153000831604,402,-0.36093749999999997
0.673853874206543,403,-0.193359375
0.6753158569335938,404,0.103125
0.676995038986206,405,0.012890625
0.6790940761566162,406,-0.15468749999999998
0.6806230545043945,407,-0.48984374999999997
0.6818399429321289,408,-0.837890625
0.6829860210418701,409,-1.46953125
0.6841509342193604,410,-0.116015625
0.6852750778198242,411,-0.20625
0.6864280700683594,412,-0.4125
0.6875460147857666,413,-0.4125
0.6886739730834961,414,-0.193359375
0.6897790431976318,415,-0.28359375
0.6909899711608887,416,-0.515625
0.6924068927764893,417,-0.29648437499999997
0.6939349174499512,418,-0.012890625
0.6954689025878906,419,-0.193359375
0.6970889568328857,420,-0.54140625
0.6985189914703369,421,-0.69609375
0.699941873550415,422,-1.456640625
0.7019329071044922,423,-0.116015625
0.7043719291687012,424,-0.2578125
0.7059259414672852,425,-0.399609375
0.7074010372161865,426,-0.451171875
0.709460973739624,427,-0.21914062499999998
0.7111799716949463,428,-0.09023437499999999
0.7124629020690918,429,-0.193359375
0.7136399745941162,430,-0.554296875
