time,count,voltage
0.005342960357666016,1,-0.064453125
0.00693511962890625,2,-0.28359375
0.008330106735229492,3,-0.20625
0.009914159774780273,4,-0.116015625
0.01134800910949707,5,-0.012890625
0.01270604133605957,6,-0.012890625
0.014057159423828125,7,-0.07734374999999999
0.015411138534545898,8,-0.4640625
0.01696014404296875,9,-0.580078125
0.018680095672607422,10,-1.405078125
0.020353078842163086,11,-0.012890625
0.022086143493652344,12,-0.193359375
0.023641109466552734,13,-0.38671875
0.025228023529052734,14,-0.15468749999999998
0.026755094528198242,15,0.0
0.028136014938354492,16,0.0
0.029488086700439453,17,-0.012890625
0.030987977981567383,18,-0.09023437499999999
0.03256702423095703,19,-0.4640625
0.034217119216918945,20,-0.7476562499999999
0.03590703010559082,21,-1.65
0.037652015686035156,22,-0.0515625
0.039422035217285156,23,-0.2578125
0.04126906394958496,24,0.0
0.0430140495300293,25,-0.15468749999999998
0.04464006423950195,26,0.167578125
0.046439170837402344,27,0.0
0.048545122146606445,28,-0.064453125
0.051293134689331055,29,-0.54140625
0.05388903617858887,30,-1.65
0.05567502975463867,31,-0.20625
0.05723214149475098,32,-0.502734375
0.05928611755371094,33,-0.33515625
0.061614036560058594,34,0.09023437499999999
0.06363201141357422,35,-0.02578125
0.06532716751098633,36,-0.2578125
0.0668189525604248,37,-0.515625
0.06821107864379883,38,-1.353515625
0.06956815719604492,39,0.0
0.07101702690124512,40,-0.103125
0.07238602638244629,41,-0.12890625
0.07372903823852539,42,-0.5671875
0.07507014274597168,43,-0.116015625
0.0764460563659668,44,-0.193359375
0.07779717445373535,45,0.0
0.07911896705627441,46,-0.012890625
0.0805361270904541,47,-0.103125
0.08199214935302734,48,-0.399609375
0.08355307579040527,49,-0.6187499999999999
0.08532500267028809,50,-1.3921875
0.08701705932617188,51,0.0
0.08881616592407227,52,-0.23203125
0.0907139778137207,53,-0.4125
0.09236407279968262,54,-0.515625
0.0938100814819336,55,-0.02578125
0.0960690975189209,56,0.0
0.09802007675170898,57,-0.09023437499999999
0.0995180606842041,58,-0.43828124999999996
0.10172700881958008,59,-0.992578125
0.10333704948425293,60,0.0
0.10456013679504395,61,-0.07734374999999999
0.1057121753692627,62,-0.21914062499999998
0.10684013366699219,63,-0.515625
0.10795211791992188,64,-0.24492187499999998
0.1090691089630127,65,-0.23203125
0.11020398139953613,66,-0.21914062499999998
0.11136317253112793,67,0.0
0.11260104179382324,68,0.0
0.11426115036010742,69,-0.103125
0.11604595184326172,70,-0.476953125
0.11766815185546875,71,-0.8507812499999999
0.1191551685333252,72,-1.65
0.12080097198486328,73,0.0
0.12267303466796875,74,-0.2578125
0.12513995170593262,75,-0.515625
0.12679600715637207,76,-0.18046874999999998
0.12858200073242188,77,0.012890625
0.13065314292907715,78,-0.012890625
0.13201117515563965,79,-0.322265625
0.1331939697265625,80,-0.4640625
0.13434910774230957,81,-1.26328125
0.13551807403564453,82,-0.42539062499999997
0.13665008544921875,83,0.0
0.13776397705078125,84,-0.116015625
0.13887810707092285,85,-0.0515625
0.1400010585784912,86,-0.6832031249999999
0.14112496376037598,87,-0.167578125
0.14225411415100098,88,-0.29648437499999997
0.14350199699401855,89,-0.167578125
0.144927978515625,90,0.0
0.14644217491149902,91,0.0
0.14781403541564941,92,-0.116015625
0.14913511276245117,93,-0.4640625
0.1505451202392578,94,-0.837890625
0.15203213691711426,95,-1.65
0.1534719467163086,96,0.0
0.1555941104888916,97,-0.20625
0.15765094757080078,98,-0.399609375
0.1591041088104248,99,-0.193359375
0.16094517707824707,100,0.09023437499999999
0.16288995742797852,101,-0.012890625
0.16431403160095215,102,-0.064453125
0.1655111312866211,103,-0.4640625
0.16667699813842773,104,-0.6703125
0.16781306266784668,105,-1.4308593749999998
0.16893315315246582,106,-0.012890625
0.17006611824035645,107,-0.02578125
0.17119216918945312,108,-0.12890625
0.17230606079101562,109,-0.18046874999999998
0.1734919548034668,110,-0.5929687499999999
0.17488813400268555,111,-0.64453125
0.17634010314941406,112,-0.33515625
0.17786002159118652,113,-0.02578125
0.17934799194335938,114,-0.012890625
0.18075013160705566,115,-0.09023437499999999
0.18224000930786133,116,-0.4640625
0.18398213386535645,117,-0.64453125
0.18634796142578125,118,-1.4953124999999998
0.18790316581726074,119,-0.167578125
0.18929195404052734,120,-0.15468749999999998
0.1910860538482666,121,-0.37382812499999996
0.19306302070617676,122,-0.21914062499999998
0.19443798065185547,123,0.2578125
0.1956319808959961,124,-0.012890625
0.19677400588989258,125,-0.20625
0.19791007041931152,126,-0.399609375
0.1990339756011963,127,-0.6187499999999999
0.20018506050109863,128,-0.90234375
0.20130109786987305,129,-1.5726562499999999
0.20241594314575195,130,0.0
0.20360898971557617,131,-0.0515625
0.20500397682189941,132,-0.36093749999999997
0.20645999908447266,133,-0.33515625
0.20795106887817383,134,-0.515625
0.2094111442565918,135,-0.4125
0.21088099479675293,136,-0.038671874999999994
0.2122969627380371,137,-0.012890625
0.21360397338867188,138,-0.064453125
0.21594905853271484,139,-0.42539062499999997
0.21788907051086426,140,-0.5671875
0.2193281650543213,141,-0.09023437499999999
0.2209169864654541,142,-0.21914062499999998
0.22288012504577637,143,-0.193359375
0.22444510459899902,144,-0.6832031249999999
0.2257251739501953,145,-0.502734375
0.22692108154296875,146,-0.167578125
0.22806501388549805,147,0.0
0.22918200492858887,148,-0.012890625
0.23041915893554688,149,-0.103125
0.23155617713928223,150,-0.476953125
0.23268699645996094,151,-0.6703125
0.23387598991394043,152,-1.147265625
0.23526906967163086,153,-1.65
0.23671603202819824,154,0.0
0.23816514015197754,155,0.0
0.23963594436645508,156,-0.29648437499999997
0.24114298820495605,157,-0.605859375
0.24260902404785156,158,-0.476953125
0.24405407905578613,159,-0.116015625
0.2462141513824463,160,0.0
0.24829697608947754,161,-0.0515625
0.24983716011047363,162,-0.4640625
0.2514231204986572,163,-1.147265625
0.2533731460571289,164,0.0
0.2550220489501953,165,-0.12890625
0.256289005279541,166,-0.322265625
0.25743794441223145,167,-0.502734375
0.25858402252197266,168,-0.36093749999999997
0.25972914695739746,169,-0.23203125
0.26093316078186035,170,0.0
0.2620680332183838,171,-0.0515625
0.2631990909576416,172,-0.064453125
0.26439714431762695,173,-0.29648437499999997
0.2657949924468994,174,-0.502734375
0.2672431468963623,175,-0.90234375
0.2687649726867676,176,-1.65
0.27025794982910156,177,-0.02578125
0.2716841697692871,178,-0.23203125
0.2731289863586426,179,-0.322265625
0.2745070457458496,180,-0.37382812499999996
0.27681612968444824,181,-0.37382812499999996
0.2787320613861084,182,0.012890625
0.2801849842071533,183,-0.064453125
0.28178906440734863,184,-0.322265625
0.28378796577453613,185,-0.5671875
0.28542304039001465,186,-1.456640625
0.28670310974121094,187,0.0
0.2878739833831787,188,-0.15468749999999998
0.2890760898590088,189,-0.2578125
0.29031801223754883,190,-0.515625
0.2914731502532959,191,-0.37382812499999996
0.2926011085510254,192,-0.29648437499999997
0.29375600814819336,193,-0.103125
0.29496216773986816,194,-0.012890625
0.29636406898498535,195,-0.02578125
0.2978229522705078,196,-0.2578125
0.2993760108947754,197,-0.502734375
0.3008730411529541,198,-0.992578125
0.3023221492767334,199,-1.6371093749999999
0.30379509925842285,200,0.0
0.30516505241394043,201,-0.270703125
0.30736303329467773,202,-0.43828124999999996
0.30947017669677734,203,-0.012890625
0.3110389709472656,204,0.451171875
0.31266307830810547,205,-0.0515625
0.31466007232666016,206,-0.09023437499999999
0.31626415252685547,207,-0.4640625
0.3175361156463623,208,-1.095703125
0.31872105598449707,209,-1.65
0.31993913650512695,210,0.0
0.3211350440979004,211,-0.103125
0.3222661018371582,212,-0.20625
0.3233909606933594,213,-0.8765624999999999
0.3244960308074951,214,-0.012890625
0.32568812370300293,215,-0.20625
0.32710695266723633,216,-0.07734374999999999
0.3285810947418213,217,0.0
0.33007097244262695,218,-0.0515625
0.3315720558166504,219,-0.322265625
0.33299899101257324,220,-0.605859375
0.33441996574401855,221,-1.198828125
0.33653903007507324,222,-0.012890625
0.3388230800628662,223,-0.167578125
0.3408370018005371,224,-0.37382812499999996
0.34230709075927734,225,-0.399609375
0.3438880443572998,226,-0.012890625
0.3458690643310547,227,0.012890625
0.34745097160339355,228,-0.09023437499999999
0.34871816635131836,229,-0.4640625
0.3499751091003418,230,-0.631640625
0.3511490821838379,231,-1.3792968749999999
0.35228705406188965,232,0.0
0.3533971309661865,233,-0.012890625
0.35451316833496094,234,-0.24492187499999998
0.35573697090148926,235,-0.23203125
0.35712313652038574,236,-0.54140625
0.3585801124572754,237,-0.42539062499999997
0.3601360321044922,238,-0.167578125
0.3616609573364258,239,0.0
0.36310505867004395,240,-0.02578125
0.36461710929870605,241,-0.23203125
0.3660149574279785,242,-0.502734375
0.36829495429992676,243,-1.069921875
0.37026309967041016,244,-0.02578125
0.37172412872314453,245,-0.21914062499999998
0.37326908111572266,246,-0.399609375
0.3752110004425049,247,-0.167578125
0.3768601417541504,248,-0.02578125
0.3781290054321289,249,-0.012890625
0.3793151378631592,250,-0.012890625
0.3804750442504883,251,-0.116015625
0.38161301612854004,252,-0.554296875
0.38274502754211426,253,-0.6703125
0.3838491439819336,254,-1.224609375
0.3849601745605469,255,-1.65
0.38614511489868164,256,0.0
0.38753604888916016,257,-0.103125
0.38900303840637207,258,-0.23203125
0.39055705070495605,259,-0.6574218749999999
0.3920929431915283,260,-0.580078125
0.3935110569000244,261,-0.167578125
0.39495301246643066,262,-0.012890625
0.3963961601257324,263,-0.038671874999999994
0.3984811305999756,264,-0.20625
0.40075111389160156,265,-0.5929687499999999
0.40224695205688477,266,-1.65
0.4037141799926758,267,-0.012890625
0.40570998191833496,268,-0.21914062499999998
0.40741395950317383,269,-0.451171875
0.4087071418762207,270,-0.12890625
0.4099540710449219,271,0.012890625
0.41111016273498535,272,0.0
0.4122440814971924,273,-0.012890625
0.4133641719818115,274,-0.064453125
0.41448402404785156,275,-0.37382812499999996
0.415600061416626,276,-0.6187499999999999
0.41680216789245605,277,-0.9410156249999999
0.41819310188293457,278,-1.5984375
0.41967010498046875,279,0.0
0.4212069511413574,280,-0.103125
0.4227299690246582,281,-0.193359375
0.4241960048675537,282,-0.30937499999999996
0.4256601333618164,283,-0.141796875
0.4271280765533447,284,0.07734374999999999
0.42935705184936523,285,0.0
0.4314570426940918,286,-0.0515625
0.432919979095459,287,-0.451171875
0.43448805809020996,288,-1.1214843749999999
0.4364941120147705,289,-1.65
0.4380991458892822,290,-0.0515625
0.43936705589294434,291,-0.2578125
0.44054508209228516,292,-0.2578125
0.4416849613189697,293,-0.2578125
0.44281697273254395,294,-0.20625
0.443958044052124,295,0.0
0.44506216049194336,296,-0.0515625
0.44617700576782227,297,-0.0515625
0.44737696647644043,298,-0.18046874999999998
0.44877099990844727,299,-0.580078125
0.4502420425415039,300,-0.760546875
0.4517631530761719,301,-1.6371093749999999
0.4532899856567383,302,-0.012890625
0.45474910736083984,303,-0.15468749999999998
0.4562070369720459,304,-0.322265625
0.4580509662628174,305,-0.29648437499999997
0.4603710174560547,306,-0.29648437499999997
0.4618949890136719,307,0.0
0.46333909034729004,308,-0.0515625
0.4652681350708008,309,-0.37382812499999996
0.46705198287963867,310,-0.605859375
0.46837306022644043,311,-1.585546875
0.469555139541626,312,0.0
0.4707920551300049,313,-0.116015625
0.4719409942626953,314,-0.270703125
0.47306299209594727,315,-0.64453125
0.4741690158843994,316,-0.2578125
0.4752981662750244,317,-0.38671875
0.47641611099243164,318,-0.322265625
0.4776029586791992,319,0.012890625
0.47898316383361816,320,-0.012890625
0.48053717613220215,321,-0.103125
0.4820430278778076,322,-0.476953125
0.48352813720703125,323,-0.605859375
0.4849100112915039,324,-1.546875
0.486361026763916,325,0.0
0.48777198791503906,326,-0.116015625
0.49028611183166504,327,-0.167578125
0.4920010566711426,328,-0.02578125
0.49340105056762695,329,0.18046874999999998
0.49504804611206055,330,0.012890625
0.49704813957214355,331,-0.02578125
0.49857401847839355,332,-0.28359375
0.4998910427093506,333,-0.5285156249999999
0.5010709762573242,334,-1.340625
0.5022499561309814,335,0.0
0.5034129619598389,336,-0.103125
0.5045349597930908,337,-0.2578125
0.5056500434875488,338,-0.2578125
0.5067641735076904,339,-0.6574218749999999
0.5079600811004639,340,-0.116015625
0.5093419551849365,341,-0.15468749999999998
0.5108060836791992,342,0.0515625
0.5122840404510498,343,-0.012890625
0.5137779712677002,344,-0.09023437499999999
0.5152449607849121,345,-0.4125
0.5166330337524414,346,-0.5285156249999999
0.5182080268859863,347,-1.405078125
0.5207490921020508,348,-0.038671874999999994
0.522413969039917,349,-0.270703125
0.5237541198730469,350,-0.5671875
0.5254249572753906,351,-0.4125
0.5274100303649902,352,-0.15468749999999998
0.5288610458374023,353,0.012890625
0.530083179473877,354,-0.103125
0.5312621593475342,355,-0.399609375
0.5323929786682129,356,-0.580078125
0.5335061550140381,357,-1.044140625
0.5346260070800781,358,-1.65
0.535722017288208,359,0.0
0.5368189811706543,360,-0.116015625
0.5380101203918457,361,-0.2578125
0.5393831729888916,362,-0.33515625
0.5408420562744141,363,-0.29648437499999997
0.5423851013183594,364,-0.116015625
0.5439109802246094,365,0.064453125
0.5453031063079834,366,-0.012890625
0.546746015548706,367,-0.0515625
0.5485279560089111,368,-0.37382812499999996
0.5509231090545654,369,-0.64453125
0.5524730682373047,370,-1.65
0.5538749694824219,371,-0.103125
0.5557460784912109,372,-0.2578125
0.5575621128082275,373,-0.64453125
0.5589690208435059,374,-0.12890625
0.5601711273193359,375,0.12890625
0.5613141059875488,376,0.02578125
0.5624599456787109,377,0.012890625
0.5635881423950195,378,-0.0515625
0.5646941661834717,379,-0.399609375
0.5658149719238281,380,-0.4125
0.5669310092926025,381,-0.863671875
0.5681180953979492,382,-1.546875
0.5695149898529053,383,-0.15468749999999998
0.57106614112854,384,-0.12890625
0.5725820064544678,385,-0.116015625
0.574105978012085,386,-0.708984375
0.575592041015625,387,-0.12890625
0.5770821571350098,388,0.09023437499999999
0.5789310932159424,389,0.0
0.581273078918457,390,-0.0515625
0.5829050540924072,391,-0.33515625
0.5843570232391357,392,-1.0570312499999999
0.5857341289520264,393,-0.07734374999999999
0.5871400833129883,394,-0.20625
0.5889389514923096,395,-0.15468749999999998
0.5908970832824707,396,-0.4640625
0.5924971103668213,397,-0.12890625
0.5937380790710449,398,0.24492187499999998
0.594912052154541,399,0.0
0.596095085144043,400,-0.0515625
0.5972681045532227,401,-0.09023437499999999
0.598520040512085,402,-0.515625
0.6000010967254639,403,-0.64453125
0.6014840602874756,404,-1.4308593749999998
0.6029860973358154,405,0.0
0.6045031547546387,406,-0.07734374999999999
0.6059341430664062,407,-0.18046874999999998
0.607396125793457,408,-0.167578125
0.6087839603424072,409,-0.12890625
0.6109070777893066,410,-0.02578125
0.6132121086120605,411,0.0
0.6147379875183105,412,-0.15468749999999998
0.6161611080169678,413,-0.502734375
0.6180989742279053,414,-1.1214843749999999
0.6199860572814941,415,0.0
0.621312141418457,416,-0.21914062499999998
0.6225290298461914,417,-0.30937499999999996
0.6237380504608154,418,-0.07734374999999999
0.6248769760131836,419,-0.29648437499999997
0.626000165939331,420,-0.30937499999999996
0.6271481513977051,421,0.0
0.6282589435577393,422,-0.012890625
0.6294469833374023,423,-0.02578125
0.630871057510376,424,-0.15468749999999998
0.632349967956543,425,-0.43828124999999996
0.6338741779327393,426,-0.837890625
0.6353981494903564,427,-1.65
0.6367919445037842,428,-0.012890625
0.6382269859313965,429,-0.23203125
0.639970064163208,430,-0.38671875
0.6422991752624512,431,-0.476953125
0.6438851356506348,432,0.24492187499999998
0.6452760696411133,433,0.012890625
0.6471130847930908,434,-0.0515625
0.6489930152893066,435,-0.37382812499999996
0.6504480838775635,436,-0.7218749999999999
0.6516599655151367,437,-1.65
0.6528029441833496,438,-0.012890625
0.6539361476898193,439,-0.193359375
0.6550710201263428,440,-0.23203125
0.6561739444732666,441,-0.5671875
