time,count,voltage
0.004327058792114258,1,-0.2578125
0.005613088607788086,2,-0.23203125
0.006805896759033203,3,-0.12890625
0.007925987243652344,4,0.012890625
0.009063959121704102,5,-0.012890625
0.01016998291015625,6,-0.0515625
0.011337041854858398,7,-0.21914062499999998
0.012489080429077148,8,-0.476953125
0.013612985610961914,9,-0.7734375
0.014904022216796875,10,-1.405078125
0.016387939453125,11,0.0
0.017808914184570312,12,-0.012890625
0.01921701431274414,13,-0.12890625
0.02063298225402832,14,-0.4125
0.021898984909057617,15,-0.37382812499999996
0.023061037063598633,16,-0.2578125
0.024209976196289062,17,-0.012890625
0.025341033935546875,18,-0.012890625
0.026439905166625977,19,-0.02578125
0.027539968490600586,20,-0.103125
0.02865290641784668,21,-0.43828124999999996
0.02978205680847168,22,-0.515625
0.031028032302856445,23,-1.16015625
0.03247809410095215,24,-1.65
0.033883094787597656,25,0.0
0.035423994064331055,26,-0.193359375
0.03690910339355469,27,-0.30937499999999996
0.03840994834899902,28,-0.167578125
0.039923906326293945,29,-0.23203125
0.04210710525512695,30,0.0
0.04424405097961426,31,-0.012890625
0.045671939849853516,32,-0.30937499999999996
0.04739189147949219,33,-0.580078125
0.049340009689331055,34,-1.4437499999999999
0.05070090293884277,35,0.0
0.05187797546386719,36,-0.116015625
0.053015947341918945,37,-0.322265625
0.05414009094238281,38,-0.23203125
0.05524802207946777,39,-0.322265625
0.05635404586791992,40,-0.30937499999999996
0.05748105049133301,41,-0.0515625
0.0585939884185791,42,0.012890625
0.059689998626708984,43,-0.02578125
0.06078600883483887,44,-0.0515625
0.061888933181762695,45,-0.4125
0.06298089027404785,46,-0.5671875
0.06407690048217773,47,-1.10859375
0.06519794464111328,48,-1.65
0.06628894805908203,49,0.0
0.06737494468688965,50,-0.0515625
0.06847691535949707,51,-0.20625
0.06957507133483887,52,-0.29648437499999997
0.07067608833312988,53,-0.20625
0.07176709175109863,54,-0.37382812499999996
0.07286691665649414,55,-0.37382812499999996
0.07398295402526855,56,-0.193359375
0.07510209083557129,57,0.012890625
0.0762019157409668,58,-0.012890625
0.0773019790649414,59,-0.0515625
0.07840991020202637,60,-0.36093749999999997
0.07960104942321777,61,-0.515625
0.08084893226623535,62,-1.0570312499999999
0.08227205276489258,63,-1.65
0.08367490768432617,64,0.0
0.08520102500915527,65,-0.167578125
0.0868079662322998,66,-0.23203125
0.08842110633850098,67,-0.20625
0.09148001670837402,68,-0.23203125
0.09412789344787598,69,0.012890625
0.0973210334777832,70,-0.20625
0.09937095642089844,71,-0.4125
0.10089707374572754,72,0.0
0.10226011276245117,73,-0.09023437499999999
0.10353899002075195,74,-0.37382812499999996
0.10478901863098145,75,-0.167578125
0.10602593421936035,76,-0.322265625
0.10725998878479004,77,-0.141796875
0.11838603019714355,78,0.012890625
0.1210470199584961,79,-0.012890625
0.12273192405700684,80,-0.322265625
0.12419390678405762,81,0.18046874999999998
0.12621212005615234,82,0.012890625
0.12783098220825195,83,-0.02578125
0.12910890579223633,84,-0.399609375
0.13026690483093262,85,-0.6703125
0.1313920021057129,86,-1.3921875
0.13251495361328125,87,0.0
0.13362503051757812,88,0.0
0.13474011421203613,89,-0.116015625
0.13584303855895996,90,-0.141796875
0.1369469165802002,91,-0.43828124999999996
0.13805890083312988,92,-0.0515625
0.13924598693847656,93,-0.29648437499999997
0.1405351161956787,94,-0.15468749999999998
0.1419980525970459,95,0.0
0.14343595504760742,96,0.0
0.14495396614074707,97,-0.103125
0.14648008346557617,98,-0.4640625
0.14786791801452637,99,-1.044140625
0.14935994148254395,100,-1.65
0.1507120132446289,101,0.0
0.15296292304992676,102,-0.103125
0.15491890907287598,103,-0.322265625
0.15636706352233887,104,-0.348046875
0.1579289436340332,105,0.012890625
0.1599431037902832,106,-0.012890625
0.16158795356750488,107,-0.0515625
0.16285991668701172,108,-0.399609375
0.16402411460876465,109,-0.95390625
0.16516709327697754,110,-1.585546875
0.16632294654846191,111,0.012890625
0.16744208335876465,112,-0.0515625
0.16857695579528809,113,-0.02578125
0.16968989372253418,114,-0.29648437499999997
0.17089605331420898,115,-0.193359375
0.17231011390686035,116,-0.21914062499999998
0.17378592491149902,117,-0.12890625
0.17522192001342773,118,0.012890625
0.17676305770874023,119,-0.02578125
0.17818498611450195,120,-0.116015625
0.17963790893554688,121,-0.4125
0.18103909492492676,122,-0.992578125
0.18298602104187012,123,-1.65
0.18518495559692383,124,0.012890625
0.1866769790649414,125,-0.21914062499999998
0.18813705444335938,126,-0.20625
0.19016098976135254,127,-0.30937499999999996
0.19196200370788574,128,0.0
0.19326496124267578,129,-0.012890625
0.19443392753601074,130,-0.103125
0.1955571174621582,131,-0.4640625
0.19668102264404297,132,-0.6187499999999999
0.19781208038330078,133,-1.327734375
0.19895601272583008,134,-1.134375
0.2000739574432373,135,0.0
0.2012319564819336,136,-0.012890625
0.20262908935546875,137,-0.15468749999999998
0.20408391952514648,138,-0.515625
0.2055199146270752,139,-0.399609375
0.20709896087646484,140,-0.20625
0.20864105224609375,141,0.012890625
0.21007990837097168,142,-0.012890625
0.21146798133850098,143,-0.103125
0.21326088905334473,144,-0.476953125
0.21557998657226562,145,-0.928125
0.21712088584899902,146,-0.012890625
0.2185499668121338,147,-0.064453125
0.22039008140563965,148,-0.23203125
0.22224998474121094,149,-0.20625
0.22365808486938477,150,0.038671874999999994
0.22486400604248047,151,0.0
0.22600102424621582,152,0.0
0.2271111011505127,153,-0.02578125
0.22829890251159668,154,-0.28359375
0.2294449806213379,155,-0.54140625
0.23056411743164062,156,-1.00546875
0.231766939163208,157,-1.585546875
0.2331690788269043,158,0.0
0.23458194732666016,159,-0.103125
0.23608088493347168,160,-0.116015625
0.23760604858398438,161,-0.33515625
0.23912405967712402,162,-0.29648437499999997
0.2406330108642578,163,-0.09023437499999999
0.24199795722961426,164,0.012890625
0.243851900100708,165,-0.012890625
0.24618792533874512,166,-0.103125
0.2477719783782959,167,-0.631640625
0.24918603897094727,168,-1.65
0.250960111618042,169,0.0
0.252810001373291,170,-0.167578125
0.25418591499328613,171,-0.30937499999999996
0.25538110733032227,172,-0.24492187499999998
0.25652194023132324,173,-0.20625
0.2576460838317871,174,0.012890625
0.25885796546936035,175,-0.012890625
0.260037899017334,176,-0.012890625
0.26117491722106934,177,-0.167578125
0.2623710632324219,178,-0.4640625
0.26377105712890625,179,-0.6832031249999999
0.2652289867401123,180,-1.456640625
0.26671409606933594,181,0.0
0.2682619094848633,182,-0.064453125
0.26973390579223633,183,-0.103125
0.27116990089416504,184,-0.20625
0.27253293991088867,185,-0.322265625
0.27472710609436035,186,-0.103125
0.27672505378723145,187,0.012890625
0.27817702293395996,188,-0.07734374999999999
0.2797889709472656,189,-0.4125
0.28173398971557617,190,-0.992578125
0.2834179401397705,191,0.0
0.28467798233032227,192,0.0
0.2858541011810303,193,-0.0515625
0.286998987197876,194,-0.5285156249999999
0.2881350517272949,195,-0.103125
0.2893359661102295,196,-0.24492187499999998
0.29046201705932617,197,-0.064453125
0.29156994819641113,198,0.0
0.2927520275115967,199,0.0
0.2941310405731201,200,0.0
0.29558396339416504,201,-0.37382812499999996
0.2970249652862549,202,-0.515625
0.2985808849334717,203,-1.3921875
0.30004000663757324,204,0.0
0.3014540672302246,205,-0.02578125
0.30290699005126953,206,-0.18046874999999998
0.30507802963256836,207,-0.37382812499999996
0.30733704566955566,208,-0.064453125
0.30892395973205566,209,0.012890625
0.310352087020874,210,-0.02578125
0.3122100830078125,211,-0.20625
0.3139839172363281,212,-0.476953125
0.315310001373291,213,-1.4308593749999998
0.31649303436279297,214,0.0
0.31762003898620605,215,-0.02578125
0.3188819885253906,216,-0.0515625
0.32002711296081543,217,-0.399609375
0.32114505767822266,218,-0.23203125
0.3222620487213135,219,-0.43828124999999996
0.32346010208129883,220,-0.322265625
0.32488203048706055,221,0.0
0.32633090019226074,222,-0.012890625
0.32779693603515625,223,-0.02578125
0.3293640613555908,224,-0.38671875
0.3315160274505615,225,-0.7476562499999999
0.33302807807922363,226,-0.09023437499999999
0.3343639373779297,227,0.0
0.3367900848388672,228,-0.167578125
0.3386259078979492,229,-0.20625
0.3401050567626953,230,-0.141796875
0.34165191650390625,231,0.0
0.3435540199279785,232,0.012890625
0.34522294998168945,233,-0.09023437499999999
0.3465120792388916,234,-0.399609375
0.34766507148742676,235,-1.0828125
0.3489420413970947,236,-1.65
0.35009193420410156,237,0.0
0.3512089252471924,238,-0.02578125
0.3523259162902832,239,-0.167578125
0.353532075881958,240,-0.30937499999999996
0.35495710372924805,241,-0.167578125
0.3564150333404541,242,-0.21914062499999998
0.35788702964782715,243,0.07734374999999999
0.35950589179992676,244,-0.012890625
0.3609349727630615,245,-0.02578125
0.3623619079589844,246,-0.37382812499999996
0.3637080192565918,247,-0.54140625
0.3657341003417969,248,-1.405078125
0.36789894104003906,249,0.0
0.36949706077575684,250,-0.15468749999999998
0.37099409103393555,251,-0.30937499999999996
0.3729109764099121,252,-0.30937499999999996
0.37470507621765137,253,0.09023437499999999
0.37601494789123535,254,0.0
0.37717604637145996,255,-0.02578125
0.3783860206604004,256,-0.322265625
0.3795280456542969,257,-0.515625
0.38065505027770996,258,-1.03125
0.38178491592407227,259,-1.65
0.3829019069671631,260,0.0
0.3840820789337158,261,0.0
0.3854820728302002,262,-0.116015625
0.38694000244140625,263,-0.33515625
0.38848209381103516,264,-0.20625
0.3900909423828125,265,-0.21914062499999998
0.39153599739074707,266,0.0
0.3929440975189209,267,0.0
0.3942840099334717,268,-0.012890625
0.39655590057373047,269,-0.38671875
0.39859509468078613,270,-0.79921875
0.40004897117614746,271,0.0
0.40154099464416504,272,-0.09023437499999999
0.40349411964416504,273,-0.09023437499999999
0.4051780700683594,274,-0.2578125
0.40650010108947754,275,-0.193359375
0.40769410133361816,276,0.0
0.4088869094848633,277,0.0
0.4100170135498047,278,-0.0515625
0.4111199378967285,279,-0.103125
0.4122281074523926,280,-0.43828124999999996
0.41336989402770996,281,-0.631640625
0.41455888748168945,282,-1.327734375
0.4159700870513916,283,-0.631640625
0.41740989685058594,284,0.0
0.41890907287597656,285,-0.15468749999999998
0.4205019474029541,286,-0.30937499999999996
0.4219839572906494,287,-0.29648437499999997
0.42348194122314453,288,-0.116015625
0.4248640537261963,289,0.0
0.42694902420043945,290,-0.012890625
0.42920994758605957,291,-0.038671874999999994
0.430711030960083,292,-0.4640625
0.43213701248168945,293,-1.456640625
0.43397092819213867,294,0.0
0.4357259273529053,295,-0.103125
0.4370560646057129,296,-0.270703125
0.4383211135864258,297,-0.193359375
0.4395151138305664,298,-0.20625
0.44063901901245117,299,-0.012890625
0.4417541027069092,300,0.0
0.4428529739379883,301,0.0
0.443958044052124,302,-0.02578125
0.4451570510864258,303,-0.37382812499999996
0.4465780258178711,304,-0.476953125
0.44803690910339355,305,-1.134375
0.44959592819213867,306,-0.167578125
0.45110511779785156,307,0.0
0.4525120258331299,308,-0.15468749999999998
0.4539320468902588,309,-0.38671875
0.4556849002838135,310,-0.29648437499999997
0.45804905891418457,311,-0.20625
0.4596269130706787,312,0.0
0.4611020088195801,313,-0.02578125
0.4630091190338135,314,-0.4125
0.4647829532623291,315,-0.7734375
0.46608591079711914,316,-0.21914062499999998
0.46725988388061523,317,-0.0515625
0.46842193603515625,318,-0.064453125
0.4695620536804199,319,-0.2578125
0.4706840515136719,320,-0.322265625
0.47179508209228516,321,-0.29648437499999997
0.472912073135376,322,-0.322265625
0.4740118980407715,323,-0.103125
0.4751880168914795,324,0.012890625
0.47661805152893066,325,-0.012890625
0.4780731201171875,326,-0.0515625
0.4796750545501709,327,-0.451171875
0.48119306564331055,328,-0.928125
0.48261308670043945,329,-1.65
0.4839320182800293,330,0.012890625
0.48592305183410645,331,-0.20625
0.4881010055541992,332,-0.322265625
0.48971009254455566,333,-0.064453125
0.4913170337677002,334,0.193359375
0.49327993392944336,335,-0.02578125
0.494858980178833,336,-0.02578125
0.49611806869506836,337,-0.399609375
0.4972870349884033,338,-0.889453125
0.49843692779541016,339,-1.533984375
0.4995911121368408,340,0.0
0.5006940364837646,341,-0.0515625
0.5018050670623779,342,-0.193359375
0.5029458999633789,343,-0.23203125
0.5040791034698486,344,-0.21914062499999998
0.5052831172943115,345,-0.322265625
0.5066850185394287,346,-0.30937499999999996
0.508249044418335,347,0.0
0.509768009185791,348,0.0
0.5112829208374023,349,-0.02578125
0.5126960277557373,350,-0.36093749999999997
0.5140469074249268,351,-0.7734375
0.5153748989105225,352,-1.533984375
0.5176351070404053,353,0.0
0.5195460319519043,354,-0.103125
0.5209870338439941,355,-0.29648437499999997
0.5225300788879395,356,-0.20625
0.5244629383087158,357,-0.103125
0.5260798931121826,358,0.02578125
0.5273549556732178,359,-0.02578125
0.5285449028015137,360,-0.36093749999999997
0.529695987701416,361,-0.4640625
0.530817985534668,362,-1.0828125
0.5319259166717529,363,-1.65
0.5330328941345215,364,0.0
0.5341379642486572,365,-0.012890625
0.5353360176086426,366,-0.141796875
0.5367329120635986,367,-0.399609375
0.538175106048584,368,-0.18046874999999998
0.5397689342498779,369,-0.28359375
0.5413599014282227,370,0.038671874999999994
0.5428919792175293,371,-0.012890625
0.5443940162658691,372,-0.012890625
0.5457479953765869,373,-0.38671875
0.5480198860168457,374,-0.6187499999999999
0.5500750541687012,375,-1.611328125
0.5514929294586182,376,-0.02578125
0.5530428886413574,377,-0.20625
0.5549740791320801,378,-0.36093749999999997
0.556617021560669,379,-0.322265625
0.5578930377960205,380,0.0
0.5590760707855225,381,-0.012890625
0.560218095779419,382,-0.012890625
0.5613501071929932,383,-0.20625
0.5624620914459229,384,-0.502734375
0.563601016998291,385,-0.7863281249999999
0.5647339820861816,386,-1.4308593749999998
0.5659608840942383,387,0.012890625
0.5673658847808838,388,0.0
0.5688700675964355,389,-0.167578125
0.5703530311584473,390,-0.29648437499999997
0.5718810558319092,391,-0.24492187499999998
0.5733809471130371,392,-0.15468749999999998
0.5748610496520996,393,0.0
0.576246976852417,394,-0.012890625
0.5784831047058105,395,-0.038671874999999994
0.580535888671875,396,-0.37382812499999996
0.582024097442627,397,-1.276171875
0.5834879875183105,398,0.0
0.5853650569915771,399,-0.12890625
0.5870499610900879,400,-0.21914062499999998
0.5884270668029785,401,-0.21914062499999998
0.589637041091919,402,-0.193359375
0.5908210277557373,403,0.038671874999999994
0.5919499397277832,404,0.0
0.5930609703063965,405,-0.012890625
0.5941669940948486,406,-0.064453125
0.5952699184417725,407,-0.38671875
0.5964710712432861,408,-0.5285156249999999
0.597877025604248,409,-1.16015625
0.5993359088897705,410,-1.65
0.600783109664917,411,0.0
0.602302074432373,412,-0.20625
0.603687047958374,413,-0.29648437499999997
0.6051180362701416,414,-0.167578125
0.606874942779541,415,-0.116015625
0.6093220710754395,416,0.103125
0.6108639240264893,417,-0.0515625
0.6122269630432129,418,-0.348046875
0.6138379573822021,419,-0.476953125
0.6155080795288086,420,-1.353515625
0.6173200607299805,421,0.0
0.618657112121582,422,-0.12890625
0.6198439598083496,423,-0.37382812499999996
0.6210050582885742,424,-0.20625
0.6221420764923096,425,-0.4125
0.6232600212097168,426,-0.29648437499999997
0.6244289875030518,427,0.0
0.6258718967437744,428,-0.012890625
0.627547025680542,429,-0.02578125
0.629396915435791,430,-0.33515625
0.6311240196228027,431,-0.64453125
0.6327600479125977,432,-1.65
0.6342771053314209,433,0.0
0.6357760429382324,434,-0.15468749999999998
0.637300968170166,435,-0.42539062499999997
0.6387948989868164,436,-0.21914062499999998
0.6413919925689697,437,-0.0515625
0.6430459022521973,438,0.012890625
0.6445870399475098,439,-0.02578125
0.646665096282959,440,-0.42539062499999997
0.6481740474700928,441,-0.95390625
0.6494710445404053,442,0.0
0.650615930557251,443,-0.012890625
0.6517329216003418,444,-0.02578125
0.6528708934783936,445,-0.23203125
0.6540029048919678,446,-0.322265625
0.6551260948181152,447,-0.348046875
0.6562418937683105,448,-0.33515625
