time,count,voltage
0.0055408477783203125,1,-0.18046874999999998
0.007230043411254883,2,-0.116015625
0.008772850036621094,3,0.15468749999999998
0.010215997695922852,4,0.0
0.011599063873291016,5,-0.0515625
0.01308298110961914,6,-0.2578125
0.014708995819091797,7,-0.20625
0.016108989715576172,8,-1.224609375
0.0174710750579834,9,-0.0515625
0.018821001052856445,10,-0.0515625
0.024092912673950195,11,-0.064453125
0.0257110595703125,12,0.6187499999999999
0.027245044708251953,13,-0.012890625
0.0323338508605957,14,-0.02578125
0.03389596939086914,15,-1.405078125
0.0353238582611084,16,0.0
0.042890071868896484,17,-0.07734374999999999
0.04546189308166504,18,0.0
0.047590017318725586,19,-0.21914062499999998
0.04957294464111328,20,-0.5929687499999999
0.05183887481689453,21,-0.992578125
0.05506300926208496,22,-0.141796875
0.05812191963195801,23,-0.20625
0.06015801429748535,24,0.4640625
0.06251692771911621,25,-0.02578125
0.06469202041625977,26,-0.23203125
0.06618094444274902,27,-1.0828125
0.06739997863769531,28,-0.09023437499999999
0.06858587265014648,29,-0.0515625
0.0700540542602539,30,-0.0515625
0.07148599624633789,31,-0.20625
0.0727238655090332,32,-0.36093749999999997
0.07395696640014648,33,-0.30937499999999996
0.07520008087158203,34,-0.0515625
0.0766608715057373,35,0.012890625
0.07819199562072754,36,-0.0515625
0.07971000671386719,37,-0.20625
0.08117103576660156,38,-0.21914062499999998
0.08246803283691406,39,-1.10859375
0.08386993408203125,40,-0.103125
0.08578300476074219,41,-0.02578125
0.08801794052124023,42,-0.141796875
0.08946800231933594,43,0.0
0.09127998352050781,44,-0.0515625
0.09328103065490723,45,0.012890625
0.09459590911865234,46,-0.0515625
0.09576201438903809,47,-0.21914062499999998
0.09688901901245117,48,-0.270703125
0.09799885749816895,49,-0.760546875
0.09910202026367188,50,-1.3792968749999999
0.10021090507507324,51,0.0
0.10135507583618164,52,-0.064453125
0.10245585441589355,53,-0.20625
0.10356807708740234,54,-0.20625
0.10468602180480957,55,-0.15468749999999998
0.10587000846862793,56,-0.33515625
0.10723185539245605,57,-0.33515625
0.10877585411071777,58,-0.12890625
0.1102449893951416,59,0.0
0.11175394058227539,60,-0.0515625
0.11318087577819824,61,-0.2578125
0.11458706855773926,62,-0.30937499999999996
0.11604785919189453,63,-1.198828125
0.11834287643432617,64,-0.116015625
0.1204230785369873,65,-0.103125
0.12184786796569824,66,-0.15468749999999998
0.12353992462158203,67,-0.21914062499999998
0.12575888633728027,68,-0.103125
0.12717604637145996,69,-0.02578125
0.12836194038391113,70,-0.038671874999999994
0.12949299812316895,71,-0.33515625
0.13060998916625977,72,-0.2578125
0.13173985481262207,73,-0.9410156249999999
0.13297700881958008,74,-1.5726562499999999
0.1341240406036377,75,0.0
0.13522601127624512,76,0.0
0.13640785217285156,77,-0.012890625
0.13782191276550293,78,-0.2578125
0.1392650604248047,79,-0.103125
0.14094090461730957,80,-0.167578125
0.1424729824066162,81,0.038671874999999994
0.14388585090637207,82,-0.012890625
0.1452798843383789,83,-0.02578125
0.1467280387878418,84,-0.322265625
0.1492750644683838,85,-0.4640625
0.1510159969329834,86,-1.6371093749999999
0.1524209976196289,87,-0.012890625
0.15416908264160156,88,-0.15468749999999998
0.1560959815979004,89,-0.23203125
0.15755605697631836,90,-0.20625
0.15880990028381348,91,0.012890625
0.1602320671081543,92,0.0
0.16137385368347168,93,-0.012890625
0.16249394416809082,94,-0.23203125
0.16363096237182617,95,-0.33515625
0.16476202011108398,96,-0.837890625
0.16590595245361328,97,-1.4308593749999998
0.16709685325622559,98,-0.038671874999999994
0.1685628890991211,99,-0.103125
0.16998600959777832,100,-0.18046874999999998
0.17156386375427246,101,-0.2578125
0.1731410026550293,102,-0.28359375
0.17467594146728516,103,-0.103125
0.17606592178344727,104,0.012890625
0.1774139404296875,105,-0.012890625
0.17992186546325684,106,-0.0515625
0.18184685707092285,107,-0.20625
0.1832599639892578,108,-1.327734375
0.185028076171875,109,0.02578125
0.18691802024841309,110,-0.18046874999999998
0.1882948875427246,111,-0.167578125
0.18952107429504395,112,-0.24492187499999998
0.19068503379821777,113,-0.20625
0.19179391860961914,114,0.0
0.19301390647888184,115,0.012890625
0.19414091110229492,116,-0.0515625
0.19524002075195312,117,-0.103125
0.19639801979064941,118,-0.36093749999999997
0.19758391380310059,119,-0.37382812499999996
0.19901204109191895,120,-1.147265625
0.20050287246704102,121,-1.5726562499999999
0.20201492309570312,122,-0.0515625
0.2036740779876709,123,-0.0515625
0.20514702796936035,124,-0.07734374999999999
0.20659399032592773,125,-0.23203125
0.20799803733825684,126,-0.103125
0.21047306060791016,127,-0.012890625
0.21223902702331543,128,-0.02578125
0.2136678695678711,129,-0.2578125
0.21556901931762695,130,-0.631640625
0.2174680233001709,131,-1.533984375
0.21880888938903809,132,-0.064453125
0.2200469970703125,133,-0.103125
0.22120094299316406,134,-0.23203125
0.22235107421875,135,-0.116015625
0.22348999977111816,136,-0.270703125
0.22460389137268066,137,-0.15468749999999998
0.22571706771850586,138,0.012890625
0.22680902481079102,139,0.0
0.22802090644836426,140,-0.02578125
0.22948002815246582,141,-0.2578125
0.23097991943359375,142,-0.322265625
0.23254799842834473,143,-1.0570312499999999
0.23415684700012207,144,-0.2578125
0.23565196990966797,145,-0.02578125
0.23707199096679688,146,-0.09023437499999999
0.23875784873962402,147,-0.12890625
0.24123501777648926,148,-0.24492187499999998
0.24290990829467773,149,0.0
0.24441289901733398,150,-0.012890625
0.24645090103149414,151,-0.103125
0.2481849193572998,152,-0.20625
0.24947190284729004,153,-1.2374999999999998
0.2506430149078369,154,0.0
0.2517549991607666,155,-0.0515625
0.2529928684234619,156,-0.15468749999999998
0.254119873046875,157,-0.2578125
0.2552340030670166,158,-0.0515625
0.25634002685546875,159,-0.43828124999999996
0.25768184661865234,160,-0.38671875
0.2589409351348877,161,0.012890625
0.26039791107177734,162,-0.012890625
0.26186490058898926,163,-0.02578125
0.263455867767334,164,-0.23203125
0.2650299072265625,165,-0.4125
0.2664029598236084,166,-1.3792968749999999
0.26778602600097656,167,0.0
0.2694389820098877,168,-0.116015625
0.2718799114227295,169,-0.23203125
0.27354001998901367,170,-0.36093749999999997
0.2749629020690918,171,0.038671874999999994
0.2769789695739746,172,0.0
0.278810977935791,173,-0.0515625
0.2801170349121094,174,-0.21914062499999998
0.28128886222839355,175,-0.515625
0.28243088722229004,176,-1.276171875
0.2835988998413086,177,0.0
0.28473997116088867,178,-0.09023437499999999
0.2858879566192627,179,-0.12890625
0.286984920501709,180,-0.21914062499999998
0.28807997703552246,181,-0.064453125
0.2892448902130127,182,-0.30937499999999996
0.2906160354614258,183,-0.33515625
0.29218292236328125,184,-0.103125
0.2938060760498047,185,-0.012890625
0.2953760623931885,186,-0.012890625
0.29674506187438965,187,-0.29648437499999997
0.29805994033813477,188,-0.4640625
0.30026698112487793,189,-1.2890625
0.30246400833129883,190,0.0
0.30387091636657715,191,-0.0515625
0.3056168556213379,192,-0.21914062499999998
0.3076460361480713,193,-0.2578125
0.3090519905090332,194,0.21914062499999998
0.3102688789367676,195,-0.012890625
0.31142497062683105,196,-0.02578125
0.3125569820404053,197,-0.29648437499999997
0.3137040138244629,198,-0.322265625
0.31481385231018066,199,-0.863671875
0.3159449100494385,200,-1.482421875
0.31705188751220703,201,-0.038671874999999994
0.31816887855529785,202,-0.0515625
0.3193359375,203,-0.103125
0.3206958770751953,204,-0.23203125
0.32213807106018066,205,-0.116015625
0.3238370418548584,206,-0.37382812499999996
0.32546496391296387,207,-0.103125
0.3268558979034424,208,-0.012890625
0.3281819820404053,209,-0.038671874999999994
0.33042097091674805,210,-0.2578125
0.33248186111450195,211,-0.4125
0.3340749740600586,212,-1.5984375
0.3358919620513916,213,-0.09023437499999999
0.337709903717041,214,-0.0515625
0.3390529155731201,215,-0.012890625
0.3402409553527832,216,-0.24492187499999998
0.3414499759674072,217,-0.116015625
0.342573881149292,218,0.012890625
0.34369897842407227,219,-0.012890625
0.34537792205810547,220,-0.012890625
0.3465719223022461,221,-0.2578125
0.34770989418029785,222,-0.43828124999999996
0.34888386726379395,223,-1.1859374999999999
0.35007286071777344,224,-1.65
0.3514549732208252,225,-0.012890625
0.35294604301452637,226,-0.20625
0.35445284843444824,227,-0.270703125
0.3560640811920166,228,-0.12890625
0.3575708866119385,229,-0.103125
0.358975887298584,230,-0.012890625
0.3604130744934082,231,-0.012890625
0.36295294761657715,232,-0.02578125
0.3646969795227051,233,-0.193359375
0.3661508560180664,234,-1.147265625
0.36820101737976074,235,0.0
0.37003493309020996,236,0.0
0.3713228702545166,237,-0.2578125
0.3725719451904297,238,-0.29648437499999997
0.3738689422607422,239,-0.28359375
0.375,240,-0.0515625
0.3761270046234131,241,0.0
0.37723302841186523,242,-0.012890625
0.3783299922943115,243,-0.09023437499999999
0.379443883895874,244,-0.348046875
0.3806300163269043,245,-0.270703125
0.38210105895996094,246,-0.9796874999999999
0.38362789154052734,247,-1.65
0.3851449489593506,248,-0.0515625
0.3866000175476074,249,-0.116015625
0.3880128860473633,250,-0.29648437499999997
0.3895139694213867,251,-0.193359375
0.39104700088500977,252,-0.15468749999999998
0.39364004135131836,253,0.012890625
0.3953120708465576,254,-0.012890625
0.39679884910583496,255,-0.29648437499999997
0.3987250328063965,256,-0.476953125
0.4005908966064453,257,-1.456640625
0.4019298553466797,258,-0.0515625
0.40311598777770996,259,-0.09023437499999999
0.4042689800262451,260,-0.2578125
0.40545105934143066,261,-0.09023437499999999
0.40656495094299316,262,-0.37382812499999996
0.4076719284057617,263,-0.270703125
0.4087960720062256,264,0.0
0.409883975982666,265,-0.012890625
0.41105103492736816,266,-0.0515625
0.41248488426208496,267,-0.167578125
0.4140908718109131,268,-0.33515625
0.41563892364501953,269,-0.95390625
0.4170858860015869,270,-1.65
0.41837596893310547,271,-0.038671874999999994
0.4197349548339844,272,-0.167578125
0.42192697525024414,273,-0.20625
0.4241499900817871,274,-0.103125
0.425616979598999,275,0.451171875
0.42722105979919434,276,0.0
0.42932796478271484,277,-0.02578125
0.43083691596984863,278,-0.193359375
0.4320340156555176,279,-0.9410156249999999
0.43320202827453613,280,-1.6371093749999999
0.4343268871307373,281,0.0
0.4354548454284668,282,-0.09023437499999999
0.4365849494934082,283,-0.0515625
0.43770384788513184,284,-0.141796875
0.4388248920440674,285,0.0
0.439939022064209,286,-0.30937499999999996
0.441119909286499,287,-0.2578125
0.4425029754638672,288,-0.012890625
0.4440648555755615,289,0.0
0.4456629753112793,290,-0.064453125
0.4471759796142578,291,-0.2578125
0.4485008716583252,292,-0.8121093749999999
0.4498739242553711,293,-1.546875
0.45172786712646484,294,0.0
0.45407605171203613,295,-0.12890625
0.4556560516357422,296,-0.15468749999999998
0.4572019577026367,297,-0.33515625
0.4591660499572754,298,-0.07734374999999999
0.46093106269836426,299,0.0
0.46219897270202637,300,-0.09023437499999999
0.4634439945220947,301,-0.322265625
0.4645850658416748,302,-0.5671875
0.46570491790771484,303,-1.276171875
0.46706700325012207,304,-0.0515625
0.46820998191833496,305,-0.0515625
0.46938300132751465,306,-0.21914062499999998
0.47049784660339355,307,-0.28359375
0.4716639518737793,308,-0.20625
0.47310686111450195,309,-0.24492187499999998
0.4746129512786865,310,-0.167578125
0.47620701789855957,311,0.0
0.47777700424194336,312,-0.012890625
0.47919797897338867,313,-0.12890625
0.4805939197540283,314,-0.30937499999999996
0.48196887969970703,315,-0.8765624999999999
0.4846649169921875,316,-1.611328125
0.4863898754119873,317,-0.012890625
0.48777294158935547,318,-0.21914062499999998
0.4896049499511719,319,-0.07734374999999999
0.4916059970855713,320,-0.12890625
0.49302005767822266,321,0.0
0.4942049980163574,322,-0.02578125
0.4953470230102539,323,-0.103125
0.4964609146118164,324,-0.348046875
0.4975600242614746,325,-0.476953125
0.49865007400512695,326,-1.16015625
0.499755859375,327,-1.65
0.5008950233459473,328,0.0
0.5021538734436035,329,-0.0515625
0.5036489963531494,330,-0.012890625
0.5051689147949219,331,-0.103125
0.5066230297088623,332,-0.193359375
0.508267879486084,333,-0.103125
0.5096988677978516,334,0.0
0.511070966720581,335,-0.02578125
0.5125448703765869,336,-0.141796875
0.5151760578155518,337,-0.270703125
0.5169658660888672,338,-1.198828125
0.518683910369873,339,-0.012890625
0.520676851272583,340,-0.116015625
0.5223639011383057,341,-0.20625
0.52370285987854,342,-0.270703125
0.524954080581665,343,-0.064453125
0.526094913482666,344,0.012890625
0.5272030830383301,345,-0.012890625
0.5282950401306152,346,-0.0515625
0.5293898582458496,347,-0.322265625
0.5304770469665527,348,-0.270703125
0.5315918922424316,349,-0.889453125
0.5328578948974609,350,-1.52109375
0.5343079566955566,351,0.0
0.5357789993286133,352,-0.02578125
0.537261962890625,353,-0.20625
0.5387420654296875,354,-0.193359375
0.5402219295501709,355,-0.399609375
0.5416960716247559,356,-0.12890625
0.5434689521789551,357,0.0
0.5457959175109863,358,-0.02578125
0.5474069118499756,359,-0.2578125
0.5489609241485596,360,-0.8765624999999999
0.5509340763092041,361,-1.65
0.5526268482208252,362,0.0
0.5539588928222656,363,-0.21914062499999998
0.5551390647888184,364,-0.09023437499999999
0.5562798976898193,365,-0.4125
0.5574500560760498,366,-0.322265625
0.5585658550262451,367,0.012890625
0.5596718788146973,368,-0.012890625
0.5607719421386719,369,-0.02578125
0.5618610382080078,370,-0.103125
0.5630428791046143,371,-0.36093749999999997
0.5645020008087158,372,-0.4125
0.5662739276885986,373,-1.1859374999999999
0.5678510665893555,374,0.0
0.5693519115447998,375,-0.02578125
0.57069993019104,376,-0.21914062499999998
0.5722110271453857,377,-0.167578125
0.5743820667266846,378,-0.33515625
0.5764920711517334,379,0.012890625
0.5779509544372559,380,-0.012890625
0.5794429779052734,381,-0.20625
0.5811018943786621,382,-0.30937499999999996
0.5827410221099854,383,-1.0828125
0.5849239826202393,384,0.0
0.5870020389556885,385,-0.064453125
0.5886168479919434,386,-0.141796875
0.5899219512939453,387,-0.23203125
0.5910980701446533,388,-0.116015625
0.5922560691833496,389,0.0
0.5935630798339844,390,-0.02578125
0.594994068145752,391,-0.012890625
0.596484899520874,392,-0.23203125
0.5981528759002686,393,-0.322265625
0.5996780395507812,394,-1.2503906249999999
0.6011009216308594,395,0.0
0.6023430824279785,396,-0.0515625
0.6050739288330078,397,-0.116015625
0.6068840026855469,398,-0.02578125
0.6085529327392578,399,0.28359375
0.6105930805206299,400,0.0
0.6120128631591797,401,-0.0515625
0.6132290363311768,402,-0.21914062499999998
0.61444091796875,403,-0.399609375
0.6155760288238525,404,-1.198828125
0.6167149543762207,405,-1.65
0.6178169250488281,406,0.0
0.6189150810241699,407,-0.12890625
0.6200408935546875,408,-0.193359375
0.6211409568786621,409,-0.23203125
0.6222610473632812,410,-0.0515625
0.623478889465332,411,-0.2578125
0.6249170303344727,412,-0.167578125
0.6263978481292725,413,0.012890625
0.6279609203338623,414,-0.02578125
0.6296088695526123,415,-0.193359375
0.6310379505157471,416,-0.167578125
0.632504940032959,417,-1.03125
0.6346659660339355,418,-0.2578125
0.6368849277496338,419,-0.0515625
0.6382949352264404,420,-0.23203125
0.6400668621063232,421,-0.270703125
0.6420130729675293,422,-0.103125
0.6434860229492188,423,-0.012890625
0.6447179317474365,424,-0.012890625
0.6459460258483887,425,-0.28359375
0.6470670700073242,426,-0.322265625
0.6481819152832031,427,-0.837890625
0.649298906326294,428,-1.46953125
0.6503970623016357,429,-0.09023437499999999
0.6515419483184814,430,-0.0515625
0.6526429653167725,431,-0.167578125
0.6539480686187744,432,-0.270703125
0.655364990234375,433,-0.167578125
0.6568088531494141,434,-0.33515625
0.658383846282959,435,-0.0515625
0.6599500179290771,436,0.0
0.6614508628845215,437,-0.02578125
0.6629829406738281,438,-0.15468749999999998
0.6649010181427002,439,-0.12890625
0.667280912399292,440,-0.992578125
0.6689529418945312,441,-0.02578125
0.6704778671264648,442,-0.103125
0.6724288463592529,443,-0.167578125
0.6741979122161865,444,-0.28359375
