time,count,voltage
0.005407810211181641,1,-0.02578125
0.006997823715209961,2,-0.193359375
0.008544921875,3,-0.20625
0.009991884231567383,4,-0.012890625
0.011375904083251953,5,0.012890625
0.01287078857421875,6,-0.038671874999999994
0.014246940612792969,7,-0.20625
0.01559591293334961,8,-0.322265625
0.016945838928222656,9,-0.9152343749999999
0.026590824127197266,10,-1.65
0.02847886085510254,11,0.012890625
0.029971837997436523,12,0.0
0.03134298324584961,13,-0.29648437499999997
0.03274798393249512,14,-0.29648437499999997
0.03412985801696777,15,-1.147265625
0.05311894416809082,16,0.0
0.055072784423828125,17,0.0
0.056802988052368164,18,-0.30937499999999996
0.0583348274230957,19,-0.399609375
0.05993390083312988,20,-0.09023437499999999
0.06146097183227539,21,0.012890625
0.06314301490783691,22,-0.012890625
0.06482696533203125,23,-0.23203125
0.07376289367675781,24,-0.33515625
0.07554101943969727,25,-0.6703125
0.07722783088684082,26,-0.064453125
0.07866191864013672,27,0.0
0.08005094528198242,28,-0.012890625
0.08138895034790039,29,-0.2578125
0.08350086212158203,30,-0.399609375
0.08534979820251465,31,-1.46953125
0.08681893348693848,32,-0.02578125
0.08831286430358887,33,-0.103125
0.08984494209289551,34,-0.270703125
0.09124279022216797,35,-0.399609375
0.09284782409667969,36,-0.30937499999999996
0.0951387882232666,37,0.0
0.09721779823303223,38,-0.012890625
0.09867095947265625,39,-0.2578125
0.10070085525512695,40,-0.7218749999999999
0.10250091552734375,41,-1.65
0.1037600040435791,42,-0.012890625
0.10491085052490234,43,-0.09023437499999999
0.1060328483581543,44,-0.15468749999999998
0.10724091529846191,45,-0.103125
0.10839390754699707,46,-0.270703125
0.10955381393432617,47,-0.12890625
0.11069989204406738,48,0.0
0.11182785034179688,49,0.0
0.11294794082641602,50,-0.02578125
0.11412787437438965,51,-0.270703125
0.11552882194519043,52,-0.36093749999999997
0.11701488494873047,53,-0.889453125
0.11856889724731445,54,-1.65
0.12005186080932617,55,0.0
0.12136101722717285,56,-0.012890625
0.12283182144165039,57,-0.4125
0.12459182739257812,58,-0.167578125
0.12700390815734863,59,-0.29648437499999997
0.12849688529968262,60,0.012890625
0.13010191917419434,61,-0.012890625
0.1320629119873047,62,-0.322265625
0.133544921875,63,-0.631640625
0.13478493690490723,64,-1.5984375
0.13593792915344238,65,0.0
0.13712596893310547,66,-0.064453125
0.13858580589294434,67,-0.0515625
0.14017987251281738,68,-0.270703125
0.14185380935668945,69,-0.23203125
0.14341187477111816,70,0.02578125
0.14508485794067383,71,0.012890625
0.1466538906097412,72,-0.02578125
0.1481029987335205,73,-0.29648437499999997
0.14970088005065918,74,-0.4125
0.15115880966186523,75,-1.2890625
0.1525869369506836,76,0.0
0.15402698516845703,77,-0.064453125
0.15616989135742188,78,-0.141796875
0.15829896926879883,79,-0.24492187499999998
0.15982985496520996,80,0.07734374999999999
0.16130995750427246,81,0.0
0.1632978916168213,82,-0.012890625
0.16501879692077637,83,-0.20625
0.16632986068725586,84,-0.502734375
0.16750288009643555,85,-1.340625
0.16863584518432617,86,-0.02578125
0.1697537899017334,87,-0.02578125
0.17095398902893066,88,-0.064453125
0.17220497131347656,89,-0.23203125
0.17336678504943848,90,-0.193359375
0.17457079887390137,91,-0.38671875
0.17597484588623047,92,-0.33515625
0.17745089530944824,93,0.0
0.17901182174682617,94,-0.012890625
0.18051981925964355,95,-0.02578125
0.18192195892333984,96,-0.29648437499999997
0.18346381187438965,97,-0.6703125
0.18528199195861816,98,-1.533984375
0.18759679794311523,99,0.0
0.18915581703186035,100,-0.21914062499999998
0.1905670166015625,101,-0.103125
0.19240093231201172,102,-0.322265625
0.1942579746246338,103,0.064453125
0.1956338882446289,104,-0.012890625
0.19682788848876953,105,-0.0515625
0.19795989990234375,106,-0.37382812499999996
0.19909882545471191,107,-0.399609375
0.20020580291748047,108,-1.10859375
0.20130586624145508,109,-1.65
0.2024219036102295,110,0.0
0.20352387428283691,111,-0.064453125
0.20472288131713867,112,-0.012890625
0.20612597465515137,113,-0.476953125
0.2075939178466797,114,-0.02578125
0.20917701721191406,115,-0.141796875
0.21081280708312988,116,0.012890625
0.21236681938171387,117,0.0
0.21380901336669922,118,-0.038671874999999994
0.21603798866271973,119,-0.37382812499999996
0.2179889678955078,120,-0.7863281249999999
0.21938800811767578,121,0.0
0.22121381759643555,122,0.0
0.22315192222595215,123,-0.21914062499999998
0.22450590133666992,124,-0.29648437499999997
0.22571396827697754,125,-0.20625
0.22687292098999023,126,0.012890625
0.228010892868042,127,-0.012890625
0.22912979125976562,128,-0.09023437499999999
0.23024797439575195,129,-0.12890625
0.23134994506835938,130,-0.4125
0.23247885704040527,131,-0.5285156249999999
0.23358798027038574,132,-1.1859374999999999
0.23477792739868164,133,-1.65
0.23618698120117188,134,0.0
0.2376418113708496,135,-0.167578125
0.2391519546508789,136,-0.2578125
0.24071097373962402,137,-0.2578125
0.24211788177490234,138,-0.42539062499999997
0.24360394477844238,139,-0.012890625
0.2453148365020752,140,0.012890625
0.2477118968963623,141,-0.02578125
0.24924492835998535,142,-0.29648437499999997
0.2508678436279297,143,-1.018359375
0.25278687477111816,144,-0.54140625
0.25440096855163574,145,-0.07734374999999999
0.255687952041626,146,-0.24492187499999998
0.2568519115447998,147,-0.103125
0.2579779624938965,148,-0.43828124999999996
0.2591099739074707,149,-0.33515625
0.2602198123931885,150,0.0
0.2613229751586914,151,0.012890625
0.26245784759521484,152,-0.038671874999999994
0.26357293128967285,153,-0.12890625
0.26473283767700195,154,-0.36093749999999997
0.2661709785461426,155,-0.502734375
0.2676529884338379,156,-1.276171875
0.26914381980895996,157,0.0
0.27073001861572266,158,-0.064453125
0.2722198963165283,159,-0.193359375
0.2736549377441406,160,-0.064453125
0.2752869129180908,161,-0.322265625
0.2777068614959717,162,-0.116015625
0.27927279472351074,163,0.0
0.28078699111938477,164,-0.15468749999999998
0.28279781341552734,165,-0.33515625
0.28438282012939453,166,-1.069921875
0.2856588363647461,167,-0.09023437499999999
0.2868328094482422,168,-0.012890625
0.28795599937438965,169,0.0
0.28907179832458496,170,-0.4640625
0.2901759147644043,171,-0.103125
0.29128384590148926,172,-0.4640625
0.2924079895019531,173,-0.37382812499999996
0.29354095458984375,174,0.012890625
0.2947268486022949,175,0.0
0.2961118221282959,176,-0.012890625
0.2975308895111084,177,-0.20625
0.29905080795288086,178,-0.4125
0.3005859851837158,179,-0.992578125
0.30202388763427734,180,-1.16015625
0.3034958839416504,181,-0.012890625
0.30487895011901855,182,-0.0515625
0.30719900131225586,183,-0.4125
0.3091449737548828,184,-0.30937499999999996
0.3105897903442383,185,0.038671874999999994
0.3121678829193115,186,0.0
0.31408095359802246,187,-0.012890625
0.31563901901245117,188,-0.322265625
0.31691479682922363,189,-0.9152343749999999
0.31809282302856445,190,-1.65
0.3192329406738281,191,0.0
0.32035088539123535,192,-0.141796875
0.32146382331848145,193,-0.064453125
0.32270288467407227,194,-0.29648437499999997
0.32383084297180176,195,-0.09023437499999999
0.32503390312194824,196,-0.4125
0.32644081115722656,197,-0.18046874999999998
0.32790589332580566,198,0.0
0.3293797969818115,199,-0.012890625
0.33093690872192383,200,-0.12890625
0.33249783515930176,201,-0.348046875
0.33399200439453125,202,-1.03125
0.33536791801452637,203,-0.708984375
0.33741283416748047,204,0.0
0.3395519256591797,205,-0.103125
0.34105896949768066,206,-0.103125
0.3425729274749756,207,-0.09023437499999999
0.34450578689575195,208,0.0
0.3462638854980469,209,-0.012890625
0.3475799560546875,210,-0.20625
0.3487739562988281,211,-0.30937499999999996
0.3499128818511963,212,-0.9152343749999999
0.35103392601013184,213,-1.5597656249999998
0.3522357940673828,214,0.0
0.353348970413208,215,-0.0515625
0.3544478416442871,216,-0.18046874999999998
0.35566282272338867,217,-0.37382812499999996
0.3570868968963623,218,-0.116015625
0.3585548400878906,219,-0.43828124999999996
0.36011195182800293,220,-0.09023437499999999
0.36170387268066406,221,0.0
0.3631308078765869,222,-0.064453125
0.3651609420776367,223,-0.29648437499999997
0.3675858974456787,224,-0.605859375
0.3693850040435791,225,-1.65
0.3707859516143799,226,-0.12890625
0.3727688789367676,227,-0.2578125
0.3745918273925781,228,-0.15468749999999998
0.3760190010070801,229,0.0
0.37719202041625977,230,0.0
0.3783078193664551,231,0.0
0.37956690788269043,232,-0.02578125
0.380767822265625,233,-0.270703125
0.3819868564605713,234,-0.43828124999999996
0.3831977844238281,235,-0.863671875
0.38448500633239746,236,-1.585546875
0.3903169631958008,237,0.0
0.39295387268066406,238,-0.02578125
0.39441895484924316,239,0.0
0.3958718776702881,240,-0.012890625
0.3972339630126953,241,-0.09023437499999999
0.39941978454589844,242,-0.399609375
0.4014139175415039,243,-0.90234375
0.4029519557952881,244,0.0
0.4044768810272217,245,-0.20625
0.40644001960754395,246,-0.23203125
0.40816378593444824,247,-0.0515625
0.40945982933044434,248,0.15468749999999998
0.41065096855163574,249,0.0
0.4118659496307373,250,0.0
0.41301584243774414,251,-0.012890625
0.4141378402709961,252,-0.2578125
0.41524600982666016,253,-0.4125
0.4163529872894287,254,-0.8765624999999999
0.41756391525268555,255,-1.4953124999999998
0.41898083686828613,256,0.0
0.42043495178222656,257,-0.0515625
0.4219999313354492,258,-0.0515625
0.4235517978668213,259,-0.20625
0.4249739646911621,260,-0.2578125
0.426393985748291,261,-0.0515625
0.4277839660644531,262,0.0
0.42961883544921875,263,-0.02578125
0.43204689025878906,264,-0.116015625
0.43365979194641113,265,-0.476953125
0.4350550174713135,266,-1.611328125
0.43685078620910645,267,0.0
0.43875789642333984,268,-0.193359375
0.4401438236236572,269,-0.09023437499999999
0.44133591651916504,270,-0.38671875
0.4425058364868164,271,-0.2578125
0.4436628818511963,272,0.012890625
0.4448058605194092,273,-0.012890625
0.4459228515625,274,-0.038671874999999994
0.44702601432800293,275,-0.20625
0.448199987411499,276,-0.37382812499999996
0.4496169090270996,277,-0.580078125
0.45107197761535645,278,-1.3792968749999999
0.4526197910308838,279,0.0
0.45418787002563477,280,-0.0515625
0.4556279182434082,281,-0.23203125
0.4570739269256592,282,-0.02578125
0.4584619998931885,283,-0.36093749999999997
0.4606180191040039,284,-0.0515625
0.4627878665924072,285,0.012890625
0.46424388885498047,286,-0.15468749999999998
0.46572089195251465,287,-0.348046875
0.46766185760498047,288,-0.928125
0.4693880081176758,289,0.0
0.47068285942077637,290,-0.064453125
0.4718799591064453,291,-0.20625
0.4730188846588135,292,-0.24492187499999998
0.4741349220275879,293,-0.30937499999999996
0.4752500057220459,294,-0.33515625
0.4763679504394531,295,-0.12890625
0.4774909019470215,296,0.012890625
0.47870683670043945,297,0.0
0.4800748825073242,298,-0.012890625
0.4814918041229248,299,-0.36093749999999997
0.4830608367919922,300,-0.502734375
0.4846529960632324,301,-1.353515625
0.4861328601837158,302,0.0
0.4875359535217285,303,-0.09023437499999999
0.4889259338378906,304,-0.20625
0.491163969039917,305,-0.167578125
0.493182897567749,306,-0.33515625
0.4946329593658447,307,0.0
0.4961588382720947,308,-0.02578125
0.4980788230895996,309,-0.141796875
0.4997079372406006,310,-0.30937499999999996
0.5009968280792236,311,-1.2890625
0.502281904220581,312,0.0
0.5034468173980713,313,0.0
0.5045650005340576,314,-0.012890625
0.5056719779968262,315,-0.270703125
0.5067758560180664,316,-0.141796875
0.5079078674316406,317,-0.4125
0.5091009140014648,318,-0.322265625
0.5105428695678711,319,0.0
0.5120139122009277,320,0.012890625
0.5134508609771729,321,-0.012890625
0.5150399208068848,322,-0.28359375
0.5164909362792969,323,-0.54140625
0.5178618431091309,324,-1.4308593749999998
0.5195930004119873,325,0.0
0.52205491065979,326,-0.103125
0.5235908031463623,327,-0.270703125
0.5250058174133301,328,-0.270703125
0.5268449783325195,329,-0.103125
0.528688907623291,330,0.012890625
0.5300319194793701,331,-0.012890625
0.53118896484375,332,-0.322265625
0.5323739051818848,333,-0.30937499999999996
0.5335268974304199,334,-1.044140625
0.5346508026123047,335,-1.65
0.535761833190918,336,0.0
0.5368537902832031,337,0.0
0.5379428863525391,338,0.0
0.5391077995300293,339,-0.38671875
0.5405089855194092,340,-0.103125
0.5420229434967041,341,-0.33515625
0.543524980545044,342,-0.012890625
0.5450849533081055,343,0.0
0.546461820602417,344,-0.012890625
0.5478348731994629,345,-0.30937499999999996
0.5495758056640625,346,-0.30937499999999996
0.5519728660583496,347,-1.0570312499999999
0.55348801612854,348,0.0
0.5549328327178955,349,-0.064453125
0.5568399429321289,350,-0.38671875
0.5586810111999512,351,-0.33515625
0.5600309371948242,352,0.15468749999999998
0.5612368583679199,353,0.012890625
0.5623908042907715,354,-0.012890625
0.563513994216919,355,-0.103125
0.5646219253540039,356,-0.4125
0.5657308101654053,357,-0.502734375
0.5668308734893799,358,-1.147265625
0.5679259300231934,359,-1.65
0.5690958499908447,360,0.0
0.5704829692840576,361,-0.02578125
0.5720019340515137,362,-0.012890625
0.5734739303588867,363,0.0
0.5750179290771484,364,-0.23203125
0.5764458179473877,365,0.012890625
0.5779697895050049,366,-0.012890625
0.5793478488922119,367,-0.012890625
0.5814468860626221,368,-0.167578125
0.5835959911346436,369,-0.322265625
0.5850589275360107,370,-1.4953124999999998
0.58660888671875,371,0.0
0.5885748863220215,372,-0.23203125
0.5902369022369385,373,-0.2578125
0.5915207862854004,374,-0.12890625
0.5927798748016357,375,-0.02578125
0.593944787979126,376,0.012890625
0.5950608253479004,377,-0.012890625
0.5961699485778809,378,0.0
0.597282886505127,379,-0.23203125
0.5983870029449463,380,-0.33515625
0.5995678901672363,381,-0.7476562499999999
0.6009728908538818,382,-1.3921875
0.6025018692016602,383,0.0
0.6039979457855225,384,0.0
0.6055908203125,385,-0.193359375
0.6070828437805176,386,-0.20625
0.6084938049316406,387,-0.30937499999999996
0.6098599433898926,388,-0.0515625
0.6121928691864014,389,0.012890625
0.6141178607940674,390,-0.012890625
0.6155538558959961,391,-0.103125
0.617081880569458,392,-0.79921875
0.6190598011016846,393,-1.5984375
0.6206998825073242,394,-0.064453125
0.6220059394836426,395,-0.20625
0.6231739521026611,396,-0.167578125
0.6243119239807129,397,-0.30937499999999996
0.6254339218139648,398,-0.2578125
0.6265637874603271,399,-0.0515625
0.6276648044586182,400,-0.012890625
0.628774881362915,401,-0.012890625
0.6300508975982666,402,-0.0515625
0.6314578056335449,403,-0.322265625
0.6329998970031738,404,-0.399609375
0.6344850063323975,405,-1.340625
0.6360909938812256,406,0.0
0.637578010559082,407,-0.116015625
0.638995885848999,408,-0.24492187499999998
0.6404578685760498,409,-0.20625
0.6427688598632812,410,-0.399609375
0.6448409557342529,411,0.012890625
0.6463358402252197,412,-0.012890625
0.6477499008178711,413,-0.270703125
0.6496429443359375,414,-0.36093749999999997
0.6515398025512695,415,-1.198828125
0.6529808044433594,416,0.0
0.6541588306427002,417,-0.116015625
0.6553058624267578,418,-0.270703125
0.656423807144165,419,-0.103125
0.6575338840484619,420,-0.33515625
0.6586318016052246,421,-0.348046875
0.6597578525543213,422,-0.12890625
0.6609539985656738,423,0.0
0.6624138355255127,424,-0.012890625
0.663862943649292,425,-0.07734374999999999
0.665369987487793,426,-0.36093749999999997
0.666935920715332,427,-0.79921875
0.6683897972106934,428,-1.65
0.6698799133300781,429,0.0
0.6712520122528076,430,-0.103125
0.6734838485717773,431,-0.322265625
0.6755177974700928,432,-0.270703125
0.6770119667053223,433,0.30937499999999996
0.6785948276519775,434,0.012890625
0.6805088520050049,435,-0.012890625
0.6821060180664062,436,-0.167578125
0.683384895324707,437,-0.7863281249999999
0.6845729351043701,438,-1.5597656249999998
0.6857199668884277,439,0.0
0.6868829727172852,440,-0.02578125
0.6880578994750977,441,-0.0515625
0.6891889572143555,442,-0.2578125
0.6902999877929688,443,-0.12890625
0.6914949417114258,444,-0.348046875
0.6929678916931152,445,-0.23203125
0.6944289207458496,446,0.012890625
0.695936918258667,447,-0.012890625
0.6974968910217285,448,-0.103125
0.6988518238067627,449,-0.21914062499999998
0.7003178596496582,450,-0.90234375
0.7021739482879639,451,-1.65
