time,count,voltage
0.004431962966918945,1,-0.36093749999999997
0.0058138370513916016,2,-0.167578125
0.007002830505371094,3,-0.012890625
0.008142948150634766,4,-0.038671874999999994
0.009265899658203125,5,-0.103125
0.010402917861938477,6,-0.322265625
0.01152491569519043,7,-0.36093749999999997
0.012835979461669922,8,-1.018359375
0.014307022094726562,9,-1.585546875
0.015758991241455078,10,-0.012890625
0.017105817794799805,11,-0.18046874999999998
0.01849198341369629,12,-0.30937499999999996
0.01975393295288086,13,-0.09023437499999999
0.020936965942382812,14,-0.33515625
0.022075891494750977,15,-0.23203125
0.023193836212158203,16,0.012890625
0.024309873580932617,17,-0.012890625
0.025409936904907227,18,-0.064453125
0.02650284767150879,19,-0.28359375
0.027598857879638672,20,-0.33515625
0.028834819793701172,21,-0.708984375
0.030347824096679688,22,-1.340625
0.03179287910461426,23,-0.07734374999999999
0.033308982849121094,24,-0.09023437499999999
0.034761905670166016,25,-0.21914062499999998
0.036125898361206055,26,-0.116015625
0.03756999969482422,27,-0.451171875
0.038971900939941406,28,-0.23203125
0.04080390930175781,29,0.012890625
0.04321694374084473,30,-0.02578125
0.044693946838378906,31,-0.2578125
0.046360015869140625,32,-0.79921875
0.048401832580566406,33,-1.546875
0.04976081848144531,34,-0.0515625
0.050933837890625,35,-0.20625
0.05208182334899902,36,-0.23203125
0.053225040435791016,37,-0.28359375
0.054344892501831055,38,-0.4125
0.05544900894165039,39,-0.2578125
0.05654501914978027,40,0.012890625
0.05764293670654297,41,-0.012890625
0.058732032775878906,42,-0.012890625
0.05983781814575195,43,-0.270703125
0.06093883514404297,44,-0.37382812499999996
0.06204485893249512,45,-0.734765625
0.063140869140625,46,-1.340625
0.06422996520996094,47,-1.095703125
0.06531786918640137,48,-0.09023437499999999
0.0664069652557373,49,-0.2578125
0.06749081611633301,50,-0.20625
0.06858086585998535,51,-0.12890625
0.06968498229980469,52,-0.116015625
0.07078695297241211,53,-0.33515625
0.07187390327453613,54,-0.270703125
0.07295799255371094,55,0.0
0.07403898239135742,56,0.012890625
0.0751190185546875,57,-0.02578125
0.07620596885681152,58,-0.20625
0.07730388641357422,59,-0.36093749999999997
0.07850790023803711,60,-0.5285156249999999
0.07978987693786621,61,-1.198828125
0.08122897148132324,62,-1.65
0.08264994621276855,63,-0.103125
0.08418703079223633,64,0.0
0.08561396598815918,65,-0.24492187499999998
0.08720993995666504,66,-0.348046875
0.08876299858093262,67,-0.2578125
0.09117889404296875,68,0.0
0.09311985969543457,69,-0.02578125
0.09455394744873047,70,-0.20625
0.09643793106079102,71,-0.7476562499999999
0.09822583198547363,72,-1.5726562499999999
0.09975886344909668,73,-0.103125
0.10104203224182129,74,-0.21914062499999998
0.10222291946411133,75,-0.167578125
0.10335803031921387,76,-0.36093749999999997
0.1044769287109375,77,-0.399609375
0.10557985305786133,78,-0.2578125
0.10667204856872559,79,0.0
0.10776185989379883,80,-0.012890625
0.10895299911499023,81,-0.0515625
0.11040091514587402,82,-0.36093749999999997
0.11188697814941406,83,-0.23203125
0.11341595649719238,84,-1.095703125
0.11490297317504883,85,-0.8121093749999999
0.11627602577209473,86,-0.09023437499999999
0.11769795417785645,87,-0.09023437499999999
0.11959695816040039,88,-0.20625
0.12201690673828125,89,-0.36093749999999997
0.1235818862915039,90,-0.012890625
0.12497496604919434,91,-0.012890625
0.12682890892028809,92,-0.12890625
0.12868285179138184,93,-0.29648437499999997
0.13014984130859375,94,-1.095703125
0.13133788108825684,95,-0.0515625
0.13248395919799805,96,-0.12890625
0.13360881805419922,97,-0.167578125
0.13472795486450195,98,-0.30937499999999996
0.13584399223327637,99,-0.15468749999999998
0.13695597648620605,100,-0.4125
0.13805484771728516,101,-0.4125
0.13923192024230957,102,-0.193359375
0.14063096046447754,103,0.012890625
0.1421048641204834,104,-0.02578125
0.14359283447265625,105,-0.23203125
0.14513397216796875,106,-0.322265625
0.14649081230163574,107,-1.0570312499999999
0.14777803421020508,108,-1.65
0.14930081367492676,109,-0.167578125
0.1518850326538086,110,-0.02578125
0.1535799503326416,111,-0.141796875
0.15499091148376465,112,-0.12890625
0.15671992301940918,113,0.038671874999999994
0.15863299369812012,114,-0.012890625
0.16028499603271484,115,-0.116015625
0.16154694557189941,116,-0.193359375
0.1627039909362793,117,-0.928125
0.1638338565826416,118,-1.5597656249999998
0.1649630069732666,119,-0.038671874999999994
0.1660768985748291,120,-0.21914062499999998
0.1671898365020752,121,-0.12890625
0.16829299926757812,122,-0.2578125
0.16947484016418457,123,-0.064453125
0.1709449291229248,124,-0.38671875
0.17241787910461426,125,-0.20625
0.17386889457702637,126,0.0
0.17540192604064941,127,-0.0515625
0.17679286003112793,128,-0.2578125
0.1782078742980957,129,-0.21914062499999998
0.1796579360961914,130,-0.9410156249999999
0.18176889419555664,131,-1.65
0.18393898010253906,132,-0.07734374999999999
0.18548583984375,133,-0.23203125
0.18692302703857422,134,-0.322265625
0.18881797790527344,135,-0.29648437499999997
0.19065499305725098,136,0.0
0.19199204444885254,137,-0.0515625
0.19315791130065918,138,-0.2578125
0.19428300857543945,139,-0.28359375
0.19539403915405273,140,-0.7476562499999999
0.19652390480041504,141,-1.3664062499999998
0.19764304161071777,142,-0.30937499999999996
0.19876885414123535,143,-0.02578125
0.1999659538269043,144,-0.20625
0.20137786865234375,145,-0.29648437499999997
0.20282983779907227,146,-0.02578125
0.20434999465942383,147,-0.37382812499999996
0.2059028148651123,148,-0.167578125
0.20735383033752441,149,0.0
0.20876288414001465,150,-0.038671874999999994
0.21020984649658203,151,-0.270703125
0.21260786056518555,152,-0.2578125
0.21451401710510254,153,-1.198828125
0.21593284606933594,154,-0.12890625
0.21747589111328125,155,-0.064453125
0.21942496299743652,156,-0.33515625
0.22117185592651367,157,-0.24492187499999998
0.22248482704162598,158,0.103125
0.22365283966064453,159,0.0
0.22475981712341309,160,-0.02578125
0.22586584091186523,161,-0.103125
0.22696304321289062,162,-0.37382812499999996
0.22807097434997559,163,-0.399609375
0.22917795181274414,164,-1.03125
0.23038387298583984,165,-1.611328125
0.231781005859375,166,0.0
0.23321199417114258,167,-0.18046874999999998
0.23467302322387695,168,-0.23203125
0.23622488975524902,169,-0.064453125
0.23770904541015625,170,-0.4125
0.23916888236999512,171,-0.167578125
0.24061083793640137,172,0.0
0.24271297454833984,173,-0.02578125
0.24492692947387695,174,-0.23203125
0.25101590156555176,175,-0.7863281249999999
0.2528679370880127,176,-0.348046875
0.254382848739624,177,-0.21914062499999998
0.2556009292602539,178,-0.02578125
0.25679898262023926,179,0.0
0.2579329013824463,180,-0.02578125
0.2590370178222656,181,-0.09023437499999999
0.26022887229919434,182,-0.322265625
0.26146483421325684,183,-0.30937499999999996
0.26290082931518555,184,-0.992578125
0.26436281204223633,185,-1.65
0.2658710479736328,186,0.0
0.26737403869628906,187,-0.2578125
0.26880383491516113,188,-0.21914062499999998
0.2703838348388672,189,-0.37382812499999996
0.2723820209503174,190,-0.2578125
0.27470898628234863,191,0.0
0.2762260437011719,192,-0.02578125
0.2776658535003662,193,-0.21914062499999998
0.27966904640197754,194,-0.580078125
0.28151702880859375,195,-1.533984375
0.28282690048217773,196,-0.09023437499999999
0.28405284881591797,197,-0.12890625
0.28521299362182617,198,-0.20625
0.2863478660583496,199,-0.064453125
0.2874610424041748,200,-0.29648437499999997
0.28856587409973145,201,-0.20625
0.28974390029907227,202,0.012890625
0.29087281227111816,203,-0.012890625
0.2920668125152588,204,-0.02578125
0.2934749126434326,205,-0.322265625
0.29494500160217285,206,-0.270703125
0.2964940071105957,207,-0.992578125
0.2980530261993408,208,-1.65
0.29946184158325195,209,-0.12890625
0.3010249137878418,210,0.0
0.3033778667449951,211,-0.21914062499999998
0.30548882484436035,212,-0.0515625
0.3069469928741455,213,0.012890625
0.30892181396484375,214,-0.02578125
0.31069302558898926,215,-0.23203125
0.3119809627532959,216,-0.42539062499999997
0.3137228488922119,217,-1.2374999999999998
0.31493282318115234,218,0.0
0.316072940826416,219,-0.116015625
0.3172030448913574,220,-0.012890625
0.3183279037475586,221,-0.270703125
0.3194429874420166,222,-0.141796875
0.3206369876861572,223,-0.4125
0.32175302505493164,224,-0.29648437499999997
0.3229520320892334,225,0.012890625
0.32436585426330566,226,0.0
0.3258488178253174,227,-0.0515625
0.327394962310791,228,-0.270703125
0.3289458751678467,229,-0.43828124999999996
0.3304929733276367,230,-1.327734375
0.33187103271484375,231,0.0
0.3334178924560547,232,-0.23203125
0.3359639644622803,233,-0.2578125
0.33751702308654785,234,-0.2578125
0.3390820026397705,235,-0.012890625
0.34119200706481934,236,0.012890625
0.3428058624267578,237,-0.012890625
0.34407687187194824,238,-0.193359375
0.34525585174560547,239,-1.044140625
0.34638094902038574,240,-1.5984375
0.3474998474121094,241,0.0
0.34861183166503906,242,0.0
0.3497629165649414,243,-0.23203125
0.35088396072387695,244,-0.23203125
0.3519909381866455,245,-0.116015625
0.3531808853149414,246,-0.33515625
0.3546018600463867,247,-0.4125
0.3561098575592041,248,-0.167578125
0.3576200008392334,249,0.0
0.35919785499572754,250,-0.0515625
0.3606998920440674,251,-0.30937499999999996
0.3621189594268799,252,-0.43828124999999996
0.36397504806518555,253,-1.2890625
0.36632490158081055,254,-0.02578125
0.36777591705322266,255,-0.116015625
0.3695549964904785,256,-0.12890625
0.37158203125,257,-0.167578125
0.3730199337005615,258,0.24492187499999998
0.37422895431518555,259,-0.4125
0.37537193298339844,260,-0.21914062499999998
0.3765130043029785,261,-0.515625
0.3776278495788574,262,-0.515625
0.3787379264831543,263,-0.928125
0.37987804412841797,264,-1.5082031249999999
0.3810408115386963,265,-0.23203125
0.38216686248779297,266,-0.0515625
0.38335299491882324,267,-0.20625
0.3847808837890625,268,-0.322265625
0.38625097274780273,269,-0.12890625
0.38779592514038086,270,-0.36093749999999997
0.38938188552856445,271,-0.116015625
0.39094996452331543,272,-0.012890625
0.3923478126525879,273,-0.0515625
0.394467830657959,274,-0.322265625
0.39660000801086426,275,-0.992578125
0.3980410099029541,276,0.0
0.39978790283203125,277,-0.09023437499999999
0.40175604820251465,278,-0.064453125
0.4031820297241211,279,-0.141796875
0.404404878616333,280,-0.23203125
0.4055979251861572,281,-0.103125
0.40674591064453125,282,0.012890625
0.407869815826416,283,-0.012890625
0.4089839458465576,284,-0.0515625
0.41018104553222656,285,-0.322265625
0.4112968444824219,286,-0.322265625
0.4124259948730469,287,-0.9796874999999999
0.41365504264831543,288,-1.5597656249999998
0.4150688648223877,289,0.0
0.4165158271789551,290,-0.193359375
0.41807985305786133,291,-0.21914062499999998
0.4196789264678955,292,-0.0515625
0.42116284370422363,293,-0.348046875
0.4226229190826416,294,-0.103125
0.42478299140930176,295,-0.012890625
0.4269130229949951,296,-0.0515625
0.4283280372619629,297,-0.12890625
0.43007397651672363,298,-0.9796874999999999
0.4320700168609619,299,-0.54140625
0.4335038661956787,300,-0.193359375
0.43471384048461914,301,-0.20625
0.43586301803588867,302,-0.103125
0.4370298385620117,303,-0.4125
0.43816685676574707,304,-0.37382812499999996
0.4393138885498047,305,-0.012890625
0.4405479431152344,306,-0.012890625
0.44170093536376953,307,-0.02578125
0.4428129196166992,308,-0.322265625
0.44400596618652344,309,-0.6703125
0.4454329013824463,310,-1.0828125
0.44690394401550293,311,-1.26328125
0.4484388828277588,312,0.0
0.44995784759521484,313,-0.09023437499999999
0.45136594772338867,314,-0.2578125
0.4527628421783447,315,-0.064453125
0.45412683486938477,316,-0.37382812499999996
0.45629286766052246,317,-0.21914062499999998
0.45847582817077637,318,-0.012890625
0.4599919319152832,319,-0.167578125
0.46149182319641113,320,-0.23203125
0.46344685554504395,321,-0.889453125
0.46524500846862793,322,-0.322265625
0.4665498733520508,323,-0.193359375
0.46772098541259766,324,-0.270703125
0.4688708782196045,325,-0.09023437499999999
0.4701218605041504,326,-0.29648437499999997
0.471268892288208,327,-0.322265625
0.4724099636077881,328,-0.103125
0.4735219478607178,329,0.012890625
0.4747159481048584,330,-0.038671874999999994
0.4761519432067871,331,-0.103125
0.4776308536529541,332,-0.37382812499999996
0.4791710376739502,333,-0.69609375
0.48078489303588867,334,-1.5082031249999999
0.48216795921325684,335,-0.07734374999999999
0.48351192474365234,336,-0.116015625
0.48545289039611816,337,-0.2578125
0.48778700828552246,338,-0.167578125
0.4892408847808838,339,0.28359375
0.49105191230773926,340,-0.012890625
0.49340391159057617,341,-0.02578125
0.4954719543457031,342,-0.20625
0.4970388412475586,343,-1.147265625
0.49845004081726074,344,0.012890625
0.49984097480773926,345,-0.167578125
0.5012500286102295,346,-0.24492187499999998
0.5026609897613525,347,-0.167578125
0.5040688514709473,348,-0.4125
0.505558967590332,349,-0.2578125
0.5072238445281982,350,0.0
0.5089328289031982,351,-0.012890625
0.5107250213623047,352,-0.24492187499999998
0.5125529766082764,353,-0.42539062499999997
0.5141189098358154,354,-1.4437499999999999
0.5157020092010498,355,-0.012890625
0.5172820091247559,356,-0.193359375
0.5202138423919678,357,-0.23203125
0.5224878787994385,358,0.012890625
0.5241940021514893,359,0.0
0.525972843170166,360,-0.02578125
0.5281598567962646,361,-0.29648437499999997
0.5303869247436523,362,-0.708984375
0.5320279598236084,363,0.0
0.5334429740905762,364,-0.23203125
0.5348320007324219,365,-0.37382812499999996
0.5363519191741943,366,-0.167578125
0.538053035736084,367,-0.30937499999999996
0.5399258136749268,368,0.0
0.5417308807373047,369,0.0
0.5435469150543213,370,-0.15468749999999998
0.5452048778533936,371,-0.15468749999999998
0.5468289852142334,372,-1.069921875
0.5483288764953613,373,-0.02578125
0.5510938167572021,374,-0.167578125
0.5533859729766846,375,-0.23203125
0.5551869869232178,376,-0.21914062499999998
0.5569028854370117,377,0.012890625
0.5591259002685547,378,-0.02578125
0.5613899230957031,379,-0.2578125
0.5630698204040527,380,-0.6832031249999999
0.5645630359649658,381,-1.65
0.5660419464111328,382,-0.09023437499999999
0.5677189826965332,383,-0.07734374999999999
0.5694708824157715,384,-0.18046874999999998
0.571295976638794,385,-0.4125
0.5731828212738037,386,0.012890625
0.5748879909515381,387,-0.012890625
0.5765419006347656,388,-0.103125
0.578125,389,-0.2578125
0.581251859664917,390,-0.9152343749999999
0.5832908153533936,391,-0.0515625
0.5849609375,392,-0.23203125
0.5869688987731934,393,-0.20625
0.5893998146057129,394,-0.167578125
0.59139084815979,395,-0.012890625
0.5926840305328369,396,-0.103125
0.593829870223999,397,-0.2578125
0.5949440002441406,398,-0.515625
0.5961809158325195,399,-1.1859374999999999
0.5976309776306152,400,-1.65
0.5990679264068604,401,-0.103125
0.6006100177764893,402,-0.15468749999999998
0.6021108627319336,403,-0.28359375
0.6034529209136963,404,-0.36093749999999997
0.6048319339752197,405,-0.30937499999999996
0.6062178611755371,406,-1.198828125
0.6085610389709473,407,-0.631640625
0.6106548309326172,408,-0.4125
0.612123966217041,409,-0.64453125
0.6137518882751465,410,-1.456640625
0.6157779693603516,411,0.0
0.6172440052032471,412,-0.12890625
0.6184558868408203,413,-0.116015625
0.6196668148040771,414,-0.24492187499999998
0.6208188533782959,415,-0.37382812499999996
0.6219449043273926,416,-0.20625
0.623054027557373,417,0.0
0.624147891998291,418,-0.012890625
0.625248908996582,419,-0.02578125
0.6264379024505615,420,-0.33515625
0.6278400421142578,421,-0.322265625
0.6293318271636963,422,-0.889453125
0.6309609413146973,423,-1.65
0.6324429512023926,424,-0.0515625
0.6338198184967041,425,-0.0515625
0.6351790428161621,426,-0.30937499999999996
0.6369400024414062,427,-0.116015625
0.6394338607788086,428,-0.23203125
0.6410889625549316,429,0.0
0.6425578594207764,430,-0.0515625
0.6445260047912598,431,-0.33515625
0.646245002746582,432,-0.64453125
0.6475369930267334,433,-1.65
0.6487019062042236,434,-0.038671874999999994
0.6498489379882812,435,-0.23203125
0.6509709358215332,436,-0.29648437499999997
0.6520998477935791,437,-0.20625
