time,count,voltage
0.004230022430419922,1,-0.116015625
0.005487918853759766,2,-0.20625
0.006638050079345703,3,-0.23203125
0.007756948471069336,4,-0.15468749999999998
0.009023904800415039,5,-0.012890625
0.010154008865356445,6,-0.116015625
0.011363983154296875,7,-0.23203125
0.012678861618041992,8,-0.167578125
0.014150857925415039,9,-0.580078125
0.01559305191040039,10,-1.353515625
0.017015933990478516,11,-0.322265625
0.018393993377685547,12,-0.30937499999999996
0.019691944122314453,13,-0.28359375
0.020877838134765625,14,-0.12890625
0.02203083038330078,15,-0.4640625
0.023152828216552734,16,-0.42539062499999997
0.02427387237548828,17,-0.28359375
0.025380849838256836,18,-0.02578125
0.026474952697753906,19,-0.064453125
0.027575016021728516,20,-0.15468749999999998
0.028796911239624023,21,-0.29648437499999997
0.030208826065063477,22,-0.23203125
0.03165698051452637,23,-1.00546875
0.03309488296508789,24,-1.65
0.03461599349975586,25,-0.09023437499999999
0.03601884841918945,26,-0.18046874999999998
0.03741002082824707,27,-0.15468749999999998
0.03877902030944824,28,-0.30937499999999996
0.04017305374145508,29,-0.270703125
0.04262399673461914,30,-0.12890625
0.04437899589538574,31,-0.0515625
0.045755863189697266,32,-0.15468749999999998
0.04764699935913086,33,-0.29648437499999997
0.04954385757446289,34,-1.26328125
0.05083298683166504,35,-0.43828124999999996
0.052021026611328125,36,-0.0515625
0.05317187309265137,37,-0.23203125
0.05429387092590332,38,-0.07734374999999999
0.05540585517883301,39,-0.4640625
0.0565030574798584,40,-0.4640625
0.05759882926940918,41,-0.29648437499999997
0.05872392654418945,42,-0.02578125
0.05983090400695801,43,-0.064453125
0.060935020446777344,44,-0.116015625
0.0620419979095459,45,-0.270703125
0.06314396858215332,46,-0.2578125
0.06424498558044434,47,-0.928125
0.06534099578857422,48,-1.482421875
0.06642985343933105,49,-0.30937499999999996
0.0675199031829834,50,-0.23203125
0.06862497329711914,51,-0.012890625
0.06972384452819824,52,-0.21914062499999998
0.07083392143249512,53,-0.15468749999999998
0.07193589210510254,54,-0.4640625
0.07302689552307129,55,-0.515625
0.07412195205688477,56,-0.322265625
0.07521295547485352,57,-0.012890625
0.07636189460754395,58,-0.0515625
0.07751584053039551,59,-0.103125
0.07868790626525879,60,-0.21914062499999998
0.07992196083068848,61,-0.193359375
0.08118891716003418,62,-0.928125
0.08240795135498047,63,-1.52109375
0.0838170051574707,64,-0.23203125
0.08524394035339355,65,-0.33515625
0.08676791191101074,66,-0.167578125
0.08835601806640625,67,-0.064453125
0.08977293968200684,68,-0.23203125
0.09118485450744629,69,-0.064453125
0.09352397918701172,70,-0.02578125
0.09541082382202148,71,-0.07734374999999999
0.09677505493164062,72,-0.09023437499999999
0.09850502014160156,73,-0.889453125
0.10030603408813477,74,-1.65
0.10183095932006836,75,-0.18046874999999998
0.10329294204711914,76,-0.29648437499999997
0.10454988479614258,77,-0.116015625
0.1056969165802002,78,-0.36093749999999997
0.10681605339050293,79,-0.2578125
0.10800504684448242,80,-0.12890625
0.10916304588317871,81,-0.012890625
0.11035704612731934,82,-0.07734374999999999
0.11176896095275879,83,-0.2578125
0.1132049560546875,84,-0.07734374999999999
0.1147010326385498,85,-0.8121093749999999
0.11618685722351074,86,-1.5082031249999999
0.11759805679321289,87,-0.167578125
0.11905097961425781,88,-0.07734374999999999
0.12092089653015137,89,-0.20625
0.12321305274963379,90,-0.322265625
0.12463903427124023,91,0.21914062499999998
0.12625694274902344,92,-0.012890625
0.12828803062438965,93,-0.02578125
0.1297168731689453,94,-0.103125
0.13092684745788574,95,-0.734765625
0.13208603858947754,96,-1.4308593749999998
0.13323092460632324,97,-0.54140625
0.134354829788208,98,-0.12890625
0.1354658603668213,99,-0.0515625
0.13657188415527344,100,-0.193359375
0.13767004013061523,101,-0.09023437499999999
0.13879990577697754,102,-0.4125
0.1399078369140625,103,-0.4125
0.1411118507385254,104,-0.24492187499999998
0.1425168514251709,105,-0.02578125
0.1439838409423828,106,-0.07734374999999999
0.14547991752624512,107,-0.21914062499999998
0.1470508575439453,108,-0.12890625
0.14849400520324707,109,-0.992578125
0.14989399909973145,110,-1.65
0.15158605575561523,111,-0.23203125
0.15398883819580078,112,-0.193359375
0.15544795989990234,113,-0.36093749999999997
0.15706086158752441,114,-0.21914062499999998
0.1590719223022461,115,-0.0515625
0.1606149673461914,116,-0.0515625
0.16185402870178223,117,-0.167578125
0.16300201416015625,118,-0.064453125
0.16413402557373047,119,-0.7734375
0.16527199745178223,120,-1.3921875
0.16638803482055664,121,-0.515625
0.16748785972595215,122,-0.167578125
0.16861987113952637,123,-0.12890625
0.1697249412536621,124,-0.18046874999999998
0.17082786560058594,125,-0.103125
0.17200303077697754,126,-0.43828124999999996
0.17341995239257812,127,-0.451171875
0.1748659610748291,128,-0.23203125
0.17622685432434082,129,-0.012890625
0.17773890495300293,130,-0.038671874999999994
0.17935705184936523,131,-0.167578125
0.18073296546936035,132,-0.515625
0.18214797973632812,133,-1.2890625
0.18413782119750977,134,-0.33515625
0.18622303009033203,135,-0.30937499999999996
0.18771982192993164,136,-0.116015625
0.189255952835083,137,-0.399609375
0.1911170482635498,138,-0.29648437499999997
0.19290804862976074,139,-0.012890625
0.19421887397766113,140,-0.0515625
0.1953868865966797,141,-0.193359375
0.1965198516845703,142,-0.20625
0.19764995574951172,143,-0.9152343749999999
0.19877982139587402,144,-1.4953124999999998
0.19989585876464844,145,-0.23203125
0.20099782943725586,146,-0.193359375
0.20218396186828613,147,-0.038671874999999994
0.20358991622924805,148,-0.20625
0.20503902435302734,149,-0.0515625
0.2065138816833496,150,-0.193359375
0.20807695388793945,151,-0.0515625
0.20955204963684082,152,-0.038671874999999994
0.2109990119934082,153,-0.0515625
0.21233892440795898,154,-0.23203125
0.21460795402526855,155,-0.322265625
0.21657800674438477,156,-1.340625
0.21806788444519043,157,-0.167578125
0.2196969985961914,158,-0.167578125
0.2216019630432129,159,-0.116015625
0.22324085235595703,160,-0.33515625
0.2245030403137207,161,0.0
0.2256619930267334,162,-0.012890625
0.2267899513244629,163,-0.103125
0.22790193557739258,164,-0.193359375
0.22910785675048828,165,-0.23203125
0.23023486137390137,166,-0.5285156249999999
0.23135590553283691,167,-1.147265625
0.23255205154418945,168,-1.65
0.23392605781555176,169,-0.167578125
0.2353808879852295,170,-0.29648437499999997
0.23687386512756348,171,-0.21914062499999998
0.23843598365783691,172,-0.15468749999999998
0.23988699913024902,173,-0.21914062499999998
0.24133801460266113,174,-0.012890625
0.24269986152648926,175,-0.012890625
0.24483799934387207,176,-0.0515625
0.24698495864868164,177,-0.116015625
0.2485828399658203,178,-0.9152343749999999
0.25008702278137207,179,-1.65
0.251986026763916,180,-0.193359375
0.2536349296569824,181,-0.21914062499999998
0.25496482849121094,182,-0.2578125
0.2561469078063965,183,-0.322265625
0.2572758197784424,184,-0.21914062499999998
0.25847697257995605,185,0.0
0.25959300994873047,186,-0.09023437499999999
0.2607100009918213,187,-0.07734374999999999
0.26182985305786133,188,-0.23203125
0.263016939163208,189,-0.12890625
0.2644059658050537,190,-0.837890625
0.26584887504577637,191,-1.5082031249999999
0.2673490047454834,192,-0.24492187499999998
0.2689058780670166,193,-0.2578125
0.27034687995910645,194,-0.103125
0.2717709541320801,195,-0.24492187499999998
0.27312684059143066,196,-0.2578125
0.27543091773986816,197,-0.103125
0.27732205390930176,198,-0.02578125
0.2788100242614746,199,-0.193359375
0.2803168296813965,200,-0.193359375
0.2822299003601074,201,-1.018359375
0.28385400772094727,202,-1.4308593749999998
0.28519701957702637,203,-0.23203125
0.2863948345184326,204,-0.18046874999999998
0.28754401206970215,205,-0.103125
0.2887108325958252,206,-0.4640625
0.2898550033569336,207,-0.4125
0.290971040725708,208,-0.270703125
0.29207587242126465,209,-0.012890625
0.2932708263397217,210,-0.0515625
0.2946469783782959,211,-0.193359375
0.2960948944091797,212,-0.20625
0.2975800037384033,213,-0.6187499999999999
0.300076961517334,214,-1.405078125
0.3015890121459961,215,-0.103125
0.3030588626861572,216,-0.23203125
0.3052058219909668,217,-0.103125
0.3072500228881836,218,-0.322265625
0.30922794342041016,219,-0.012890625
0.3108940124511719,220,-0.064453125
0.3122689723968506,221,-0.20625
0.31389594078063965,222,-0.29648437499999997
0.3158290386199951,223,-1.095703125
0.31740689277648926,224,-0.193359375
0.3187129497528076,225,-0.167578125
0.31989002227783203,226,-0.193359375
0.3210279941558838,227,-0.15468749999999998
0.32213592529296875,228,-0.4125
0.32332491874694824,229,-0.37382812499999996
0.32472801208496094,230,-0.21914062499999998
0.32619190216064453,231,-0.012890625
0.32764387130737305,232,-0.0515625
0.329272985458374,233,-0.15468749999999998
0.330751895904541,234,-0.476953125
0.332165002822876,235,-1.276171875
0.3334848880767822,236,-0.2578125
0.3354959487915039,237,-0.29648437499999997
0.3376948833465576,238,-0.23203125
0.3393290042877197,239,-0.20625
0.3408479690551758,240,-0.012890625
0.3427119255065918,241,0.0
0.3444368839263916,242,-0.038671874999999994
0.345736026763916,243,-0.09023437499999999
0.34689903259277344,244,-0.4125
0.34812498092651367,245,-1.10859375
0.34935498237609863,246,-1.65
0.3504810333251953,247,-0.193359375
0.3515958786010742,248,-0.2578125
0.3527059555053711,249,-0.28359375
0.3539128303527832,250,-0.167578125
0.3553128242492676,251,-0.30937499999999996
0.35677385330200195,252,-0.30937499999999996
0.3582429885864258,253,-0.103125
0.35977602005004883,254,-0.012890625
0.36113786697387695,255,-0.09023437499999999
0.36247801780700684,256,-0.12890625
0.36409902572631836,257,-0.43828124999999996
0.36652302742004395,258,-1.1859374999999999
0.36812496185302734,259,-0.28359375
0.36962199211120605,260,-0.270703125
0.3715219497680664,261,-0.116015625
0.3732719421386719,262,-0.322265625
0.3745839595794678,263,0.038671874999999994
0.3757669925689697,264,-0.012890625
0.3769078254699707,265,-0.02578125
0.3780970573425293,266,-0.2578125
0.37922096252441406,267,-0.193359375
0.3803379535675049,268,-1.0570312499999999
0.3814530372619629,269,-1.2503906249999999
0.38257503509521484,270,-1.65
0.383774995803833,271,-0.2578125
0.38518190383911133,272,-0.20625
0.3866419792175293,273,-0.2578125
0.3881869316101074,274,-0.07734374999999999
0.3897268772125244,275,-0.30937499999999996
0.3911778926849365,276,-0.02578125
0.3925440311431885,277,-0.012890625
0.3939089775085449,278,-0.012890625
0.39609384536743164,279,-0.23203125
0.3981938362121582,280,-0.322265625
0.3996469974517822,281,-1.52109375
0.4011118412017822,282,-0.23203125
0.40300989151000977,283,-0.12890625
0.40468883514404297,284,-0.23203125
0.4059779644012451,285,-0.37382812499999996
0.4071500301361084,286,-0.21914062499999998
0.4083268642425537,287,0.012890625
0.4094548225402832,288,-0.02578125
0.41056299209594727,289,-0.064453125
0.4116659164428711,290,-0.23203125
0.41277599334716797,291,-0.116015625
0.41397786140441895,292,-0.734765625
0.41540002822875977,293,-1.353515625
0.41683387756347656,294,-0.33515625
0.4182908535003662,295,-0.29648437499999997
0.41982483863830566,296,-0.23203125
0.42128491401672363,297,-0.0515625
0.4227290153503418,298,-0.36093749999999997
0.42412590980529785,299,-0.167578125
0.42627787590026855,300,-0.012890625
0.4283878803253174,301,-0.02578125
0.4298830032348633,302,-0.012890625
0.431351900100708,303,-0.7863281249999999
0.43319201469421387,304,-1.4953124999999998
0.4349219799041748,305,-0.193359375
0.4362318515777588,306,-0.2578125
0.4374098777770996,307,-0.07734374999999999
0.4385850429534912,308,-0.4125
0.4397139549255371,309,-0.4125
0.4408249855041504,310,-0.270703125
0.4419209957122803,311,-0.012890625
0.44301795959472656,312,-0.103125
0.4441959857940674,313,-0.141796875
0.44558286666870117,314,-0.2578125
0.44703102111816406,315,-0.30937499999999996
0.4484889507293701,316,-1.147265625
0.4500088691711426,317,-1.4308593749999998
0.4514439105987549,318,-0.23203125
0.4528520107269287,319,-0.270703125
0.4542808532714844,320,-0.064453125
0.45652198791503906,321,-0.4125
0.45851683616638184,322,-0.09023437499999999
0.45996999740600586,323,-0.012890625
0.46147799491882324,324,-0.167578125
0.46337389945983887,325,-0.167578125
0.4650900363922119,326,-0.837890625
0.46637487411499023,327,-1.65
0.46752405166625977,328,-0.23203125
0.4686908721923828,329,-0.103125
0.46984100341796875,330,-0.07734374999999999
0.4709658622741699,331,-0.064453125
0.4720790386199951,332,-0.4125
0.47318100929260254,333,-0.38671875
0.474362850189209,334,-0.20625
0.4757518768310547,335,-0.012890625
0.47719788551330566,336,-0.0515625
0.4787478446960449,337,-0.2578125
0.4802858829498291,338,-0.12890625
0.4817228317260742,339,-0.992578125
0.48315882682800293,340,-1.65
0.484483003616333,341,-0.28359375
0.4867520332336426,342,-0.167578125
0.4888138771057129,343,-0.12890625
0.4903218746185303,344,-0.02578125
0.4919588565826416,345,0.0
0.4938240051269531,346,-0.0515625
0.4954829216003418,347,-0.167578125
0.4967670440673828,348,-0.20625
0.49797487258911133,349,-0.992578125
0.4991328716278076,350,-1.611328125
0.500262975692749,351,-0.20625
0.5013840198516846,352,-0.43828124999999996
0.5025370121002197,353,-0.20625
0.5036749839782715,354,-0.09023437499999999
0.5048830509185791,355,-0.37382812499999996
0.5062940120697021,356,-0.4640625
0.5077729225158691,357,-0.2578125
0.5093388557434082,358,-0.012890625
0.5108959674835205,359,-0.038671874999999994
0.5123679637908936,360,-0.12890625
0.5138108730316162,361,-0.322265625
0.5151388645172119,362,-1.16015625
0.517096996307373,363,-1.65
0.5193378925323486,364,-0.20625
0.5208549499511719,365,-0.07734374999999999
0.5222840309143066,366,-0.348046875
0.5241999626159668,367,-0.270703125
0.5259778499603271,368,0.012890625
0.5272958278656006,369,-0.0515625
0.528566837310791,370,-0.193359375
0.5297219753265381,371,-0.103125
0.5308339595794678,372,-0.8507812499999999
0.5319478511810303,373,-1.4437499999999999
0.5330588817596436,374,-0.6187499999999999
0.534160852432251,375,-0.20625
0.5353488922119141,376,-0.103125
0.5367460250854492,377,-0.2578125
0.538226842880249,378,-0.103125
0.539715051651001,379,-0.23203125
0.54121994972229,380,-0.07734374999999999
0.542618989944458,381,-0.012890625
0.543982982635498,382,-0.038671874999999994
0.5453829765319824,383,-0.24492187499999998
0.5475430488586426,384,-0.167578125
0.5497050285339355,385,-1.0828125
0.5511529445648193,386,-0.30937499999999996
0.5526199340820312,387,-0.20625
0.5545320510864258,388,-0.02578125
0.5562698841094971,389,-0.23203125
0.557560920715332,390,0.103125
0.5587489604949951,391,-0.012890625
0.559891939163208,392,-0.02578125
0.5610148906707764,393,-0.103125
0.5621209144592285,394,-0.02578125
0.5632250308990479,395,-0.20625
0.5643179416656494,396,-0.837890625
0.5654988288879395,397,-1.405078125
0.5668849945068359,398,-1.65
0.5683350563049316,399,-0.837890625
0.5697789192199707,400,-0.322265625
0.5712828636169434,401,0.0
0.5727150440216064,402,-0.36093749999999997
0.5741589069366455,403,-0.15468749999999998
0.5756058692932129,404,-0.02578125
0.5776488780975342,405,-0.064453125
0.5799329280853271,406,-0.18046874999999998
0.5814428329467773,407,-0.734765625
0.5828518867492676,408,-1.5726562499999999
0.5843448638916016,409,-0.2578125
0.5861499309539795,410,-0.193359375
0.5880789756774902,411,-0.12890625
0.5896048545837402,412,-0.36093749999999997
0.5908708572387695,413,-0.064453125
0.5920689105987549,414,-0.012890625
0.5932419300079346,415,-0.09023437499999999
0.5943779945373535,416,-0.193359375
0.5955770015716553,417,-0.37382812499999996
0.5970029830932617,418,-0.476953125
0.5984628200531006,419,-1.147265625
0.5999610424041748,420,-1.65
0.6014399528503418,421,-0.21914062499999998
0.6027979850769043,422,-0.2578125
0.6041479110717773,423,-0.012890625
0.6060550212860107,424,-0.348046875
0.6083090305328369,425,-0.2578125
0.6098010540008545,426,-0.02578125
0.6112399101257324,427,-0.116015625
0.6130869388580322,428,-0.12890625
0.6149120330810547,429,-0.708984375
0.6162309646606445,430,-1.6242187499999998
0.6173899173736572,431,-0.29648437499999997
