time,count,voltage
0.0052928924560546875,1,-0.07734374999999999
0.006850004196166992,2,-0.012890625
0.0082550048828125,3,-0.012890625
0.009715080261230469,4,-0.167578125
0.011101961135864258,5,-0.4640625
0.012719869613647461,6,-0.889453125
0.014436006546020508,7,-1.6371093749999999
0.016156911849975586,8,-0.0515625
0.01784992218017578,9,-0.103125
0.019430875778198242,10,-0.322265625
0.021106958389282227,11,-0.322265625
0.022580862045288086,12,0.0
0.023944854736328125,13,0.0
0.025289058685302734,14,-0.0515625
0.026627063751220703,15,-0.30937499999999996
0.02817392349243164,16,-0.48984374999999997
0.02988290786743164,17,-1.044140625
0.0315709114074707,18,-0.4640625
0.03323698043823242,19,-0.116015625
0.03504800796508789,20,-0.21914062499999998
0.036705970764160156,21,-0.167578125
0.038511037826538086,22,-0.23203125
0.04054403305053711,23,-0.012890625
0.042413949966430664,24,-0.038671874999999994
0.04464602470397949,25,-0.322265625
0.047724008560180664,26,-0.708984375
0.04981708526611328,27,-0.07734374999999999
0.05145406723022461,28,-0.12890625
0.053466081619262695,29,-0.18046874999999998
0.05581092834472656,30,-0.30937499999999996
0.057472944259643555,31,0.0
0.0588839054107666,32,-0.02578125
0.06031608581542969,33,-0.322265625
0.061688899993896484,34,-0.42539062499999997
0.0630490779876709,35,-1.16015625
0.0643930435180664,36,-1.4308593749999998
0.06573295593261719,37,-0.02578125
0.06706786155700684,38,-0.12890625
0.06839799880981445,39,-0.37382812499999996
0.06974506378173828,40,-0.12890625
0.07117199897766113,41,-0.29648437499999997
0.07273507118225098,42,-0.09023437499999999
0.07442593574523926,43,0.0
0.0761098861694336,44,-0.0515625
0.0779268741607666,45,-0.37382812499999996
0.07973384857177734,46,-0.7476562499999999
0.0814809799194336,47,-1.65
0.08308696746826172,48,-0.12890625
0.08522200584411621,49,-0.23203125
0.08747291564941406,50,-0.141796875
0.08898091316223145,51,0.12890625
0.09087896347045898,52,0.012890625
0.09286689758300781,53,-0.02578125
0.09418606758117676,54,-0.37382812499999996
0.0953819751739502,55,-0.6832031249999999
0.0965280532836914,56,-1.3664062499999998
0.09764885902404785,57,-0.141796875
0.09879088401794434,58,-0.103125
0.10006403923034668,59,-0.103125
0.10135006904602051,60,-0.399609375
0.10278606414794922,61,-0.0515625
0.10423398017883301,62,-0.38671875
0.10577201843261719,63,-0.167578125
0.10721707344055176,64,0.0
0.1086130142211914,65,-0.012890625
0.11009001731872559,66,-0.28359375
0.11236906051635742,67,-0.515625
0.11442685127258301,68,-1.2503906249999999
0.11587786674499512,69,-0.103125
0.1177370548248291,70,-0.167578125
0.11965703964233398,71,-0.4640625
0.1209409236907959,72,-0.42539062499999997
0.12214303016662598,73,-0.15468749999999998
0.12328195571899414,74,-0.012890625
0.12441492080688477,75,0.0
0.12552905082702637,76,-0.02578125
0.12663793563842773,77,-0.4125
0.12773394584655762,78,-0.515625
0.1288309097290039,79,-0.992578125
0.13005995750427246,80,-1.546875
0.1312849521636963,81,-0.12890625
0.13271403312683105,82,-0.12890625
0.1341559886932373,83,-0.012890625
0.1356830596923828,84,-0.37382812499999996
0.13715100288391113,85,-0.399609375
0.13849306106567383,86,-0.2578125
0.13988995552062988,87,0.0
0.14185690879821777,88,-0.02578125
0.14413785934448242,89,-0.064453125
0.14561200141906738,90,-0.476953125
0.14713406562805176,91,-1.3921875
0.14914488792419434,92,-0.012890625
0.1508350372314453,93,-0.18046874999999998
0.1521139144897461,94,-0.322265625
0.15325593948364258,95,-0.399609375
0.15438389778137207,96,-0.4125
0.15551304817199707,97,-0.2578125
0.15662002563476562,98,0.0
0.15771985054016113,99,-0.012890625
0.1588149070739746,100,-0.02578125
0.1599869728088379,101,-0.4125
0.16119694709777832,102,-0.4640625
0.16260790824890137,103,-0.992578125
0.16408395767211914,104,-1.6371093749999999
0.16565799713134766,105,0.0
0.16715407371520996,106,-0.167578125
0.16859102249145508,107,-0.4125
0.17006397247314453,108,-0.064453125
0.17181706428527832,109,-0.167578125
0.1742410659790039,110,0.07734374999999999
0.1758098602294922,111,-0.0515625
0.1772449016571045,112,-0.399609375
0.1791670322418213,113,-0.515625
0.1810150146484375,114,-1.4437499999999999
0.1823270320892334,115,-0.07734374999999999
0.18349385261535645,116,-0.167578125
0.18462491035461426,117,-0.42539062499999997
0.18573689460754395,118,-0.18046874999999998
0.1868419647216797,119,-0.33515625
0.18795084953308105,120,-0.36093749999999997
0.18906402587890625,121,-0.141796875
0.19019293785095215,122,-0.012890625
0.19138407707214355,123,-0.012890625
0.19278693199157715,124,-0.09023437499999999
0.19424986839294434,125,-0.476953125
0.19581103324890137,126,-0.7476562499999999
0.19738507270812988,127,-1.533984375
0.19881987571716309,128,0.0
0.20033597946166992,129,-0.21914062499999998
0.2020869255065918,130,-0.37382812499999996
0.20444989204406738,131,-0.167578125
0.2060239315032959,132,0.24492187499999998
0.20749497413635254,133,-0.012890625
0.2095499038696289,134,-0.0515625
0.21125388145446777,135,-0.399609375
0.21254205703735352,136,-0.889453125
0.21370792388916016,137,-1.65
0.21483588218688965,138,0.0
0.21593689918518066,139,-0.116015625
0.21704792976379395,140,-0.0515625
0.21814990043640137,141,-0.4125
0.2192389965057373,142,-0.167578125
0.22036099433898926,143,-0.48984374999999997
0.22156786918640137,144,-0.4125
0.2230079174041748,145,0.0
0.22445392608642578,146,0.012890625
0.2259979248046875,147,-0.02578125
0.2275080680847168,148,-0.38671875
0.2289409637451172,149,-0.6832031249999999
0.23036694526672363,150,-1.456640625
0.2319328784942627,151,0.0
0.23436498641967773,152,-0.12890625
0.23595499992370605,153,-0.30937499999999996
0.2373490333557129,154,-0.2578125
0.23920202255249023,155,-0.167578125
0.24111485481262207,156,0.012890625
0.24245691299438477,157,-0.012890625
0.243635892868042,158,-0.38671875
0.24477291107177734,159,-0.476953125
0.2458939552307129,160,-1.1214843749999999
0.2470080852508545,161,-1.65
0.2481060028076172,162,0.0
0.24919605255126953,163,-0.116015625
0.25031495094299316,164,-0.12890625
0.25150394439697266,165,-0.4125
0.2529010772705078,166,-0.167578125
0.25435495376586914,167,-0.399609375
0.25588393211364746,168,-0.12890625
0.2574269771575928,169,0.012890625
0.2588670253753662,170,-0.038671874999999994
0.2603590488433838,171,-0.37382812499999996
0.2621150016784668,172,-0.399609375
0.26462697982788086,173,-1.1859374999999999
0.2662379741668701,174,-0.038671874999999994
0.26764607429504395,175,-0.193359375
0.26955699920654297,176,-0.37382812499999996
0.27144789695739746,177,-0.193359375
0.2727789878845215,178,0.24492187499999998
0.2739570140838623,179,-0.012890625
0.2750880718231201,180,-0.02578125
0.27621006965637207,181,-0.29648437499999997
0.27732396125793457,182,-0.5671875
0.2784268856048584,183,-0.734765625
0.27959489822387695,184,-1.3664062499999998
0.2807178497314453,185,-0.734765625
0.28191590309143066,186,0.0
0.2833120822906494,187,-0.20625
0.2847750186920166,188,-0.270703125
0.28633999824523926,189,-0.2578125
0.28786396980285645,190,-0.4125
0.289262056350708,191,-0.0515625
0.2907590866088867,192,0.0
0.2923729419708252,193,-0.02578125
0.2948119640350342,194,-0.348046875
0.29639601707458496,195,-0.79921875
0.29778385162353516,196,-1.147265625
0.29968786239624023,197,-0.167578125
0.30155301094055176,198,-0.02578125
0.3028678894042969,199,-0.20625
0.30403590202331543,200,-0.399609375
0.30516886711120605,201,-0.2578125
0.30627989768981934,202,0.0
0.30737996101379395,203,-0.012890625
0.30858397483825684,204,-0.0515625
0.3097529411315918,205,-0.28359375
0.31087589263916016,206,-0.515625
0.3120839595794678,207,-0.9152343749999999
0.31349802017211914,208,-1.46953125
0.3149440288543701,209,-0.167578125
0.316511869430542,210,-0.103125
0.31803297996520996,211,-0.21914062499999998
0.3195228576660156,212,-0.167578125
0.32097601890563965,213,-0.4125
0.32277607917785645,214,-0.15468749999999998
0.32516002655029297,215,0.0
0.32669687271118164,216,-0.12890625
0.3281700611114502,217,-0.37382812499999996
0.33017992973327637,218,-1.00546875
0.33232808113098145,219,-0.0515625
0.3336319923400879,220,-0.103125
0.334791898727417,221,-0.42539062499999997
0.3359220027923584,222,-0.167578125
0.33702802658081055,223,-0.43828124999999996
0.33814191818237305,224,-0.37382812499999996
0.3392479419708252,225,-0.02578125
0.34037303924560547,226,0.0
0.34147191047668457,227,-0.09023437499999999
0.3426549434661865,228,-0.167578125
0.34403395652770996,229,-0.515625
0.3454580307006836,230,-0.6703125
0.34699106216430664,231,-1.456640625
0.34855103492736816,232,-0.0515625
0.3500089645385742,233,-0.167578125
0.3514540195465088,234,-0.33515625
0.3531630039215088,235,-0.193359375
0.35557007789611816,236,-0.43828124999999996
0.3571460247039795,237,0.012890625
0.35860300064086914,238,-0.064453125
0.36062002182006836,239,-0.28359375
0.3623189926147461,240,-0.42539062499999997
0.3636209964752197,241,-1.4437499999999999
0.36479806900024414,242,0.0
0.36592888832092285,243,-0.103125
0.3670520782470703,244,-0.103125
0.3681659698486328,245,-0.43828124999999996
0.3692739009857178,246,-0.12890625
0.37045788764953613,247,-0.451171875
0.3715789318084717,248,-0.36093749999999997
0.3728048801422119,249,-0.012890625
0.374208927154541,250,-0.012890625
0.37566304206848145,251,-0.02578125
0.3771989345550537,252,-0.38671875
0.37877988815307617,253,-0.515625
0.3803670406341553,254,-1.340625
0.38182592391967773,255,0.0
0.38356804847717285,256,-0.167578125
0.38588595390319824,257,-0.20625
0.38742494583129883,258,-0.36093749999999997
0.3888890743255615,259,-0.09023437499999999
0.3907918930053711,260,0.0
0.39258599281311035,261,-0.02578125
0.39390087127685547,262,-0.348046875
0.3950819969177246,263,-0.580078125
0.3962109088897705,264,-1.26328125
0.3973259925842285,265,-1.5726562499999999
0.39844799041748047,266,0.0
0.39961886405944824,267,-0.21914062499999998
0.4007420539855957,268,-0.12890625
0.4018440246582031,269,-0.24492187499999998
0.40303492546081543,270,-0.167578125
0.4044320583343506,271,-0.322265625
0.4059429168701172,272,-0.12890625
0.4075300693511963,273,-0.012890625
0.4090719223022461,274,-0.02578125
0.4105970859527588,275,-0.36093749999999997
0.41207003593444824,276,-0.54140625
0.4138209819793701,277,-1.353515625
0.41623997688293457,278,-0.12890625
0.4177999496459961,279,-0.07734374999999999
0.41924285888671875,280,-0.20625
0.4212949275970459,281,-0.2578125
0.4229710102081299,282,0.07734374999999999
0.42424988746643066,283,0.0
0.42539501190185547,284,-0.02578125
0.4265148639678955,285,-0.399609375
0.4276409149169922,286,-0.476953125
0.4287550449371338,287,-0.9410156249999999
0.4298889636993408,288,-1.533984375
0.43100690841674805,289,-0.0515625
0.4321129322052002,290,-0.09023437499999999
0.43331098556518555,291,-0.20625
0.43472886085510254,292,-0.37382812499999996
0.43617796897888184,293,-0.167578125
0.4377319812774658,294,-0.4125
0.43929004669189453,295,-0.15468749999999998
0.44080185890197754,296,-0.012890625
0.44219088554382324,297,-0.0515625
0.4439089298248291,298,-0.38671875
0.44632792472839355,299,-0.43828124999999996
0.44791507720947266,300,-1.65
0.44931888580322266,301,-0.15468749999999998
0.4513740539550781,302,-0.103125
0.45311808586120605,303,-0.20625
0.4544198513031006,304,-0.322265625
0.45558595657348633,305,-0.064453125
0.45671987533569336,306,0.0
0.4578208923339844,307,-0.038671874999999994
0.45894408226013184,308,-0.0515625
0.46009087562561035,309,-0.4640625
0.4612009525299072,310,-0.515625
0.46230506896972656,311,-1.0570312499999999
0.46351003646850586,312,-1.6242187499999998
0.4648928642272949,313,0.0
0.46633005142211914,314,-0.064453125
0.4678969383239746,315,-0.193359375
0.4694240093231201,316,-0.322265625
0.47089385986328125,317,-0.4640625
0.4723060131072998,318,-0.20625
0.4740760326385498,319,0.012890625
0.476456880569458,320,-0.0515625
0.4780139923095703,321,-0.36093749999999997
0.4795560836791992,322,-0.95390625
0.48154592514038086,323,-1.65
0.48320508003234863,324,-0.07734374999999999
0.48450207710266113,325,-0.2578125
0.48566603660583496,326,-0.12890625
0.4867820739746094,327,-0.270703125
0.4878878593444824,328,-0.33515625
0.4889869689941406,329,-0.141796875
0.49012207984924316,330,0.0
0.49123692512512207,331,-0.012890625
0.49235105514526367,332,-0.09023437499999999
0.49355506896972656,333,-0.4125
0.49497008323669434,334,-0.48984374999999997
0.49642395973205566,335,-1.1859374999999999
0.4979729652404785,336,-0.064453125
0.49953603744506836,337,-0.09023437499999999
0.5009908676147461,338,-0.12890625
0.5024049282073975,339,-0.24492187499999998
0.5041248798370361,340,-0.30937499999999996
0.5065090656280518,341,-0.21914062499999998
0.5080809593200684,342,-0.012890625
0.5096080303192139,343,-0.09023437499999999
0.5116109848022461,344,-0.4125
0.5133140087127686,345,-0.992578125
0.514599084854126,346,-0.103125
0.5157759189605713,347,-0.103125
0.5169708728790283,348,-0.167578125
0.5181388854980469,349,-0.43828124999999996
0.5192639827728271,350,-0.167578125
0.5204548835754395,351,-0.4640625
0.5215749740600586,352,-0.33515625
0.5227010250091553,353,-0.012890625
0.5238959789276123,354,-0.012890625
0.5253050327301025,355,-0.064453125
0.5267720222473145,356,-0.322265625
0.5283348560333252,357,-0.451171875
0.5298690795898438,358,-1.1214843749999999
0.5312559604644775,359,0.0
0.5325930118560791,360,-0.07734374999999999
0.5348620414733887,361,-0.09023437499999999
0.5367019176483154,362,-0.270703125
0.5380849838256836,363,-0.23203125
0.5399260520935059,364,0.038671874999999994
0.5418970584869385,365,-0.012890625
0.5433900356292725,366,-0.193359375
0.5446250438690186,367,-0.4125
0.5457799434661865,368,-1.018359375
0.5469028949737549,369,-1.6371093749999999
0.5480179786682129,370,0.0
0.5491199493408203,371,-0.12890625
0.5502500534057617,372,-0.103125
0.5513520240783691,373,-0.4125
0.552448034286499,374,-0.23203125
0.5535409450531006,375,-0.502734375
0.554710865020752,376,-0.43828124999999996
0.556143045425415,377,-0.09023437499999999
0.5576169490814209,378,0.0
0.5591480731964111,379,-0.02578125
0.5607669353485107,380,-0.37382812499999996
0.5622079372406006,381,-0.6574218749999999
0.5636229515075684,382,-1.4308593749999998
0.5651559829711914,383,0.0
0.5676190853118896,384,-0.09023437499999999
0.5692470073699951,385,-0.29648437499999997
0.5706799030303955,386,-0.23203125
0.5725419521331787,387,-0.12890625
0.5744009017944336,388,0.0
0.5757420063018799,389,-0.012890625
0.5769200325012207,390,-0.37382812499999996
0.5780558586120605,391,-0.4640625
0.5791749954223633,392,-1.0828125
0.5803210735321045,393,-1.65
0.5814359188079834,394,0.0
0.5825328826904297,395,-0.116015625
0.5836279392242432,396,-0.103125
0.584820032119751,397,-0.37382812499999996
0.586205005645752,398,-0.20625
0.5876340866088867,399,-0.399609375
0.5892159938812256,400,-0.167578125
0.590831995010376,401,-0.012890625
0.5922958850860596,402,-0.0515625
0.5937070846557617,403,-0.37382812499999996
0.5954210758209229,404,-0.4125
0.597862958908081,405,-1.224609375
0.5995090007781982,406,-0.012890625
0.6009809970855713,407,-0.167578125
0.6028909683227539,408,-0.15468749999999998
0.6046919822692871,409,-0.116015625
0.605989933013916,410,0.23203125
0.6071560382843018,411,-0.02578125
0.6082940101623535,412,-0.02578125
0.6094009876251221,413,-0.2578125
0.6105899810791016,414,-0.5285156249999999
0.6117110252380371,415,-0.6832031249999999
0.612825870513916,416,-1.340625
0.613926887512207,417,-0.992578125
0.6151449680328369,418,0.0
0.6165809631347656,419,-0.20625
0.6180388927459717,420,-0.270703125
0.619610071182251,421,-0.21914062499999998
0.621243953704834,422,-0.43828124999999996
0.6227250099182129,423,-0.02578125
0.6241879463195801,424,-0.012890625
0.6258518695831299,425,-0.02578125
0.6282780170440674,426,-0.399609375
0.6298789978027344,427,-0.8507812499999999
0.6312899589538574,428,-0.012890625
0.6331419944763184,429,-0.141796875
0.6349759101867676,430,-0.167578125
0.6363039016723633,431,-0.12890625
0.637476921081543,432,-0.33515625
0.6386079788208008,433,-0.20625
0.6397490501403809,434,0.0
0.6408560276031494,435,-0.012890625
0.6419599056243896,436,-0.02578125
0.6436769962310791,437,-0.33515625
0.6492419242858887,438,-0.515625
0.6510848999023438,439,-0.15468749999999998
0.6526849269866943,440,-0.30937499999999996
0.6541919708251953,441,-0.21914062499999998
0.656959056854248,442,-0.064453125
0.6590578556060791,443,0.0
0.6611239910125732,444,-0.28359375
0.6633639335632324,445,-0.5285156249999999
0.6648640632629395,446,-1.65
0.6661598682403564,447,-0.07734374999999999
0.6674330234527588,448,-0.116015625
0.6686840057373047,449,-0.20625
0.6699850559234619,450,-0.2578125
0.6712820529937744,451,-0.30937499999999996
0.6726720333099365,452,-0.103125
0.6739089488983154,453,0.012890625
0.6798880100250244,454,-0.064453125
0.6819360256195068,455,-0.2578125
0.6838018894195557,456,-0.116015625
0.6861810684204102,457,-0.37382812499999996
0.6887478828430176,458,-0.12890625
0.6911389827728271,459,0.193359375
0.6934759616851807,460,-0.038671874999999994
0.694972038269043,461,-0.33515625
0.6962809562683105,462,-1.018359375
0.6975579261779785,463,-1.65
0.698793888092041,464,-0.02578125
0.700221061706543,465,-0.29648437499999997
0.7015619277954102,466,-0.399609375
0.7028079032897949,467,-0.103125
0.7040688991546631,468,-0.399609375
0.7101099491119385,469,-0.24492187499999998
0.7121999263763428,470,0.012890625
0.7144570350646973,471,-0.992578125
0.7170150279998779,472,-0.02578125
0.7194118499755859,473,-0.02578125
0.721668004989624,474,-0.30937499999999996
0.7240169048309326,475,0.038671874999999994
0.7256128787994385,476,-0.02578125
0.7269299030303955,477,-0.33515625
0.7281980514526367,478,-0.451171875
0.7295100688934326,479,-1.0828125
0.730781078338623,480,-1.65
0.732079029083252,481,-0.02578125
0.7333478927612305,482,-0.24492187499999998
0.7345969676971436,483,-0.322265625
0.740635871887207,484,-0.18046874999999998
0.7427859306335449,485,-0.399609375
0.7446689605712891,486,-0.33515625
0.7473409175872803,487,-0.734765625
0.7496678829193115,488,-1.65
0.7517828941345215,489,-0.167578125
0.7539160251617432,490,-0.18046874999999998
0.7555968761444092,491,-0.0515625
0.7569799423217773,492,0.0
0.7582459449768066,493,-0.064453125
0.7595939636230469,494,-0.167578125
0.7608828544616699,495,-0.451171875
0.7621369361877441,496,-0.7863281249999999
0.7633910179138184,497,-1.456640625
0.7646570205688477,498,-0.20625
0.7702980041503906,499,-0.02578125
0.7729690074920654,500,-0.116015625
0.7749800682067871,501,0.0
0.7776029109954834,502,-0.07734374999999999
0.7798299789428711,503,-0.36093749999999997
0.7818560600280762,504,-1.611328125
0.7841598987579346,505,-0.0515625
0.7856760025024414,506,-0.4125
0.7870450019836426,507,-0.33515625
0.7883579730987549,508,-0.2578125
0.78973388671875,509,-0.012890625
0.7910339832305908,510,-0.02578125
0.7922780513763428,511,-0.02578125
0.7935209274291992,512,-0.4125
0.7947449684143066,513,-0.476953125
0.8005549907684326,514,-1.069921875
0.8026740550994873,515,-1.65
0.8047149181365967,516,-0.399609375
0.8063540458679199,517,0.012890625
0.8091509342193604,518,-0.012890625
0.8111190795898438,519,-0.21914062499999998
0.8135359287261963,520,-0.64453125
0.8155028820037842,521,-1.65
0.816925048828125,522,-0.21914062499999998
0.8182358741760254,523,-0.38671875
0.8196010589599609,524,-0.20625
0.8209359645843506,525,-0.4640625
0.8223428726196289,526,-0.20625
0.8237879276275635,527,0.0
0.8252840042114258,528,-0.02578125
0.8316030502319336,529,-0.270703125
0.833622932434082,530,-0.4640625
0.8355960845947266,531,-0.2578125
0.838623046875,532,-0.12890625
0.840609073638916,533,0.193359375
0.8426358699798584,534,-0.0515625
0.8449349403381348,535,-0.322265625
0.8463890552520752,536,-0.9152343749999999
0.8477299213409424,537,-1.65
0.8489880561828613,538,-0.012890625
0.8502590656280518,539,-0.23203125
0.8515229225158691,540,-0.43828124999999996
0.8527669906616211,541,-0.12890625
0.8540399074554443,542,-0.4125
0.8552658557891846,543,-0.2578125
0.8610289096832275,544,0.0
0.8633620738983154,545,-0.012890625
0.8652620315551758,546,-1.405078125
0.8676578998565674,547,-0.15468749999999998
0.8702208995819092,548,-0.36093749999999997
0.8723340034484863,549,-0.322265625
0.874600887298584,550,-0.012890625
0.876194953918457,551,-0.012890625
0.8775849342346191,552,-0.193359375
0.8788728713989258,553,-0.4125
0.8802459239959717,554,-1.1859374999999999
0.8815209865570068,555,-0.825
0.8827619552612305,556,-0.20625
0.8840510845184326,557,-0.18046874999999998
0.8853189945220947,558,-0.5671875
0.8896870613098145,559,-0.07734374999999999
0.8914179801940918,560,-0.167578125
0.8930208683013916,561,-0.103125
0.8945698738098145,562,-0.4125
0.89603590965271,563,-0.9152343749999999
0.8973720073699951,564,-1.65
0.8991608619689941,565,0.0
0.901623010635376,566,-0.29648437499999997
0.9031169414520264,567,-0.23203125
0.9047939777374268,568,-0.322265625
0.9068200588226318,569,-0.0515625
0.9083669185638428,570,-0.012890625
0.9097158908843994,571,-0.20625
0.9108998775482178,572,-0.43828124999999996
0.9120309352874756,573,-0.889453125
0.9131288528442383,574,-1.456640625
0.9142260551452637,575,-0.103125
0.9153120517730713,576,0.0
0.916395902633667,577,-0.28359375
0.9174840450286865,578,-0.21914062499999998
0.918665885925293,579,-0.2578125
0.9200959205627441,580,-0.38671875
0.9215030670166016,581,-0.36093749999999997
0.9230680465698242,582,0.0
0.9245519638061523,583,0.0
0.9259068965911865,584,-0.0515625
0.9272670745849609,585,-0.399609375
0.9296350479125977,586,-0.6187499999999999
0.9314579963684082,587,-1.533984375
0.9328348636627197,588,-0.0515625
0.9347620010375977,589,-0.20625
0.9364020824432373,590,-0.23203125
0.9376308917999268,591,-0.30937499999999996
0.9387788772583008,592,-0.116015625
0.9399988651275635,593,-0.012890625
0.9413130283355713,594,-0.012890625
0.9427449703216553,595,-0.064453125
0.9442329406738281,596,-0.43828124999999996
0.9455299377441406,597,-0.734765625
0.9466769695281982,598,-1.4953124999999998
0.9477989673614502,599,0.0
0.9489998817443848,600,-0.167578125
0.9504039287567139,601,-0.09023437499999999
0.9518070220947266,602,-0.54140625
0.9532549381256104,603,-0.167578125
0.9547848701477051,604,-0.23203125
0.9562468528747559,605,0.064453125
0.957705020904541,606,-0.012890625
0.9594080448150635,607,-0.0515625
0.9619140625,608,-0.42539062499999997
0.9634768962860107,609,-1.1214843749999999
0.9648170471191406,610,-0.09023437499999999
0.9665830135345459,611,-0.116015625
0.9684009552001953,612,-0.270703125
0.969749927520752,613,-0.193359375
0.9709229469299316,614,-0.29648437499999997
0.9720618724822998,615,-0.116015625
0.973167896270752,616,0.0
0.9742598533630371,617,-0.012890625
0.975348949432373,618,-0.012890625
0.9764368534088135,619,-0.4125
0.9775168895721436,620,-0.515625
0.9786009788513184,621,-0.9410156249999999
0.9797768592834473,622,-1.4953124999999998
0.9811630249023438,623,-0.064453125
0.9825809001922607,624,-0.167578125
0.9840340614318848,625,-0.09023437499999999
0.9855239391326904,626,-0.4125
0.9868268966674805,627,-0.37382812499999996
0.9882509708404541,628,-0.33515625
0.9902269840240479,629,-0.012890625
0.9923999309539795,630,-0.012890625
0.9938080310821533,631,-0.29648437499999997
0.995527982711792,632,-0.54140625
0.9974339008331299,633,-1.340625
0.9987530708312988,634,0.0
0.9999170303344727,635,-0.12890625
1.0010559558868408,636,-0.29648437499999997
1.0021719932556152,637,-0.02578125
1.0032670497894287,638,-0.36093749999999997
1.0043818950653076,639,-0.399609375
1.0054819583892822,640,-0.20625
1.0065770149230957,641,-0.012890625
1.0076720714569092,642,-0.038671874999999994
1.0087718963623047,643,-0.0515625
1.010004997253418,644,-0.399609375
1.0113868713378906,645,-0.4640625
1.0128300189971924,646,-1.0828125
1.014369010925293,647,-1.65
1.0158779621124268,648,-0.0515625
1.0173320770263672,649,-0.18046874999999998
1.018833875656128,650,-0.33515625
1.0207560062408447,651,-0.38671875
1.0230638980865479,652,-0.20625
1.0246288776397705,653,-0.012890625
1.0259909629821777,654,-0.064453125
1.0277869701385498,655,-0.451171875
1.0296950340270996,656,-0.7476562499999999
1.0310509204864502,657,-1.65
1.0322110652923584,658,-0.07734374999999999
