time,count,voltage
0.005388021469116211,1,-0.07734374999999999
0.007179975509643555,2,-0.322265625
0.008852005004882812,3,0.038671874999999994
0.010251998901367188,4,-0.02578125
0.011613130569458008,5,-0.0515625
0.012990951538085938,6,-0.20625
0.014397144317626953,7,-0.37382812499999996
0.015810012817382812,8,-1.173046875
0.01718306541442871,9,-1.65
0.018800020217895508,10,-0.2578125
0.020533084869384766,11,-0.12890625
0.0221710205078125,12,-0.038671874999999994
0.023943185806274414,13,-0.24492187499999998
0.02554917335510254,14,0.012890625
0.027244091033935547,15,-0.02578125
0.0290830135345459,16,-0.064453125
0.030887126922607422,17,-0.0515625
0.03255009651184082,18,-0.8765624999999999
0.03415513038635254,19,-1.65
0.03583097457885742,20,-0.322265625
0.03761601448059082,21,-0.15468749999999998
0.03932309150695801,22,-0.09023437499999999
0.04125809669494629,23,-0.09023437499999999
0.042919158935546875,24,-0.012890625
0.04453301429748535,25,-0.09023437499999999
0.046131134033203125,26,-0.167578125
0.0478520393371582,27,-0.24492187499999998
0.04963803291320801,28,-1.1214843749999999
0.0526280403137207,29,-0.2578125
0.054682016372680664,30,-0.23203125
0.05632805824279785,31,-0.348046875
0.05842900276184082,32,-0.15468749999999998
0.060652971267700195,33,0.0
0.06243395805358887,34,-0.09023437499999999
0.06386709213256836,35,-0.012890625
0.0652470588684082,36,-0.837890625
0.06658005714416504,37,-1.5082031249999999
0.06795406341552734,38,-0.20625
0.06933403015136719,39,-0.15468749999999998
0.07069015502929688,40,-0.2578125
0.0720210075378418,41,-0.09023437499999999
0.0733499526977539,42,-0.20625
0.07466697692871094,43,-0.15468749999999998
0.07599115371704102,44,0.0
0.0773000717163086,45,-0.09023437499999999
0.07918906211853027,46,-0.167578125
0.08072209358215332,47,-0.02578125
0.08214497566223145,48,-0.90234375
0.08357501029968262,49,-1.5726562499999999
0.08510303497314453,50,-0.12890625
0.0864870548248291,51,-0.0515625
0.087799072265625,52,-0.141796875
0.0891880989074707,53,-0.30937499999999996
0.09102201461791992,54,-0.30937499999999996
0.09336996078491211,55,-0.103125
0.09480714797973633,56,-0.012890625
0.09648895263671875,57,-0.18046874999999998
0.09843206405639648,58,-0.33515625
0.09980201721191406,59,-1.3664062499999998
0.1009831428527832,60,-0.2578125
0.10211396217346191,61,-0.20625
0.10322713851928711,62,-0.270703125
0.10437703132629395,63,-0.167578125
0.10552000999450684,64,-0.322265625
0.10662698745727539,65,-0.42539062499999997
0.1077580451965332,66,-0.322265625
0.1088709831237793,67,0.0
0.11004996299743652,68,-0.0515625
0.11142706871032715,69,-0.02578125
0.11284399032592773,70,-0.193359375
0.11433005332946777,71,-0.30937499999999996
0.11580109596252441,72,-1.1214843749999999
0.11712908744812012,73,-1.65
0.11849617958068848,74,-0.29648437499999997
0.12079906463623047,75,-0.12890625
0.12262415885925293,76,-0.02578125
0.12402510643005371,77,-0.038671874999999994
0.12580204010009766,78,0.038671874999999994
0.12778711318969727,79,-0.02578125
0.12928509712219238,80,-0.12890625
0.13048696517944336,81,-0.193359375
0.1316370964050293,82,-0.928125
0.13277006149291992,83,-1.4953124999999998
0.13388609886169434,84,-0.24492187499999998
0.13498616218566895,85,-0.2578125
0.1360771656036377,86,-0.103125
0.13716411590576172,87,-0.193359375
0.1382739543914795,88,-0.064453125
0.13942503929138184,89,-0.37382812499999996
0.1406240463256836,90,-0.36093749999999997
0.14203095436096191,91,-0.193359375
0.14347100257873535,92,-0.012890625
0.14499616622924805,93,-0.0515625
0.1464691162109375,94,-0.12890625
0.14780616760253906,95,-0.48984374999999997
0.14921998977661133,96,-1.2503906249999999
0.15131306648254395,97,-1.0828125
0.1533651351928711,98,-0.322265625
0.1547400951385498,99,-0.167578125
0.15658116340637207,100,-0.451171875
0.15845799446105957,101,-0.193359375
0.1597580909729004,102,-0.012890625
0.16092205047607422,103,-0.0515625
0.1620330810546875,104,-0.23203125
0.1631319522857666,105,-0.103125
0.16422605514526367,106,-0.64453125
0.16532516479492188,107,-1.26328125
0.16642308235168457,108,-1.65
0.1675729751586914,109,-0.18046874999999998
0.16869616508483887,110,-0.33515625
0.16978907585144043,111,-0.2578125
0.17095613479614258,112,-0.07734374999999999
0.17234396934509277,113,-0.36093749999999997
0.17378711700439453,114,-0.399609375
0.17530417442321777,115,-0.116015625
0.17681097984313965,116,-0.012890625
0.17822504043579102,117,-0.02578125
0.17963004112243652,118,-0.193359375
0.18132805824279785,119,-0.33515625
0.18371915817260742,120,-1.16015625
0.18529295921325684,121,-0.2578125
0.18668413162231445,122,-0.20625
0.18864703178405762,123,-0.141796875
0.19045305252075195,124,-0.322265625
0.1917710304260254,125,0.07734374999999999
0.19293808937072754,126,-0.02578125
0.19406604766845703,127,-0.07734374999999999
0.19518208503723145,128,-0.20625
0.19629502296447754,129,-0.20625
0.1973891258239746,130,-0.554296875
0.1985790729522705,131,-1.16015625
0.19968104362487793,132,-1.65
0.20077204704284668,133,-0.0515625
0.20194315910339355,134,-0.37382812499999996
0.20338797569274902,135,-0.20625
0.20483899116516113,136,-0.09023437499999999
0.20636916160583496,137,-0.399609375
0.20787715911865234,138,-0.29648437499999997
0.20923209190368652,139,0.012890625
0.21057605743408203,140,-0.103125
0.2119121551513672,141,-0.15468749999999998
0.2142961025238037,142,-0.103125
0.21598315238952637,143,-0.8507812499999999
0.21733999252319336,144,-0.8121093749999999
0.21926617622375488,145,-0.270703125
0.22115707397460938,146,-0.167578125
0.22251009941101074,147,-0.36093749999999997
0.22369909286499023,148,-0.24492187499999998
0.22483611106872559,149,-0.15468749999999998
0.22594404220581055,150,-0.02578125
0.22704100608825684,151,-0.141796875
0.22816896438598633,152,-0.167578125
0.22927308082580566,153,-0.20625
0.2303609848022461,154,-0.30937499999999996
0.23146414756774902,155,-0.9796874999999999
0.23269295692443848,156,-1.4953124999999998
0.23408102989196777,157,-0.09023437499999999
0.23550009727478027,158,-0.24492187499999998
0.23701715469360352,159,-0.23203125
0.2385711669921875,160,-0.064453125
0.2399730682373047,161,-0.322265625
0.24135208129882812,162,-0.167578125
0.24296903610229492,163,0.0
0.24544000625610352,164,-0.09023437499999999
0.24700617790222168,165,-0.07734374999999999
0.24838709831237793,166,-0.7863281249999999
0.250197172164917,167,-1.5082031249999999
0.25206804275512695,168,-0.37382812499999996
0.25342607498168945,169,-0.21914062499999998
0.25459814071655273,170,-0.141796875
0.2557239532470703,171,-0.4640625
0.25682616233825684,172,-0.42539062499999997
0.2580230236053467,173,-0.28359375
0.2591409683227539,174,-0.012890625
0.2602381706237793,175,-0.09023437499999999
0.2613389492034912,176,-0.09023437499999999
0.2624349594116211,177,-0.2578125
0.26359009742736816,178,-0.21914062499999998
0.26497507095336914,179,-0.8765624999999999
0.2664041519165039,180,-1.546875
0.2679259777069092,181,-0.23203125
0.26940298080444336,182,-0.20625
0.27074503898620605,183,-0.103125
0.2721130847930908,184,-0.167578125
0.273468017578125,185,-0.30937499999999996
0.2759971618652344,186,-0.116015625
0.2777371406555176,187,-0.038671874999999994
0.27912116050720215,188,-0.18046874999999998
0.2808520793914795,189,-0.103125
0.2826981544494629,190,-0.928125
0.2840590476989746,191,-0.54140625
0.2852339744567871,192,-0.30937499999999996
0.28636717796325684,193,-0.167578125
0.2875549793243408,194,-0.103125
0.2886791229248047,195,-0.33515625
0.2897791862487793,196,-0.4640625
0.2908761501312256,197,-0.37382812499999996
0.2919750213623047,198,0.0
0.2930610179901123,199,-0.02578125
0.2942371368408203,200,-0.0515625
0.2956230640411377,201,-0.20625
0.2970101833343506,202,-0.09023437499999999
0.2985091209411621,203,-0.8121093749999999
0.3000349998474121,204,-1.533984375
0.3014190196990967,205,-0.193359375
0.30286097526550293,206,-0.09023437499999999
0.3042571544647217,207,-0.18046874999999998
0.3067190647125244,208,-0.322265625
0.30846500396728516,209,-0.02578125
0.3098430633544922,210,-0.012890625
0.3123619556427002,211,-0.0515625
0.3140530586242676,212,-0.012890625
0.3153800964355469,213,-0.928125
0.3165600299835205,214,-1.5726562499999999
0.31773996353149414,215,-0.20625
0.3188760280609131,216,-0.270703125
0.32001209259033203,217,-0.20625
0.3211631774902344,218,-0.103125
0.3223130702972412,219,-0.322265625
0.3234529495239258,220,-0.36093749999999997
0.32473015785217285,221,-0.2578125
0.3261849880218506,222,0.0
0.3276829719543457,223,-0.09023437499999999
0.32923102378845215,224,-0.20625
0.3307349681854248,225,-0.064453125
0.3321800231933594,226,-0.95390625
0.3336210250854492,227,-1.6242187499999998
0.3355860710144043,228,-0.167578125
0.3379199504852295,229,-0.12890625
0.3395040035247803,230,-0.348046875
0.3410780429840088,231,-0.167578125
0.34308409690856934,232,-0.012890625
0.3446941375732422,233,-0.064453125
0.34595203399658203,234,-0.20625
0.34710001945495605,235,-0.20625
0.34835314750671387,236,-0.9410156249999999
0.34955596923828125,237,-1.5597656249999998
0.35068297386169434,238,-0.21914062499999998
0.35179710388183594,239,-0.28359375
0.35291099548339844,240,-0.167578125
0.3540070056915283,241,-0.167578125
0.35521602630615234,242,-0.20625
0.35668396949768066,243,-0.399609375
0.35825610160827637,244,-0.20625
0.359788179397583,245,-0.012890625
0.3612799644470215,246,-0.064453125
0.36266517639160156,247,-0.20625
0.364077091217041,248,-0.2578125
0.36595606803894043,249,-1.03125
0.36858201026916504,250,-1.65
0.3701059818267822,251,-0.193359375
0.37165212631225586,252,-0.103125
0.3737311363220215,253,-0.451171875
0.3753190040588379,254,-0.09023437499999999
0.3765840530395508,255,-0.012890625
0.37775611877441406,256,-0.0515625
0.37888097763061523,257,-0.20625
0.3800029754638672,258,-0.09023437499999999
0.3811919689178467,259,-0.7476562499999999
0.3823080062866211,260,-1.3921875
0.38341498374938965,261,-1.1214843749999999
0.38454413414001465,262,-0.103125
0.38573408126831055,263,-0.2578125
0.38713502883911133,264,-0.23203125
0.38881611824035645,265,-0.07734374999999999
0.3904001712799072,266,-0.20625
0.39191102981567383,267,-0.038671874999999994
0.3932650089263916,268,-0.012890625
0.3946220874786377,269,-0.0515625
0.39669203758239746,270,-0.193359375
0.3990051746368408,271,-0.29648437499999997
0.4005551338195801,272,-1.5726562499999999
0.40210509300231934,273,-0.2578125
0.40410804748535156,274,-0.20625
0.4058191776275635,275,-0.116015625
0.4071030616760254,276,-0.0515625
0.40828704833984375,277,0.0
0.40940117835998535,278,-0.012890625
0.4105110168457031,279,-0.103125
0.41174817085266113,280,-0.21914062499999998
0.4129171371459961,281,-0.23203125
0.41405701637268066,282,-0.502734375
0.4151911735534668,283,-1.16015625
0.4164090156555176,284,-1.65
0.4178121089935303,285,-0.18046874999999998
0.41933703422546387,286,-0.270703125
0.42096400260925293,287,-0.2578125
0.4225461483001709,288,-0.2578125
0.42394495010375977,289,-0.15468749999999998
0.4253370761871338,290,-0.012890625
0.4269709587097168,291,-0.012890625
0.42972898483276367,292,-0.02578125
0.4312911033630371,293,-0.2578125
0.43282103538513184,294,-1.2503906249999999
0.43471813201904297,295,-0.4125
0.4363980293273926,296,-0.24492187499999998
0.43778109550476074,297,-0.23203125
0.43894410133361816,298,-0.30937499999999996
0.44007301330566406,299,-0.37382812499999996
0.4411959648132324,300,-0.24492187499999998
0.44229698181152344,301,0.0
0.44341397285461426,302,-0.064453125
0.4445209503173828,303,-0.064453125
0.4456751346588135,304,-0.270703125
0.44684815406799316,305,-0.167578125
0.4483301639556885,306,-0.837890625
0.44975996017456055,307,-1.52109375
0.4513740539550781,308,-0.167578125
0.4529280662536621,309,-0.18046874999999998
0.45441603660583496,310,-0.20625
0.45582103729248047,311,-0.270703125
0.4576730728149414,312,-0.29648437499999997
0.4600529670715332,313,-0.103125
0.46164512634277344,314,-0.02578125
0.46313905715942383,315,-0.09023437499999999
0.46515917778015137,316,-0.43828124999999996
0.46674513816833496,317,-1.405078125
0.46811604499816895,318,-0.21914062499999998
0.46935296058654785,319,-0.20625
0.4705040454864502,320,-0.20625
0.4716169834136963,321,-0.0515625
0.4727511405944824,322,-0.36093749999999997
0.47387099266052246,323,-0.36093749999999997
0.47497010231018066,324,-0.116015625
0.47606801986694336,325,-0.012890625
0.47731900215148926,326,-0.12890625
0.4788351058959961,327,-0.23203125
0.4802560806274414,328,-0.103125
0.48177218437194824,329,-0.825
0.48328208923339844,330,-1.5082031249999999
0.48474597930908203,331,-0.18046874999999998
0.4861900806427002,332,-0.23203125
0.48810696601867676,333,-0.103125
0.49044299125671387,334,-0.36093749999999997
0.49204206466674805,335,0.21914062499999998
0.49372315406799316,336,-0.012890625
0.49578309059143066,337,-0.09023437499999999
0.4972701072692871,338,-0.02578125
0.4985790252685547,339,-0.889453125
0.4998049736022949,340,-1.5726562499999999
0.5009469985961914,341,-0.167578125
0.5021059513092041,342,-0.30937499999999996
0.5032429695129395,343,-0.30937499999999996
0.504357099533081,344,-0.02578125
0.5054700374603271,345,-0.30937499999999996
0.5065720081329346,346,-0.399609375
0.507789134979248,347,-0.29648437499999997
0.5092651844024658,348,0.012890625
0.5108811855316162,349,-0.064453125
0.5123381614685059,350,-0.21914062499999998
0.5138499736785889,351,-0.064453125
0.5152390003204346,352,-0.8765624999999999
0.5166599750518799,353,-1.585546875
0.5182681083679199,354,-0.20625
0.5206961631774902,355,-0.064453125
0.5223009586334229,356,-0.02578125
0.5236649513244629,357,-0.12890625
0.525590181350708,358,-0.012890625
0.5275120735168457,359,-0.012890625
0.5288960933685303,360,-0.12890625
0.5300581455230713,361,-0.02578125
0.5312020778656006,362,-0.7218749999999999
0.5323600769042969,363,-1.405078125
0.5393810272216797,364,-1.134375
0.5410339832305908,365,0.29648437499999997
0.5425450801849365,366,0.012890625
0.5441060066223145,367,-0.09023437499999999
0.5454831123352051,368,-0.167578125
0.546795129776001,369,-0.064453125
0.5482561588287354,370,-0.7476562499999999
0.550753116607666,371,-1.46953125
0.5524771213531494,372,-0.37382812499999996
0.5538380146026611,373,-0.21914062499999998
0.5556089878082275,374,0.0
0.5576879978179932,375,-0.2578125
0.5590579509735107,376,0.0
0.5602610111236572,377,-0.103125
0.561378002166748,378,-0.12890625
0.5624849796295166,379,-0.20625
0.5635700225830078,380,-0.2578125
0.5647101402282715,381,-0.9410156249999999
0.5658161640167236,382,-1.46953125
0.5669000148773193,383,0.0
0.5680761337280273,384,-0.15468749999999998
0.5692939758300781,385,-0.12890625
0.5707130432128906,386,-0.064453125
0.5722050666809082,387,-0.09023437499999999
0.5737800598144531,388,-0.167578125
0.575294017791748,389,-0.02578125
0.5765931606292725,390,-0.02578125
0.5779290199279785,391,-0.064453125
0.5794739723205566,392,-0.23203125
0.5821170806884766,393,-0.23203125
0.5839991569519043,394,-1.3921875
0.5854129791259766,395,-0.20625
0.5871031284332275,396,-0.28359375
0.5892679691314697,397,-0.02578125
0.5907430648803711,398,-0.038671874999999994
0.591933012008667,399,0.0
0.5930600166320801,400,-0.038671874999999994
0.5941851139068604,401,-0.038671874999999994
0.595344066619873,402,-0.270703125
0.5964529514312744,403,-0.167578125
0.5976359844207764,404,-0.69609375
0.5987601280212402,405,-1.340625
0.5999569892883301,406,-1.65
0.6013591289520264,407,-0.21914062499999998
0.602802038192749,408,-0.0515625
0.6043791770935059,409,-0.2578125
0.6059510707855225,410,-0.322265625
0.6073060035705566,411,-0.193359375
0.6088340282440186,412,-0.012890625
0.6106901168823242,413,-0.012890625
0.6129319667816162,414,-0.064453125
0.6144580841064453,415,-0.2578125
0.6159541606903076,416,-1.2503906249999999
0.6179230213165283,417,-1.095703125
0.6195950508117676,418,-0.37382812499999996
0.6209471225738525,419,-0.18046874999999998
0.6221790313720703,420,-0.322265625
0.6233370304107666,421,-0.37382812499999996
0.6244561672210693,422,-0.270703125
0.6255500316619873,423,0.0
0.6266450881958008,424,-0.0515625
0.6277811527252197,425,-0.07734374999999999
