time,count,voltage
0.0042150020599365234,1,-0.23203125
0.0055789947509765625,2,-0.24492187499999998
0.0068018436431884766,3,-0.09023437499999999
0.007947921752929688,4,-0.20625
0.009129047393798828,5,-0.116015625
0.010249853134155273,6,0.0
0.011350870132446289,7,0.0
0.012543916702270508,8,-0.038671874999999994
0.013792037963867188,9,-0.29648437499999997
0.01520395278930664,10,-0.270703125
0.016674041748046875,11,-0.9796874999999999
0.018182039260864258,12,-1.65
0.019903898239135742,13,-0.012890625
0.021525859832763672,14,-0.0515625
0.022894859313964844,15,-0.064453125
0.02417588233947754,16,-0.21914062499999998
0.02561783790588379,17,-0.167578125
0.026868820190429688,18,0.0
0.028131961822509766,19,0.012890625
0.048954010009765625,20,-0.02578125
0.05056595802307129,21,-0.30937499999999996
0.05218791961669922,22,0.0
0.05373883247375488,23,-0.064453125
0.05530881881713867,24,-0.21914062499999998
0.05668997764587402,25,-0.141796875
0.05791282653808594,26,-0.30937499999999996
0.05908989906311035,27,-0.15468749999999998
0.06023383140563965,28,0.012890625
0.06139087677001953,29,-0.012890625
0.06250882148742676,30,-0.012890625
0.06361699104309082,31,-0.270703125
0.06471490859985352,32,-0.348046875
0.06582093238830566,33,-0.8507812499999999
0.06692886352539062,34,-1.456640625
0.06805300712585449,35,-0.012890625
0.06920099258422852,36,-0.02578125
0.0712440013885498,37,-0.15468749999999998
0.07284998893737793,38,-0.270703125
0.0743398666381836,39,-0.23203125
0.07603693008422852,40,-0.103125
0.07750391960144043,41,0.0
0.07895588874816895,42,-0.012890625
0.08107399940490723,43,-0.167578125
0.08314895629882812,44,-0.270703125
0.08463692665100098,45,-1.482421875
0.08660292625427246,46,0.0
0.0884408950805664,47,-0.038671874999999994
0.08975601196289062,48,-0.064453125
0.09091997146606445,49,-0.37382812499999996
0.09208297729492188,50,-0.28359375
0.0932309627532959,51,0.0
0.09437799453735352,52,0.0
0.09549283981323242,53,-0.02578125
0.09659886360168457,54,-0.21914062499999998
0.09771490097045898,55,-0.322265625
0.09883403778076172,56,-0.5929687499999999
0.09998798370361328,57,-1.2890625
0.10122489929199219,58,-1.21171875
0.10269403457641602,59,-0.012890625
0.1041419506072998,60,-0.18046874999999998
0.10576295852661133,61,-0.270703125
0.1072540283203125,62,-0.02578125
0.10895395278930664,63,-0.038671874999999994
0.11088395118713379,64,0.0
0.11331582069396973,65,-0.012890625
0.11478281021118164,66,-0.2578125
0.11646890640258789,67,-0.7218749999999999
0.1185758113861084,68,-1.52109375
0.11994481086730957,69,-0.0515625
0.12112283706665039,70,-0.167578125
0.12226986885070801,71,-0.29648437499999997
0.12357902526855469,72,-0.103125
0.12475085258483887,73,-0.193359375
0.12594199180603027,74,-0.0515625
0.12705302238464355,75,0.0
0.12814784049987793,76,-0.012890625
0.12926793098449707,77,-0.02578125
0.1303720474243164,78,-0.36093749999999997
0.1315748691558838,79,-0.37382812499999996
0.13301587104797363,80,-0.9410156249999999
0.134552001953125,81,-1.6371093749999999
0.13612890243530273,82,-0.012890625
0.13766098022460938,83,-0.15468749999999998
0.13921189308166504,84,-0.2578125
0.14076495170593262,85,-0.29648437499999997
0.14279699325561523,86,-0.12890625
0.1450948715209961,87,0.0
0.14658689498901367,88,-0.012890625
0.14828085899353027,89,-0.30937499999999996
0.15047693252563477,90,-0.6703125
0.15203189849853516,91,-0.21914062499999998
0.15329694747924805,92,-0.103125
0.15444183349609375,93,-0.12890625
0.1555638313293457,94,-0.23203125
0.15668296813964844,95,-0.0515625
0.1578528881072998,96,-0.270703125
0.15907597541809082,97,-0.18046874999999998
0.16021084785461426,98,0.012890625
0.16131591796875,99,-0.012890625
0.1625068187713623,100,-0.038671874999999994
0.16399192810058594,101,-0.2578125
0.1655130386352539,102,-0.322265625
0.16707992553710938,103,-1.134375
0.16868996620178223,104,0.0
0.1700608730316162,105,0.0
0.1714489459991455,106,-0.20625
0.1732618808746338,107,-0.18046874999999998
0.17579984664916992,108,-0.193359375
0.1773369312286377,109,0.0
0.17874383926391602,110,-0.0515625
0.18062591552734375,111,-0.116015625
0.1825108528137207,112,-0.2578125
0.18381690979003906,113,-1.2503906249999999
0.18503999710083008,114,0.0
0.18616890907287598,115,-0.064453125
0.1872708797454834,116,-0.038671874999999994
0.1884758472442627,117,-0.2578125
0.18961691856384277,118,-0.116015625
0.19076204299926758,119,-0.42539062499999997
0.19186997413635254,120,-0.33515625
0.19306302070617676,121,0.012890625
0.19446396827697754,122,0.012890625
0.19594192504882812,123,-0.02578125
0.19761085510253906,124,-0.2578125
0.19930696487426758,125,-0.30937499999999996
0.20071983337402344,126,-1.340625
0.2021169662475586,127,0.0
0.20359086990356445,128,-0.012890625
0.2063758373260498,129,-0.167578125
0.20799684524536133,130,-0.322265625
0.20946097373962402,131,0.07734374999999999
0.21135592460632324,132,0.0
0.21313095092773438,133,-0.012890625
0.21449899673461914,134,-0.30937499999999996
0.21567893028259277,135,-0.580078125
0.2168598175048828,136,-1.327734375
0.21799087524414062,137,-0.012890625
0.21913886070251465,138,0.0
0.22025704383850098,139,-0.141796875
0.2214348316192627,140,-0.2578125
0.22259998321533203,141,-0.167578125
0.22383785247802734,142,-0.30937499999999996
0.22526884078979492,143,-0.29648437499999997
0.22674298286437988,144,0.0
0.2283179759979248,145,0.0
0.23002195358276367,146,-0.012890625
0.2314319610595703,147,-0.29648437499999997
0.2328779697418213,148,-0.79921875
0.23464298248291016,149,-1.546875
0.23714900016784668,150,0.0
0.2387399673461914,151,-0.21914062499999998
0.2402629852294922,152,-0.15468749999999998
0.24226093292236328,153,-0.29648437499999997
0.24393200874328613,154,0.012890625
0.24526381492614746,155,0.0
0.24646997451782227,156,-0.103125
0.24760103225708008,157,-0.29648437499999997
0.24877095222473145,158,-0.5285156249999999
0.24990296363830566,159,-1.2374999999999998
0.25101184844970703,160,-1.65
0.2521228790283203,161,0.0
0.2532320022583008,162,-0.064453125
0.25448083877563477,163,-0.12890625
0.25590085983276367,164,-0.23203125
0.25734400749206543,165,-0.348046875
0.25887084007263184,166,-0.23203125
0.2604079246520996,167,0.0
0.2619168758392334,168,0.0
0.2633399963378906,169,-0.064453125
0.2650020122528076,170,-0.270703125
0.2674229145050049,171,-0.734765625
0.2691309452056885,172,0.0
0.27063488960266113,173,-0.21914062499999998
0.272536039352417,174,-0.29648437499999997
0.27434587478637695,175,0.0
0.2756659984588623,176,0.167578125
0.27691102027893066,177,0.012890625
0.27805399894714355,178,0.0
0.2792239189147949,179,-0.02578125
0.2803809642791748,180,-0.30937499999999996
0.28150486946105957,181,-0.30937499999999996
0.28261494636535645,182,-0.928125
0.28371095657348633,183,-1.533984375
0.2849700450897217,184,0.0
0.2864358425140381,185,0.0
0.287869930267334,186,0.0
0.28939294815063477,187,-0.2578125
0.29092884063720703,188,-0.28359375
0.2923319339752197,189,-0.064453125
0.29372191429138184,190,0.0
0.2951509952545166,191,0.0
0.297745943069458,192,-0.0515625
0.2993760108947754,193,-0.20625
0.30079102516174316,194,-1.340625
0.3027629852294922,195,0.0
0.304548978805542,196,-0.193359375
0.3058760166168213,197,-0.322265625
0.30704283714294434,198,-0.37382812499999996
0.3081858158111572,199,-0.348046875
0.30944204330444336,200,-0.12890625
0.3105788230895996,201,-0.012890625
0.31169581413269043,202,-0.012890625
0.3128478527069092,203,-0.064453125
0.3139529228210449,204,-0.38671875
0.3151419162750244,205,-0.399609375
0.31662583351135254,206,-1.069921875
0.31814002990722656,207,-1.65
0.31997203826904297,208,-0.09023437499999999
0.32151293754577637,209,0.0
0.32291197776794434,210,-0.167578125
0.3243708610534668,211,-0.18046874999999998
0.3266019821166992,212,-0.07734374999999999
0.32878994941711426,213,0.0
0.33025693893432617,214,-0.064453125
0.3319108486175537,215,-0.29648437499999997
0.3343498706817627,216,-0.9152343749999999
0.33573389053344727,217,0.0
0.3368968963623047,218,-0.21914062499999998
0.3380289077758789,219,-0.167578125
0.33922290802001953,220,-0.12890625
0.3409450054168701,221,-0.322265625
0.34218883514404297,222,-0.09023437499999999
0.3433568477630615,223,0.0
0.34450197219848633,224,-0.012890625
0.3457179069519043,225,-0.012890625
0.3471238613128662,226,-0.2578125
0.3486759662628174,227,-0.270703125
0.350369930267334,228,-1.069921875
0.3519279956817627,229,-0.103125
0.353273868560791,230,-0.02578125
0.3546438217163086,231,-0.12890625
0.35646986961364746,232,-0.18046874999999998
0.359158992767334,233,-0.30937499999999996
0.36076998710632324,234,0.0
0.3623018264770508,235,-0.02578125
0.36436986923217773,236,-0.167578125
0.3660109043121338,237,-0.193359375
0.36729884147644043,238,-1.327734375
0.36855483055114746,239,0.0
0.36969685554504395,240,-0.0515625
0.37081003189086914,241,-0.103125
0.37194299697875977,242,-0.322265625
0.3730738162994385,243,-0.12890625
0.37419795989990234,244,-0.37382812499999996
0.37532997131347656,245,-0.270703125
0.37655091285705566,246,0.0
0.37798285484313965,247,-0.012890625
0.37944793701171875,248,-0.012890625
0.38104796409606934,249,-0.322265625
0.3826780319213867,250,-0.399609375
0.3840930461883545,251,-1.405078125
0.3855278491973877,252,0.0
0.38691282272338867,253,0.0
0.3896830081939697,254,-0.15468749999999998
0.3913898468017578,255,-0.37382812499999996
0.39289283752441406,256,0.12890625
0.3946099281311035,257,0.012890625
0.39621686935424805,258,0.0
0.39788198471069336,259,-0.322265625
0.3998680114746094,260,-0.515625
0.4014918804168701,261,-1.5597656249999998
0.40279197692871094,262,-0.167578125
0.4040229320526123,263,0.0
0.4051659107208252,264,-0.270703125
0.4063539505004883,265,-0.15468749999999998
0.40758800506591797,266,-0.42539062499999997
0.4091949462890625,267,-0.29648437499999997
0.410660982131958,268,0.0
0.412308931350708,269,-0.02578125
0.41376399993896484,270,-0.12890625
0.4151458740234375,271,-0.270703125
0.41643190383911133,272,-0.9796874999999999
0.41876888275146484,273,-1.65
0.42073583602905273,274,0.0
0.4222078323364258,275,-0.21914062499999998
0.42410802841186523,276,-0.103125
0.42604589462280273,277,-0.103125
0.4273998737335205,278,0.0
0.4286229610443115,279,-0.02578125
0.42983102798461914,280,-0.12890625
0.4312748908996582,281,-0.322265625
0.4324169158935547,282,-0.7863281249999999
0.43354296684265137,283,-1.4437499999999999
0.4346590042114258,284,-0.12890625
0.435748815536499,285,-0.02578125
0.4368879795074463,286,-0.141796875
0.43810200691223145,287,-0.2578125
0.43970489501953125,288,-0.064453125
0.44130802154541016,289,-0.18046874999999998
0.4427039623260498,290,0.038671874999999994
0.44417786598205566,291,0.0
0.44562387466430664,292,-0.0515625
0.4471108913421631,293,-0.20625
0.4491410255432129,294,-0.24492187499999998
0.45142197608947754,295,-1.044140625
0.4529409408569336,296,0.0
0.45450901985168457,297,-0.141796875
0.4565408229827881,298,-0.21914062499999998
0.4582068920135498,299,-0.18046874999999998
0.4595639705657959,300,0.20625
0.46074795722961426,301,0.012890625
0.4619448184967041,302,-0.02578125
0.46306300163269043,303,-0.20625
0.4641740322113037,304,-0.399609375
0.4652748107910156,305,-0.502734375
0.46637892723083496,306,-1.224609375
0.46747684478759766,307,-1.65
0.4686849117279053,308,0.0
0.4701569080352783,309,0.0
0.4716529846191406,310,-0.20625
0.4732630252838135,311,-0.103125
0.4748108386993408,312,-0.36093749999999997
0.4762740135192871,313,-0.012890625
0.47774696350097656,314,-0.012890625
0.4794149398803711,315,-0.012890625
0.4819369316101074,316,-0.270703125
0.4835648536682129,317,-0.7218749999999999
0.4849679470062256,318,-0.012890625
0.486832857131958,319,0.0
0.4887559413909912,320,-0.12890625
0.4900929927825928,321,-0.12890625
0.49126696586608887,322,-0.2578125
0.4924628734588623,323,-0.116015625
0.4936039447784424,324,0.0
0.49474287033081055,325,0.0
0.4958479404449463,326,-0.02578125
0.4969489574432373,327,-0.28359375
0.49805784225463867,328,-0.36093749999999997
0.4992649555206299,329,-0.90234375
0.5007438659667969,330,-1.5082031249999999
0.5022728443145752,331,0.0
0.5049660205841064,332,-0.193359375
0.5065329074859619,333,-0.20625
0.5080428123474121,334,-0.399609375
0.5099139213562012,335,-0.167578125
0.5123870372772217,336,-0.012890625
0.5139620304107666,337,-0.167578125
0.5154139995574951,338,-0.20625
0.5174510478973389,339,-1.044140625
0.5192999839782715,340,-0.103125
0.5205998420715332,341,-0.116015625
0.5217788219451904,342,-0.2578125
0.522913932800293,343,-0.12890625
0.524075984954834,344,-0.4125
0.5251920223236084,345,-0.33515625
0.5263798236846924,346,0.0
0.5274889469146729,347,-0.012890625
0.5286538600921631,348,-0.02578125
0.5299220085144043,349,-0.167578125
0.531364917755127,350,-0.322265625
0.5328369140625,351,-0.7476562499999999
0.5344769954681396,352,-1.546875
0.5360398292541504,353,0.0
0.5374739170074463,354,-0.15468749999999998
0.5388970375061035,355,-0.29648437499999997
0.5407488346099854,356,-0.103125
0.5433499813079834,357,-0.167578125
0.5448458194732666,358,0.012890625
0.5464019775390625,359,-0.012890625
0.5485570430755615,360,-0.33515625
0.5501649379730225,361,-0.69609375
0.551440954208374,362,0.0
0.5525879859924316,363,-0.012890625
0.5537159442901611,364,-0.167578125
0.5548288822174072,365,-0.29648437499999997
0.5559630393981934,366,-0.103125
0.5570969581604004,367,-0.21914062499999998
0.5582289695739746,368,-0.270703125
0.55942702293396,369,-0.064453125
0.5606648921966553,370,-0.012890625
0.562086820602417,371,-0.038671874999999994
0.5635290145874023,372,-0.12890625
0.565133810043335,373,-0.322265625
0.5667359828948975,374,-0.9152343749999999
0.5681819915771484,375,-0.992578125
0.5697188377380371,376,-0.064453125
0.5715668201446533,377,-0.09023437499999999
0.5741658210754395,378,-0.2578125
0.5756809711456299,379,-0.02578125
0.5772519111633301,380,0.0
0.579291820526123,381,-0.012890625
0.5809078216552734,382,-0.18046874999999998
0.5821688175201416,383,-0.37382812499999996
0.5833530426025391,384,-1.21171875
0.5845398902893066,385,-0.28359375
0.5856659412384033,386,0.0
0.5867609977722168,387,-0.2578125
0.5878598690032959,388,-0.18046874999999998
0.5890548229217529,389,-0.167578125
0.5901689529418945,390,-0.33515625
0.5914080142974854,391,-0.4125
0.5928390026092529,392,-0.193359375
0.5942919254302979,393,0.012890625
0.5958118438720703,394,-0.0515625
0.5974948406219482,395,-0.21914062499999998
0.5989868640899658,396,-0.322265625
0.600618839263916,397,-1.2374999999999998
0.6025588512420654,398,-0.064453125
0.6049330234527588,399,0.0
0.6065149307250977,400,-0.167578125
0.6081578731536865,401,-0.36093749999999997
0.6102778911590576,402,-0.116015625
0.6117269992828369,403,-0.012890625
0.6130340099334717,404,-0.064453125
0.6141848564147949,405,-0.29648437499999997
0.6153340339660645,406,-0.4640625
0.616480827331543,407,-1.198828125
0.6175940036773682,408,-1.65
0.6187198162078857,409,0.0
0.6198248863220215,410,-0.0515625
0.6209919452667236,411,-0.167578125
0.6221859455108643,412,-0.28359375
0.6236348152160645,413,-0.116015625
0.6251218318939209,414,-0.141796875
0.6270058155059814,415,0.012890625
0.6287059783935547,416,0.0
0.63018798828125,417,-0.12890625
0.6315929889678955,418,-0.322265625
0.6337339878082275,419,-0.90234375
0.6357920169830322,420,-1.65
0.6373159885406494,421,-0.20625
0.6395478248596191,422,-0.322265625
0.6415669918060303,423,0.0
0.6429488658905029,424,0.399609375
0.6441679000854492,425,-0.012890625
0.6453368663787842,426,-0.012890625
0.6464869976043701,427,-0.167578125
0.6476118564605713,428,-0.399609375
0.6487610340118408,429,-0.580078125
0.649871826171875,430,-1.26328125
0.6509668827056885,431,-0.6187499999999999
0.6521768569946289,432,0.0
0.653580904006958,433,-0.167578125
0.6550958156585693,434,-0.20625
0.6566088199615479,435,-0.103125
0.658099889755249,436,-0.37382812499999996
0.6598048210144043,437,-0.064453125
0.6613810062408447,438,-0.012890625
0.6628599166870117,439,-0.012890625
0.6655440330505371,440,-0.28359375
0.6672568321228027,441,-0.79921875
0.6687109470367432,442,0.0
0.6705620288848877,443,-0.103125
0.6724328994750977,444,-0.12890625
0.6738078594207764,445,-0.12890625
