time,count,voltage
0.005853891372680664,1,-0.064453125
0.007358074188232422,2,-0.15468749999999998
0.008749008178710938,3,-0.4125
0.010101079940795898,4,-1.1859374999999999
0.011450052261352539,5,-1.65
0.012778043746948242,6,-0.2578125
0.014234066009521484,7,-0.20625
0.015619993209838867,8,-0.167578125
0.017193078994750977,9,-0.2578125
0.01891303062438965,10,-0.24492187499999998
0.02058696746826172,11,-0.012890625
0.02229905128479004,12,-0.103125
0.02391195297241211,13,-0.20625
0.025564908981323242,14,-0.2578125
0.02700185775756836,15,-1.1859374999999999
0.028382062911987305,16,-1.65
0.029757976531982422,17,-0.322265625
0.031116008758544922,18,-0.2578125
0.032640933990478516,19,-0.103125
0.0343630313873291,20,-0.4125
0.036264896392822266,21,-0.21914062499999998
0.037976980209350586,22,-0.02578125
0.03962588310241699,23,-0.064453125
0.0412600040435791,24,-0.167578125
0.04290890693664551,25,-0.734765625
0.04474592208862305,26,-1.52109375
0.04654407501220703,27,-0.322265625
0.0482020378112793,28,-0.20625
0.05094408988952637,29,-0.15468749999999998
0.0531160831451416,30,-0.012890625
0.05477190017700195,31,-0.038671874999999994
0.05658292770385742,32,-0.09023437499999999
0.05881690979003906,33,-0.141796875
0.06067204475402832,34,-0.95390625
0.062139034271240234,35,-0.6832031249999999
0.0635368824005127,36,-0.37382812499999996
0.06501507759094238,37,-0.29648437499999997
0.06637692451477051,38,0.0
0.06770491600036621,39,-0.2578125
0.06904006004333496,40,-0.193359375
0.07037496566772461,41,-0.012890625
0.07169508934020996,42,-0.12890625
0.07300901412963867,43,-0.20625
0.0744929313659668,44,-0.20625
0.07584905624389648,45,-0.7734375
0.07700204849243164,46,-1.405078125
0.07812094688415527,47,-0.515625
0.0792229175567627,48,-0.29648437499999997
0.08032608032226562,49,-0.23203125
0.08141803741455078,50,-0.21914062499999998
0.08251190185546875,51,-0.07734374999999999
0.08360600471496582,52,-0.4125
0.08471488952636719,53,-0.43828124999999996
0.08581900596618652,54,-0.33515625
0.08690786361694336,55,-0.012890625
0.08799886703491211,56,-0.141796875
0.08908700942993164,57,-0.20625
0.09016799926757812,58,-0.29648437499999997
0.09134197235107422,59,-0.322265625
0.09252500534057617,60,-0.992578125
0.09411406517028809,61,-1.4953124999999998
0.09570503234863281,62,-0.348046875
0.09736990928649902,63,-0.20625
0.09881305694580078,64,-0.103125
0.1002039909362793,65,-0.322265625
0.10161685943603516,66,-0.29648437499999997
0.10412788391113281,67,-0.167578125
0.1059260368347168,68,-0.07734374999999999
0.1073770523071289,69,-0.167578125
0.10934591293334961,70,-0.4125
0.1110689640045166,71,-1.3019531249999998
0.11234188079833984,72,-0.2578125
0.11351704597473145,73,-0.0515625
0.11473798751831055,74,-0.30937499999999996
0.11587691307067871,75,-0.116015625
0.11699700355529785,76,-0.4125
0.11810898780822754,77,-0.399609375
0.11920499801635742,78,-0.322265625
0.12029790878295898,79,-0.012890625
0.12145805358886719,80,-0.103125
0.12279891967773438,81,-0.23203125
0.12422490119934082,82,-0.29648437499999997
0.1257619857788086,83,-0.631640625
0.12726998329162598,84,-1.340625
0.12864995002746582,85,-0.399609375
0.13006997108459473,86,-0.103125
0.1323249340057373,87,-0.2578125
0.13433003425598145,88,-0.270703125
0.1358020305633545,89,0.09023437499999999
0.13739299774169922,90,-0.02578125
0.13934993743896484,91,-0.116015625
0.14082908630371094,92,-0.20625
0.14205002784729004,93,-0.580078125
0.14319586753845215,94,-1.21171875
0.14441299438476562,95,-1.65
0.14557695388793945,96,-0.2578125
0.14675092697143555,97,-0.322265625
0.1478738784790039,98,-0.23203125
0.14898300170898438,99,-0.18046874999999998
0.15008807182312012,100,-0.48984374999999997
0.15118908882141113,101,-0.515625
0.15234708786010742,102,-0.37382812499999996
0.1537179946899414,103,-0.012890625
0.1552419662475586,104,-0.116015625
0.15672993659973145,105,-0.20625
0.15830087661743164,106,-0.103125
0.15973806381225586,107,-0.889453125
0.16116595268249512,108,-1.5984375
0.16309785842895508,109,-0.20625
0.16544103622436523,110,-0.20625
0.16696500778198242,111,-0.36093749999999997
0.16842103004455566,112,-0.2578125
0.1703329086303711,113,-0.12890625
0.17206096649169922,114,-0.103125
0.17333388328552246,115,-0.20625
0.174530029296875,116,-0.0515625
0.17566204071044922,117,-0.79921875
0.17678189277648926,118,-1.353515625
0.1778879165649414,119,-1.65
0.1789839267730713,120,-0.20625
0.18008089065551758,121,-0.21914062499999998
0.18119597434997559,122,-0.28359375
0.18235993385314941,123,-0.103125
0.18374109268188477,124,-0.4640625
0.18531203269958496,125,-0.37382812499999996
0.18683195114135742,126,-0.02578125
0.18837690353393555,127,-0.0515625
0.18980097770690918,128,-0.23203125
0.19126605987548828,129,-0.103125
0.19304800033569336,130,-0.7734375
0.19544005393981934,131,-1.4953124999999998
0.19704008102416992,132,-0.33515625
0.19841790199279785,133,-0.270703125
0.20021486282348633,134,-0.21914062499999998
0.20212602615356445,135,-0.193359375
0.20346999168395996,136,-0.02578125
0.20466899871826172,137,-0.09023437499999999
0.20581793785095215,138,-0.193359375
0.20692801475524902,139,-0.30937499999999996
0.20803594589233398,140,-0.348046875
0.2091360092163086,141,-1.03125
0.21023297309875488,142,-1.52109375
0.21134090423583984,143,-0.4125
0.21250700950622559,144,-0.2578125
0.21396493911743164,145,-0.0515625
0.21542787551879883,146,-0.28359375
0.21689701080322266,147,-0.322265625
0.21845793724060059,148,-0.348046875
0.2199108600616455,149,-0.103125
0.22138595581054688,150,-0.0515625
0.22279691696166992,151,-0.103125
0.22529888153076172,152,-0.21914062499999998
0.22710394859313965,153,-0.837890625
0.22850799560546875,154,-1.16015625
0.2302079200744629,155,-0.4125
0.23213887214660645,156,-0.21914062499999998
0.2335360050201416,157,-0.399609375
0.23473405838012695,158,-0.30937499999999996
0.23587703704833984,159,-0.193359375
0.2370009422302246,160,-0.0515625
0.2381119728088379,161,-0.12890625
0.23920989036560059,162,-0.20625
0.24030399322509766,163,-0.28359375
0.24144792556762695,164,-0.4125
0.24261188507080078,165,-1.069921875
0.24426794052124023,166,-1.5726562499999999
0.24583792686462402,167,-0.24492187499999998
0.2473468780517578,168,-0.193359375
0.24893498420715332,169,-0.12890625
0.2503640651702881,170,-0.2578125
0.2518959045410156,171,-0.2578125
0.25406599044799805,172,-0.09023437499999999
0.25644993782043457,173,-0.09023437499999999
0.257951021194458,174,-0.0515625
0.25958895683288574,175,-0.7734375
0.2617340087890625,176,-1.4308593749999998
0.263293981552124,177,-0.2578125
0.26456499099731445,178,-0.20625
0.2657289505004883,179,-0.116015625
0.26685595512390137,180,-0.43828124999999996
0.26798391342163086,181,-0.43828124999999996
0.2691330909729004,182,-0.33515625
0.27026796340942383,183,-0.012890625
0.271373987197876,184,-0.103125
0.2725560665130615,185,-0.24492187499999998
0.27408409118652344,186,-0.33515625
0.27557897567749023,187,-0.4640625
0.2771570682525635,188,-1.2890625
0.27878403663635254,189,-0.4640625
0.28024792671203613,190,-0.2578125
0.28168392181396484,191,-0.270703125
0.2835829257965088,192,0.0
0.2862980365753174,193,-0.21914062499999998
0.2878730297088623,194,-0.012890625
0.28937602043151855,195,-0.064453125
0.29141902923583984,196,-0.270703125
0.29305386543273926,197,-0.64453125
0.29445695877075195,198,-1.5726562499999999
0.29564595222473145,199,-0.29648437499999997
0.2967948913574219,200,-0.12890625
0.2979130744934082,201,-0.23203125
0.299030065536499,202,-0.141796875
0.3001708984375,203,-0.48984374999999997
0.301332950592041,204,-0.476953125
0.30244994163513184,205,-0.322265625
0.3036658763885498,206,-0.02578125
0.30515098571777344,207,-0.141796875
0.30658507347106934,208,-0.21914062499999998
0.3082458972930908,209,-0.116015625
0.30989694595336914,210,-0.8765624999999999
0.31133508682250977,211,-1.6371093749999999
0.31276607513427734,212,-0.21914062499999998
0.3143608570098877,213,-0.167578125
0.3170199394226074,214,-0.141796875
0.3187570571899414,215,-0.18046874999999998
0.3202378749847412,216,-0.012890625
0.32329607009887695,217,-0.064453125
0.3252739906311035,218,-0.12890625
0.32686805725097656,219,-0.95390625
0.3284749984741211,220,-1.65
0.3300330638885498,221,-0.4125
0.3316819667816162,222,-0.2578125
0.3333868980407715,223,-0.02578125
0.33516407012939453,224,-0.15468749999999998
0.33712196350097656,225,0.038671874999999994
0.33901405334472656,226,-0.103125
0.34116387367248535,227,-0.193359375
0.3437509536743164,228,-0.580078125
0.3466639518737793,229,-1.65
0.34914588928222656,230,-0.103125
0.3514280319213867,231,-0.167578125
0.353895902633667,232,0.012890625
0.3556020259857178,233,-0.09023437499999999
0.35722899436950684,234,-0.21914062499999998
0.35885000228881836,235,-0.33515625
0.36039304733276367,236,-1.224609375
0.3619499206542969,237,-0.7863281249999999
0.3636140823364258,238,-0.399609375
0.3655529022216797,239,-0.270703125
0.3675260543823242,240,-0.322265625
0.36960792541503906,241,-0.103125
0.37161707878112793,242,-0.012890625
0.37369489669799805,243,-0.12890625
0.37609004974365234,244,-0.012890625
0.37882494926452637,245,-1.095703125
0.38092494010925293,246,-0.37382812499999996
0.3829660415649414,247,-0.20625
0.3854210376739502,248,-0.4125
0.387584924697876,249,0.07734374999999999
0.38923096656799316,250,-0.07734374999999999
0.390610933303833,251,-0.20625
0.3919370174407959,252,-0.42539062499999997
0.3933069705963135,253,-1.147265625
0.39481496810913086,254,-1.65
0.3965458869934082,255,-0.30937499999999996
0.39830994606018066,256,-0.270703125
0.3999359607696533,257,-0.116015625
0.4013509750366211,258,-0.167578125
0.40271496772766113,259,-0.02578125
0.40495896339416504,260,-0.02578125
0.4067859649658203,261,-0.064453125
0.4083120822906494,262,-0.02578125
0.4096519947052002,263,-0.889453125
0.41103100776672363,264,-1.5597656249999998
0.4137759208679199,265,-0.23203125
0.41582489013671875,266,-0.29648437499999997
0.4177870750427246,267,-0.20625
0.42014002799987793,268,-0.064453125
0.42168092727661133,269,-0.07734374999999999
0.4228959083557129,270,-0.20625
0.4240589141845703,271,-0.12890625
0.4252889156341553,272,-0.64453125
0.4267089366912842,273,-1.26328125
0.42816901206970215,274,-1.65
0.429779052734375,275,-0.28359375
0.4311549663543701,276,-0.2578125
0.4325129985809326,277,-0.12890625
0.4338500499725342,278,-0.399609375
0.4364960193634033,279,-0.37382812499999996
0.438262939453125,280,-0.012890625
0.4398338794708252,281,-0.167578125
0.4419119358062744,282,-0.116015625
0.44339609146118164,283,-0.95390625
0.44464707374572754,284,-1.65
0.4458320140838623,285,-0.270703125
0.44695591926574707,286,-0.193359375
0.448091983795166,287,-0.2578125
0.44919705390930176,288,-0.09023437499999999
0.45030689239501953,289,-0.37382812499999996
0.4514460563659668,290,-0.37382812499999996
0.4527699947357178,291,-0.29648437499999997
0.4540140628814697,292,-0.02578125
0.45523595809936523,293,-0.09023437499999999
0.4566218852996826,294,-0.29648437499999997
0.45807790756225586,295,-0.15468749999999998
0.45967793464660645,296,-0.9152343749999999
0.4611489772796631,297,-1.585546875
0.4625210762023926,298,-0.270703125
0.4639730453491211,299,-0.12890625
0.4664878845214844,300,-0.21914062499999998
0.4683718681335449,301,-0.012890625
0.4701230525970459,302,0.2578125
0.47216296195983887,303,-0.0515625
0.4735090732574463,304,-0.20625
0.4747130870819092,305,-0.23203125
0.47594594955444336,306,-0.9410156249999999
0.4771280288696289,307,-1.546875
0.4782750606536865,308,-0.4640625
0.4793970584869385,309,-0.33515625
0.48050689697265625,310,-0.193359375
0.48161888122558594,311,-0.193359375
0.482712984085083,312,-0.2578125
0.48389506340026855,313,-0.43828124999999996
0.4850199222564697,314,-0.4125
0.48626208305358887,315,-0.167578125
0.4876720905303955,316,-0.02578125
0.4891068935394287,317,-0.064453125
0.4906349182128906,318,-0.20625
0.49219703674316406,319,-0.399609375
0.4935739040374756,320,-1.21171875
0.4951639175415039,321,-1.0828125
0.49746108055114746,322,-0.4125
0.5000240802764893,323,-0.193359375
0.5018038749694824,324,-0.21914062499999998
0.5039370059967041,325,-0.012890625
0.5053219795227051,326,-0.103125
0.5064859390258789,327,-0.20625
0.5076260566711426,328,-0.103125
0.5087969303131104,329,-0.7476562499999999
0.5099198818206787,330,-1.327734375
0.5110390186309814,331,-1.65
0.5121819972991943,332,-0.270703125
0.5132908821105957,333,-0.2578125
0.5144519805908203,334,-0.23203125
0.5155620574951172,335,-0.0515625
0.5167899131774902,336,-0.4640625
0.5181798934936523,337,-0.4640625
0.5196249485015869,338,-0.270703125
0.521169900894165,339,-0.012890625
0.5225770473480225,340,-0.103125
0.5240988731384277,341,-0.20625
0.5256829261779785,342,-0.476953125
0.5283229351043701,343,-1.2890625
0.5299489498138428,344,-0.48984374999999997
0.5318028926849365,345,-0.322265625
0.5343019962310791,346,-0.09023437499999999
0.5358898639678955,347,0.20625
0.5371160507202148,348,-0.02578125
0.5382540225982666,349,-0.12890625
0.5394198894500732,350,-0.270703125
0.5405430793762207,351,-0.322265625
0.5417320728302002,352,-0.5929687499999999
0.5428540706634521,353,-1.224609375
0.5439729690551758,354,-1.65
0.5451040267944336,355,-0.21914062499999998
0.5462160110473633,356,-0.270703125
0.5474469661712646,357,-0.23203125
0.5489358901977539,358,-0.167578125
0.5504550933837891,359,-0.20625
0.5521528720855713,360,-0.167578125
0.553602933883667,361,-0.02578125
0.5551559925079346,362,-0.103125
0.5567600727081299,363,-0.21914062499999998
0.5594990253448486,364,-0.103125
0.5611569881439209,365,-1.26328125
0.5628790855407715,366,-0.29648437499999997
0.565087080001831,367,-0.20625
0.5664598941802979,368,-0.0515625
0.5676679611206055,369,-0.167578125
0.5688309669494629,370,-0.12890625
0.5699470043182373,371,-0.02578125
0.5710649490356445,372,-0.103125
0.5722150802612305,373,-0.103125
0.5733680725097656,374,-0.270703125
0.5745279788970947,375,-0.29648437499999997
0.5756969451904297,376,-0.9410156249999999
0.5768289566040039,377,-1.456640625
0.5780050754547119,378,-0.42539062499999997
0.5794820785522461,379,-0.322265625
0.580981969833374,380,-0.103125
0.5826199054718018,381,-0.167578125
0.5841629505157471,382,-0.4125
0.5856289863586426,383,-0.2578125
0.58707594871521,384,-0.012890625
0.5898640155792236,385,-0.15468749999999998
0.5914759635925293,386,-0.0515625
0.5931448936462402,387,-0.8507812499999999
0.5951299667358398,388,-1.5597656249999998
0.5967719554901123,389,-0.30937499999999996
0.5980229377746582,390,-0.116015625
0.5991990566253662,391,-0.09023437499999999
0.6003298759460449,392,-0.37382812499999996
0.6014430522918701,393,-0.399609375
0.6025500297546387,394,-0.28359375
0.6036510467529297,395,-0.012890625
0.6048870086669922,396,-0.15468749999999998
0.6060068607330322,397,-0.270703125
0.6071228981018066,398,-0.270703125
0.6083419322967529,399,-0.554296875
0.6097478866577148,400,-1.16015625
0.6112160682678223,401,-1.65
0.6128370761871338,402,-0.23203125
0.6145670413970947,403,-0.2578125
0.6160030364990234,404,-0.064453125
0.6174380779266357,405,-0.33515625
0.6199018955230713,406,-0.2578125
0.6219480037689209,407,-0.012890625
0.6235129833221436,408,-0.20625
0.6257500648498535,409,-0.09023437499999999
0.6273300647735596,410,-1.147265625
0.6285979747772217,411,-0.48984374999999997
0.6298089027404785,412,-0.36093749999999997
0.6309399604797363,413,-0.270703125
0.6320469379425049,414,-0.12890625
0.6331479549407959,415,-0.38671875
0.6342649459838867,416,-0.4640625
0.6354379653930664,417,-0.37382812499999996
0.6365599632263184,418,-0.0515625
0.6377298831939697,419,-0.09023437499999999
0.6389329433441162,420,-0.103125
0.6403579711914062,421,-0.322265625
0.6418039798736572,422,-0.38671875
0.6434528827667236,423,-1.147265625
0.6450800895690918,424,-1.65
0.646583080291748,425,-0.37382812499999996
0.6482088565826416,426,-0.28359375
0.6510450839996338,427,0.0
0.652656078338623,428,0.28359375
0.6547110080718994,429,-0.012890625
0.6565279960632324,430,-0.0515625
0.6578049659729004,431,-0.02578125
0.6589579582214355,432,-0.7476562499999999
0.660085916519165,433,-1.340625
0.6612739562988281,434,-1.611328125
0.662895917892456,435,-0.322265625
0.6641058921813965,436,-0.2578125
0.6652419567108154,437,-0.09023437499999999
0.6663599014282227,438,-0.322265625
0.6674818992614746,439,-0.4640625
0.6686599254608154,440,-0.38671875
0.6699299812316895,441,-0.012890625
0.6714069843292236,442,-0.09023437499999999
0.6729180812835693,443,-0.167578125
0.6747050285339355,444,-0.12890625
0.6761829853057861,445,-0.863671875
0.6776669025421143,446,-1.5597656249999998
0.6792740821838379,447,-0.2578125
0.6817750930786133,448,-0.20625
0.6833579540252686,449,-0.0515625
0.685142993927002,450,-0.103125
0.6872179508209229,451,-0.012890625
0.6887490749359131,452,-0.116015625
0.6899268627166748,453,-0.20625
0.6910629272460938,454,-0.103125
0.6922080516815186,455,-0.8121093749999999
0.6933748722076416,456,-1.3664062499999998
0.6945209503173828,457,-1.65
0.6956279277801514,458,-0.23203125
0.6967289447784424,459,-0.15468749999999998
0.6978390216827393,460,-0.23203125
0.6989450454711914,461,-0.116015625
0.7001440525054932,462,-0.4640625
0.7015979290008545,463,-0.43828124999999996
0.7031080722808838,464,-0.2578125
0.7047710418701172,465,-0.02578125
0.706212043762207,466,-0.167578125
0.7075989246368408,467,-0.167578125
0.7090139389038086,468,-0.708984375
0.7119300365447998,469,-1.3792968749999999
0.7139508724212646,470,-0.5671875
0.7154929637908936,471,-0.12890625
0.7173230648040771,472,-0.29648437499999997
0.7194159030914307,473,-0.167578125
0.7208218574523926,474,-0.0515625
0.7219929695129395,475,-0.064453125
0.7231059074401855,476,-0.29648437499999997
0.7243640422821045,477,-0.12890625
0.7255160808563232,478,-0.7863281249999999
0.7266600131988525,479,-1.405078125
0.7277600765228271,480,-1.16015625
0.7288579940795898,481,-0.28359375
0.7300570011138916,482,-0.12890625
0.7317409515380859,483,-0.28359375
0.7336010932922363,484,-0.012890625
0.7355849742889404,485,-0.064453125
0.7372510433197021,486,0.0
0.7385849952697754,487,-0.103125
0.7400288581848145,488,-0.23203125
0.742156982421875,489,-0.167578125
0.7442889213562012,490,-0.95390625
0.7457599639892578,491,-0.4640625
0.7474019527435303,492,-0.23203125
0.749661922454834,493,-0.116015625
0.7511839866638184,494,-0.21914062499999998
0.7524480819702148,495,0.012890625
0.7535898685455322,496,-0.038671874999999994
0.7547390460968018,497,-0.15468749999999998
0.7559099197387695,498,-0.23203125
0.75701904296875,499,-0.2578125
0.7581489086151123,500,-0.515625
0.7592470645904541,501,-1.134375
0.760624885559082,502,-1.611328125
0.76192307472229,503,-0.515625
0.763455867767334,504,-0.4125
0.7649679183959961,505,-0.23203125
0.7666499614715576,506,-0.09023437499999999
0.7682449817657471,507,-0.116015625
0.7696280479431152,508,0.0
0.7709939479827881,509,-0.02578125
0.7739639282226562,510,-0.09023437499999999
0.7756350040435791,511,-0.12890625
0.7773420810699463,512,-1.21171875
0.7794198989868164,513,-0.502734375
0.780829906463623,514,-0.270703125
0.7820160388946533,515,-0.15468749999999998
0.7831630706787109,516,-0.29648437499999997
0.7844200134277344,517,-0.38671875
0.7855560779571533,518,-0.2578125
0.7866740226745605,519,-0.038671874999999994
0.7878069877624512,520,-0.103125
0.7889158725738525,521,-0.193359375
0.7900218963623047,522,-0.33515625
0.7911360263824463,523,-0.29648437499999997
0.792356014251709,524,-0.95390625
0.7937579154968262,525,-1.4953124999999998
0.7953200340270996,526,-0.29648437499999997
0.7970468997955322,527,-0.2578125
0.7985999584197998,528,-0.2578125
0.8001229763031006,529,-0.28359375
0.8018679618835449,530,-0.270703125
0.8045229911804199,531,-0.116015625
0.806096076965332,532,-0.038671874999999994
0.8078598976135254,533,-0.12890625
0.8098220825195312,534,-0.64453125
0.811150074005127,535,-1.611328125
0.8124308586120605,536,-0.270703125
0.8135819435119629,537,-0.02578125
0.8148238658905029,538,-0.21914062499999998
0.8159689903259277,539,-0.064453125
0.8170859813690186,540,-0.36093749999999997
0.8181989192962646,541,-0.37382812499999996
0.8193280696868896,542,-0.21914062499999998
0.8204600811004639,543,-0.02578125
0.8215839862823486,544,-0.12890625
0.8228099346160889,545,-0.23203125
0.824286937713623,546,-0.2578125
0.8257629871368408,547,-0.760546875
0.827362060546875,548,-1.46953125
0.828942060470581,549,-0.4125
0.8303630352020264,550,-0.12890625
0.8317139148712158,551,-0.20625
0.8342950344085693,552,-0.322265625
0.8361010551452637,553,-0.0515625
0.8375608921051025,554,-0.02578125
0.8394279479980469,555,-0.103125
0.8412690162658691,556,-0.141796875
0.8426060676574707,557,-0.7863281249999999
0.843904972076416,558,-1.4953124999999998
0.8451008796691895,559,-0.476953125
0.8462839126586914,560,-0.43828124999999996
0.8474299907684326,561,-0.23203125
0.8485519886016846,562,-0.0515625
0.849653959274292,563,-0.270703125
0.8507590293884277,564,-0.4125
0.8518900871276855,565,-0.36093749999999997
0.853085994720459,566,-0.012890625
0.8546268939971924,567,-0.064453125
0.8560619354248047,568,-0.15468749999999998
0.8576290607452393,569,-0.167578125
0.859346866607666,570,-0.6832031249999999
0.860846996307373,571,-1.4953124999999998
0.8623368740081787,572,-0.30937499999999996
0.8646860122680664,573,-0.20625
0.8666980266571045,574,-0.103125
0.8682260513305664,575,-0.103125
0.8700330257415771,576,0.012890625
0.8719940185546875,577,-0.02578125
0.8733639717102051,578,-0.20625
0.8745710849761963,579,-0.141796875
0.8757209777832031,580,-0.889453125
0.8768880367279053,581,-1.456640625
0.8780159950256348,582,-0.515625
0.8791298866271973,583,-0.28359375
0.8802969455718994,584,-0.103125
0.8814098834991455,585,-0.12890625
0.8825139999389648,586,-0.103125
0.8837320804595947,587,-0.399609375
0.8854320049285889,588,-0.37382812499999996
0.8869500160217285,589,-0.012890625
0.8885209560394287,590,-0.103125
0.8899428844451904,591,-0.23203125
0.8915009498596191,592,-0.116015625
0.8931159973144531,593,-0.8765624999999999
0.8960020542144775,594,-1.6242187499999998
0.8975989818572998,595,-0.167578125
0.8990669250488281,596,-0.167578125
0.9012548923492432,597,-0.4640625
0.903007984161377,598,-0.103125
0.904296875,599,-0.0515625
0.9054770469665527,600,-0.064453125
0.9066009521484375,601,-0.270703125
0.9077260494232178,602,-0.21914062499999998
0.9088840484619141,603,-0.8765624999999999
0.9100198745727539,604,-1.456640625
0.911139965057373,605,-0.6574218749999999
0.9122879505157471,606,-0.2578125
0.9133870601654053,607,-0.0515625
0.9145779609680176,608,-0.20625
0.9160730838775635,609,-0.09023437499999999
0.9175939559936523,610,-0.322265625
0.9192008972167969,611,-0.15468749999999998
0.9207110404968262,612,-0.012890625
0.9220850467681885,613,-0.103125
0.9235880374908447,614,-0.21914062499999998
0.9260818958282471,615,-0.20625
0.9281868934631348,616,-1.16015625
0.9296650886535645,617,-0.2578125
0.9314498901367188,618,-0.20625
0.9335770606994629,619,-0.15468749999999998
0.935142993927002,620,-0.064453125
0.936337947845459,621,0.02578125
0.9374749660491943,622,-0.0515625
0.9385960102081299,623,-0.103125
0.9396979808807373,624,-0.30937499999999996
0.9408550262451172,625,-0.167578125
0.941972017288208,626,-0.7863281249999999
0.9430899620056152,627,-1.340625
0.9442260265350342,628,-1.65
0.9454400539398193,629,-0.2578125
0.9468719959259033,630,-0.21914062499999998
0.9483630657196045,631,-0.2578125
0.9499669075012207,632,-0.2578125
0.9514520168304443,633,-0.270703125
0.9528329372406006,634,-0.09023437499999999
0.9542310237884521,635,-0.012890625
0.9556379318237305,636,-0.09023437499999999
0.9586238861083984,637,-0.270703125
0.9602289199829102,638,-0.837890625
0.9617369174957275,639,-1.5597656249999998
0.963878870010376,640,-0.37382812499999996
0.965609073638916,641,-0.20625
0.9669239521026611,642,-0.2578125
0.9680769443511963,643,-0.2578125
0.969202995300293,644,-0.20625
0.9703068733215332,645,-0.0515625
0.9714469909667969,646,-0.103125
0.9725520610809326,647,-0.24492187499999998
0.9736979007720947,648,-0.29648437499999997
0.9753580093383789,649,-0.515625
0.9767029285430908,650,-1.2890625
0.9781429767608643,651,-1.5597656249999998
0.9796578884124756,652,-0.270703125
