time,count,voltage
0.004316091537475586,1,-0.012890625
0.005620002746582031,2,-0.064453125
0.006805896759033203,3,-0.2578125
0.007976055145263672,4,-0.580078125
0.009116888046264648,5,-0.760546875
0.010247945785522461,6,-1.353515625
0.011375904083251953,7,-0.554296875
0.012492895126342773,8,-0.2578125
0.013618946075439453,9,-0.348046875
0.014899015426635742,10,-0.23203125
0.01634502410888672,11,-0.38671875
0.017926931381225586,12,-0.33515625
0.01930999755859375,13,-0.20625
0.020687103271484375,14,-0.012890625
0.02192091941833496,15,-0.0515625
0.02308487892150879,16,-0.270703125
0.02422308921813965,17,-0.580078125
0.025352954864501953,18,-0.5929687499999999
0.026479005813598633,19,-1.1859374999999999
0.02768707275390625,20,-1.65
0.028820037841796875,21,-0.064453125
0.030107975006103516,22,-0.2578125
0.03156304359436035,23,-0.37382812499999996
0.03299093246459961,24,-0.270703125
0.034564971923828125,25,-0.28359375
0.03609108924865723,26,-0.167578125
0.03748488426208496,27,0.0
0.038887977600097656,28,-0.038671874999999994
0.04137301445007324,29,-0.322265625
0.042983055114746094,30,-0.4640625
0.044487953186035156,31,-1.456640625
0.04657602310180664,32,-0.09023437499999999
0.04811406135559082,33,-0.322265625
0.04933810234069824,34,-0.30937499999999996
0.05049395561218262,35,-0.348046875
0.051635026931762695,36,-0.399609375
0.052752017974853516,37,-0.2578125
0.05386209487915039,38,0.0
0.054971933364868164,39,-0.0515625
0.05608201026916504,40,-0.21914062499999998
0.05727505683898926,41,-0.54140625
0.05839800834655762,42,-0.6703125
0.059519052505493164,43,-1.1214843749999999
0.0606379508972168,44,-1.611328125
0.06175494194030762,45,-0.0515625
0.06286787986755371,46,-0.167578125
0.06397700309753418,47,-0.33515625
0.06508994102478027,48,-0.399609375
0.06619906425476074,49,-0.33515625
0.0673210620880127,50,-0.29648437499999997
0.06844902038574219,51,-0.36093749999999997
0.0695650577545166,52,-0.18046874999999998
0.07067298889160156,53,-0.012890625
0.07178306579589844,54,-0.064453125
0.0728909969329834,55,-0.193359375
0.07399797439575195,56,-0.5671875
0.0751039981842041,57,-0.631640625
0.07621288299560547,58,-1.095703125
0.07734394073486328,59,-1.611328125
0.07855701446533203,60,0.0
0.07982492446899414,61,-0.2578125
0.08143806457519531,62,-0.29648437499999997
0.08293890953063965,63,-0.502734375
0.08452010154724121,64,-0.322265625
0.08600091934204102,65,-0.15468749999999998
0.0885019302368164,66,0.0
0.09134697914123535,67,-0.103125
0.09319496154785156,68,-0.36093749999999997
0.09617304801940918,69,-1.340625
0.09812688827514648,70,-0.37382812499999996
0.09972500801086426,71,-0.4125
0.10108089447021484,72,-0.37382812499999996
0.10254311561584473,73,-0.23203125
0.1038510799407959,74,-0.012890625
0.10513496398925781,75,-0.02578125
0.1063849925994873,76,-0.20625
0.11208701133728027,77,-0.5285156249999999
0.11432600021362305,78,-0.580078125
0.1161489486694336,79,-0.21914062499999998
0.11871790885925293,80,-0.02578125
0.12115907669067383,81,-0.02578125
0.12294697761535645,82,-0.0515625
0.12540888786315918,83,-0.399609375
0.1272110939025879,84,-0.6832031249999999
0.12865209579467773,85,-1.65
0.1299610137939453,86,-0.270703125
0.13123202323913574,87,-0.4640625
0.13248705863952637,88,-0.476953125
0.1337590217590332,89,-0.167578125
0.1350390911102295,90,-0.270703125
0.13628292083740234,91,-0.20625
0.13756299018859863,92,-0.012890625
0.14354395866394043,93,-0.064453125
0.14565110206604004,94,-0.322265625
0.14755797386169434,95,-0.21914062499999998
0.15022993087768555,96,-0.23203125
0.1527540683746338,97,-0.09023437499999999
0.15479397773742676,98,0.399609375
0.1570439338684082,99,-0.02578125
0.1586599349975586,100,-0.43828124999999996
0.16000699996948242,101,-0.9410156249999999
0.1613149642944336,102,-1.65
0.16257190704345703,103,0.0
0.1638169288635254,104,-0.23203125
0.16506004333496094,105,-0.322265625
0.1663370132446289,106,-0.4125
0.1676180362701416,107,-0.29648437499999997
0.1731879711151123,108,-0.270703125
0.17542791366577148,109,-0.038671874999999994
0.17733097076416016,110,-0.64453125
0.17899608612060547,111,-1.65
0.18187594413757324,112,-0.322265625
0.18367409706115723,113,-0.399609375
0.18597698211669922,114,-0.48984374999999997
0.1879749298095703,115,0.038671874999999994
0.1894240379333496,116,-0.116015625
0.19078707695007324,117,-0.37382812499999996
0.1923389434814453,118,-0.515625
0.19369101524353027,119,-1.1859374999999999
0.1949598789215088,120,-0.6187499999999999
0.19621491432189941,121,-0.116015625
0.19751691818237305,122,-0.4640625
0.19878101348876953,123,-0.37382812499999996
0.20477294921875,124,-0.15468749999999998
0.20690202713012695,125,-0.43828124999999996
0.20899105072021484,126,-0.37382812499999996
0.21176505088806152,127,-0.8765624999999999
0.21376800537109375,128,-0.23203125
0.2158811092376709,129,-0.322265625
0.21811199188232422,130,-0.30937499999999996
0.21959304809570312,131,-0.0515625
0.22093892097473145,132,0.0
0.2222731113433838,133,-0.064453125
0.22353696823120117,134,-0.322265625
0.2248079776763916,135,-0.5929687499999999
0.2260570526123047,136,-0.8121093749999999
0.22737407684326172,137,-1.4953124999999998
0.22864794731140137,138,-0.0515625
0.23412203788757324,139,-0.193359375
0.23667001724243164,140,-0.322265625
0.23877692222595215,141,0.012890625
0.24159002304077148,142,-0.193359375
0.24360203742980957,143,-0.502734375
0.24559402465820312,144,-1.611328125
0.24789905548095703,145,-0.21914062499999998
0.24944710731506348,146,-0.37382812499999996
0.2507760524749756,147,-0.322265625
0.2520439624786377,148,-0.28359375
0.2533149719238281,149,-0.0515625
0.25461292266845703,150,-0.09023437499999999
0.2558729648590088,151,-0.15468749999999998
0.2572178840637207,152,-0.37382812499999996
0.2585139274597168,153,-0.6703125
0.25976109504699707,154,-1.095703125
0.2657918930053711,155,-1.65
0.267894983291626,156,-0.193359375
0.270219087600708,157,-0.0515625
0.2725539207458496,158,0.0
0.27494096755981445,159,-0.167578125
0.27664709091186523,160,-0.554296875
0.27851295471191406,161,-1.5082031249999999
0.28031492233276367,162,-0.20625
0.2821381092071533,163,-0.322265625
0.28429698944091797,164,-0.12890625
0.2865910530090332,165,-0.2578125
0.2881650924682617,166,0.0
0.28953003883361816,167,-0.167578125
0.29724693298339844,168,-0.4640625
0.2991039752960205,169,-0.5285156249999999
0.30060410499572754,170,-0.167578125
0.30307602882385254,171,-0.15468749999999998
0.30497097969055176,172,-0.02578125
0.3063991069793701,173,-0.167578125
0.3083469867706299,174,-0.5285156249999999
0.3102090358734131,175,-0.7863281249999999
0.3115110397338867,176,-1.65
0.3126819133758545,177,-0.103125
0.31381797790527344,178,-0.399609375
0.3149418830871582,179,-0.4125
0.316054105758667,180,-0.29648437499999997
0.31728100776672363,181,-0.33515625
0.31845593452453613,182,-0.37382812499999996
0.31961894035339355,183,-0.15468749999999998
0.32079005241394043,184,-0.012890625
0.3220539093017578,185,-0.064453125
0.3235020637512207,186,-0.30937499999999996
0.3249380588531494,187,-0.631640625
0.32653188705444336,188,-0.95390625
0.3286569118499756,189,-1.65
0.3304588794708252,190,-0.24492187499999998
0.33320188522338867,191,-0.23203125
0.33553600311279297,192,-0.18046874999999998
0.3379518985748291,193,0.38671875
0.3399319648742676,194,-0.012890625
0.3413519859313965,195,-0.37382812499999996
0.34267711639404297,196,-0.580078125
0.34395694732666016,197,-1.3148437499999999
0.3452301025390625,198,-0.141796875
0.3464779853820801,199,-0.2578125
0.347822904586792,200,-0.29648437499999997
0.3491048812866211,201,-0.5671875
0.35037899017333984,202,-0.103125
0.35762906074523926,203,-0.270703125
0.3593790531158447,204,-0.15468749999999998
0.36087799072265625,205,-1.095703125
0.36283397674560547,206,-0.193359375
0.3651111125946045,207,-0.37382812499999996
0.3666040897369385,208,-0.28359375
0.3684089183807373,209,-0.43828124999999996
0.3703429698944092,210,-0.167578125
0.3716568946838379,211,-0.02578125
0.3728320598602295,212,-0.167578125
0.3739809989929199,213,-0.515625
0.3751220703125,214,-0.631640625
0.3767719268798828,215,-1.16015625
0.37799596786499023,216,-1.03125
0.37915492057800293,217,-0.141796875
0.38028907775878906,218,-0.30937499999999996
0.38142895698547363,219,-0.4125
0.3826749324798584,220,-0.270703125
0.38411593437194824,221,-0.33515625
0.3855559825897217,222,-0.2578125
0.38718104362487793,223,-0.012890625
0.38881993293762207,224,-0.064453125
0.39032793045043945,225,-0.21914062499999998
0.39220309257507324,226,-0.515625
0.39456701278686523,227,-0.9796874999999999
0.39606189727783203,228,-0.28359375
0.3980889320373535,229,-0.37382812499999996
0.3999779224395752,230,-0.476953125
0.40127992630004883,231,-0.193359375
0.4024639129638672,232,-0.167578125
0.4035930633544922,233,0.0
0.40470194816589355,234,-0.0515625
0.4058189392089844,235,-0.167578125
0.406980037689209,236,-0.515625
0.4082210063934326,237,-0.6703125
0.40936994552612305,238,-1.0570312499999999
0.4105091094970703,239,-1.611328125
0.4116330146789551,240,-0.09023437499999999
0.4128758907318115,241,-0.20625
0.4142899513244629,242,-0.4125
0.41573095321655273,243,-0.4125
0.41736388206481934,244,-0.0515625
0.41901111602783203,245,-0.18046874999999998
0.4204831123352051,246,0.0
0.4221820831298828,247,-0.02578125
0.42470502853393555,248,-0.167578125
0.4262979030609131,249,-0.54140625
0.4280660152435303,250,-1.52109375
0.4301290512084961,251,-0.0515625
0.43148207664489746,252,-0.20625
0.4326789379119873,253,-0.28359375
0.43382692337036133,254,-0.37382812499999996
0.43496108055114746,255,-0.4125
0.4361000061035156,256,-0.21914062499999998
0.43724989891052246,257,0.0
0.4383659362792969,258,-0.167578125
0.43949103355407715,259,-0.29648437499999997
0.4406130313873291,260,-0.631640625
0.441723108291626,261,-0.6832031249999999
0.4429500102996826,262,-1.1859374999999999
0.44437193870544434,263,-1.65
0.44582509994506836,264,-0.012890625
0.44745302200317383,265,-0.37382812499999996
0.44897890090942383,266,-0.322265625
0.4502999782562256,267,-0.21914062499999998
0.4516119956970215,268,-0.399609375
0.4537839889526367,269,-0.193359375
0.4557039737701416,270,-0.02578125
0.45715808868408203,271,-0.270703125
0.45894789695739746,272,-0.476953125
0.46093201637268066,273,-1.10859375
0.4624500274658203,274,0.0
0.4636850357055664,275,-0.29648437499999997
0.4648559093475342,276,-0.2578125
0.46599602699279785,277,-0.2578125
0.46729207038879395,278,-0.4640625
0.46846508979797363,279,-0.451171875
0.4695909023284912,280,-0.15468749999999998
0.47071194648742676,281,0.0
0.47182297706604004,282,-0.064453125
0.473052978515625,283,-0.30937499999999996
0.4744739532470703,284,-0.631640625
0.47590208053588867,285,-0.734765625
0.4774749279022217,286,-1.4953124999999998
0.4790220260620117,287,-0.0515625
0.48044395446777344,288,-0.24492187499999998
0.48187899589538574,289,-0.322265625
0.4836130142211914,290,-0.116015625
0.48603010177612305,291,-0.4125
0.48760199546813965,292,-0.038671874999999994
0.48910093307495117,293,-0.09023437499999999
0.49105000495910645,294,-0.36093749999999997
0.49277305603027344,295,-0.43828124999999996
0.49408388137817383,296,-1.41796875
0.4952709674835205,297,-0.02578125
0.49640393257141113,298,-0.29648437499999997
0.4976480007171631,299,-0.29648437499999997
0.49880504608154297,300,-0.476953125
0.500006914138794,301,-0.0515625
0.5011470317840576,302,-0.33515625
0.5023200511932373,303,-0.2578125
0.5035738945007324,304,-0.012890625
0.505000114440918,305,-0.0515625
0.5064470767974854,306,-0.15468749999999998
0.5080680847167969,307,-0.515625
0.5096330642700195,308,-0.734765625
0.5110509395599365,309,-1.5726562499999999
0.5124309062957764,310,0.0
0.5140910148620605,311,-0.322265625
0.5164949893951416,312,-0.24492187499999998
0.5181210041046143,313,-0.36093749999999997
0.5195350646972656,314,-0.116015625
0.5213348865509033,315,-0.012890625
0.5231850147247314,316,-0.103125
0.5245320796966553,317,-0.42539062499999997
0.5257329940795898,318,-0.6574218749999999
0.5268900394439697,319,-1.340625
0.52811598777771,320,-0.103125
0.5292620658874512,321,-0.15468749999999998
0.5304059982299805,322,-0.4640625
0.5315210819244385,323,-0.29648437499999997
0.5326390266418457,324,-0.29648437499999997
0.533850908279419,325,-0.476953125
0.5352640151977539,326,-0.554296875
0.5367350578308105,327,-0.20625
0.5382850170135498,328,-0.0515625
0.5397939682006836,329,-0.193359375
0.541201114654541,330,-0.48984374999999997
0.5426108837127686,331,-0.708984375
0.544374942779541,332,-1.4437499999999999
0.5467970371246338,333,-0.21914062499999998
0.548443078994751,334,-0.23203125
0.5499839782714844,335,-0.322265625
0.5519700050354004,336,-0.5671875
0.5536019802093506,337,-0.15468749999999998
0.5548849105834961,338,-0.0515625
0.556056022644043,339,-0.20625
0.5572879314422607,340,-0.54140625
0.5584380626678467,341,-0.605859375
0.559575080871582,342,-1.16015625
0.5606989860534668,343,-1.65
0.5618209838867188,344,0.0
0.5629260540008545,345,-0.36093749999999997
0.5641438961029053,346,-0.30937499999999996
0.5655579566955566,347,-0.43828124999999996
0.5670158863067627,348,-0.15468749999999998
0.5686700344085693,349,-0.2578125
0.5701720714569092,350,-0.0515625
0.5715539455413818,351,-0.0515625
0.5729739665985107,352,-0.167578125
0.5747549533843994,353,-0.5285156249999999
0.5772130489349365,354,-0.6703125
0.5788071155548096,355,-0.15468749999999998
0.5802810192108154,356,-0.193359375
0.5822420120239258,357,-0.2578125
0.5839738845825195,358,-0.2578125
0.5853250026702881,359,-0.116015625
0.58650803565979,360,0.0
0.587723970413208,361,-0.012890625
0.5888669490814209,362,-0.103125
0.5899949073791504,363,-0.36093749999999997
0.5911300182342529,364,-0.631640625
0.5922389030456543,365,-0.837890625
0.5933558940887451,366,-1.4437499999999999
0.594573974609375,367,0.0
0.5959858894348145,368,-0.12890625
0.597585916519165,369,-0.37382812499999996
0.5992031097412109,370,-0.37382812499999996
0.6008589267730713,371,-0.15468749999999998
0.6023540496826172,372,-0.09023437499999999
0.6037869453430176,373,0.0
0.6057939529418945,374,-0.064453125
0.6082119941711426,375,-0.20625
0.609792947769165,376,-0.734765625
0.6116900444030762,377,-1.5984375
0.6137669086456299,378,-0.0515625
0.6152610778808594,379,-0.12890625
0.6164660453796387,380,-0.15468749999999998
0.6177740097045898,381,-0.4125
0.6189351081848145,382,-0.37382812499999996
0.6200621128082275,383,-0.012890625
0.6211869716644287,384,-0.0515625
0.6223139762878418,385,-0.20625
0.6234419345855713,386,-0.515625
0.6247260570526123,387,-0.6703125
0.6261849403381348,388,-0.992578125
0.6277379989624023,389,-1.65
0.6292979717254639,390,-0.012890625
0.6309330463409424,391,-0.322265625
0.6323270797729492,392,-0.36093749999999997
0.6337969303131104,393,-0.103125
0.6354959011077881,394,-0.167578125
0.6381790637969971,395,0.012890625
0.6397221088409424,396,-0.12890625
0.6413431167602539,397,-0.4640625
0.643347978591919,398,-0.631640625
0.6449320316314697,399,-1.6371093749999999
0.6463019847869873,400,-0.20625
0.6475169658660889,401,-0.29648437499999997
0.648730993270874,402,-0.4640625
0.6498799324035645,403,-0.116015625
0.6510000228881836,404,-0.399609375
0.6527531147003174,405,-0.30937499999999996
0.6542611122131348,406,-0.012890625
0.6555750370025635,407,-0.116015625
0.6570169925689697,408,-0.37382812499999996
0.6585619449615479,409,-0.6703125
0.6601359844207764,410,-1.1859374999999999
0.661674976348877,411,-0.580078125
0.6631739139556885,412,-0.193359375
0.6646060943603516,413,-0.20625
0.666949987411499,414,-0.6187499999999999
0.6690549850463867,415,-0.12890625
0.6704800128936768,416,0.012890625
0.672307014465332,417,-0.064453125
0.6742780208587646,418,-0.21914062499999998
0.6756429672241211,419,-0.43828124999999996
0.6768529415130615,420,-1.26328125
0.6781001091003418,421,-0.09023437499999999
0.6792769432067871,422,-0.20625
0.6804049015045166,423,-0.29648437499999997
0.6815640926361084,424,-0.322265625
0.6826839447021484,425,-0.30937499999999996
0.6838090419769287,426,-0.4640625
0.6849539279937744,427,-0.5285156249999999
0.6862208843231201,428,-0.28359375
0.6876480579376221,429,0.0
0.689155101776123,430,-0.141796875
0.6911900043487549,431,-0.399609375
0.692655086517334,432,-0.6703125
0.6941330432891846,433,-1.46953125
0.6958649158477783,434,0.0
0.698451042175293,435,-0.43828124999999996
0.7001678943634033,436,-0.29648437499999997
0.7016561031341553,437,-0.37382812499999996
0.7035250663757324,438,-0.103125
0.7054510116577148,439,-0.02578125
0.7068049907684326,440,-0.20625
0.7080280780792236,441,-0.502734375
0.7091801166534424,442,-0.889453125
0.7103369235992432,443,-1.46953125
0.7114779949188232,444,-0.0515625
0.7126259803771973,445,-0.23203125
0.7139759063720703,446,-0.4640625
0.7151498794555664,447,-0.515625
0.7163980007171631,448,-0.167578125
0.7179930210113525,449,-0.42539062499999997
0.7194669246673584,450,-0.20625
0.7210280895233154,451,-0.012890625
0.7225139141082764,452,-0.15468749999999998
0.7239060401916504,453,-0.4125
0.7252960205078125,454,-0.515625
0.7276010513305664,455,-1.16015625
0.7297840118408203,456,-0.20625
0.7312641143798828,457,-0.29648437499999997
0.7330329418182373,458,-0.4125
0.7351169586181641,459,-0.4640625
0.7365779876708984,460,0.09023437499999999
0.7378299236297607,461,-0.02578125
0.7389869689941406,462,-0.167578125
0.7401249408721924,463,-0.515625
0.7412490844726562,464,-0.6703125
0.7423980236053467,465,-0.966796875
0.7435259819030762,466,-1.5597656249999998
0.7446939945220947,467,-0.0515625
0.745811939239502,468,-0.167578125
0.7470200061798096,469,-0.37382812499999996
0.7485768795013428,470,-0.2578125
0.7500519752502441,471,-0.21914062499999998
0.7516779899597168,472,-0.37382812499999996
0.7533049583435059,473,-0.0515625
0.7547149658203125,474,-0.0515625
0.7561509609222412,475,-0.141796875
0.7585620880126953,476,-0.48984374999999997
0.7606759071350098,477,-0.69609375
0.7621490955352783,478,-0.20625
0.7638061046600342,479,-0.29648437499999997
0.7660210132598877,480,-0.29648437499999997
0.7675449848175049,481,-0.193359375
0.7688350677490234,482,0.038671874999999994
0.770003080368042,483,-0.012890625
0.7711200714111328,484,-0.02578125
0.77223801612854,485,-0.103125
0.773345947265625,486,-0.29648437499999997
0.774507999420166,487,-0.476953125
0.7756319046020508,488,-0.7476562499999999
0.7767720222473145,489,-1.340625
0.7780170440673828,490,-0.605859375
0.7794430255889893,491,-0.20625
0.7809441089630127,492,-0.36093749999999997
0.7829530239105225,493,-0.4125
0.7846090793609619,494,-0.23203125
0.7860438823699951,495,0.09023437499999999
0.7873420715332031,496,0.0
0.7893209457397461,497,-0.167578125
0.791640043258667,498,-0.42539062499999997
0.793039083480835,499,-0.90234375
0.7948849201202393,500,-1.65
0.7967770099639893,501,-0.167578125
0.7985689640045166,502,-0.30937499999999996
0.7998330593109131,503,-0.20625
0.8010549545288086,504,-0.399609375
0.8022029399871826,505,-0.270703125
0.8033299446105957,506,0.0
0.8044400215148926,507,-0.0515625
0.8055729866027832,508,-0.21914062499999998
0.8067729473114014,509,-0.451171875
0.8080399036407471,510,-0.631640625
0.8094830513000488,511,-0.992578125
0.8109169006347656,512,-1.65
0.8124330043792725,513,-0.012890625
0.8140020370483398,514,-0.36093749999999997
0.8153440952301025,515,-0.4125
0.8169739246368408,516,-0.167578125
0.8202149868011475,517,-0.12890625
0.8217480182647705,518,-0.064453125
0.8235149383544922,519,-0.20625
0.8255560398101807,520,-0.54140625
0.8268759250640869,521,-1.224609375
0.8281469345092773,522,-0.064453125
0.829308032989502,523,-0.167578125
0.8304629325866699,524,-0.30937499999999996
0.8316020965576172,525,-0.4125
0.8327391147613525,526,-0.322265625
0.8338699340820312,527,-0.270703125
0.8349950313568115,528,-0.30937499999999996
0.8361039161682129,529,-0.12890625
0.8372199535369873,530,-0.012890625
0.8384571075439453,531,-0.103125
0.83986496925354,532,-0.23203125
0.8413879871368408,533,-0.631640625
0.8429479598999023,534,-0.889453125
0.8444690704345703,535,-1.6371093749999999
0.8459420204162598,536,-0.167578125
0.8474009037017822,537,-0.37382812499999996
0.8494529724121094,538,-0.54140625
0.8517351150512695,539,-0.103125
0.8531949520111084,540,0.38671875
0.8548040390014648,541,-0.02578125
0.8568639755249023,542,-0.18046874999999998
0.858483076095581,543,-0.48984374999999997
0.8597469329833984,544,-1.095703125
0.8609440326690674,545,-1.65
0.8621220588684082,546,0.0
0.8632750511169434,547,-0.322265625
0.8644030094146729,548,-0.2578125
0.8655500411987305,549,-0.43828124999999996
0.8666799068450928,550,-0.12890625
0.8678250312805176,551,-0.322265625
0.8690478801727295,552,-0.2578125
0.870452880859375,553,0.0
0.8718891143798828,554,-0.07734374999999999
0.8735270500183105,555,-0.270703125
0.8750228881835938,556,-0.580078125
0.876410961151123,557,-1.10859375
0.8780210018157959,558,-1.65
0.8797280788421631,559,-0.12890625
0.8822131156921387,560,-0.42539062499999997
0.8837859630584717,561,-0.0515625
0.8852479457855225,562,-0.116015625
0.8873488903045654,563,0.0515625
0.8890409469604492,564,-0.0515625
0.890470027923584,565,-0.33515625
0.8916618824005127,566,-0.4125
0.8928239345550537,567,-1.044140625
0.8940091133117676,568,-1.611328125
0.895158052444458,569,-0.09023437499999999
0.8962709903717041,570,-0.2578125
0.897392988204956,571,-0.322265625
0.898529052734375,572,-0.6187499999999999
0.8997430801391602,573,-0.116015625
0.9011549949645996,574,-0.43828124999999996
0.9026379585266113,575,-0.23203125
0.9041509628295898,576,0.02578125
0.9060900211334229,577,-0.07734374999999999
0.907538890838623,578,-0.502734375
0.9090468883514404,579,-0.5671875
0.9113509654998779,580,-1.3664062499999998
0.9134559631347656,581,-0.23203125
0.9149060249328613,582,-0.37382812499999996
0.9165360927581787,583,-0.30937499999999996
0.918848991394043,584,-0.322265625
0.9202859401702881,585,0.0515625
0.9214780330657959,586,-0.0515625
0.9226288795471191,587,-0.167578125
0.9237580299377441,588,-0.5285156249999999
0.92488694190979,589,-0.605859375
0.9260690212249756,590,-1.095703125
0.9273309707641602,591,-1.65
0.9284849166870117,592,0.0
0.9297819137573242,593,-0.270703125
0.9312338829040527,594,-0.23203125
0.9326589107513428,595,-0.502734375
0.9342849254608154,596,-0.36093749999999997
0.9358580112457275,597,-0.322265625
0.9373369216918945,598,0.0
0.9387969970703125,599,-0.12890625
0.9410998821258545,600,-0.30937499999999996
0.9432361125946045,601,-0.54140625
0.9447839260101318,602,-1.65
0.9465229511260986,603,-0.20625
0.9485130310058594,604,-0.38671875
0.9499979019165039,605,-0.322265625
0.9512479305267334,606,-0.4125
0.9524068832397461,607,-0.29648437499999997
0.9535820484161377,608,-0.012890625
0.9547169208526611,609,-0.09023437499999999
0.955847978591919,610,-0.2578125
0.956989049911499,611,-0.554296875
0.9582529067993164,612,-0.6703125
0.959388017654419,613,-1.147265625
0.9606649875640869,614,-1.65
0.9621241092681885,615,0.0
0.9635748863220215,616,-0.29648437499999997
0.9651269912719727,617,-0.399609375
0.9667038917541504,618,-0.167578125
0.9681398868560791,619,-0.33515625
0.9696259498596191,620,-0.09023437499999999
0.9713799953460693,621,0.0
0.9740030765533447,622,-0.167578125
0.9755918979644775,623,-0.4125
0.9772419929504395,624,-1.2374999999999998
0.979233980178833,625,-0.038671874999999994
0.9808380603790283,626,-0.29648437499999997
0.9822080135345459,627,-0.4125
0.9833979606628418,628,-0.21914062499999998
0.9845759868621826,629,-0.2578125
0.9857349395751953,630,-0.20625
0.9868528842926025,631,0.0
0.9879939556121826,632,-0.0515625
0.9891519546508789,633,-0.20625
0.9902920722961426,634,-0.5929687499999999
0.9915370941162109,635,-0.605859375
0.9930000305175781,636,-1.095703125
0.9944729804992676,637,-1.65
0.996021032333374,638,-0.21914062499999998
0.9976410865783691,639,-0.4125
0.9990561008453369,640,-0.4640625
1.0004730224609375,641,-0.29648437499999997
1.002389907836914,642,-0.2578125
1.0050580501556396,643,-0.012890625
1.006577968597412,644,-0.103125
1.0082321166992188,645,-0.399609375
1.0103509426116943,646,-0.6574218749999999
1.011807918548584,647,-1.65
1.013016939163208,648,-0.30937499999999996
1.014280080795288,649,-0.23203125
1.0154469013214111,650,-0.554296875
1.0166099071502686,651,-0.12890625
