time,count,voltage
0.004354953765869141,1,-0.09023437499999999
0.005700111389160156,2,-0.270703125
0.0068531036376953125,3,-0.4125
0.00798797607421875,4,-1.16015625
0.009093046188354492,5,-1.65
0.010185003280639648,6,0.0
0.011380910873413086,7,-0.15468749999999998
0.012796878814697266,8,-0.24492187499999998
0.014362096786499023,9,-0.0515625
0.015978097915649414,10,-0.193359375
0.017368078231811523,11,-0.038671874999999994
0.01876211166381836,12,0.0
0.019969940185546875,13,-0.0515625
0.02115488052368164,14,-0.12890625
0.02228093147277832,15,-0.36093749999999997
0.023401975631713867,16,-0.4640625
0.024571895599365234,17,-1.1859374999999999
0.025702953338623047,18,-1.65
0.026799917221069336,19,-0.02578125
0.028049945831298828,20,-0.167578125
0.02947402000427246,21,-0.193359375
0.030939102172851562,22,-0.21914062499999998
0.03255200386047363,23,-0.2578125
0.03413105010986328,24,-0.02578125
0.03564810752868652,25,0.012890625
0.03705310821533203,26,-0.0515625
0.03856801986694336,27,-0.23203125
0.04066205024719238,28,-0.33515625
0.04316401481628418,29,-1.16015625
0.04474210739135742,30,-0.116015625
0.046317100524902344,31,-0.064453125
0.04831290245056152,32,-0.2578125
0.05001211166381836,33,-0.37382812499999996
0.05129504203796387,34,0.012890625
0.0524599552154541,35,-0.012890625
0.053652048110961914,36,-0.0515625
0.05486607551574707,37,-0.20625
0.05599689483642578,38,-0.33515625
0.05711102485656738,39,-0.7863281249999999
0.058222055435180664,40,-1.3792968749999999
0.05934405326843262,41,-0.02578125
0.06062507629394531,42,-0.0515625
0.06211709976196289,43,-0.21914062499999998
0.06366109848022461,44,-0.2578125
0.06502199172973633,45,-0.116015625
0.06618690490722656,46,-0.167578125
0.06734108924865723,47,-0.0515625
0.06845903396606445,48,0.0
0.06961798667907715,49,-0.02578125
0.07072305679321289,50,-0.02578125
0.07182002067565918,51,-0.28359375
0.07290887832641602,52,-0.29648437499999997
0.07402205467224121,53,-0.9152343749999999
0.07522296905517578,54,-1.46953125
0.07651400566101074,55,0.0
0.07828092575073242,56,-0.0515625
0.07988595962524414,57,-0.12890625
0.0815420150756836,58,-0.15468749999999998
0.08289504051208496,59,-0.24492187499999998
0.08432292938232422,60,-0.02578125
0.08586311340332031,61,0.0
0.08843803405761719,62,-0.064453125
0.09006094932556152,63,-0.20625
0.09156107902526855,64,-0.992578125
0.09393000602722168,65,-1.65
0.0953669548034668,66,-0.193359375
0.09660506248474121,67,-0.270703125
0.09773802757263184,68,-0.09023437499999999
0.09885501861572266,69,-0.399609375
0.09996604919433594,70,-0.322265625
0.10111498832702637,71,-0.012890625
0.10222506523132324,72,0.0
0.1033329963684082,73,-0.038671874999999994
0.10448193550109863,74,-0.167578125
0.10567498207092285,75,-0.36093749999999997
0.1070718765258789,76,-0.502734375
0.10851287841796875,77,-1.3019531249999998
0.11012005805969238,78,-0.20625
0.1116330623626709,79,0.0
0.11297893524169922,80,-0.167578125
0.11525797843933105,81,-0.20625
0.11838388442993164,82,-0.270703125
0.12064695358276367,83,0.0
0.12231588363647461,84,-0.20625
0.12631487846374512,85,-0.33515625
0.12899994850158691,86,-1.2374999999999998
0.13057708740234375,87,-0.21914062499999998
0.13200092315673828,88,-0.322265625
0.13343191146850586,89,-0.24492187499999998
0.13486003875732422,90,0.012890625
0.13637900352478027,91,-0.012890625
0.13806390762329102,92,-0.012890625
0.13985490798950195,93,-0.29648437499999997
0.1417849063873291,94,-0.837890625
0.14367103576660156,95,-1.65
0.1454770565032959,96,-0.103125
0.14709997177124023,97,-0.2578125
0.14920592308044434,98,-0.02578125
0.1521599292755127,99,-0.103125
0.1539618968963623,100,-0.012890625
0.15575003623962402,101,-0.193359375
0.1581580638885498,102,-0.322265625
0.16034889221191406,103,-1.456640625
0.1619570255279541,104,-0.12890625
0.16337299346923828,105,-0.20625
0.16487407684326172,106,-0.12890625
0.16643190383911133,107,-0.270703125
0.1681210994720459,108,0.038671874999999994
0.16982197761535645,109,-0.012890625
0.17154598236083984,110,-0.0515625
0.1735060214996338,111,-0.23203125
0.17538905143737793,112,-0.992578125
0.17707395553588867,113,-0.09023437499999999
0.1795339584350586,114,-0.18046874999999998
0.1822059154510498,115,-0.193359375
0.18404006958007812,116,-0.0515625
0.18600201606750488,117,0.0
0.18831610679626465,118,-0.038671874999999994
0.19129610061645508,119,-0.2578125
0.19284892082214355,120,-1.03125
0.19426488876342773,121,-0.064453125
0.19567394256591797,122,-0.15468749999999998
0.19731688499450684,123,-0.23203125
0.19907689094543457,124,-0.30937499999999996
0.20077300071716309,125,-0.0515625
0.2025899887084961,126,0.012890625
0.2053239345550537,127,-0.02578125
0.20758795738220215,128,-0.270703125
0.21030402183532715,129,-1.1214843749999999
0.2133350372314453,130,-0.0515625
0.21538591384887695,131,-0.20625
0.21801090240478516,132,-0.20625
0.21999287605285645,133,0.0
0.22143292427062988,134,-0.038671874999999994
0.22278690338134766,135,-0.28359375
0.2241649627685547,136,-0.708984375
0.2254478931427002,137,-1.3921875
0.23149609565734863,138,0.0
0.23390793800354004,139,-0.064453125
0.23593401908874512,140,0.38671875
0.23846697807312012,141,-0.02578125
0.24100995063781738,142,-0.21914062499999998
0.24285292625427246,143,-1.224609375
0.24537301063537598,144,0.0
0.24698901176452637,145,-0.18046874999999998
0.2483201026916504,146,-0.12890625
0.24958491325378418,147,-0.193359375
0.2508270740509033,148,-0.0515625
0.2520630359649658,149,0.0
0.2533230781555176,150,-0.0515625
0.25467801094055176,151,-0.09023437499999999
0.2559359073638916,152,-0.270703125
0.2573690414428711,153,-0.580078125
0.2586328983306885,154,-1.3148437499999999
0.25984907150268555,155,0.0
0.2611870765686035,156,-0.09023437499999999
0.2626779079437256,157,-0.193359375
0.2641270160675049,158,-0.167578125
0.2657179832458496,159,-0.270703125
0.2672460079193115,160,-0.12890625
0.26871609687805176,161,0.0
0.2701718807220459,162,-0.02578125
0.27147388458251953,163,-0.116015625
0.27379703521728516,164,-0.270703125
0.27603888511657715,165,-0.9796874999999999
0.2774820327758789,166,-0.012890625
0.27913594245910645,167,-0.193359375
0.28112196922302246,168,-0.270703125
0.2825920581817627,169,-0.2578125
0.283937931060791,170,0.012890625
0.28518199920654297,171,0.0
0.2863180637359619,172,-0.012890625
0.287431001663208,173,-0.0515625
0.28899288177490234,174,-0.36093749999999997
0.29048895835876465,175,-0.4640625
0.29195499420166016,176,-1.3019531249999998
0.29357004165649414,177,-0.012890625
0.29514503479003906,178,-0.0515625
0.2965209484100342,179,-0.2578125
0.29791688919067383,180,-0.15468749999999998
0.29996609687805176,181,-0.38671875
0.3022160530090332,182,-0.141796875
0.3037590980529785,183,-0.012890625
0.3057138919830322,184,-0.20625
0.3077709674835205,185,-0.30937499999999996
0.3092319965362549,186,-1.3664062499999998
0.31041693687438965,187,0.0
0.3115410804748535,188,-0.23203125
0.31264591217041016,189,-0.20625
0.3137478828430176,190,-0.21914062499999998
0.3149449825286865,191,-0.322265625
0.31609010696411133,192,-0.38671875
0.31725406646728516,193,-0.20625
0.31836390495300293,194,-0.012890625
0.31956005096435547,195,0.0
0.3210129737854004,196,-0.0515625
0.3224499225616455,197,-0.2578125
0.3241579532623291,198,-0.4640625
0.3257749080657959,199,-1.2890625
0.32720303535461426,200,0.0
0.3285660743713379,201,-0.2578125
0.3303489685058594,202,-0.21914062499999998
0.3329288959503174,203,-0.02578125
0.3345980644226074,204,0.30937499999999996
0.3362419605255127,205,-0.012890625
0.3382699489593506,206,-0.0515625
0.3398630619049072,207,-0.21914062499999998
0.34116601943969727,208,-0.8765624999999999
0.3423349857330322,209,-1.611328125
0.34346890449523926,210,0.0
0.34459400177001953,211,-0.064453125
0.34569692611694336,212,-0.12890625
0.34679698944091797,213,-0.18046874999999998
0.3479139804840088,214,-0.116015625
0.3490300178527832,215,-0.33515625
0.35027503967285156,216,-0.270703125
0.3517589569091797,217,0.0
0.35323500633239746,218,-0.012890625
0.35484790802001953,219,-0.064453125
0.35644102096557617,220,-0.270703125
0.3589749336242676,221,-0.8507812499999999
0.3606579303741455,222,0.0
0.3630340099334717,223,-0.167578125
0.3647758960723877,224,-0.167578125
0.3663671016693115,225,-0.322265625
0.36899900436401367,226,-0.02578125
0.3704400062561035,227,-0.012890625
0.3716599941253662,228,-0.2578125
0.3728330135345459,229,-0.322265625
0.3740849494934082,230,-0.8507812499999999
0.3752410411834717,231,-1.482421875
0.3763771057128906,232,0.0
0.3774709701538086,233,-0.0515625
0.3785560131072998,234,-0.103125
0.3796579837799072,235,-0.23203125
0.3808929920196533,236,-0.193359375
0.3823878765106201,237,-0.2578125
0.38394904136657715,238,-0.12890625
0.3855619430541992,239,0.0
0.3870680332183838,240,-0.02578125
0.3885049819946289,241,-0.193359375
0.389955997467041,242,-0.322265625
0.3917429447174072,243,-0.992578125
0.39417290687561035,244,-1.65
0.3957860469818115,245,-0.270703125
0.3973720073699951,246,-0.21914062499999998
0.3994429111480713,247,-0.28359375
0.4010739326477051,248,0.038671874999999994
0.40233588218688965,249,0.0
0.4034860134124756,250,-0.09023437499999999
0.40471696853637695,251,-0.167578125
0.40584492683410645,252,-0.322265625
0.4069790840148926,253,-0.631640625
0.4080810546875,254,-1.2890625
0.4091770648956299,255,-0.6574218749999999
0.4102659225463867,256,-0.012890625
0.4114670753479004,257,-0.20625
0.4130818843841553,258,-0.20625
0.4147329330444336,259,-0.167578125
0.4161250591278076,260,-0.322265625
0.41742491722106934,261,-0.116015625
0.4187660217285156,262,0.0
0.42024993896484375,263,-0.0515625
0.4223179817199707,264,-0.15468749999999998
0.4247570037841797,265,-0.2578125
0.42627501487731934,266,-1.4953124999999998
0.4278690814971924,267,-0.064453125
0.4301290512084961,268,-0.270703125
0.43160009384155273,269,-0.02578125
0.43286609649658203,270,-0.20625
0.4340379238128662,271,-0.012890625
0.4351670742034912,272,-0.012890625
0.43630409240722656,273,-0.012890625
0.43741393089294434,274,-0.0515625
0.4385349750518799,275,-0.33515625
0.43962907791137695,276,-0.28359375
0.44072794914245605,277,-0.928125
0.44191908836364746,278,-1.5082031249999999
0.4433169364929199,279,0.0
0.44477391242980957,280,-0.09023437499999999
0.44644808769226074,281,-0.167578125
0.4479680061340332,282,0.0
0.44936490058898926,283,-0.348046875
0.4507169723510742,284,-0.116015625
0.45246100425720215,285,0.0
0.45519399642944336,286,-0.02578125
0.45669007301330566,287,-0.21914062499999998
0.45821595191955566,288,-0.966796875
0.46028900146484375,289,-1.65
0.4619150161743164,290,-0.07734374999999999
0.46321702003479004,291,-0.270703125
0.4644808769226074,292,-0.103125
0.4656219482421875,293,-0.399609375
0.4667549133300781,294,-0.28359375
0.4678781032562256,295,0.012890625
0.4689829349517822,296,-0.012890625
0.47014403343200684,297,-0.0515625
0.47124505043029785,298,-0.18046874999999998
0.4724440574645996,299,-0.37382812499999996
0.4739360809326172,300,-0.5671875
0.4754040241241455,301,-1.327734375
0.477092981338501,302,0.012890625
0.4785740375518799,303,-0.18046874999999998
0.4799790382385254,304,-0.23203125
0.4814178943634033,305,-0.116015625
0.4832940101623535,306,-0.33515625
0.48614501953125,307,-0.12890625
0.48760294914245605,308,-0.02578125
0.4893209934234619,309,-0.2578125
0.49127697944641113,310,-0.4640625
0.49271702766418457,311,-1.546875
0.4940218925476074,312,-0.064453125
0.4951779842376709,313,-0.23203125
0.4963080883026123,314,-0.23203125
0.4974210262298584,315,-0.09023437499999999
0.49852800369262695,316,-0.29648437499999997
0.4996449947357178,317,-0.348046875
0.5008139610290527,318,-0.167578125
0.5019478797912598,319,0.012890625
0.5032079219818115,320,-0.02578125
0.504694938659668,321,-0.09023437499999999
0.5061430931091309,322,-0.270703125
0.5077300071716309,323,-0.7218749999999999
0.5093629360198975,324,-1.46953125
0.5107948780059814,325,0.0
0.5122179985046387,326,-0.2578125
0.5145580768585205,327,-0.20625
0.5168960094451904,328,-0.36093749999999997
0.5184340476989746,329,0.0
0.5201358795166016,330,-0.012890625
0.5220909118652344,331,-0.064453125
0.5235021114349365,332,-0.193359375
0.5248150825500488,333,-1.0570312499999999
0.5259931087493896,334,-1.65
0.5271339416503906,335,0.0
0.5282700061798096,336,-0.28359375
0.5293788909912109,337,-0.2578125
0.5304770469665527,338,-0.064453125
0.5315649509429932,339,-0.37382812499999996
0.5327150821685791,340,-0.4125
0.5339601039886475,341,-0.2578125
0.5354349613189697,342,0.0
0.5368809700012207,343,-0.02578125
0.5384149551391602,344,-0.167578125
0.5400149822235107,345,-0.36093749999999997
0.54150390625,346,-0.9796874999999999
0.5429329872131348,347,-1.65
0.5445199012756348,348,-0.012890625
0.5469610691070557,349,-0.103125
0.5486888885498047,350,-0.0515625
0.5502219200134277,351,-0.0515625
0.5521469116210938,352,0.012890625
0.5539200305938721,353,0.0
0.5552310943603516,354,-0.21914062499999998
0.5564529895782471,355,-0.270703125
0.5576698780059814,356,-0.9410156249999999
0.5587930679321289,357,-1.5984375
0.5599079132080078,358,0.0
0.5610198974609375,359,-0.012890625
0.5621089935302734,360,-0.07734374999999999
0.5632040500640869,361,-0.20625
0.5644850730895996,362,-0.12890625
0.565985918045044,363,-0.4125
0.5674970149993896,364,-0.21914062499999998
0.5690410137176514,365,0.0
0.570483922958374,366,-0.02578125
0.5719609260559082,367,-0.20625
0.5734450817108154,368,-0.30937499999999996
0.5752339363098145,369,-1.03125
0.5777010917663574,370,-0.7218749999999999
0.5792648792266846,371,-0.21914062499999998
0.5808069705963135,372,-0.2578125
0.5829629898071289,373,-0.33515625
0.5846960544586182,374,0.0515625
0.5859580039978027,375,-0.012890625
0.5871069431304932,376,-0.02578125
0.5882940292358398,377,-0.23203125
0.5894238948822021,378,-0.322265625
0.5905640125274658,379,-0.837890625
0.5916891098022461,380,-1.4437499999999999
0.5928230285644531,381,-0.07734374999999999
0.5939860343933105,382,-0.103125
0.5951859951019287,383,-0.2578125
0.5969901084899902,384,-0.2578125
0.5985019207000732,385,-0.09023437499999999
0.6001160144805908,386,-0.103125
0.6016089916229248,387,0.0
0.6029360294342041,388,-0.012890625
0.604374885559082,389,-0.02578125
0.6064319610595703,390,-0.28359375
0.6087589263916016,391,-0.43828124999999996
0.6102380752563477,392,-0.02578125
0.6118369102478027,393,-0.07734374999999999
0.6141510009765625,394,-0.21914062499999998
0.615678071975708,395,-0.02578125
0.6169300079345703,396,0.141796875
0.6180698871612549,397,0.012890625
0.6191749572753906,398,0.0
0.6203439235687256,399,-0.0515625
0.6214570999145508,400,-0.2578125
0.6225800514221191,401,-0.38671875
0.6236989498138428,402,-0.6703125
0.6248750686645508,403,-1.3148437499999999
0.6260809898376465,404,-0.116015625
0.6274878978729248,405,-0.064453125
0.6289880275726318,406,-0.167578125
0.630608081817627,407,-0.28359375
0.6321280002593994,408,-0.2578125
0.6335470676422119,409,-0.103125
0.6349570751190186,410,0.0
0.6363639831542969,411,-0.012890625
0.638592004776001,412,-0.038671874999999994
0.6408820152282715,413,-0.28359375
0.6423499584197998,414,-1.3019531249999998
0.6441168785095215,415,0.0
0.6462349891662598,416,-0.20625
0.6476490497589111,417,-0.23203125
0.648838996887207,418,-0.36093749999999997
0.6499819755554199,419,-0.30937499999999996
0.6511039733886719,420,0.0
0.6522419452667236,421,-0.012890625
0.6533498764038086,422,-0.0515625
0.6544909477233887,423,-0.103125
0.6556100845336914,424,-0.33515625
0.6568450927734375,425,-0.4640625
0.6582798957824707,426,-1.1859374999999999
0.6598219871520996,427,-0.515625
0.6614210605621338,428,-0.012890625
0.6629579067230225,429,0.0
0.6643989086151123,430,-0.141796875
0.6658899784088135,431,-0.2578125
0.6682651042938232,432,-0.103125
0.6703751087188721,433,0.0
0.6719670295715332,434,-0.12890625
0.6741530895233154,435,-0.21914062499999998
0.6757419109344482,436,-1.134375
0.6769990921020508,437,0.0
0.6782040596008301,438,-0.18046874999999998
0.679326057434082,439,-0.193359375
0.6804320812225342,440,-0.167578125
0.6815340518951416,441,-0.29648437499999997
0.6826419830322266,442,-0.37382812499999996
0.6837539672851562,443,-0.2578125
0.6856460571289062,444,0.012890625
0.6869750022888184,445,-0.09023437499999999
0.6884939670562744,446,-0.193359375
0.6899399757385254,447,-0.2578125
0.6915009021759033,448,-0.928125
0.6930899620056152,449,-1.65
0.695336103439331,450,-0.064453125
0.6973960399627686,451,-0.167578125
0.6997289657592773,452,-0.07734374999999999
0.7013540267944336,453,0.322265625
0.7030429840087891,454,-0.02578125
0.7051429748535156,455,-0.0515625
0.7065639495849609,456,-0.20625
0.7078158855438232,457,-0.90234375
0.7089688777923584,458,-1.5597656249999998
0.7101569175720215,459,0.0
0.71126389503479,460,-0.167578125
0.7123720645904541,461,-0.09023437499999999
0.713468074798584,462,-0.28359375
0.7145841121673584,463,-0.0515625
0.7156980037689209,464,-0.322265625
0.7169370651245117,465,-0.2578125
0.7184319496154785,466,0.0
0.7199170589447021,467,-0.012890625
0.721484899520874,468,-0.0515625
0.7229430675506592,469,-0.28359375
0.7244958877563477,470,-0.7734375
0.7260088920593262,471,-1.611328125
0.7289400100708008,472,-0.0515625
0.7308690547943115,473,-0.21914062499999998
0.7323949337005615,474,-0.33515625
0.7344379425048828,475,-0.15468749999999998
0.7364590167999268,476,0.0
0.7378060817718506,477,-0.012890625
0.7389888763427734,478,-0.270703125
0.7401309013366699,479,-0.42539062499999997
0.7413098812103271,480,-1.134375
0.7424290180206299,481,-1.65
0.7435369491577148,482,-0.012890625
0.7446660995483398,483,-0.12890625
0.7457809448242188,484,-0.15468749999999998
0.7470040321350098,485,-0.2578125
0.7485170364379883,486,-0.02578125
0.7500848770141602,487,-0.167578125
0.751708984375,488,0.012890625
0.7532520294189453,489,-0.012890625
0.7546660900115967,490,-0.0515625
0.7561459541320801,491,-0.24492187499999998
0.7580239772796631,492,-0.631640625
0.7604780197143555,493,-1.3921875
0.7619900703430176,494,-0.15468749999999998
0.763542890548706,495,-0.167578125
0.7658720016479492,496,-0.103125
0.7674379348754883,497,0.038671874999999994
0.7687489986419678,498,0.012890625
0.7699010372161865,499,-0.064453125
0.7710239887237549,500,-0.064453125
0.7721669673919678,501,-0.270703125
0.7733030319213867,502,-0.33515625
0.774522066116333,503,-1.0828125
0.7756509780883789,504,-1.65
0.776757001876831,505,0.0
0.7779290676116943,506,-0.0515625
0.7793369293212891,507,-0.12890625
0.7808279991149902,508,-0.12890625
0.782480001449585,509,-0.322265625
0.7842109203338623,510,-0.12890625
0.7856340408325195,511,-0.012890625
0.7870080471038818,512,-0.02578125
0.7889480590820312,513,-0.18046874999999998
0.7914540767669678,514,-0.2578125
0.7930729389190674,515,-1.4953124999999998
0.7947359085083008,516,-0.116015625
0.7969319820404053,517,-0.12890625
0.7984809875488281,518,-0.012890625
0.7997128963470459,519,-0.12890625
0.8008639812469482,520,0.012890625
0.8019840717315674,521,0.012890625
0.8031039237976074,522,-0.0515625
0.8042550086975098,523,-0.0515625
0.8053619861602783,524,-0.33515625
0.8064680099487305,525,-0.322265625
0.8075640201568604,526,-0.992578125
0.808790922164917,527,-1.5726562499999999
0.8102319240570068,528,-0.02578125
0.8116350173950195,529,-0.103125
0.8132820129394531,530,-0.167578125
0.814863920211792,531,-0.20625
0.8163249492645264,532,-0.322265625
0.817842960357666,533,-0.0515625
0.819767951965332,534,0.012890625
0.8222379684448242,535,-0.0515625
0.8237099647521973,536,-0.103125
0.8253669738769531,537,-1.03125
0.8273398876190186,538,0.0
0.8289449214935303,539,-0.20625
0.8302628993988037,540,-0.270703125
0.8314239978790283,541,-0.038671874999999994
0.8325769901275635,542,-0.29648437499999997
0.8336939811706543,543,-0.21914062499999998
0.8348939418792725,544,0.0
0.8360090255737305,545,-0.012890625
0.8371460437774658,546,-0.02578125
0.838270902633667,547,-0.20625
0.8394720554351807,548,-0.29648437499999997
0.8408970832824707,549,-0.7863281249999999
0.8423409461975098,550,-1.46953125
0.8440229892730713,551,0.0
0.8455700874328613,552,-0.20625
0.8470189571380615,553,-0.20625
0.8485620021820068,554,-0.116015625
0.8507459163665771,555,-0.103125
0.8529400825500488,556,0.0
0.8545498847961426,557,-0.02578125
0.8562130928039551,558,-0.20625
0.8581910133361816,559,-0.476953125
0.859626054763794,560,-1.546875
0.8609020709991455,561,-0.02578125
0.8620829582214355,562,-0.15468749999999998
0.8632218837738037,563,-0.193359375
0.8644280433654785,564,-0.07734374999999999
0.8655688762664795,565,-0.37382812499999996
0.8666820526123047,566,-0.322265625
0.8678278923034668,567,0.0
0.8689250946044922,568,-0.012890625
0.8702309131622314,569,-0.0515625
0.8717210292816162,570,-0.167578125
0.8732430934906006,571,-0.23203125
0.8748829364776611,572,-0.889453125
0.8765320777893066,573,-1.65
0.8779981136322021,574,0.0
0.8795499801635742,575,-0.103125
0.8811070919036865,576,-0.12890625
0.8824150562286377,577,-0.29648437499999997
0.8839249610900879,578,-0.167578125
0.8866770267486572,579,0.0
0.8883810043334961,580,-0.02578125
0.8899331092834473,581,-0.193359375
0.8921170234680176,582,-0.7863281249999999
0.893563985824585,583,-0.167578125
0.8947908878326416,584,-0.193359375
0.8959429264068604,585,-0.103125
0.8970930576324463,586,-0.21914062499999998
0.8982059955596924,587,-0.193359375
0.8993110656738281,588,-0.322265625
0.900536060333252,589,-0.21914062499999998
0.9020180702209473,590,0.0
0.9036769866943359,591,-0.02578125
0.9053199291229248,592,-0.12890625
0.9068078994750977,593,-0.20625
0.908195972442627,594,-0.966796875
0.9096078872680664,595,-1.65
0.9122309684753418,596,-0.064453125
0.9139299392700195,597,-0.141796875
0.915402889251709,598,-0.29648437499999997
0.9174709320068359,599,-0.20625
0.9192759990692139,600,0.012890625
0.92057204246521,601,-0.0515625
0.9217488765716553,602,-0.20625
0.9228830337524414,603,-0.24492187499999998
0.9240319728851318,604,-0.825
0.9252040386199951,605,-1.405078125
0.9263439178466797,606,0.0
0.9274399280548096,607,-0.09023437499999999
0.9285609722137451,608,-0.2578125
0.9296600818634033,609,-0.20625
0.9308450222015381,610,-0.167578125
0.9322340488433838,611,-0.23203125
0.9338090419769287,612,-0.20625
0.9354989528656006,613,0.012890625
0.9369959831237793,614,-0.012890625
0.9383718967437744,615,-0.09023437499999999
0.9398860931396484,616,-0.012890625
0.9425890445709229,617,-0.708984375
0.9443390369415283,618,-1.6242187499999998
0.9457240104675293,619,-0.23203125
0.9474549293518066,620,-0.116015625
0.9495689868927002,621,-0.270703125
0.9512839317321777,622,0.167578125
0.9527890682220459,623,0.0
0.9540610313415527,624,-0.02578125
0.9552230834960938,625,-0.2578125
0.9564030170440674,626,-0.193359375
0.9575300216674805,627,-0.863671875
0.9586749076843262,628,-1.46953125
0.959791898727417,629,0.0
0.9609739780426025,630,-0.0515625
0.9623570442199707,631,-0.02578125
0.96390700340271,632,-0.322265625
0.9655370712280273,633,-0.12890625
0.9671719074249268,634,-0.012890625
0.9686698913574219,635,0.012890625
0.9700329303741455,636,-0.012890625
0.9725489616394043,637,-0.103125
0.9745960235595703,638,-0.23203125
0.9759891033172607,639,-1.41796875
0.977794885635376,640,-0.064453125
0.9796459674835205,641,-0.0515625
0.9811060428619385,642,-0.09023437499999999
0.982327938079834,643,-0.4125
0.9834558963775635,644,-0.30937499999999996
0.9846410751342773,645,0.012890625
0.9857640266418457,646,-0.012890625
0.9868700504302979,647,-0.0515625
0.9879920482635498,648,-0.167578125
0.9891159534454346,649,-0.37382812499999996
0.9902529716491699,650,-0.5285156249999999
0.991455078125,651,-1.224609375
0.9929060935974121,652,-1.65
0.9943408966064453,653,-0.012890625
0.9959490299224854,654,-0.064453125
0.9975070953369141,655,-0.20625
0.9988861083984375,656,-0.322265625
1.0002551078796387,657,-0.20625
1.0029089450836182,658,0.012890625
1.004957914352417,659,-0.064453125
1.0064330101013184,660,-0.20625
1.0082669258117676,661,-0.837890625
1.0101978778839111,662,-1.5726562499999999
1.014451026916504,663,-0.103125
1.0160870552062988,664,-0.18046874999999998
1.0179738998413086,665,0.24492187499999998
1.0198049545288086,666,0.0
1.0250599384307861,667,-0.012890625
1.0270600318908691,668,-1.4437499999999999
