time,count,voltage
0.005474090576171875,1,-0.012890625
0.007074117660522461,2,-0.0515625
0.00857090950012207,3,-0.28359375
0.010052919387817383,4,-0.399609375
0.011455059051513672,5,-1.2503906249999999
0.012849092483520508,6,-0.103125
0.014202117919921875,7,0.0
0.015543937683105469,8,-0.141796875
0.016889095306396484,9,-0.193359375
0.018221139907836914,10,-0.2578125
0.027964115142822266,11,-0.20625
0.029536962509155273,12,-1.456640625
0.03108692169189453,13,-0.12890625
0.03248095512390137,14,-0.193359375
0.03384113311767578,15,-0.103125
0.04597806930541992,16,-0.399609375
0.04790902137756348,17,-0.0515625
0.049607038497924805,18,-0.193359375
0.05352497100830078,19,-0.012890625
0.05568099021911621,20,0.515625
0.057977914810180664,21,-0.0515625
0.060890913009643555,22,-0.193359375
0.06275391578674316,23,-1.21171875
0.06413912773132324,24,0.0
0.06541705131530762,25,-0.103125
0.06668496131896973,26,-0.167578125
0.06793403625488281,27,-0.348046875
0.0691981315612793,28,-0.33515625
0.070526123046875,29,-0.103125
0.07176899909973145,30,0.0
0.07298612594604492,31,-0.0515625
0.07420110702514648,32,-0.193359375
0.07543611526489258,33,-0.29648437499999997
0.07670211791992188,34,-0.605859375
0.0779259204864502,35,-1.340625
0.07916998863220215,36,-0.12890625
0.08045792579650879,37,-0.0515625
0.09938597679138184,38,-0.15468749999999998
0.10105609893798828,39,-0.29648437499999997
0.10226607322692871,40,-0.29648437499999997
0.10343813896179199,41,-0.09023437499999999
0.10456705093383789,42,-0.012890625
0.10566902160644531,43,0.0
0.10676097869873047,44,-0.0515625
0.10786008834838867,45,-0.33515625
0.10899901390075684,46,-0.30937499999999996
0.11058211326599121,47,-0.8507812499999999
0.11194610595703125,48,-1.611328125
0.11329293251037598,49,-0.02578125
0.11474990844726562,50,-0.193359375
0.11628103256225586,51,-0.28359375
0.11794710159301758,52,-0.0515625
0.1193990707397461,53,-0.167578125
0.1208651065826416,54,0.012890625
0.12265396118164062,55,0.0
0.12519407272338867,56,-0.012890625
0.12664508819580078,57,-0.2578125
0.12856197357177734,58,-1.198828125
0.13047099113464355,59,-0.02578125
0.13181304931640625,60,-0.12890625
0.13300395011901855,61,-0.23203125
0.13415312767028809,62,-0.07734374999999999
0.1352689266204834,63,-0.2578125
0.1363661289215088,64,-0.21914062499999998
0.13750410079956055,65,0.0
0.1385939121246338,66,0.0
0.13969802856445312,67,-0.0515625
0.14094114303588867,68,-0.21914062499999998
0.14230704307556152,69,-0.270703125
0.14371013641357422,70,-0.734765625
0.14519810676574707,71,-1.4953124999999998
0.14663195610046387,72,0.0
0.14829611778259277,73,-0.18046874999999998
0.14993691444396973,74,-0.24492187499999998
0.15141892433166504,75,-0.103125
0.15284395217895508,76,-0.07734374999999999
0.15520191192626953,77,0.0
0.15727901458740234,78,-0.012890625
0.15876412391662598,79,-0.23203125
0.16073894500732422,80,-0.54140625
0.16263103485107422,81,-1.46953125
0.16397905349731445,82,-0.02578125
0.1652240753173828,83,0.0
0.16637706756591797,84,-0.2578125
0.16749310493469238,85,-0.02578125
0.16858911514282227,86,-0.270703125
0.1696789264678955,87,-0.20625
0.1708540916442871,88,0.012890625
0.17200803756713867,89,0.012890625
0.17316102981567383,90,-0.012890625
0.17435312271118164,91,-0.29648437499999997
0.17583608627319336,92,-0.322265625
0.17732691764831543,93,-0.8765624999999999
0.17888808250427246,94,-1.65
0.1806480884552002,95,0.0
0.18211913108825684,96,-0.09023437499999999
0.1835341453552246,97,-0.167578125
0.18523907661437988,98,-0.270703125
0.18766093254089355,99,-0.2578125
0.18930697441101074,100,-0.012890625
0.19092512130737305,101,-0.0515625
0.19298195838928223,102,-0.322265625
0.1945810317993164,103,-0.95390625
0.19588398933410645,104,0.0
0.19712400436401367,105,-0.0515625
0.19825100898742676,106,0.0
0.19936704635620117,107,-0.2578125
0.2005019187927246,108,-0.103125
0.20160603523254395,109,-0.42539062499999997
0.20270800590515137,110,-0.37382812499999996
0.20381402969360352,111,0.0
0.20506596565246582,112,0.012890625
0.2064990997314453,113,-0.02578125
0.2079601287841797,114,-0.20625
0.20950913429260254,115,-0.28359375
0.21122193336486816,116,-0.95390625
0.212738037109375,117,-0.012890625
0.21422410011291504,118,-0.103125
0.2161121368408203,119,-0.116015625
0.21840691566467285,120,-0.116015625
0.22016310691833496,121,0.012890625
0.221998929977417,122,-0.012890625
0.22408413887023926,123,-0.02578125
0.22549009323120117,124,-0.20625
0.22667598724365234,125,-0.64453125
0.22785401344299316,126,-1.340625
0.22906112670898438,127,0.0
0.23020195960998535,128,0.0
0.23131513595581055,129,-0.23203125
0.23241591453552246,130,-0.23203125
0.23352503776550293,131,-0.15468749999999998
0.23463106155395508,132,-0.23203125
0.2358229160308838,133,-0.29648437499999997
0.23737192153930664,134,-0.103125
0.2388770580291748,135,-0.012890625
0.24090003967285156,136,-0.0515625
0.24247097969055176,137,-0.24492187499999998
0.2440800666809082,138,-0.8121093749999999
0.24549603462219238,139,-1.611328125
0.24762606620788574,140,-0.012890625
0.24970412254333496,141,-0.103125
0.2513420581817627,142,-0.103125
0.25316405296325684,143,-0.103125
0.2552509307861328,144,0.0
0.256695032119751,145,-0.012890625
0.2578890323638916,146,-0.28359375
0.2590370178222656,147,-0.21914062499999998
0.26032114028930664,148,-0.8507812499999999
0.261523962020874,149,-1.533984375
0.2626519203186035,150,0.0
0.2637519836425781,151,0.0
0.2648439407348633,152,-0.0515625
0.2660510540008545,153,-0.37382812499999996
0.26750612258911133,154,0.0
0.2689530849456787,155,-0.29648437499999997
0.2706120014190674,156,-0.012890625
0.27216100692749023,157,0.0
0.27355003356933594,158,-0.012890625
0.2749440670013428,159,-0.30937499999999996
0.27686500549316406,160,-0.322265625
0.27939391136169434,161,-1.147265625
0.28099799156188965,162,0.0
0.2825350761413574,163,-0.167578125
0.28467702865600586,164,-0.167578125
0.28637194633483887,165,-0.2578125
0.28767895698547363,166,-0.012890625
0.28882813453674316,167,0.012890625
0.28998303413391113,168,-0.012890625
0.29114413261413574,169,-0.270703125
0.2922940254211426,170,-0.30937499999999996
0.2934539318084717,171,-0.8765624999999999
0.29456591606140137,172,-1.46953125
0.29567813873291016,173,0.0
0.29688096046447754,174,0.02578125
0.2983090877532959,175,-0.21914062499999998
0.29993200302124023,176,-0.270703125
0.3015899658203125,177,-0.103125
0.3032679557800293,178,-0.07734374999999999
0.3047630786895752,179,0.012890625
0.3061850070953369,180,-0.012890625
0.30796003341674805,181,-0.12890625
0.31064796447753906,182,-0.24492187499999998
0.31215596199035645,183,-1.405078125
0.31376194953918457,184,-0.064453125
0.31577396392822266,185,-0.23203125
0.31739091873168945,186,-0.064453125
0.3186640739440918,187,-0.33515625
0.3199279308319092,188,-0.167578125
0.32109594345092773,189,0.012890625
0.3222169876098633,190,0.0
0.32334399223327637,191,-0.02578125
0.32447099685668945,192,-0.322265625
0.3256111145019531,193,-0.270703125
0.32680797576904297,194,-0.863671875
0.3282430171966553,195,-1.46953125
0.3296999931335449,196,0.0
0.3314239978790283,197,-0.0515625
0.3330271244049072,198,-0.270703125
0.33453798294067383,199,-0.02578125
0.336043119430542,200,-0.12890625
0.33785200119018555,201,0.0
0.3403921127319336,202,0.0
0.3419780731201172,203,-0.21914062499999998
0.3435509204864502,204,-0.4125
0.34554100036621094,205,-1.26328125
0.3472170829772949,206,0.0
0.3485281467437744,207,-0.064453125
0.34972596168518066,208,-0.29648437499999997
0.351146936416626,209,-0.103125
0.3523421287536621,210,-0.23203125
0.35349607467651367,211,0.0
0.35460400581359863,212,0.012890625
0.35574913024902344,213,0.012890625
0.35698914527893066,214,-0.038671874999999994
0.3584730625152588,215,-0.348046875
0.3600001335144043,216,-0.42539062499999997
0.36160707473754883,217,-1.3019531249999998
0.36313509941101074,218,0.0
0.3646280765533447,219,-0.167578125
0.36598801612854004,220,-0.24492187499999998
0.36861205101013184,221,-0.02578125
0.37018513679504395,222,0.103125
0.3717200756072998,223,0.012890625
0.37445497512817383,224,-0.02578125
0.37579798698425293,225,-0.20625
0.376971960067749,226,-0.837890625
0.37811708450317383,227,-1.52109375
0.3793070316314697,228,0.0
0.38048601150512695,229,-0.0515625
0.381633996963501,230,0.0
0.3827500343322754,231,-0.24492187499999998
0.38386011123657227,232,-0.15468749999999998
0.3849680423736572,233,-0.43828124999999996
0.3860650062561035,234,-0.348046875
0.3873429298400879,235,0.0
0.3888249397277832,236,-0.012890625
0.3904280662536621,237,-0.012890625
0.3920409679412842,238,-0.23203125
0.39348602294921875,239,-0.476953125
0.39484190940856934,240,-1.353515625
0.3965339660644531,241,0.0
0.3991360664367676,242,-0.02578125
0.40079593658447266,243,-0.0515625
0.40228796005249023,244,-0.322265625
0.40448594093322754,245,-0.116015625
0.4061119556427002,246,-0.012890625
0.4073801040649414,247,-0.116015625
0.40852999687194824,248,-0.2578125
0.4096639156341553,249,-0.5285156249999999
0.410876989364624,250,-1.224609375
0.41201305389404297,251,-0.7863281249999999
0.41318202018737793,252,-0.012890625
0.4142880439758301,253,-0.193359375
0.4153881072998047,254,-0.21914062499999998
0.4165189266204834,255,-0.15468749999999998
0.41771912574768066,256,-0.322265625
0.41915297508239746,257,-0.37382812499999996
0.4207570552825928,258,-0.103125
0.4223439693450928,259,-0.012890625
0.42386698722839355,260,-0.02578125
0.42527008056640625,261,-0.29648437499999997
0.4266841411590576,262,-0.451171875
0.42897796630859375,263,-1.2890625
0.43137311935424805,264,0.0
0.4328911304473877,265,-0.2578125
0.43447303771972656,266,-0.103125
0.4366109371185303,267,-0.2578125
0.43813395500183105,268,0.0
0.4393460750579834,269,-0.012890625
0.4405250549316406,270,-0.103125
0.44166994094848633,271,-0.33515625
0.4427800178527832,272,-0.4640625
0.44388914108276367,273,-1.16015625
0.44501495361328125,274,-1.65
0.44612908363342285,275,-0.038671874999999994
0.4472489356994629,276,-0.07734374999999999
0.44843602180480957,277,-0.103125
0.4498929977416992,278,-0.30937499999999996
0.4514479637145996,279,-0.103125
0.4531519412994385,280,-0.064453125
0.4547441005706787,281,-0.012890625
0.45609092712402344,282,-0.012890625
0.45742297172546387,283,-0.116015625
0.45990991592407227,284,-0.322265625
0.4619719982147217,285,-0.8121093749999999
0.46338796615600586,286,0.012890625
0.46527600288391113,287,-0.141796875
0.4671940803527832,288,-0.23203125
0.46864795684814453,289,-0.20625
0.4699060916900635,290,-0.012890625
0.471081018447876,291,0.012890625
0.47220897674560547,292,0.0
0.47331905364990234,293,-0.02578125
0.4744269847869873,294,-0.270703125
0.4755289554595947,295,-0.30937499999999996
0.4766709804534912,296,-0.8507812499999999
0.4777960777282715,297,-1.456640625
0.47901296615600586,298,-0.12890625
0.48053598403930664,299,-0.012890625
0.4820261001586914,300,-0.064453125
0.483551025390625,301,-0.116015625
0.4852321147918701,302,-0.29648437499999997
0.48670101165771484,303,-0.064453125
0.4880490303039551,304,0.012890625
0.490070104598999,305,-0.02578125
0.4923830032348633,306,-0.167578125
0.4939301013946533,307,-0.5671875
0.4957311153411865,308,-1.52109375
0.4977240562438965,309,-0.012890625
0.4991729259490967,310,-0.167578125
0.500499963760376,311,-0.064453125
0.5017271041870117,312,-0.37382812499999996
0.5029001235961914,313,-0.23203125
0.5040459632873535,314,0.0
0.5051510334014893,315,0.012890625
0.5062530040740967,316,-0.0515625
0.5073680877685547,317,-0.2578125
0.5084869861602783,318,-0.33515625
0.5097250938415527,319,-0.5285156249999999
0.511275053024292,320,-1.2503906249999999
0.5127959251403809,321,-0.09023437499999999
0.5143699645996094,322,-0.0515625
0.515981912612915,323,-0.15468749999999998
0.5175039768218994,324,-0.0515625
0.5189030170440674,325,-0.29648437499999997
0.5209670066833496,326,-0.0515625
0.5232620239257812,327,-0.012890625
0.5248010158538818,328,-0.20625
0.5264749526977539,329,-0.167578125
0.5285499095916748,330,-1.0570312499999999
0.5300300121307373,331,-0.15468749999999998
0.5313060283660889,332,-0.09023437499999999
0.532494068145752,333,-0.270703125
0.5336611270904541,334,-0.141796875
0.5347750186920166,335,-0.4125
0.5358791351318359,336,-0.37382812499999996
0.5369789600372314,337,0.012890625
0.5380730628967285,338,0.0
0.5391800403594971,339,-0.012890625
0.5404970645904541,340,-0.064453125
0.5419650077819824,341,-0.36093749999999997
0.5434350967407227,342,-0.54140625
0.5450301170349121,343,-1.3792968749999999
0.5465710163116455,344,0.0
0.5482110977172852,345,-0.167578125
0.549875020980835,346,-0.322265625
0.5520391464233398,347,-0.0515625
0.5540869235992432,348,0.038671874999999994
0.5555860996246338,349,-0.012890625
0.5573129653930664,350,-0.02578125
0.5594689846038818,351,-0.2578125
0.5616540908813477,352,-0.837890625
0.5628690719604492,353,0.0
0.5640010833740234,354,-0.167578125
0.5651741027832031,355,-0.12890625
0.5662829875946045,356,-0.116015625
0.567392110824585,357,0.0
0.5684819221496582,358,-0.30937499999999996
0.5695750713348389,359,-0.23203125
0.570842981338501,360,0.012890625
0.5723080635070801,361,0.012890625
0.5738389492034912,362,-0.012890625
0.5754389762878418,363,-0.24492187499999998
0.5769920349121094,364,-0.4640625
0.578361988067627,365,-1.405078125
0.5798559188842773,366,0.0
0.58201003074646,367,-0.141796875
0.5842490196228027,368,-0.270703125
0.5857689380645752,369,0.0
0.5874500274658203,370,0.20625
0.5896761417388916,371,-0.012890625
0.5912320613861084,372,-0.07734374999999999
0.5924580097198486,373,-0.15468749999999998
0.5936291217803955,374,-0.8507812499999999
0.594749927520752,375,-1.4953124999999998
0.5958800315856934,376,0.0
0.596992015838623,377,-0.0515625
0.598128080368042,378,-0.02578125
0.5992240905761719,379,-0.399609375
0.600383996963501,380,-0.064453125
0.6015670299530029,381,-0.399609375
0.6029479503631592,382,-0.30937499999999996
0.6045210361480713,383,0.012890625
0.6060519218444824,384,0.0
0.6076319217681885,385,-0.103125
0.6092641353607178,386,-0.29648437499999997
0.6108789443969727,387,-0.8765624999999999
0.6125469207763672,388,-1.65
0.6139969825744629,389,0.0
0.6165430545806885,390,-0.09023437499999999
0.6182029247283936,391,-0.103125
0.6199560165405273,392,0.038671874999999994
0.6221930980682373,393,-0.012890625
0.6235690116882324,394,-0.012890625
0.6247451305389404,395,-0.29648437499999997
0.6258730888366699,396,-0.29648437499999997
0.626986026763916,397,-0.9796874999999999
0.6281590461730957,398,-1.611328125
0.6292870044708252,399,0.0
0.6304340362548828,400,0.0
0.6316449642181396,401,-0.07734374999999999
0.6330740451812744,402,-0.2578125
0.634519100189209,403,-0.012890625
0.636307954788208,404,-0.12890625
0.6379179954528809,405,0.012890625
0.6394181251525879,406,-0.02578125
0.640955924987793,407,-0.0515625
0.6436009407043457,408,-0.2578125
0.6452751159667969,409,-1.147265625
0.6470310688018799,410,0.0
0.6490240097045898,411,-0.2578125
0.650460958480835,412,-0.15468749999999998
0.6517069339752197,413,-0.4125
0.6528499126434326,414,-0.270703125
0.6539881229400635,415,0.0
0.6551620960235596,416,0.0
0.6562891006469727,417,-0.0515625
0.6573960781097412,418,-0.2578125
0.6585440635681152,419,-0.270703125
0.659735918045044,420,-0.6187499999999999
0.6609349250793457,421,-1.3019531249999998
0.6621980667114258,422,-0.21914062499999998
0.66361403465271,423,0.0
0.6650700569152832,424,-0.2578125
0.6666760444641113,425,-0.103125
0.6682379245758057,426,-0.270703125
0.669903039932251,427,-0.12890625
0.6719169616699219,428,0.0
0.6743419170379639,429,-0.012890625
0.6759529113769531,430,-0.167578125
0.6778991222381592,431,-0.9152343749999999
0.6798429489135742,432,-1.65
0.6811509132385254,433,-0.09023437499999999
0.6823139190673828,434,-0.29648437499999997
0.6834499835968018,435,-0.09023437499999999
0.6846809387207031,436,-0.24492187499999998
0.6857950687408447,437,-0.2578125
0.6869199275970459,438,-0.0515625
0.6880390644073486,439,0.012890625
0.6891329288482666,440,-0.012890625
0.6902990341186523,441,-0.103125
0.691425085067749,442,-0.33515625
0.6926929950714111,443,-0.322265625
0.6941490173339844,444,-1.0570312499999999
0.6960461139678955,445,-1.65
0.697700023651123,446,0.0
0.6992130279541016,447,-0.167578125
0.7007830142974854,448,-0.167578125
0.702549934387207,449,-0.36093749999999997
0.705085039138794,450,-0.09023437499999999
0.7065839767456055,451,-0.02578125
0.708686113357544,452,-0.2578125
0.7106261253356934,453,-0.33515625
0.7119050025939941,454,-1.5726562499999999
0.7130711078643799,455,0.0
0.7141940593719482,456,-0.167578125
0.7153499126434326,457,-0.20625
0.7168331146240234,458,-0.12890625
0.7183530330657959,459,-0.33515625
0.7200839519500732,460,-0.141796875
0.7215380668640137,461,0.0
0.722862958908081,462,-0.02578125
0.7243599891662598,463,-0.15468749999999998
0.7258880138397217,464,-0.270703125
0.7274589538574219,465,-0.928125
0.7288661003112793,466,-1.65
0.7302780151367188,467,-0.012890625
0.7316370010375977,468,-0.167578125
0.7341890335083008,469,-0.18046874999999998
0.7359309196472168,470,-0.167578125
0.737368106842041,471,0.30937499999999996
0.7393820285797119,472,0.0
0.7414100170135498,473,-0.02578125
0.7427890300750732,474,-0.15468749999999998
0.7439820766448975,475,-0.992578125
0.7451131343841553,476,-1.65
0.7462170124053955,477,-0.02578125
0.7473459243774414,478,-0.103125
0.7484619617462158,479,-0.09023437499999999
0.7496271133422852,480,-0.20625
0.750817060470581,481,-0.0515625
0.7519340515136719,482,-0.23203125
0.7531599998474121,483,-0.167578125
0.7545840740203857,484,0.0
0.7560820579528809,485,0.012890625
0.7577829360961914,486,-0.103125
0.7593209743499756,487,-0.20625
0.7607760429382324,488,-0.928125
0.762200117111206,489,-1.65
0.7636170387268066,490,-0.02578125
0.7661480903625488,491,-0.20625
0.7681360244750977,492,-0.0515625
0.7695920467376709,493,0.012890625
0.7715969085693359,494,0.0
0.7735891342163086,495,0.0
0.7749550342559814,496,-0.2578125
0.7761430740356445,497,-0.33515625
0.7772700786590576,498,-1.147265625
0.7783811092376709,499,-1.65
0.7794840335845947,500,0.0
0.7806620597839355,501,-0.02578125
0.7817919254302979,502,-0.12890625
0.7828960418701172,503,-0.29648437499999997
0.7841260433197021,504,0.0
0.7855010032653809,505,-0.24492187499999998
0.7869420051574707,506,-0.064453125
0.7886381149291992,507,0.0
0.7902300357818604,508,-0.012890625
0.7916700839996338,509,-0.29648437499999997
0.793133020401001,510,-0.37382812499999996
0.7948009967803955,511,-1.21171875
0.7975671291351318,512,0.0
0.7991280555725098,513,0.0
0.8007409572601318,514,-0.12890625
0.8026649951934814,515,-0.399609375
0.8043351173400879,516,0.09023437499999999
0.8056919574737549,517,0.0
0.8068740367889404,518,-0.02578125
0.8080151081085205,519,-0.270703125
0.8091270923614502,520,-0.270703125
0.8103370666503906,521,-0.95390625
0.8114609718322754,522,-1.5984375
0.8125960826873779,523,0.0
0.8137180805206299,524,0.0
0.8149011135101318,525,-0.09023437499999999
0.8163869380950928,526,-0.23203125
0.8178269863128662,527,-0.07734374999999999
0.8194890022277832,528,-0.167578125
0.8211350440979004,529,0.012890625
0.8225889205932617,530,-0.012890625
0.8239920139312744,531,-0.064453125
0.8259479999542236,532,-0.23203125
0.8282971382141113,533,-0.6187499999999999
0.8299360275268555,534,0.0
0.8317720890045166,535,-0.20625
0.833745002746582,536,-0.29648437499999997
0.8352100849151611,537,-0.20625
0.8364551067352295,538,0.0
0.8376259803771973,539,-0.012890625
0.8387410640716553,540,-0.02578125
0.8399209976196289,541,-0.0515625
0.8410520553588867,542,-0.322265625
0.8421571254730225,543,-0.21914062499999998
0.843303918838501,544,-0.825
0.8444080352783203,545,-1.4308593749999998
0.8456640243530273,546,-0.167578125
0.8470771312713623,547,0.0
0.8485751152038574,548,-0.012890625
0.8501269817352295,549,-0.116015625
0.851625919342041,550,-0.37382812499999996
0.8530809879302979,551,-0.116015625
0.8545520305633545,552,0.012890625
0.856964111328125,553,-0.012890625
0.8592009544372559,554,-0.2578125
0.8608319759368896,555,-0.605859375
0.8624711036682129,556,-1.6371093749999999
0.864609956741333,557,-0.0515625
0.8660681247711182,558,-0.2578125
0.8673391342163086,559,0.0
0.868494987487793,560,-0.322265625
0.8696839809417725,561,-0.167578125
0.8709239959716797,562,0.0
0.8720390796661377,563,0.0
0.8731350898742676,564,-0.012890625
0.8742320537567139,565,-0.270703125
0.875352144241333,566,-0.2578125
0.8765859603881836,567,-0.6703125
0.878046989440918,568,-1.327734375
0.8794999122619629,569,-0.02578125
0.8812229633331299,570,-0.18046874999999998
0.882720947265625,571,-0.28359375
0.8841159343719482,572,-0.167578125
0.88543701171875,573,-0.30937499999999996
0.8878920078277588,574,-0.064453125
0.889552116394043,575,0.0
0.891077995300293,576,-0.15468749999999998
0.8933141231536865,577,-0.2578125
0.8954229354858398,578,-1.0828125
0.8967580795288086,579,-0.064453125
0.8979349136352539,580,-0.23203125
0.8990650177001953,581,-0.322265625
0.9002680778503418,582,-0.103125
0.9014239311218262,583,-0.42539062499999997
0.9025659561157227,584,-0.348046875
0.9036760330200195,585,0.012890625
0.9047770500183105,586,0.012890625
0.9058730602264404,587,-0.012890625
0.9070720672607422,588,-0.103125
0.9085700511932373,589,-0.30937499999999996
0.9100689888000488,590,-0.502734375
0.9115979671478271,591,-1.340625
0.9131929874420166,592,0.0
0.9146590232849121,593,-0.23203125
0.916146993637085,594,-0.29648437499999997
0.9176740646362305,595,-0.103125
0.9198949337005615,596,-0.18046874999999998
0.9219210147857666,597,-0.012890625
0.9234669208526611,598,-0.09023437499999999
0.925055980682373,599,-0.30937499999999996
0.9271240234375,600,-0.33515625
0.9289641380310059,601,-1.3921875
0.9302680492401123,602,-0.103125
0.9314849376678467,603,-0.09023437499999999
0.9326860904693604,604,-0.30937499999999996
0.9338209629058838,605,-0.116015625
0.9349439144134521,606,-0.38671875
0.9360411167144775,607,-0.29648437499999997
0.9372761249542236,608,0.0
0.9386930465698242,609,0.012890625
0.9402120113372803,610,-0.038671874999999994
0.9418580532073975,611,-0.30937499999999996
0.9434380531311035,612,-0.399609375
0.9449150562286377,613,-1.340625
0.9463200569152832,614,0.0
0.9486370086669922,615,-0.167578125
0.9508330821990967,616,-0.270703125
0.9522581100463867,617,-0.30937499999999996
0.9539170265197754,618,0.012890625
0.9559049606323242,619,0.0
0.957395076751709,620,-0.012890625
0.9586269855499268,621,-0.28359375
0.9599819183349609,622,-0.6703125
0.9614570140838623,623,-1.353515625
0.962609052658081,624,0.0
0.9637510776519775,625,-0.0515625
0.96486496925354,626,-0.064453125
0.9662010669708252,627,-0.21914062499999998
0.9674510955810547,628,-0.12890625
0.9688489437103271,629,-0.29648437499999997
0.9703350067138672,630,-0.07734374999999999
0.9719569683074951,631,-0.012890625
0.9735879898071289,632,-0.0515625
0.9750139713287354,633,-0.2578125
0.9764771461486816,634,-0.4125
0.9782960414886475,635,-1.2503906249999999
0.9808640480041504,636,0.0
0.9824140071868896,637,0.0
0.9839730262756348,638,-0.12890625
0.9858949184417725,639,-0.4125
0.9875290393829346,640,0.0515625
0.9888241291046143,641,0.012890625
0.990117073059082,642,-0.02578125
0.9913129806518555,643,-0.270703125
0.9924440383911133,644,-0.2578125
0.9935550689697266,645,-0.9796874999999999
0.9946601390838623,646,-1.533984375
0.9958059787750244,647,0.0
0.9969019889831543,648,-0.012890625
0.9981350898742676,649,-0.116015625
0.9995710849761963,650,-0.2578125
1.0011141300201416,651,-0.09023437499999999
1.002669095993042,652,-0.103125
1.0043120384216309,653,0.038671874999999994
1.005864143371582,654,-0.012890625
1.0073411464691162,655,-0.064453125
1.0094211101531982,656,-0.2578125
1.0117149353027344,657,-0.734765625
1.0132489204406738,658,-1.0828125
1.0148921012878418,659,-0.2578125
1.0169141292572021,660,-0.30937499999999996
1.0183730125427246,661,-0.28359375
1.0196270942687988,662,-0.02578125
1.0208871364593506,663,0.0
1.022042989730835,664,0.012890625
1.023164987564087,665,-0.02578125
1.0243000984191895,666,-0.30937499999999996
1.0254130363464355,667,-0.29648437499999997
1.0265181064605713,668,-0.825
1.0276191234588623,669,-1.4437499999999999
1.02885103225708,670,0.0
