time,count,voltage
0.006318807601928711,1,-0.8121093749999999
0.007911920547485352,2,-0.33515625
0.009328842163085938,3,-0.193359375
0.010704994201660156,4,-0.37382812499999996
0.01207280158996582,5,-0.20625
0.013757944107055664,6,-0.02578125
0.015465974807739258,7,-0.116015625
0.01727581024169922,8,-0.37382812499999996
0.018975019454956055,9,-0.515625
0.0205838680267334,10,-1.456640625
0.02218794822692871,11,-0.103125
0.02361893653869629,12,-0.38671875
0.02507185935974121,13,-0.399609375
0.02656388282775879,14,-0.07734374999999999
0.027959823608398438,15,-0.15468749999999998
0.02955484390258789,16,0.038671874999999994
0.0312809944152832,17,-0.0515625
0.03301095962524414,18,-0.167578125
0.03483700752258301,19,-0.4125
0.03678083419799805,20,-1.018359375
0.03847694396972656,21,-0.012890625
0.04026079177856445,22,-0.322265625
0.04201388359069824,23,-0.20625
0.043663978576660156,24,-0.29648437499999997
0.04644298553466797,25,-0.12890625
0.04884982109069824,26,-0.0515625
0.05034184455871582,27,-0.270703125
0.05182695388793945,28,-0.4125
0.053813934326171875,29,-1.1859374999999999
0.05550384521484375,30,-0.4125
0.056903839111328125,31,-0.502734375
0.058087825775146484,32,-0.270703125
0.059224843978881836,33,-0.33515625
0.060353994369506836,34,-0.42539062499999997
0.061491966247558594,35,-0.37382812499999996
0.06263089179992676,36,-0.02578125
0.06374192237854004,37,-0.0515625
0.06484484672546387,38,-0.2578125
0.0659627914428711,39,-0.451171875
0.06706690788269043,40,-0.5285156249999999
0.06818079948425293,41,-0.734765625
0.06928801536560059,42,-1.327734375
0.07040190696716309,43,-1.65
0.07150697708129883,44,-0.12890625
0.0726168155670166,45,-0.322265625
0.07371687889099121,46,-0.322265625
0.07483196258544922,47,-0.23203125
0.07596588134765625,48,-0.20625
0.07708597183227539,49,-0.36093749999999997
0.07843899726867676,50,-0.322265625
0.079833984375,51,-0.02578125
0.08131694793701172,52,-0.0515625
0.08272695541381836,53,-0.322265625
0.08428287506103516,54,-0.502734375
0.08574390411376953,55,-0.9410156249999999
0.08733797073364258,56,-1.585546875
0.08946895599365234,57,-0.103125
0.09154081344604492,58,-0.4125
0.09295487403869629,59,-0.09023437499999999
0.09480500221252441,60,-0.23203125
0.09676384925842285,61,0.012890625
0.098114013671875,62,-0.064453125
0.09927988052368164,63,-0.322265625
0.10042095184326172,64,-0.5285156249999999
0.10155797004699707,65,-0.6703125
0.10269498825073242,66,-1.3019531249999998
0.10382294654846191,67,-1.65
0.1049339771270752,68,-0.193359375
0.10607194900512695,69,-0.30937499999999996
0.10719084739685059,70,-0.322265625
0.10845780372619629,71,-0.20625
0.10988283157348633,72,-0.2578125
0.11139988899230957,73,-0.28359375
0.11297488212585449,74,-0.012890625
0.11448287963867188,75,-0.0515625
0.11592388153076172,76,-0.20625
0.11743283271789551,77,-0.4640625
0.11930179595947266,78,-0.7218749999999999
0.12165689468383789,79,-1.46953125
0.12321186065673828,80,-0.23203125
0.12466692924499512,81,-0.23203125
0.12669587135314941,82,-0.167578125
0.12852191925048828,83,-0.193359375
0.12982797622680664,84,0.0
0.13099193572998047,85,-0.07734374999999999
0.13212800025939941,86,-0.28359375
0.13325190544128418,87,-0.515625
0.1343858242034912,88,-0.48984374999999997
0.1355278491973877,89,-1.069921875
0.13667583465576172,90,-1.611328125
0.13779401779174805,91,-0.103125
0.13899779319763184,92,-0.33515625
0.14040589332580566,93,-0.631640625
0.14188098907470703,94,-0.29648437499999997
0.1434168815612793,95,-0.37382812499999996
0.14498281478881836,96,-0.30937499999999996
0.14653801918029785,97,-0.012890625
0.14803099632263184,98,-0.09023437499999999
0.1496880054473877,99,-0.29648437499999997
0.15217185020446777,100,-0.42539062499999997
0.15378093719482422,101,-1.2503906249999999
0.1551659107208252,102,-0.116015625
0.15704584121704102,103,-0.38671875
0.15892291069030762,104,-0.270703125
0.16028881072998047,105,-0.322265625
0.16147780418395996,106,-0.18046874999999998
0.16262102127075195,107,-0.02578125
0.1637439727783203,108,-0.02578125
0.16484594345092773,109,-0.2578125
0.16597580909729004,110,-0.4640625
0.16710591316223145,111,-0.554296875
0.16822385787963867,112,-0.7734375
0.16943001747131348,113,-1.3664062499999998
0.17084193229675293,114,-1.0570312499999999
0.17228293418884277,115,-0.18046874999999998
0.17385387420654297,116,-0.554296875
0.17541980743408203,117,-0.21914062499999998
0.17691779136657715,118,-0.37382812499999996
0.17839694023132324,119,-0.30937499999999996
0.18022799491882324,120,-0.012890625
0.18256592750549316,121,-0.0515625
0.18413281440734863,122,-0.33515625
0.1856098175048828,123,-0.69609375
0.18764686584472656,124,-1.456640625
0.18938589096069336,125,-0.20625
0.19069600105285645,126,-0.37382812499999996
0.1918799877166748,127,-0.21914062499999998
0.19302701950073242,128,-0.36093749999999997
0.19415593147277832,129,-0.4125
0.19526195526123047,130,-0.2578125
0.1964559555053711,131,-0.0515625
0.19757986068725586,132,-0.09023437499999999
0.198699951171875,133,-0.2578125
0.19990181922912598,134,-0.515625
0.20131182670593262,135,-0.515625
0.20274686813354492,136,-1.134375
0.20427989959716797,137,-1.65
0.20589590072631836,138,-0.30937499999999996
0.20774483680725098,139,-0.30937499999999996
0.20979690551757812,140,-0.20625
0.21256780624389648,141,-0.348046875
0.21451187133789062,142,-0.012890625
0.21611881256103516,143,-0.167578125
0.21820282936096191,144,-0.4125
0.21994280815124512,145,-1.018359375
0.22125482559204102,146,-0.24492187499999998
0.22244787216186523,147,-0.322265625
0.22359299659729004,148,-0.30937499999999996
0.22473788261413574,149,-0.28359375
0.22591900825500488,150,-0.038671874999999994
0.22709298133850098,151,-0.37382812499999996
0.22823691368103027,152,-0.37382812499999996
0.2294168472290039,153,-0.012890625
0.23067593574523926,154,-0.103125
0.23208999633789062,155,-0.2578125
0.233536958694458,156,-0.451171875
0.235090970993042,157,-0.515625
0.23669695854187012,158,-1.26328125
0.23816299438476562,159,-0.24492187499999998
0.2395949363708496,160,-0.270703125
0.24183082580566406,161,-0.36093749999999997
0.24399185180664062,162,-0.12890625
0.24546289443969727,163,0.15468749999999998
0.24744486808776855,164,-0.012890625
0.24923992156982422,165,-0.2578125
0.2505300045013428,166,-0.399609375
0.25169897079467773,167,-0.6703125
0.25284695625305176,168,-1.3148437499999999
0.2539808750152588,169,-1.16015625
0.25508880615234375,170,-0.167578125
0.2562258243560791,171,-0.4125
0.25736188888549805,172,-0.29648437499999997
0.25847792625427246,173,-0.167578125
0.25958991050720215,174,-0.515625
0.2608029842376709,175,-0.515625
0.26222801208496094,176,-0.33515625
0.2636749744415283,177,-0.02578125
0.2652428150177002,178,-0.15468749999999998
0.2668190002441406,179,-0.4125
0.2682468891143799,180,-0.399609375
0.26967501640319824,181,-1.198828125
0.2722458839416504,182,-0.30937499999999996
0.2743868827819824,183,-0.29648437499999997
0.27602291107177734,184,-0.193359375
0.27812886238098145,185,-0.43828124999999996
0.2797708511352539,186,0.064453125
0.28103184700012207,187,-0.064453125
0.2821848392486572,188,-0.24492187499999998
0.28331899642944336,189,-0.502734375
0.2844409942626953,190,-0.515625
0.28555893898010254,191,-1.147265625
0.28670692443847656,192,-1.65
0.287841796875,193,-0.103125
0.2889688014984131,194,-0.2578125
0.2900810241699219,195,-0.322265625
0.2912788391113281,196,-0.30937499999999996
0.2926778793334961,197,0.0
0.29411888122558594,198,-0.4640625
0.2956829071044922,199,-0.20625
0.29738783836364746,200,-0.012890625
0.29881882667541504,201,-0.23203125
0.30031585693359375,202,-0.42539062499999997
0.3029208183288574,203,-0.5285156249999999
0.30453991889953613,204,-1.65
0.3062407970428467,205,-0.348046875
0.3082919120788574,206,-0.2578125
0.3097109794616699,207,-0.141796875
0.3109138011932373,208,-0.20625
0.3120448589324951,209,-0.09023437499999999
0.3131740093231201,210,-0.012890625
0.314288854598999,211,-0.103125
0.31539201736450195,212,-0.322265625
0.3165318965911865,213,-0.515625
0.31764888763427734,214,-0.5285156249999999
0.3192758560180664,215,-1.1214843749999999
0.3205239772796631,216,-1.65
0.321793794631958,217,-0.167578125
0.32324695587158203,218,-0.4125
0.32468080520629883,219,-0.29648437499999997
0.32634401321411133,220,-0.15468749999999998
0.3278689384460449,221,-0.24492187499999998
0.32929182052612305,222,0.012890625
0.33098602294921875,223,-0.0515625
0.3336069583892822,224,-0.270703125
0.33515095710754395,225,-0.21914062499999998
0.33702898025512695,226,-1.198828125
0.33897995948791504,227,-0.29648437499999997
0.3403148651123047,228,-0.4125
0.34150099754333496,229,-0.2578125
0.34264683723449707,230,-0.193359375
0.34377598762512207,231,-0.322265625
0.34490394592285156,232,-0.37382812499999996
0.346052885055542,233,-0.02578125
0.3471670150756836,234,-0.0515625
0.348268985748291,235,-0.23203125
0.34937000274658203,236,-0.4640625
0.3504829406738281,237,-0.5671875
0.35169100761413574,238,-0.837890625
0.35309886932373047,239,-1.4308593749999998
0.3545548915863037,240,-0.193359375
0.35616302490234375,241,-0.2578125
0.35773682594299316,242,-0.29648437499999997
0.3591790199279785,243,-0.20625
0.3606069087982178,244,-0.476953125
0.3628809452056885,245,-0.37382812499999996
0.3648250102996826,246,-0.02578125
0.36624789237976074,247,-0.2578125
0.36823296546936035,248,-0.4640625
0.3699939250946045,249,-1.0570312499999999
0.37126684188842773,250,-0.30937499999999996
0.3724498748779297,251,-0.38671875
0.3735959529876709,252,-0.270703125
0.37473082542419434,253,-0.29648437499999997
0.3759160041809082,254,-0.103125
0.377086877822876,255,-0.37382812499999996
0.3782188892364502,256,-0.28359375
0.3793339729309082,257,-0.012890625
0.38044285774230957,258,-0.116015625
0.3816359043121338,259,-0.270703125
0.38301801681518555,260,-0.4640625
0.38445091247558594,261,-0.5671875
0.38606786727905273,262,-1.134375
0.3876478672027588,263,-1.65
0.3890509605407715,264,-0.322265625
0.39044880867004395,265,-0.37382812499999996
0.3930089473724365,266,-0.24492187499999998
0.39474987983703613,267,-0.116015625
0.3963959217071533,268,0.21914062499999998
0.3984990119934082,269,-0.09023437499999999
0.3999049663543701,270,-0.270703125
0.4011068344116211,271,-0.29648437499999997
0.4022707939147949,272,-0.9796874999999999
0.4034078121185303,273,-1.546875
0.4045379161834717,274,-0.193359375
0.40566086769104004,275,-0.2578125
0.40686583518981934,276,-0.734765625
0.407991886138916,277,-0.24492187499999998
0.4091179370880127,278,-0.141796875
0.4102308750152588,279,-0.37382812499999996
0.41134190559387207,280,-0.36093749999999997
0.4125490188598633,281,-0.064453125
0.4139750003814697,282,-0.0515625
0.41542983055114746,283,-0.2578125
0.4169199466705322,284,-0.4640625
0.41852784156799316,285,-0.5671875
0.42002081871032715,286,-1.405078125
0.4214308261871338,287,-0.23203125
0.42276692390441895,288,-0.29648437499999997
0.42525792121887207,289,-0.28359375
0.42708683013916016,290,-0.167578125
0.42865586280822754,291,0.116015625
0.43073081970214844,292,-0.012890625
0.43238091468811035,293,-0.2578125
0.4336659908294678,294,-0.476953125
0.43486881256103516,295,-0.605859375
0.4360368251800537,296,-1.3019531249999998
0.43718886375427246,297,-1.5726562499999999
0.43833184242248535,298,-0.20625
0.4394500255584717,299,-0.37382812499999996
0.44057202339172363,300,-0.2578125
0.44167590141296387,301,-0.20625
0.4428730010986328,302,-0.322265625
0.4443039894104004,303,-0.399609375
0.4458599090576172,304,-0.193359375
0.44745492935180664,305,-0.02578125
0.4489579200744629,306,-0.18046874999999998
0.45025086402893066,307,-0.43828124999999996
0.45155882835388184,308,-0.5285156249999999
0.4534289836883545,309,-1.2890625
0.4556558132171631,310,-0.322265625
0.45725083351135254,311,-0.502734375
0.4588639736175537,312,-0.2578125
0.46086788177490234,313,-0.322265625
0.4623889923095703,314,0.012890625
0.46361780166625977,315,-0.02578125
0.4647798538208008,316,-0.21914062499999998
0.46599292755126953,317,-0.37382812499999996
0.4671449661254883,318,-0.554296875
0.46826791763305664,319,-0.8121093749999999
0.4693899154663086,320,-1.3792968749999999
0.4705188274383545,321,-0.631640625
0.4716298580169678,322,-0.167578125
0.4728260040283203,323,-0.4125
0.4742310047149658,324,-0.2578125
0.4756588935852051,325,-0.193359375
0.4772918224334717,326,-0.33515625
0.478787899017334,327,-0.193359375
0.4801828861236572,328,-0.012890625
0.4815828800201416,329,-0.15468749999999998
0.4832899570465088,330,-0.36093749999999997
0.48567891120910645,331,-0.502734375
0.48736000061035156,332,-1.4308593749999998
0.4888648986816406,333,-0.21914062499999998
0.49082493782043457,334,-0.54140625
0.4925239086151123,335,-0.20625
0.49382686614990234,336,-0.36093749999999997
0.4950079917907715,337,-0.30937499999999996
0.496168851852417,338,-0.012890625
0.4973108768463135,339,-0.0515625
0.4984250068664551,340,-0.322265625
0.4995279312133789,341,-0.515625
0.5006418228149414,342,-0.5671875
0.5017518997192383,343,-0.9796874999999999
0.5029888153076172,344,-1.4953124999999998
0.5044138431549072,345,-0.21914062499999998
0.5059168338775635,346,-0.20625
0.5075349807739258,347,-0.4640625
0.5090320110321045,348,-0.2578125
0.5104138851165771,349,-0.322265625
0.5117959976196289,350,-0.21914062499999998
0.5136079788208008,351,-0.02578125
0.515981912612915,352,-0.07734374999999999
0.5175988674163818,353,-0.36093749999999997
0.5191648006439209,354,-0.8507812499999999
0.5211789608001709,355,-1.546875
0.5227890014648438,356,-0.2578125
0.5240588188171387,357,-0.29648437499999997
0.5252439975738525,358,-0.167578125
0.5264790058135986,359,-0.28359375
0.527620792388916,360,-0.29648437499999997
0.5287518501281738,361,-0.167578125
0.5298669338226318,362,-0.012890625
0.5309720039367676,363,-0.07734374999999999
0.5320827960968018,364,-0.28359375
0.5332889556884766,365,-0.605859375
0.5346918106079102,366,-0.515625
0.5361769199371338,367,-1.224609375
0.5377728939056396,368,-0.54140625
0.5392777919769287,369,-0.2578125
0.5407249927520752,370,-0.24492187499999998
0.5421810150146484,371,-0.24492187499999998
0.5439729690551758,372,-0.167578125
0.5463459491729736,373,-0.2578125
0.5479049682617188,374,-0.0515625
0.5493438243865967,375,-0.21914062499999998
0.5513119697570801,376,-0.476953125
0.5530388355255127,377,-0.992578125
0.5543398857116699,378,-0.167578125
0.555499792098999,379,-0.28359375
0.5566740036010742,380,-0.476953125
0.5578098297119141,381,-0.322265625
0.5589368343353271,382,-0.12890625
0.5600488185882568,383,-0.4640625
0.5611510276794434,384,-0.4125
0.5622589588165283,385,-0.12890625
0.5634589195251465,386,-0.012890625
0.5648598670959473,387,-0.23203125
0.5663008689880371,388,-0.4125
0.567861795425415,389,-0.515625
0.5693778991699219,390,-1.0828125
0.5708138942718506,391,-1.65
0.5722389221191406,392,-0.30937499999999996
0.5740787982940674,393,-0.734765625
0.5764749050140381,394,-0.270703125
0.5780689716339111,395,-0.21914062499999998
0.5795669555664062,396,0.0
0.5815448760986328,397,-0.0515625
0.5831878185272217,398,-0.2578125
0.5844838619232178,399,-0.29648437499999997
0.5856599807739258,400,-1.018359375
0.5868809223175049,401,-1.585546875
0.5880188941955566,402,0.0
0.5891330242156982,403,-0.2578125
0.590242862701416,404,-0.515625
0.5913410186767578,405,-0.193359375
0.5924489498138428,406,-0.064453125
0.5936598777770996,407,-0.33515625
0.5950658321380615,408,-0.322265625
0.5965988636016846,409,0.012890625
0.5981600284576416,410,-0.09023437499999999
0.5996639728546143,411,-0.33515625
0.6010518074035645,412,-0.42539062499999997
0.6024258136749268,413,-1.044140625
0.6040298938751221,414,-1.65
0.606550931930542,415,-0.15468749999999998
0.6081798076629639,416,-0.29648437499999997
0.6095600128173828,417,-0.103125
0.6113908290863037,418,-0.33515625
0.6132488250732422,419,-0.012890625
0.6146090030670166,420,-0.0515625
0.6158328056335449,421,-0.29648437499999997
0.617020845413208,422,-0.48984374999999997
0.6181659698486328,423,-0.6703125
0.6192789077758789,424,-1.3019531249999998
0.6203949451446533,425,-1.611328125
0.6215147972106934,426,-0.20625
0.6226248741149902,427,-0.28359375
0.6242380142211914,428,-0.270703125
0.6257100105285645,429,-0.21914062499999998
0.6272590160369873,430,-0.399609375
0.6288518905639648,431,-0.167578125
0.6303269863128662,432,-0.012890625
0.6317048072814941,433,-0.167578125
0.6331439018249512,434,-0.37382812499999996
0.6353750228881836,435,-0.43828124999999996
0.6374838352203369,436,-1.198828125
0.6389939785003662,437,-0.24492187499999998
0.6407589912414551,438,-0.38671875
0.6427388191223145,439,-0.21914062499999998
0.6441609859466553,440,-0.29648437499999997
0.6453609466552734,441,-0.012890625
0.6465418338775635,442,-0.012890625
0.647662878036499,443,-0.12890625
0.6487689018249512,444,-0.322265625
0.6498839855194092,445,-0.5285156249999999
0.6509928703308105,446,-0.54140625
0.652087926864624,447,-1.147265625
0.6531929969787598,448,-1.6242187499999998
0.6544039249420166,449,-0.012890625
0.6559128761291504,450,-0.2578125
0.6574099063873291,451,-0.515625
0.6589579582214355,452,-0.193359375
0.6604599952697754,453,-0.21914062499999998
0.6619110107421875,454,-0.116015625
0.6633129119873047,455,-0.012890625
0.665064811706543,456,-0.167578125
0.6673920154571533,457,-0.38671875
0.6689729690551758,458,-0.64453125
0.6704540252685547,459,-1.546875
0.6724209785461426,460,-0.15468749999999998
0.6741368770599365,461,-0.4125
0.6754179000854492,462,-0.23203125
0.6766209602355957,463,-0.24492187499999998
0.6777939796447754,464,-0.270703125
0.6789238452911377,465,-0.09023437499999999
0.680034875869751,466,-0.02578125
0.6811478137969971,467,-0.15468749999999998
0.6822688579559326,468,-0.37382812499999996
0.6833808422088623,469,-0.5929687499999999
0.6846020221710205,470,-0.631640625
0.6861050128936768,471,-1.276171875
0.6875748634338379,472,-1.65
0.6891298294067383,473,-0.2578125
0.6906099319458008,474,-0.42539062499999997
0.6920058727264404,475,-0.193359375
0.6933917999267578,476,-0.43828124999999996
0.6949548721313477,477,-0.322265625
0.6974759101867676,478,-0.02578125
0.6990678310394287,479,-0.116015625
0.7004399299621582,480,-0.36093749999999997
0.7022979259490967,481,-0.515625
0.704164981842041,482,-1.405078125
0.7055168151855469,483,-0.270703125
0.7067317962646484,484,-0.476953125
0.7078700065612793,485,-0.4125
0.7089898586273193,486,-0.12890625
0.7101199626922607,487,-0.399609375
0.7112329006195068,488,-0.37382812499999996
0.7123548984527588,489,-0.038671874999999994
0.7134749889373779,490,-0.064453125
0.7146749496459961,491,-0.20625
0.7161178588867188,492,-0.37382812499999996
0.7175869941711426,493,-0.5671875
0.7191329002380371,494,-1.03125
0.72062087059021,495,-1.65
0.7219610214233398,496,-0.20625
0.7232999801635742,497,-0.4125
0.7249948978424072,498,-0.29648437499999997
0.7275359630584717,499,-0.15468749999999998
0.7291429042816162,500,0.21914062499999998
0.7306139469146729,501,-0.0515625
0.7325038909912109,502,-0.23203125
0.7342698574066162,503,-0.4125
0.7355878353118896,504,-0.928125
0.7368929386138916,505,-1.611328125
0.7380738258361816,506,-0.167578125
0.7392158508300781,507,-0.37382812499999996
0.7403438091278076,508,-0.141796875
0.7415168285369873,509,-0.23203125
0.7426578998565674,510,-0.15468749999999998
0.7437808513641357,511,-0.322265625
0.7449958324432373,512,-0.2578125
0.746478796005249,513,-0.0515625
0.7479629516601562,514,-0.064453125
0.749506950378418,515,-0.322265625
0.7510128021240234,516,-0.42539062499999997
0.7524359226226807,517,-0.992578125
0.7538409233093262,518,-1.65
0.7554168701171875,519,-0.167578125
0.75801682472229,520,-0.4125
0.7596099376678467,521,-0.193359375
0.7610278129577637,522,-0.20625
0.7629070281982422,523,-0.0515625
0.7647438049316406,524,-0.038671874999999994
0.7660808563232422,525,-0.270703125
0.7672898769378662,526,-0.399609375
0.7684438228607178,527,-0.8765624999999999
0.7695770263671875,528,-1.456640625
0.7707509994506836,529,-0.29648437499999997
0.7719058990478516,530,-0.23203125
0.7730288505554199,531,-0.476953125
0.7741618156433105,532,-0.33515625
0.775378942489624,533,-0.167578125
0.776810884475708,534,-0.399609375
0.7782618999481201,535,-0.29648437499999997
0.7798089981079102,536,0.0
0.7813060283660889,537,-0.0515625
0.7826569080352783,538,-0.29648437499999997
0.7840359210968018,539,-0.4640625
0.785740852355957,540,-0.863671875
0.7882378101348877,541,-1.546875
0.7898228168487549,542,-0.2578125
0.791287899017334,543,-0.29648437499999997
0.7932479381561279,544,-0.24492187499999998
0.7950408458709717,545,-0.322265625
0.7964558601379395,546,-0.02578125
0.7976508140563965,547,-0.09023437499999999
0.7987937927246094,548,-0.2578125
0.7999148368835449,549,-0.515625
0.8010358810424805,550,-0.515625
0.8021538257598877,551,-1.16015625
0.8032658100128174,552,-1.65
0.8043668270111084,553,-0.07734374999999999
0.8055849075317383,554,-0.2578125
0.8070728778839111,555,-0.476953125
0.8085229396820068,556,-0.2578125
0.8100669384002686,557,-0.37382812499999996
0.8115718364715576,558,-0.29648437499999997
0.8129827976226807,559,0.0
0.81437087059021,560,-0.116015625
0.8158998489379883,561,-0.28359375
0.8184249401092529,562,-0.502734375
0.820051908493042,563,-1.147265625
0.8214359283447266,564,-0.270703125
0.823300838470459,565,-0.37382812499999996
0.8252317905426025,566,-0.42539062499999997
0.8266468048095703,567,-0.37382812499999996
0.8278529644012451,568,-0.23203125
0.8290119171142578,569,-0.116015625
0.8301470279693604,570,-0.02578125
0.8312699794769287,571,-0.23203125
0.8323788642883301,572,-0.4640625
0.8334980010986328,573,-0.580078125
0.8346099853515625,574,-0.734765625
0.8358709812164307,575,-1.340625
0.8373258113861084,576,-1.65
0.8387758731842041,577,-0.20625
0.8403198719024658,578,-0.4640625
0.8417890071868896,579,-0.2578125
0.8431708812713623,580,-0.37382812499999996
0.8446109294891357,581,-0.30937499999999996
0.846437931060791,582,-0.0515625
0.8487839698791504,583,-0.09023437499999999
0.8503258228302002,584,-0.322265625
0.8517839908599854,585,-0.502734375
0.8537600040435791,586,-1.276171875
0.8554918766021729,587,-0.5285156249999999
0.856895923614502,588,-0.515625
0.8580830097198486,589,-0.29648437499999997
0.8592259883880615,590,-0.116015625
0.8603558540344238,591,-0.30937499999999996
0.8614838123321533,592,-0.270703125
0.8625919818878174,593,-0.02578125
0.8636980056762695,594,-0.0515625
0.8648009300231934,595,-0.30937499999999996
0.866008996963501,596,-0.502734375
0.8674178123474121,597,-0.605859375
0.8688488006591797,598,-0.992578125
0.8704068660736084,599,-1.65
0.8718788623809814,600,-0.15468749999999998
0.873276948928833,601,-0.43828124999999996
0.8747098445892334,602,-0.38671875
0.8764238357543945,603,-0.02578125
0.8789138793945312,604,-0.270703125
0.8805129528045654,605,-0.02578125
0.8819668292999268,606,-0.18046874999999998
0.8839139938354492,607,-0.42539062499999997
0.8856308460235596,608,-0.6187499999999999
0.8870298862457275,609,-1.5726562499999999
0.8882148265838623,610,-0.2578125
0.8893618583679199,611,-0.33515625
0.8904838562011719,612,-0.2578125
0.8915989398956299,613,-0.28359375
0.8927090167999268,614,-0.37382812499999996
0.8938288688659668,615,-0.451171875
0.8949379920959473,616,-0.36093749999999997
0.8961398601531982,617,-0.0515625
0.8975999355316162,618,-0.07734374999999999
0.89910888671875,619,-0.2578125
0.9004309177398682,620,-0.4640625
0.9017817974090576,621,-0.708984375
0.9030768871307373,622,-1.3921875
0.904547929763794,623,-0.30937499999999996
0.9060637950897217,624,-0.322265625
0.9085679054260254,625,-0.20625
0.9104177951812744,626,-0.21914062499999998
0.9118568897247314,627,0.07734374999999999
0.9136548042297363,628,-0.012890625
0.9155199527740479,629,-0.167578125
0.9169838428497314,630,-0.37382812499999996
0.9182009696960449,631,-0.580078125
0.9193639755249023,632,-1.2503906249999999
0.9205048084259033,633,-1.405078125
0.9216268062591553,634,-0.23203125
0.9227359294891357,635,-0.4125
0.9238438606262207,636,-0.29648437499999997
0.9249589443206787,637,-0.20625
0.9261589050292969,638,-0.33515625
0.9275848865509033,639,-0.399609375
0.9290378093719482,640,-0.193359375
0.9305789470672607,641,-0.02578125
0.9320888519287109,642,-0.24492187499999998
