time,count,voltage
0.005939960479736328,1,-1.405078125
0.007493019104003906,2,-0.103125
0.009613037109375,3,-0.103125
0.011062860488891602,4,-0.07734374999999999
0.012788057327270508,5,-0.103125
0.014575004577636719,6,0.0
0.01625800132751465,7,-0.0515625
0.01799607276916504,8,-0.193359375
0.0195620059967041,9,-0.167578125
0.02124786376953125,10,-1.095703125
0.022717952728271484,11,-0.0515625
0.024194002151489258,12,-0.116015625
0.025593042373657227,13,-0.23203125
0.026968002319335938,14,-0.103125
0.028568029403686523,15,-0.4125
0.03030991554260254,16,-0.193359375
0.032124996185302734,17,-0.012890625
0.0339360237121582,18,-0.02578125
0.03595685958862305,19,-0.103125
0.037747859954833984,20,-0.863671875
0.03950786590576172,21,-0.09023437499999999
0.04117703437805176,22,-0.18046874999999998
0.04299187660217285,23,-0.2578125
0.0450289249420166,24,-0.103125
0.046727895736694336,25,0.141796875
0.04835796356201172,26,0.0
0.05009794235229492,27,0.0
0.051928043365478516,28,-0.2578125
0.05426597595214844,29,-0.42539062499999997
0.05718207359313965,30,-1.4953124999999998
0.059155941009521484,31,-0.02578125
0.06080508232116699,32,-0.167578125
0.06249690055847168,33,-0.2578125
0.06476688385009766,34,0.07734374999999999
0.06694602966308594,35,-0.012890625
0.06881904602050781,36,-0.20625
0.07035589218139648,37,-0.6187499999999999
0.07178306579589844,38,-1.533984375
0.0731508731842041,39,0.0
0.07452392578125,40,-0.167578125
0.07592391967773438,41,-0.24492187499999998
0.07716703414916992,42,-0.116015625
0.07829904556274414,43,-0.322265625
0.07941198348999023,44,-0.21914062499999998
0.0805208683013916,45,0.0
0.08161807060241699,46,0.0
0.08271598815917969,47,-0.012890625
0.08382296562194824,48,-0.20625
0.08500099182128906,49,-0.20625
0.08629107475280762,50,-0.5671875
0.0875709056854248,51,-1.26328125
0.08902502059936523,52,-0.12890625
0.09045886993408203,53,-0.09023437499999999
0.09199094772338867,54,-0.038671874999999994
0.09359598159790039,55,-0.167578125
0.09506607055664062,56,-0.37382812499999996
0.09657692909240723,57,-0.193359375
0.09798908233642578,58,0.0
0.10009598731994629,59,-0.038671874999999994
0.10237288475036621,60,-0.193359375
0.10389208793640137,61,-0.631640625
0.10550594329833984,62,-1.585546875
0.10747408866882324,63,-0.12890625
0.10917806625366211,64,-0.167578125
0.11049103736877441,65,-0.103125
0.11167287826538086,66,-0.322265625
0.11280298233032227,67,-0.21914062499999998
0.11394691467285156,68,0.0
0.1151590347290039,69,0.0
0.11641597747802734,70,-0.012890625
0.11786103248596191,71,-0.23203125
0.11935687065124512,72,-0.103125
0.12088394165039062,73,-0.992578125
0.12242794036865234,74,-0.7734375
0.12392401695251465,75,-0.012890625
0.12554407119750977,76,-0.15468749999999998
0.12695789337158203,77,-0.02578125
0.12940287590026855,78,-0.38671875
0.13122105598449707,79,0.0515625
0.13265490531921387,80,-0.012890625
0.13439488410949707,81,-0.21914062499999998
0.13635587692260742,82,-0.20625
0.13795089721679688,83,-1.0570312499999999
0.13924407958984375,84,-0.0515625
0.14043498039245605,85,-0.103125
0.1415700912475586,86,-0.0515625
0.14269804954528809,87,-0.064453125
0.14382100105285645,88,-0.02578125
0.14503192901611328,89,-0.322265625
0.14615988731384277,90,-0.193359375
0.14736199378967285,91,-0.012890625
0.14878606796264648,92,-0.012890625
0.15027308464050293,93,-0.012890625
0.1517930030822754,94,-0.20625
0.15331292152404785,95,-0.43828124999999996
0.15484905242919922,96,-1.353515625
0.15633201599121094,97,0.0
0.15770196914672852,98,-0.193359375
0.16004204750061035,99,-0.2578125
0.16202497482299805,100,-0.103125
0.16347002983093262,101,0.29648437499999997
0.16522789001464844,102,-0.012890625
0.16724491119384766,103,-0.012890625
0.16877508163452148,104,-0.167578125
0.17001104354858398,105,-0.7476562499999999
0.1712050437927246,106,-1.456640625
0.17237186431884766,107,0.0
0.17351102828979492,108,-0.193359375
0.17464995384216309,109,-0.02578125
0.17577290534973145,110,-0.24492187499999998
0.17689800262451172,111,-0.064453125
0.17808985710144043,112,-0.4125
0.17949700355529785,113,-0.348046875
0.18097400665283203,114,0.0
0.182481050491333,115,-0.02578125
0.18413496017456055,116,-0.103125
0.1856839656829834,117,-0.103125
0.18710803985595703,118,-0.825
0.18900609016418457,119,-1.611328125
0.19137907028198242,120,0.0
0.19284701347351074,121,-0.12890625
0.1946420669555664,122,-0.193359375
0.19669198989868164,123,-0.103125
0.19805598258972168,124,-0.012890625
0.19923090934753418,125,-0.02578125
0.20038294792175293,126,-0.193359375
0.2015058994293213,127,-0.193359375
0.20261001586914062,128,-0.42539062499999997
0.20373797416687012,129,-1.134375
0.20489501953125,130,-1.65
0.20601606369018555,131,0.0
0.20711088180541992,132,-0.141796875
0.2082960605621338,133,-0.20625
0.20970606803894043,134,-0.09023437499999999
0.21117901802062988,135,-0.348046875
0.2127819061279297,136,-0.23203125
0.21433496475219727,137,0.012890625
0.21589398384094238,138,0.0
0.21727490425109863,139,-0.12890625
0.21986889839172363,140,-0.193359375
0.22157692909240723,141,-0.992578125
0.22314000129699707,142,0.0
0.22526001930236816,143,-0.167578125
0.22670602798461914,144,-0.193359375
0.22788786888122559,145,-0.29648437499999997
0.22904300689697266,146,-0.2578125
0.23020386695861816,147,0.0
0.23131489753723145,148,-0.012890625
0.232435941696167,149,-0.012890625
0.23352909088134766,150,-0.15468749999999998
0.23465704917907715,151,-0.322265625
0.23576807975769043,152,-0.4125
0.23688387870788574,153,-1.069921875
0.23800086975097656,154,-1.65
0.23918485641479492,155,0.0
0.24057292938232422,156,-0.103125
0.24199891090393066,157,-0.15468749999999998
0.24353885650634766,158,-0.167578125
0.245758056640625,159,-0.23203125
0.2478029727935791,160,0.15468749999999998
0.2505669593811035,161,-0.012890625
0.2525908946990967,162,-0.15468749999999998
0.2547008991241455,163,-0.7863281249999999
0.2568938732147217,164,-1.65
0.2583608627319336,165,0.0
0.25968408584594727,166,-0.20625
0.26096606254577637,167,-0.322265625
0.2622189521789551,168,-0.36093749999999997
0.2634720802307129,169,-0.103125
0.2648029327392578,170,0.0
0.2660529613494873,171,-0.038671874999999994
0.2673048973083496,172,-0.167578125
0.27310895919799805,173,-0.193359375
0.2753639221191406,174,-0.631640625
0.27734804153442383,175,-0.18046874999999998
0.2801539897918701,176,-0.399609375
0.2821800708770752,177,0.0
0.28421688079833984,178,-0.012890625
0.2864999771118164,179,-0.15468749999999998
0.2880089282989502,180,-1.044140625
0.28936100006103516,181,-0.09023437499999999
0.2907679080963135,182,-0.167578125
0.29203295707702637,183,-0.167578125
0.2932898998260498,184,-0.012890625
0.29456186294555664,185,-0.270703125
0.29581308364868164,186,-0.2578125
0.29718708992004395,187,0.0
0.3027009963989258,188,0.012890625
0.30489301681518555,189,-0.012890625
0.306743860244751,190,-0.09023437499999999
0.3087310791015625,191,-0.0515625
0.31151294708251953,192,-0.167578125
0.31324100494384766,193,-0.103125
0.31564998626708984,194,0.012890625
0.31745195388793945,195,-0.012890625
0.3188350200653076,196,-0.12890625
0.3201169967651367,197,-0.708984375
0.3213679790496826,198,-1.456640625
0.32261085510253906,199,0.0
0.32384395599365234,200,-0.103125
0.3251619338989258,201,-0.07734374999999999
0.32644104957580566,202,-0.20625
0.3276989459991455,203,-0.33515625
0.3308420181274414,204,-0.36093749999999997
0.3325378894805908,205,-0.09023437499999999
0.3339500427246094,206,-0.103125
0.3354380130767822,207,-0.193359375
0.34134602546691895,208,-0.734765625
0.34343600273132324,209,-0.167578125
0.34548091888427734,210,-0.36093749999999997
0.3477458953857422,211,-0.09023437499999999
0.3492870330810547,212,-0.012890625
0.35061001777648926,213,-0.116015625
0.3518838882446289,214,-0.167578125
0.35312986373901367,215,-0.6187499999999999
0.35440897941589355,216,-1.3019531249999998
0.35566091537475586,217,-0.0515625
0.35691308975219727,218,-0.0515625
0.35815906524658203,219,-0.012890625
0.3639249801635742,220,-0.20625
0.3661069869995117,221,-0.116015625
0.36803197860717773,222,-0.09023437499999999
0.37146496772766113,223,-0.07734374999999999
0.3733530044555664,224,-1.5984375
0.3756520748138428,225,-0.064453125
0.37764906883239746,226,-0.103125
0.37924885749816895,227,-0.193359375
0.38072705268859863,228,0.103125
0.3820219039916992,229,-0.012890625
0.38327598571777344,230,-0.0515625
0.3845388889312744,231,-0.2578125
0.3857889175415039,232,-0.103125
0.3870260715484619,233,-0.889453125
0.3882730007171631,234,-1.5984375
0.3942098617553711,235,0.0
0.3966948986053467,236,-0.12890625
0.39861392974853516,237,0.0
0.40132904052734375,238,-0.012890625
0.4033699035644531,239,-0.18046874999999998
0.40546298027038574,240,-1.16015625
0.4076728820800781,241,-0.0515625
0.40916991233825684,242,-0.20625
0.41048097610473633,243,-0.12890625
0.41176795959472656,244,-0.399609375
0.4130289554595947,245,-0.23203125
0.4143669605255127,246,0.0
0.415618896484375,247,0.0
0.4168529510498047,248,-0.064453125
0.4181079864501953,249,-0.270703125
0.41935205459594727,250,-0.348046875
0.42537808418273926,251,-1.0828125
0.4274718761444092,252,-1.65
0.4294118881225586,253,-0.95390625
0.43131399154663086,254,-0.193359375
0.43425488471984863,255,-0.012890625
0.43605494499206543,256,-0.12890625
0.4383058547973633,257,-0.8765624999999999
0.4402639865875244,258,0.0
0.44167399406433105,259,-0.0515625
0.4430539608001709,260,-0.21914062499999998
0.44440698623657227,261,-0.29648437499999997
0.44570302963256836,262,-0.29648437499999997
0.446958065032959,263,-0.038671874999999994
0.4481968879699707,264,0.012890625
0.44942498207092285,265,-0.0515625
0.4549710750579834,266,-0.20625
0.4571719169616699,267,-0.193359375
0.45904088020324707,268,-0.09023437499999999
0.46149396896362305,269,-0.09023437499999999
0.4641449451446533,270,-0.322265625
0.4661259651184082,271,0.0
0.4684910774230957,272,-0.09023437499999999
0.47005200386047363,273,-0.20625
0.4713709354400635,274,-1.276171875
0.472653865814209,275,0.0
0.4738950729370117,276,-0.15468749999999998
0.4752380847930908,277,-0.167578125
0.4765188694000244,278,-0.09023437499999999
0.47777390480041504,279,-0.29648437499999997
0.47901105880737305,280,-0.29648437499999997
0.48024487495422363,281,-0.038671874999999994
0.48619890213012695,282,0.012890625
0.4883260726928711,283,-0.012890625
0.4901890754699707,284,-0.02578125
0.49265503883361816,285,-0.064453125
0.4950680732727051,286,-0.28359375
0.4969818592071533,287,0.012890625
0.49929308891296387,288,0.0
0.5008649826049805,289,-0.0515625
0.5022249221801758,290,-0.141796875
0.5035140514373779,291,-0.7476562499999999
0.5048189163208008,292,-1.4953124999999998
0.5060698986053467,293,0.0
0.50730299949646,294,-0.193359375
0.5085499286651611,295,-0.167578125
0.5098059177398682,296,-0.116015625
0.5110368728637695,297,-0.322265625
0.5168900489807129,298,-0.36093749999999997
0.5189759731292725,299,-0.116015625
0.5208420753479004,300,-0.5285156249999999
0.5232539176940918,301,-1.533984375
0.5255820751190186,302,-0.09023437499999999
0.5274879932403564,303,-0.103125
0.5299758911132812,304,-0.4125
0.5315380096435547,305,0.012890625
0.5328788757324219,306,-0.02578125
0.5342428684234619,307,-0.24492187499999998
0.5355639457702637,308,-0.167578125
0.5368280410766602,309,-0.8121093749999999
0.5380709171295166,310,-1.4953124999999998
0.5393199920654297,311,0.0
0.5405759811401367,312,-0.103125
0.5418078899383545,313,-0.193359375
0.5477430820465088,314,-0.12890625
0.5498759746551514,315,-0.33515625
0.5517978668212891,316,-0.20625
0.5543649196624756,317,-0.167578125
0.556743860244751,318,-1.26328125
0.5586140155792236,319,-0.193359375
0.5609328746795654,320,-0.21914062499999998
0.5626850128173828,321,-0.33515625
0.5641138553619385,322,0.0
0.5654699802398682,323,-0.012890625
0.5667440891265869,324,-0.012890625
0.5679988861083984,325,-0.28359375
0.5692379474639893,326,-0.23203125
0.5704689025878906,327,-0.992578125
0.5717048645019531,328,-1.65
0.577246904373169,329,0.0
0.5798108577728271,330,-0.15468749999999998
0.5821759700775146,331,0.42539062499999997
0.5851569175720215,332,-0.0515625
0.5871069431304932,333,-0.12890625
0.589155912399292,334,-1.327734375
0.591346025466919,335,-0.064453125
0.5928158760070801,336,-0.21914062499999998
0.5942270755767822,337,-0.12890625
0.5955748558044434,338,-0.2578125
0.596843957901001,339,-0.012890625
0.598099946975708,340,-0.012890625
0.5993530750274658,341,-0.012890625
0.6005868911743164,342,-0.167578125
0.601809024810791,343,-0.20625
0.6074619293212891,344,-0.605859375
0.6096079349517822,345,-1.2890625
0.6118459701538086,346,-0.064453125
0.6140918731689453,347,-0.07734374999999999
0.6167159080505371,348,0.012890625
0.618433952331543,349,-0.193359375
0.6208679676055908,350,-0.30937499999999996
0.6225709915161133,351,-1.456640625
0.6239159107208252,352,-0.103125
0.6253259181976318,353,-0.20625
0.6265959739685059,354,-0.064453125
0.6278529167175293,355,-0.270703125
0.6291050910949707,356,-0.2578125
0.6303460597991943,357,-0.02578125
0.6315939426422119,358,0.012890625
0.632814884185791,359,-0.012890625
0.6386899948120117,360,-0.23203125
0.6407599449157715,361,-0.167578125
0.6425938606262207,362,-0.038671874999999994
0.6450538635253906,363,-0.0515625
0.6476380825042725,364,-0.2578125
0.649648904800415,365,0.0
0.6519370079040527,366,-0.09023437499999999
0.6534929275512695,367,-0.2578125
0.6548540592193604,368,-1.2890625
0.6561660766601562,369,0.012890625
0.6574270725250244,370,-0.12890625
0.6586670875549316,371,-0.20625
0.6599330902099609,372,-0.09023437499999999
0.6611950397491455,373,-0.2578125
0.6625180244445801,374,-0.2578125
0.664107084274292,375,0.012890625
0.6654660701751709,376,-0.012890625
0.6669189929962158,377,-0.0515625
0.6684739589691162,378,-0.23203125
0.6701788902282715,379,-0.4640625
0.6715960502624512,380,-1.405078125
0.6730818748474121,381,0.0
0.6746010780334473,382,-0.2578125
0.6774098873138428,383,-0.20625
0.6790170669555664,384,-0.0515625
0.6808068752288818,385,0.29648437499999997
0.6827149391174316,386,0.012890625
0.6841659545898438,387,-0.103125
0.685373067855835,388,-0.15468749999999998
0.6865520477294922,389,-0.7476562499999999
0.687690019607544,390,-1.405078125
0.6887960433959961,391,-0.07734374999999999
0.6899008750915527,392,-0.012890625
0.6909918785095215,393,-0.116015625
0.692162036895752,394,-0.2578125
0.6932709217071533,395,-0.15468749999999998
0.6944248676300049,396,-0.36093749999999997
0.6956560611724854,397,-0.38671875
0.6970670223236084,398,-0.0515625
0.6985130310058594,399,0.012890625
0.7001869678497314,400,-0.012890625
0.7018580436706543,401,-0.20625
0.7033219337463379,402,-0.43828124999999996
0.7048840522766113,403,-1.327734375
0.7066390514373779,404,0.0
0.7091898918151855,405,-0.20625
0.7108058929443359,406,-0.15468749999999998
0.712385892868042,407,-0.20625
0.7144219875335693,408,0.0515625
0.7161610126495361,409,0.0
0.7174968719482422,410,-0.167578125
0.7186789512634277,411,-0.12890625
0.7198119163513184,412,-0.734765625
0.7209310531616211,413,-1.405078125
0.7220408916473389,414,-0.012890625
0.7231690883636475,415,-0.064453125
0.7243180274963379,416,0.0
0.7254579067230225,417,-0.33515625
0.7266559600830078,418,-0.15468749999999998
0.7281019687652588,419,-0.30937499999999996
0.7295939922332764,420,-0.193359375
0.731234073638916,421,0.012890625
0.732867956161499,422,-0.012890625
0.7344200611114502,423,-0.20625
0.7359459400177002,424,-0.15468749999999998
0.7381629943847656,425,-0.95390625
0.7403628826141357,426,-0.103125
0.7418580055236816,427,-0.02578125
0.7436199188232422,428,-0.12890625
0.7457668781280518,429,-0.2578125
0.7472679615020752,430,0.24492187499999998
0.7484970092773438,431,0.012890625
0.7498929500579834,432,-0.012890625
0.7510380744934082,433,-0.23203125
0.7521600723266602,434,-0.15468749999999998
0.7532708644866943,435,-0.837890625
0.7543959617614746,436,-1.4953124999999998
0.7555310726165771,437,0.0
0.7567629814147949,438,-0.09023437499999999
0.7581870555877686,439,0.0
0.7596578598022461,440,-0.29648437499999997
0.7612230777740479,441,-0.30937499999999996
0.762829065322876,442,-0.2578125
0.7644388675689697,443,0.0
