time,count,voltage
0.00413203239440918,1,-0.38671875
0.005416154861450195,2,-0.2578125
0.006699085235595703,3,-0.42539062499999997
0.007851123809814453,4,-0.193359375
0.008975982666015625,5,-0.012890625
0.010085105895996094,6,-0.0515625
0.011367082595825195,7,-0.15468749999999998
0.012835025787353516,8,-0.4125
0.014310121536254883,9,-0.5671875
0.0157620906829834,10,-1.134375
0.01718902587890625,11,-1.65
0.018432140350341797,12,-0.23203125
0.01960897445678711,13,-0.37382812499999996
0.020741939544677734,14,-0.4125
0.021860122680664062,15,-0.23203125
0.0229799747467041,16,-0.2578125
0.02409815788269043,17,-0.2578125
0.025192975997924805,18,-0.116015625
0.026317119598388672,19,-0.012890625
0.02755594253540039,20,-0.064453125
0.028968095779418945,21,-0.23203125
0.03040909767150879,22,-0.5671875
0.0319371223449707,23,-0.7863281249999999
0.03344607353210449,24,-1.65
0.03483915328979492,25,-0.09023437499999999
0.0363621711730957,26,-0.42539062499999997
0.037734031677246094,27,-0.322265625
0.0391840934753418,28,-0.2578125
0.04139995574951172,29,-0.4640625
0.0434269905090332,30,-0.103125
0.044801950454711914,31,-0.116015625
0.046682119369506836,32,-0.33515625
0.04860711097717285,33,-0.399609375
0.04996800422668457,34,-1.4953124999999998
0.05118107795715332,35,-0.02578125
0.0523371696472168,36,-0.28359375
0.05344796180725098,37,-0.18046874999999998
0.05456900596618652,38,-0.38671875
0.055773019790649414,39,-0.15468749999999998
0.05693411827087402,40,-0.30937499999999996
0.05805516242980957,41,-0.193359375
0.059159040451049805,42,0.0
0.06026506423950195,43,-0.02578125
0.061361074447631836,44,-0.20625
0.06246495246887207,45,-0.4640625
0.06356596946716309,46,-0.5929687499999999
0.06467795372009277,47,-0.889453125
0.06578803062438965,48,-1.4953124999999998
0.06688904762268066,49,-0.21914062499999998
0.06799912452697754,50,-0.141796875
0.06909608840942383,51,-0.270703125
0.07019209861755371,52,-0.28359375
0.07129216194152832,53,-0.167578125
0.07238411903381348,54,-0.064453125
0.07347702980041504,55,-0.2578125
0.07457399368286133,56,-0.12890625
0.0757150650024414,57,0.012890625
0.0768270492553711,58,-0.02578125
0.07793712615966797,59,-0.270703125
0.07904505729675293,60,-0.4640625
0.08023905754089355,61,-0.6574218749999999
0.0814521312713623,62,-0.8765624999999999
0.0828559398651123,63,-1.5597656249999998
0.08431410789489746,64,-0.103125
0.08596515655517578,65,-0.193359375
0.08744001388549805,66,-0.30937499999999996
0.08877396583557129,67,-0.064453125
0.09011697769165039,68,-0.5285156249999999
0.09203600883483887,69,-0.2578125
0.0942070484161377,70,-0.02578125
0.09570693969726562,71,-0.15468749999999998
0.09737706184387207,72,-0.502734375
0.09944915771484375,73,-0.837890625
0.10096096992492676,74,-0.451171875
0.10222816467285156,75,-0.0515625
0.10339212417602539,76,-0.193359375
0.1045081615447998,77,-0.605859375
0.1056060791015625,78,-0.064453125
0.10680007934570312,79,-0.54140625
0.10791516304016113,80,-0.2578125
0.10901498794555664,81,0.0
0.11018896102905273,82,-0.02578125
0.11157608032226562,83,-0.141796875
0.11304116249084473,84,-0.502734375
0.11451411247253418,85,-0.515625
0.11605715751647949,86,-1.2374999999999998
0.11750197410583496,87,-0.09023437499999999
0.11893010139465332,88,-0.15468749999999998
0.12035417556762695,89,-0.141796875
0.12257695198059082,90,-0.270703125
0.12462401390075684,91,-0.12890625
0.12609004974365234,92,0.0
0.12759900093078613,93,-0.012890625
0.12954497337341309,94,-0.12890625
0.13123297691345215,95,-0.43828124999999996
0.1325070858001709,96,-1.224609375
0.13368606567382812,97,-0.5285156249999999
0.13483095169067383,98,-0.064453125
0.13597607612609863,99,-0.4125
0.1370840072631836,100,-0.322265625
0.13818097114562988,101,-0.167578125
0.13928508758544922,102,-0.515625
0.14048314094543457,103,-0.476953125
0.1418771743774414,104,-0.270703125
0.14333796501159668,105,-0.012890625
0.1447751522064209,106,-0.12890625
0.14636611938476562,107,-0.4125
0.1478421688079834,108,-0.4640625
0.1492321491241455,109,-1.2503906249999999
0.15065312385559082,110,-0.4125
0.1524209976196289,111,-0.20625
0.15474414825439453,112,-0.33515625
0.15641498565673828,113,-0.15468749999999998
0.15789294242858887,114,0.038671874999999994
0.15981316566467285,115,-0.012890625
0.16161608695983887,116,-0.012890625
0.16294598579406738,117,-0.33515625
0.16413211822509766,118,-0.36093749999999997
0.16526412963867188,119,-1.044140625
0.1664121150970459,120,-1.65
0.16753602027893066,121,-0.0515625
0.16864013671875,122,-0.167578125
0.16973495483398438,123,-0.116015625
0.1708991527557373,124,-0.48984374999999997
0.17229509353637695,125,-0.193359375
0.17376399040222168,126,-0.33515625
0.175246000289917,127,-0.0515625
0.17683005332946777,128,0.0
0.1782701015472412,129,-0.12890625
0.17971515655517578,130,-0.4640625
0.18140912055969238,131,-0.476953125
0.1838231086730957,132,-1.224609375
0.18543004989624023,133,-0.103125
0.18687009811401367,134,-0.193359375
0.18865394592285156,135,-0.42539062499999997
0.19059014320373535,136,-0.29648437499999997
0.19198393821716309,137,0.141796875
0.19317412376403809,138,-0.012890625
0.19430208206176758,139,-0.09023437499999999
0.19544696807861328,140,-0.28359375
0.19666004180908203,141,-0.580078125
0.19779706001281738,142,-0.69609375
0.19891715049743652,143,-1.3792968749999999
0.20003914833068848,144,-0.837890625
0.20124006271362305,145,-0.15468749999999998
0.20266103744506836,146,-0.29648437499999997
0.20409107208251953,147,-0.270703125
0.2056729793548584,148,-0.103125
0.2072920799255371,149,-0.399609375
0.2086479663848877,150,0.0
0.2099621295928955,151,-0.012890625
0.21170496940612793,152,-0.12890625
0.21402502059936523,153,-0.322265625
0.2154850959777832,154,-0.7476562499999999
0.2171170711517334,155,-1.65
0.21904397010803223,156,-0.116015625
0.22066903114318848,157,-0.193359375
0.22196006774902344,158,-0.21914062499999998
0.2231459617614746,159,-0.36093749999999997
0.22428011894226074,160,-0.24492187499999998
0.2254180908203125,161,-0.0515625
0.2265629768371582,162,-0.02578125
0.2276921272277832,163,-0.12890625
0.22880196571350098,164,-0.37382812499999996
0.22991394996643066,165,-0.5929687499999999
0.23102307319641113,166,-0.734765625
0.23220205307006836,167,-1.3921875
0.23357295989990234,168,-1.4437499999999999
0.23502802848815918,169,-0.0515625
0.2365269660949707,170,-0.4125
0.23801398277282715,171,-0.322265625
0.2394700050354004,172,-0.07734374999999999
0.24083495140075684,173,-0.064453125
0.24256396293640137,174,-0.012890625
0.244981050491333,175,-0.02578125
0.24656414985656738,176,-0.33515625
0.24799013137817383,177,-0.43828124999999996
0.2499251365661621,178,-1.3019531249999998
0.25171804428100586,179,-0.2578125
0.25302696228027344,180,-0.348046875
0.25420498847961426,181,-0.4640625
0.2553560733795166,182,-0.193359375
0.2564990520477295,183,-0.399609375
0.25760412216186523,184,-0.23203125
0.2587151527404785,185,-0.012890625
0.2598280906677246,186,-0.02578125
0.2609241008758545,187,-0.103125
0.2620260715484619,188,-0.36093749999999997
0.263214111328125,189,-0.6187499999999999
0.26460814476013184,190,-0.6703125
0.26604509353637695,191,-1.4308593749999998
0.2675650119781494,192,-0.15468749999999998
0.26906895637512207,193,-0.09023437499999999
0.27046799659729004,194,-0.24492187499999998
0.2718510627746582,195,-0.29648437499999997
0.2738971710205078,196,-0.23203125
0.27606797218322754,197,0.012890625
0.2775449752807617,198,0.0
0.27901315689086914,199,-0.21914062499999998
0.28096795082092285,200,-0.515625
0.2826969623565674,201,-0.992578125
0.2840111255645752,202,0.0
0.2851719856262207,203,-0.20625
0.2863321304321289,204,-0.2578125
0.2875089645385742,205,-0.43828124999999996
0.288668155670166,206,-0.28359375
0.28978705406188965,207,-0.4640625
0.2909109592437744,208,-0.322265625
0.2920241355895996,209,-0.012890625
0.29320311546325684,210,-0.038671874999999994
0.29459404945373535,211,-0.15468749999999998
0.29606103897094727,212,-0.33515625
0.2975289821624756,213,-0.54140625
0.2990591526031494,214,-1.095703125
0.3004109859466553,215,-1.456640625
0.3024780750274658,216,-0.15468749999999998
0.3047060966491699,217,-0.2578125
0.3067021369934082,218,-0.2578125
0.3081531524658203,219,0.09023437499999999
0.3097269535064697,220,0.0
0.3116791248321533,221,-0.02578125
0.3132820129394531,222,-0.322265625
0.3145411014556885,223,-0.554296875
0.31580305099487305,224,-1.340625
0.31696510314941406,225,-0.95390625
0.31808996200561523,226,-0.193359375
0.31921815872192383,227,-0.38671875
0.32032012939453125,228,-0.30937499999999996
0.32142210006713867,229,-0.20625
0.3225259780883789,230,-0.29648437499999997
0.32372593879699707,231,-0.33515625
0.3251161575317383,232,-0.20625
0.32659006118774414,233,0.0
0.3280470371246338,234,-0.12890625
0.3295719623565674,235,-0.37382812499999996
0.33094096183776855,236,-0.42539062499999997
0.3323650360107422,237,-1.134375
0.3339519500732422,238,-1.65
0.3364269733428955,239,-0.20625
0.3380100727081299,240,-0.322265625
0.33936500549316406,241,-0.09023437499999999
0.34118008613586426,242,-0.103125
0.3430900573730469,243,0.038671874999999994
0.344494104385376,244,-0.02578125
0.3457450866699219,245,-0.33515625
0.34691596031188965,246,-0.6187499999999999
0.3480689525604248,247,-0.889453125
0.3491830825805664,248,-1.585546875
0.35030698776245117,249,-0.193359375
0.35141801834106445,250,-0.012890625
0.35251617431640625,251,-0.399609375
0.35370898246765137,252,-0.30937499999999996
0.3551011085510254,253,-0.2578125
0.35657501220703125,254,-0.2578125
0.35809898376464844,255,-0.064453125
0.3596489429473877,256,0.012890625
0.36098814010620117,257,-0.0515625
0.3623230457305908,258,-0.23203125
0.36389708518981934,259,-0.54140625
0.3663930892944336,260,-0.837890625
0.3680691719055176,261,-0.270703125
0.3694319725036621,262,-0.20625
0.37115001678466797,263,-0.33515625
0.3730640411376953,264,-0.20625
0.37449097633361816,265,-0.167578125
0.3757669925689697,266,0.0
0.3769221305847168,267,-0.012890625
0.3780391216278076,268,-0.20625
0.3791780471801758,269,-0.476953125
0.38029909133911133,270,-0.6187499999999999
0.3814060688018799,271,-1.00546875
0.3825371265411377,272,-1.6242187499999998
0.3837311267852783,273,-0.12890625
0.385120153427124,274,-0.20625
0.3865780830383301,275,-0.4125
0.38800716400146484,276,-0.37382812499999996
0.38956499099731445,277,0.0
0.3911440372467041,278,-0.012890625
0.39257001876831055,279,0.0
0.3939700126647949,280,-0.02578125
0.3958261013031006,281,-0.193359375
0.398252010345459,282,-0.54140625
0.39983296394348145,283,-1.3664062499999998
0.4012300968170166,284,0.0
0.40305304527282715,285,-0.2578125
0.40486907958984375,286,-0.29648437499999997
0.40633511543273926,287,-0.23203125
0.40756797790527344,288,-0.02578125
0.4087541103363037,289,-0.012890625
0.4098680019378662,290,-0.012890625
0.4109771251678467,291,-0.167578125
0.4120941162109375,292,-0.399609375
0.41320300102233887,293,-0.631640625
0.41439008712768555,294,-0.7476562499999999
0.41584205627441406,295,-1.405078125
0.41730594635009766,296,-0.167578125
0.4188079833984375,297,-0.20625
0.42030906677246094,298,-0.23203125
0.4216020107269287,299,-0.167578125
0.4229919910430908,300,-0.322265625
0.42441606521606445,301,-0.20625
0.4269721508026123,302,-0.012890625
0.42885494232177734,303,-0.103125
0.4302940368652344,304,-0.42539062499999997
0.43192505836486816,305,-0.6832031249999999
0.4339280128479004,306,-1.5726562499999999
0.4354519844055176,307,-0.15468749999999998
0.436751127243042,308,-0.2578125
0.4379141330718994,309,-0.4125
0.43906617164611816,310,0.0
0.4401891231536865,311,-0.23203125
0.44128894805908203,312,-0.193359375
0.4423811435699463,313,0.0
0.443479061126709,314,-0.012890625
0.4446711540222168,315,-0.167578125
0.4460480213165283,316,-0.451171875
0.447512149810791,317,-0.64453125
0.44897007942199707,318,-1.224609375
0.45047712326049805,319,-0.95390625
0.4519081115722656,320,-0.2578125
0.4532630443572998,321,-0.2578125
0.45467305183410645,322,-0.4125
0.45699405670166016,323,-0.20625
0.4589850902557373,324,0.09023437499999999
0.46042513847351074,325,-0.038671874999999994
0.46222496032714844,326,-0.103125
0.46421194076538086,327,-0.476953125
0.4658370018005371,328,-0.9410156249999999
0.4671061038970947,329,-0.6187499999999999
0.46826815605163574,330,-0.20625
0.46938300132751465,331,-0.38671875
0.47049999237060547,332,-0.5285156249999999
0.47161006927490234,333,-0.167578125
0.47270894050598145,334,-0.4125
0.4738030433654785,335,-0.37382812499999996
0.4749791622161865,336,-0.23203125
0.4764420986175537,337,0.012890625
0.4778780937194824,338,-0.07734374999999999
0.47931599617004395,339,-0.29648437499999997
0.4808199405670166,340,-0.5285156249999999
0.4822380542755127,341,-1.1214843749999999
0.48363304138183594,342,-1.65
0.48504114151000977,343,-0.103125
0.48712801933288574,344,-0.4125
0.4892690181732178,345,-0.30937499999999996
0.49086904525756836,346,-0.21914062499999998
0.49225807189941406,347,0.0
0.49407505989074707,348,-0.02578125
0.49602603912353516,349,-0.12890625
0.4974081516265869,350,-0.36093749999999997
0.49860215187072754,351,-1.00546875
0.49974799156188965,352,-1.65
0.5008630752563477,353,0.0
0.5020020008087158,354,-0.20625
0.5031559467315674,355,-0.21914062499999998
0.5042741298675537,356,-0.502734375
0.5054709911346436,357,-0.116015625
0.5069670677185059,358,-0.42539062499999997
0.5084540843963623,359,-0.15468749999999998
0.5099339485168457,360,0.0
0.5114741325378418,361,-0.116015625
0.5129051208496094,362,-0.451171875
0.514315128326416,363,-0.42539062499999997
0.5159220695495605,364,-1.224609375
0.5174031257629395,365,-0.4125
0.519827127456665,366,-0.167578125
0.5216391086578369,367,-0.43828124999999996
0.523064136505127,368,-0.37382812499999996
0.5245089530944824,369,-0.141796875
0.5266280174255371,370,-0.012890625
0.528939962387085,371,-0.103125
0.5304780006408691,372,-0.37382812499999996
0.5321791172027588,373,-0.7863281249999999
0.5333969593048096,374,-1.65
0.5347700119018555,375,-0.103125
0.5360851287841797,376,-0.29648437499999997
0.5375120639801025,377,-0.322265625
0.5389449596405029,378,-0.167578125
0.5404751300811768,379,-0.322265625
0.5419950485229492,380,-0.141796875
0.5434160232543945,381,-0.02578125
0.5448441505432129,382,-0.12890625
0.5466389656066895,383,-0.38671875
0.5490429401397705,384,-0.37382812499999996
0.5506610870361328,385,-1.6242187499999998
0.5520319938659668,386,-0.30937499999999996
0.5537559986114502,387,-0.2578125
0.5556869506835938,388,-0.30937499999999996
0.5571551322937012,389,-0.18046874999999998
0.5583820343017578,390,0.09023437499999999
0.5595340728759766,391,0.0
0.5606470108032227,392,-0.12890625
0.5617530345916748,393,-0.270703125
0.5628559589385986,394,-0.5671875
0.563971996307373,395,-0.54140625
0.5650761127471924,396,-1.16015625
0.5663299560546875,397,-1.65
0.5677189826965332,398,0.0
0.5691730976104736,399,-0.2578125
0.5706000328063965,400,-0.270703125
0.5721340179443359,401,-0.29648437499999997
0.573491096496582,402,-0.399609375
0.5749170780181885,403,-0.12890625
0.5766451358795166,404,0.0
0.5790660381317139,405,-0.0515625
0.5805871486663818,406,-0.36093749999999997
0.5821371078491211,407,-0.928125
0.584151029586792,408,-1.65
0.5856151580810547,409,-0.20625
0.5868930816650391,410,-0.21914062499999998
0.5880589485168457,411,-0.12890625
0.5891880989074707,412,-0.348046875
0.5903141498565674,413,-0.36093749999999997
0.5914461612701416,414,-0.322265625
0.5926001071929932,415,-0.012890625
0.593764066696167,416,-0.02578125
0.5949151515960693,417,-0.20625
0.5960869789123535,418,-0.54140625
0.597275972366333,419,-0.580078125
0.5986490249633789,420,-1.147265625
0.600100040435791,421,-1.65
0.6015710830688477,422,-0.116015625
0.603126049041748,423,-0.38671875
0.6045620441436768,424,-0.451171875
0.6060421466827393,425,-0.21914062499999998
0.6075410842895508,426,-0.103125
0.6098251342773438,427,0.038671874999999994
0.611767053604126,428,-0.02578125
0.6132049560546875,429,-0.4640625
0.6147651672363281,430,-0.502734375
0.6168320178985596,431,-1.353515625
0.6184279918670654,432,-0.012890625
0.6197030544281006,433,-0.29648437499999997
0.620866060256958,434,-0.4125
