time,count,voltage
0.005190849304199219,1,-0.69609375
0.0069849491119384766,2,0.012890625
0.008508920669555664,3,0.0
0.010085821151733398,4,-0.193359375
0.01149892807006836,5,-0.348046875
0.012883901596069336,6,-0.992578125
0.02259683609008789,7,-1.65
0.024181842803955078,8,0.012890625
0.025593996047973633,9,-0.012890625
0.027020931243896484,10,-0.33515625
0.028414011001586914,11,-0.33515625
0.04738903045654297,12,-1.1214843749999999
0.049154043197631836,13,0.0
0.05091404914855957,14,-0.02578125
0.052696943283081055,15,-0.399609375
0.05470895767211914,16,-0.28359375
0.05733895301818848,17,0.0515625
0.05926084518432617,18,0.0
0.06128287315368652,19,-0.28359375
0.06917190551757812,20,-0.6187499999999999
0.07122802734375,21,-0.15468749999999998
0.07284188270568848,22,0.193359375
0.0743868350982666,23,0.0
0.07600593566894531,24,-0.02578125
0.07900285720825195,25,-0.322265625
0.0808570384979248,26,-0.54140625
0.08254289627075195,27,0.012890625
0.08442091941833496,28,-0.15468749999999998
0.08643603324890137,29,-0.2578125
0.08899784088134766,30,-0.141796875
0.090972900390625,31,0.0
0.09428191184997559,32,-0.012890625
0.09678387641906738,33,-0.33515625
0.09888100624084473,34,-1.65
0.10185790061950684,35,0.0
0.10390901565551758,36,-0.23203125
0.10577583312988281,37,-0.0515625
0.11621785163879395,38,0.0
0.1183328628540039,39,-0.012890625
0.12007284164428711,40,-0.012890625
0.12188291549682617,41,-0.20625
0.12470293045043945,42,0.012890625
0.12720584869384766,43,-0.02578125
0.1287848949432373,44,-0.270703125
0.13054490089416504,45,-1.2503906249999999
0.1325058937072754,46,0.0
0.13387084007263184,47,-0.0515625
0.13504385948181152,48,-0.42539062499999997
0.1362018585205078,49,-0.116015625
0.13731884956359863,50,-0.399609375
0.13842082023620605,51,-0.2578125
0.13965487480163574,52,0.012890625
0.14109396934509277,53,-0.012890625
0.14251303672790527,54,-0.012890625
0.1440730094909668,55,-0.37382812499999996
0.14556384086608887,56,-0.54140625
0.14706993103027344,57,-1.405078125
0.148468017578125,58,0.0
0.1507248878479004,59,-0.12890625
0.15278196334838867,60,-0.30937499999999996
0.15427684783935547,61,-0.12890625
0.15644097328186035,62,0.02578125
0.1581258773803711,63,0.0
0.15935683250427246,64,-0.064453125
0.16050195693969727,65,-0.37382812499999996
0.16162705421447754,66,-0.502734375
0.16273784637451172,67,-1.198828125
0.16384196281433105,68,-1.65
0.16494202613830566,69,0.0
0.1661210060119629,70,-0.0515625
0.1672379970550537,71,-0.07734374999999999
0.16834497451782227,72,-0.30937499999999996
0.16953182220458984,73,-0.103125
0.1708688735961914,74,-0.37382812499999996
0.17235493659973145,75,-0.193359375
0.17385387420654297,76,0.0
0.17531585693359375,77,-0.012890625
0.17684602737426758,78,-0.24492187499999998
0.1783740520477295,79,-0.399609375
0.18069791793823242,80,-1.0828125
0.18282699584960938,81,0.0
0.1842639446258545,82,-0.064453125
0.1862938404083252,83,-0.21914062499999998
0.1881089210510254,84,-0.20625
0.18938803672790527,85,0.30937499999999996
0.1905529499053955,86,0.0
0.191666841506958,87,0.0
0.1927640438079834,88,-0.23203125
0.19386982917785645,89,-0.4640625
0.19497299194335938,90,-0.5285156249999999
0.19609785079956055,91,-1.2503906249999999
0.19720697402954102,92,-1.65
0.19829988479614258,93,0.0
0.1993858814239502,94,-0.0515625
0.20053887367248535,95,-0.02578125
0.2018728256225586,96,-0.5671875
0.20331501960754395,97,-0.02578125
0.2048659324645996,98,-0.20625
0.20658588409423828,99,0.09023437499999999
0.2080399990081787,100,0.0
0.20938897132873535,101,-0.02578125
0.2113819122314453,102,-0.4125
0.21356201171875,103,-0.631640625
0.21500802040100098,104,0.0
0.21697783470153809,105,-0.0515625
0.21876883506774902,106,-0.23203125
0.22008395195007324,107,-0.064453125
0.22131896018981934,108,-0.12890625
0.2225179672241211,109,0.07734374999999999
0.22364497184753418,110,0.012890625
0.22475886344909668,111,-0.02578125
0.22585391998291016,112,-0.064453125
0.2270350456237793,113,-0.42539062499999997
0.22815585136413574,114,-0.4640625
0.2292628288269043,115,-1.095703125
0.2303628921508789,116,-1.65
0.2315218448638916,117,0.0
0.23283886909484863,118,0.0
0.2342829704284668,119,-0.103125
0.2357339859008789,120,-0.33515625
0.2374439239501953,121,-0.36093749999999997
0.2389988899230957,122,-0.02578125
0.24048686027526855,123,0.0
0.24253201484680176,124,-0.012890625
0.24467992782592773,125,-0.20625
0.2461838722229004,126,-0.7476562499999999
0.24803900718688965,127,-1.65
0.24990105628967285,128,-0.012890625
0.25119590759277344,129,-0.193359375
0.25236988067626953,130,-0.20625
0.2535099983215332,131,-0.270703125
0.2546248435974121,132,-0.30937499999999996
0.25576305389404297,133,-0.09023437499999999
0.2569608688354492,134,0.012890625
0.2580690383911133,135,-0.012890625
0.25916194915771484,136,-0.0515625
0.26026082038879395,137,-0.399609375
0.26136302947998047,138,-0.38671875
0.2625279426574707,139,-1.018359375
0.2638678550720215,140,-1.6371093749999999
0.2653069496154785,141,0.0
0.2668600082397461,142,-0.038671874999999994
0.26845288276672363,143,-0.2578125
0.26981401443481445,144,-0.09023437499999999
0.2711629867553711,145,-0.2578125
0.2731509208679199,146,-0.02578125
0.2752408981323242,147,0.0
0.2767798900604248,148,-0.15468749999999998
0.27855491638183594,149,-0.33515625
0.28049588203430176,150,-1.069921875
0.28711986541748047,151,0.0
0.2885608673095703,152,0.42539062499999997
0.29003095626831055,153,0.0
0.2912909984588623,154,0.0
0.296083927154541,155,-0.012890625
0.299022912979126,156,-0.37382812499999996
0.30295586585998535,157,-0.18046874999999998
0.3045308589935303,158,-0.103125
0.30579400062561035,159,0.193359375
0.3071558475494385,160,0.0
0.30845189094543457,161,-0.02578125
0.3096580505371094,162,-0.193359375
0.31084704399108887,163,-0.4640625
0.3119699954986572,164,-0.7218749999999999
0.31314992904663086,165,-1.3921875
0.3143579959869385,166,-0.02578125
0.31575798988342285,167,-0.012890625
0.3188149929046631,168,-0.012890625
0.3213329315185547,169,-0.23203125
0.32611703872680664,170,0.15468749999999998
0.3277740478515625,171,-0.012890625
0.32932186126708984,172,-0.580078125
0.33070802688598633,173,-1.482421875
0.33213186264038086,174,0.0
0.333453893661499,175,-0.20625
0.3356359004974365,176,-0.2578125
0.3379080295562744,177,-0.09023437499999999
0.3394889831542969,178,0.28359375
0.3408689498901367,179,-0.012890625
0.3425459861755371,180,-0.012890625
0.34455394744873047,181,-0.30937499999999996
0.34616589546203613,182,-0.64453125
0.3474128246307373,183,-1.6242187499999998
0.34859704971313477,184,0.0
0.3497300148010254,185,-0.18046874999999998
0.35085487365722656,186,-0.20625
0.35196900367736816,187,-0.28359375
0.35306882858276367,188,-0.141796875
0.35428404808044434,189,-0.2578125
0.35569190979003906,190,-0.15468749999999998
0.3572499752044678,191,0.012890625
0.35875701904296875,192,-0.012890625
0.3602578639984131,193,-0.21914062499999998
0.3616650104522705,194,-0.37382812499999996
0.36300086975097656,195,-1.0570312499999999
0.3648369312286377,196,-1.482421875
0.36754798889160156,197,0.0
0.36914587020874023,198,-0.30937499999999996
0.37049102783203125,199,-0.33515625
0.37225985527038574,200,-0.193359375
0.3742330074310303,201,0.0
0.3757178783416748,202,-0.012890625
0.37708187103271484,203,-0.36093749999999997
0.37824201583862305,204,-0.36093749999999997
0.3793618679046631,205,-1.095703125
0.3804919719696045,206,-1.65
0.38159799575805664,207,0.0
0.382688045501709,208,0.0
0.3837699890136719,209,0.0
0.38492703437805176,210,-0.399609375
0.386322021484375,211,-0.103125
0.387786865234375,212,-0.37382812499999996
0.38931989669799805,213,-0.064453125
0.3908698558807373,214,0.0
0.39223694801330566,215,-0.02578125
0.39359188079833984,216,-0.30937499999999996
0.39533185958862305,217,-0.4640625
0.39787793159484863,218,-1.044140625
0.39945292472839355,219,0.0
0.4008200168609619,220,0.0
0.4026298522949219,221,-0.37382812499999996
0.40450286865234375,222,-0.37382812499999996
0.40589284896850586,223,0.064453125
0.40716004371643066,224,0.0
0.4082939624786377,225,-0.02578125
0.40991783142089844,226,-0.09023437499999999
0.41110897064208984,227,-0.4125
0.41224002838134766,228,-0.8765624999999999
0.41337084770202637,229,-1.482421875
0.4145510196685791,230,0.0
0.4157679080963135,231,-0.02578125
0.4172639846801758,232,-0.23203125
0.41881489753723145,233,-0.348046875
0.4202389717102051,234,-0.103125
0.42169904708862305,235,-0.116015625
0.42305803298950195,236,0.0
0.4245429039001465,237,-0.012890625
0.4260239601135254,238,-0.02578125
0.42841100692749023,239,-0.36093749999999997
0.4303429126739502,240,-0.7734375
0.43178582191467285,241,-0.0515625
0.43329882621765137,242,-0.116015625
0.4352879524230957,243,-0.116015625
0.43696093559265137,244,-0.193359375
0.4382920265197754,245,-0.0515625
0.43945789337158203,246,0.012890625
0.44057583808898926,247,0.0
0.44167089462280273,248,0.0
0.44275689125061035,249,-0.193359375
0.4438760280609131,250,-0.451171875
0.4449880123138428,251,-0.502734375
0.4461970329284668,252,-1.224609375
0.44759297370910645,253,-1.65
0.4490649700164795,254,0.0
0.45055484771728516,255,-0.07734374999999999
0.45211195945739746,256,-0.43828124999999996
0.4535648822784424,257,-0.07734374999999999
0.4550619125366211,258,-0.064453125
0.45665884017944336,259,0.0
0.4590590000152588,260,0.012890625
0.4606130123138428,261,-0.24492187499999998
0.46210694313049316,262,-0.4125
0.4640798568725586,263,-1.2503906249999999
0.46567392349243164,264,0.0
0.4670369625091553,265,-0.12890625
0.4682199954986572,266,-0.37382812499999996
0.46936488151550293,267,-0.18046874999999998
0.47049498558044434,268,-0.4125
0.4716048240661621,269,-0.322265625
0.47271299362182617,270,0.0
0.47382593154907227,271,-0.012890625
0.4749269485473633,272,-0.012890625
0.47615790367126465,273,-0.103125
0.4775679111480713,274,-0.502734375
0.4790349006652832,275,-0.64453125
0.48045802116394043,276,-1.5082031249999999
0.4819910526275635,277,0.0
0.4834449291229248,278,-0.09023437499999999
0.4849088191986084,279,-0.21914062499999998
0.48639488220214844,280,-0.167578125
0.4882168769836426,281,-0.38671875
0.49056291580200195,282,-0.103125
0.49211883544921875,283,0.0
0.49347496032714844,284,-0.23203125
0.4952988624572754,285,-0.4640625
0.4971940517425537,286,-1.1214843749999999
0.4985790252685547,287,0.0
0.4997680187225342,288,-0.116015625
0.5009419918060303,289,-0.15468749999999998
0.5020849704742432,290,-0.348046875
0.5032429695129395,291,-0.12890625
0.5043668746948242,292,-0.2578125
0.5054938793182373,293,-0.12890625
0.5066900253295898,294,0.0
0.5080859661102295,295,-0.012890625
0.5095279216766357,296,-0.02578125
0.5110280513763428,297,-0.36093749999999997
0.5126368999481201,298,-0.605859375
0.5141708850860596,299,-1.5082031249999999
0.5156638622283936,300,0.0
0.5171818733215332,301,-0.167578125
0.5194358825683594,302,-0.29648437499999997
0.521543025970459,303,-0.29648437499999997
0.5230128765106201,304,0.36093749999999997
0.524587869644165,305,0.0
0.5263819694519043,306,-0.012890625
0.5281739234924316,307,-0.36093749999999997
0.5295350551605225,308,-0.837890625
0.5307140350341797,309,-1.65
0.5318448543548584,310,0.0
0.5329680442810059,311,-0.103125
0.5340888500213623,312,-0.167578125
0.5351998805999756,313,-0.4640625
0.5363218784332275,314,-0.09023437499999999
0.5375280380249023,315,-0.33515625
0.5389180183410645,316,-0.167578125
0.5403809547424316,317,0.0
0.5418648719787598,318,-0.012890625
0.5433950424194336,319,-0.15468749999999998
0.544853925704956,320,-0.42539062499999997
0.5461959838867188,321,-1.00546875
0.5476129055023193,322,-1.65
0.5498390197753906,323,0.0
0.5518519878387451,324,-0.0515625
0.55330491065979,325,-0.12890625
0.5548558235168457,326,-0.2578125
0.5568900108337402,327,0.0
0.5585269927978516,328,0.0
0.559790849685669,329,-0.15468749999999998
0.5609679222106934,330,-0.42539062499999997
0.5620958805084229,331,-0.734765625
0.5632150173187256,332,-1.41796875
0.5643320083618164,333,0.012890625
0.5654489994049072,334,0.0
0.5665779113769531,335,-0.15468749999999998
0.5677738189697266,336,-0.2578125
0.5691468715667725,337,-0.36093749999999997
0.5706038475036621,338,-0.399609375
0.5721819400787354,339,-0.20625
0.5736839771270752,340,0.0
0.5751118659973145,341,-0.02578125
0.5766489505767822,342,-0.103125
0.5781118869781494,343,-0.43828124999999996
0.5806279182434082,344,-0.9796874999999999
0.582427978515625,345,0.0
0.5838298797607422,346,-0.24492187499999998
0.5854668617248535,347,-0.399609375
0.5873739719390869,348,-0.20625
0.5890259742736816,349,-0.012890625
0.5903189182281494,350,0.0
0.5914719104766846,351,0.0
0.592602014541626,352,-0.09023437499999999
0.5937318801879883,353,-0.399609375
0.594836950302124,354,-0.42539062499999997
0.5960159301757812,355,-1.095703125
0.5971639156341553,356,-1.65
0.5983579158782959,357,0.0
0.599755048751831,358,-0.0515625
0.6012039184570312,359,-0.103125
0.6027050018310547,360,-0.15468749999999998
0.6042718887329102,361,-0.21914062499999998
0.6057629585266113,362,-0.012890625
0.6073548793792725,363,0.0
0.608705997467041,364,-0.02578125
0.6108899116516113,365,-0.2578125
0.6129820346832275,366,-0.29648437499999997
0.6144838333129883,367,-1.5726562499999999
0.6160140037536621,368,0.0
0.6179850101470947,369,-0.116015625
0.6196868419647217,370,-0.21914062499999998
0.6209969520568848,371,-0.322265625
0.6222000122070312,372,-0.0515625
0.623356819152832,373,0.0
0.6244819164276123,374,-0.012890625
0.6255948543548584,375,-0.012890625
0.6268038749694824,376,-0.36093749999999997
0.628000020980835,377,-0.43828124999999996
0.6292269229888916,378,-0.9796874999999999
0.6306638717651367,379,-1.65
0.6321089267730713,380,0.0
0.633599042892456,381,-0.103125
0.6351189613342285,382,-0.2578125
0.6366779804229736,383,0.0
0.6382029056549072,384,-0.2578125
0.639603853225708,385,0.09023437499999999
0.641852855682373,386,-0.012890625
0.6438260078430176,387,-0.012890625
0.6452829837799072,388,-0.33515625
0.6469018459320068,389,-1.16015625
0.6488628387451172,390,0.0
0.6505098342895508,391,-0.103125
0.6517958641052246,392,-0.37382812499999996
0.6529920101165771,393,-0.116015625
0.654120922088623,394,-0.37382812499999996
0.6552469730377197,395,-0.23203125
0.6563999652862549,396,0.012890625
0.6575260162353516,397,0.0
0.6586148738861084,398,-0.012890625
0.6597979068756104,399,-0.2578125
0.6612038612365723,400,-0.476953125
0.66267991065979,401,-0.837890625
0.6641619205474854,402,-1.611328125
0.6657118797302246,403,0.0
0.6672999858856201,404,-0.193359375
0.6687459945678711,405,-0.4125
0.6701838970184326,406,-0.103125
0.6722569465637207,407,-0.12890625
0.6745100021362305,408,0.0
0.6760280132293701,409,-0.012890625
0.6775050163269043,410,-0.322265625
0.6794359683990479,411,-0.476953125
0.6812150478363037,412,-1.4953124999999998
0.6825289726257324,413,0.0
0.683708906173706,414,-0.012890625
0.6848719120025635,415,-0.29648437499999997
0.6860949993133545,416,-0.15468749999999998
0.6872439384460449,417,-0.4125
0.6883499622344971,418,-0.28359375
0.6894798278808594,419,0.0
0.6906709671020508,420,0.012890625
0.6920428276062012,421,-0.012890625
0.6934778690338135,422,-0.21914062499999998
0.6949348449707031,423,-0.38671875
0.696497917175293,424,-1.00546875
0.6979918479919434,425,-1.65
0.6994478702545166,426,-0.02578125
0.700814962387085,427,-0.09023437499999999
0.702970027923584,428,-0.43828124999999996
0.7052018642425537,429,-0.37382812499999996
0.7068219184875488,430,-0.012890625
0.7082488536834717,431,0.0
0.7100448608398438,432,-0.0515625
0.7118828296661377,433,-0.37382812499999996
0.7132399082183838,434,-1.0828125
0.7144198417663574,435,0.0
0.7155518531799316,436,-0.038671874999999994
0.7167320251464844,437,-0.193359375
0.7178728580474854,438,-0.2578125
0.7189879417419434,439,-0.37382812499999996
0.7200968265533447,440,-0.33515625
0.721282958984375,441,-0.33515625
0.722693920135498,442,-0.07734374999999999
0.7241630554199219,443,0.012890625
0.7255618572235107,444,-0.012890625
0.7271409034729004,445,-0.29648437499999997
0.7285888195037842,446,-0.4125
0.7299709320068359,447,-1.16015625
0.7313230037689209,448,0.0
0.7337758541107178,449,-0.0515625
