time,count,voltage
0.005692958831787109,1,-0.2578125
0.007297039031982422,2,-1.41796875
0.008832931518554688,3,-0.012890625
0.010432004928588867,4,-0.322265625
0.011962890625,5,-0.4125
0.013495922088623047,6,-0.29648437499999997
0.014983892440795898,7,-0.07734374999999999
0.016375064849853516,8,0.012890625
0.017741918563842773,9,-0.012890625
0.019325971603393555,10,-0.07734374999999999
0.021147966384887695,11,-0.4640625
0.022947072982788086,12,-0.9152343749999999
0.024702072143554688,13,-0.15468749999999998
0.026304960250854492,14,0.0
0.027968883514404297,15,-0.270703125
0.02954387664794922,16,-0.29648437499999997
0.030978918075561523,17,-0.29648437499999997
0.03239607810974121,18,0.02578125
0.03377389907836914,19,-0.012890625
0.03542590141296387,20,-0.09023437499999999
0.037201881408691406,21,-0.36093749999999997
0.03909707069396973,22,-0.5285156249999999
0.04101204872131348,23,-1.5984375
0.04299306869506836,24,-0.12890625
0.044725894927978516,25,-0.2578125
0.04671907424926758,26,-0.12890625
0.04850602149963379,27,0.0
0.05043387413024902,28,0.012890625
0.05287909507751465,29,-0.02578125
0.056034088134765625,30,-0.36093749999999997
0.058032989501953125,31,-1.456640625
0.05978202819824219,32,-0.103125
0.062304019927978516,33,-0.30937499999999996
0.06470894813537598,34,-0.0515625
0.06681394577026367,35,0.4640625
0.0684499740600586,36,-0.012890625
0.06994891166687012,37,-0.30937499999999996
0.07137703895568848,38,-0.4125
0.07274389266967773,39,-1.173046875
0.07413792610168457,40,-0.09023437499999999
0.07550907135009766,41,-0.12890625
0.07691597938537598,42,-0.2578125
0.07831192016601562,43,-0.605859375
0.07986903190612793,44,0.0
0.08133888244628906,45,-0.02578125
0.08274507522583008,46,0.012890625
0.08411598205566406,47,-0.012890625
0.08552908897399902,48,-0.167578125
0.0868830680847168,49,-0.515625
0.08823204040527344,50,-0.54140625
0.08968186378479004,51,-1.353515625
0.09122800827026367,52,-0.07734374999999999
0.09276700019836426,53,-0.012890625
0.09457707405090332,54,-0.193359375
0.09627389907836914,55,-0.167578125
0.09827208518981934,56,-0.21914062499999998
0.10019803047180176,57,0.0
0.10193800926208496,58,-0.0515625
0.10363197326660156,59,-0.37382812499999996
0.10549497604370117,60,-0.42539062499999997
0.10865592956542969,61,-1.4308593749999998
0.11089086532592773,62,-0.064453125
0.11253809928894043,63,-0.28359375
0.11446189880371094,64,-0.270703125
0.11678886413574219,65,0.012890625
0.11911797523498535,66,-0.09023437499999999
0.12076592445373535,67,-0.322265625
0.12225008010864258,68,-0.734765625
0.12378907203674316,69,-1.5597656249999998
0.12527894973754883,70,-0.012890625
0.12695097923278809,71,-0.270703125
0.12845993041992188,72,-0.36093749999999997
0.130018949508667,73,-0.167578125
0.13160395622253418,74,-0.0515625
0.13380193710327148,75,0.012890625
0.13608694076538086,76,-0.012890625
0.13758492469787598,77,-0.33515625
0.1393570899963379,78,-0.8765624999999999
0.1415259838104248,79,-1.65
0.14306306838989258,80,-0.12890625
0.14432001113891602,81,-0.29648437499999997
0.14548087120056152,82,-0.15468749999999998
0.14664196968078613,83,-0.23203125
0.14776897430419922,84,-0.18046874999999998
0.14893388748168945,85,0.0
0.15016388893127441,86,-0.0515625
0.15129899978637695,87,-0.064453125
0.15250086784362793,88,-0.30937499999999996
0.1539750099182129,89,-0.5929687499999999
0.15545988082885742,90,-0.7476562499999999
0.16039800643920898,91,-1.65
0.16204500198364258,92,-0.322265625
0.16432690620422363,93,-0.36093749999999997
0.16644001007080078,94,0.09023437499999999
0.16788506507873535,95,-0.012890625
0.1694650650024414,96,-0.167578125
0.1715390682220459,97,-0.5285156249999999
0.17336702346801758,98,-1.147265625
0.17465686798095703,99,-0.193359375
0.17581796646118164,100,-0.23203125
0.17694997787475586,101,-0.15468749999999998
0.17808890342712402,102,-0.502734375
0.17923188209533691,103,-0.103125
0.18038105964660645,104,-0.29648437499999997
0.1816408634185791,105,-0.15468749999999998
0.18292903900146484,106,0.012890625
0.18435907363891602,107,-0.012890625
0.18575191497802734,108,-0.0515625
0.18735289573669434,109,-0.476953125
0.18894004821777344,110,-0.734765625
0.19053292274475098,111,-1.6371093749999999
0.1919879913330078,112,-0.07734374999999999
0.19429397583007812,113,-0.2578125
0.19631409645080566,114,-0.33515625
0.19783306121826172,115,-0.28359375
0.19951987266540527,116,0.0
0.20156002044677734,117,-0.02578125
0.20313286781311035,118,-0.167578125
0.20437002182006836,119,-0.4125
0.20555996894836426,120,-1.044140625
0.20670390129089355,121,-1.65
0.20781803131103516,122,-0.02578125
0.20893192291259766,123,-0.141796875
0.21013593673706055,124,-0.20625
0.21127009391784668,125,-0.36093749999999997
0.2124030590057373,126,-0.103125
0.2136249542236328,127,-0.37382812499999996
0.21505999565124512,128,-0.2578125
0.2165238857269287,129,0.0
0.21830105781555176,130,-0.0515625
0.21984601020812988,131,-0.36093749999999997
0.2213420867919922,132,-0.4640625
0.22281789779663086,133,-1.173046875
0.2251589298248291,134,-0.0515625
0.22704601287841797,135,-0.116015625
0.2284860610961914,136,-0.2578125
0.23061895370483398,137,-0.15468749999999998
0.2323908805847168,138,0.193359375
0.23370003700256348,139,0.0
0.23495197296142578,140,-0.103125
0.23609209060668945,141,-0.4125
0.2372438907623291,142,-0.580078125
0.23837995529174805,143,-0.8765624999999999
0.2396090030670166,144,-1.533984375
0.24074196815490723,145,0.0
0.2418680191040039,146,-0.07734374999999999
0.2430269718170166,147,-0.2578125
0.24423909187316895,148,-0.348046875
0.2457280158996582,149,-0.09023437499999999
0.24721598625183105,150,-0.193359375
0.24878787994384766,151,0.038671874999999994
0.2505369186401367,152,0.012890625
0.25197696685791016,153,-0.09023437499999999
0.2534000873565674,154,-0.42539062499999997
0.25597691535949707,155,-0.4125
0.25765395164489746,156,-1.5726562499999999
0.2592790126800537,157,-0.193359375
0.26137709617614746,158,-0.141796875
0.26306700706481934,159,-0.103125
0.26440000534057617,160,-0.116015625
0.26560187339782715,161,0.038671874999999994
0.2667539119720459,162,-0.012890625
0.2678830623626709,163,-0.02578125
0.26909399032592773,164,-0.20625
0.2702779769897461,165,-0.5671875
0.2714090347290039,166,-0.6574218749999999
0.272536039352417,167,-1.353515625
0.2736480236053467,168,-0.348046875
0.2748870849609375,169,-0.012890625
0.276292085647583,170,-0.322265625
0.27775001525878906,171,-0.29648437499999997
0.27933597564697266,172,-0.2578125
0.2809159755706787,173,-0.476953125
0.28228187561035156,174,-0.02578125
0.28414106369018555,175,0.0
0.2866690158843994,176,-0.064453125
0.2886080741882324,177,-0.43828124999999996
0.29021596908569336,178,-1.353515625
0.29198288917541504,179,-0.0515625
0.29404187202453613,180,-0.36093749999999997
0.2954380512237549,181,-0.322265625
0.29663705825805664,182,-0.28359375
0.29778409004211426,183,-0.21914062499999998
0.29906797409057617,184,0.0
0.30023193359375,185,-0.012890625
0.3014049530029297,186,-0.07734374999999999
0.3025510311126709,187,-0.28359375
0.3036689758300781,188,-0.5285156249999999
0.30487704277038574,189,-0.734765625
0.30629491806030273,190,-1.4308593749999998
0.307758092880249,191,-0.012890625
0.3094339370727539,192,-0.07734374999999999
0.3110489845275879,193,-0.21914062499999998
0.3125019073486328,194,-0.141796875
0.31406307220458984,195,-0.451171875
0.31609392166137695,196,-0.167578125
0.318511962890625,197,0.0
0.31996989250183105,198,-0.37382812499999996
0.32172107696533203,199,-0.38671875
0.32384395599365234,200,-1.2503906249999999
0.3255479335784912,201,0.0
0.3268299102783203,202,-0.270703125
0.3280069828033447,203,-0.502734375
0.329164981842041,204,-0.09023437499999999
0.33032798767089844,205,-0.322265625
0.33145904541015625,206,-0.167578125
0.3325800895690918,207,0.012890625
0.33371996879577637,208,-0.012890625
0.33495187759399414,209,-0.09023437499999999
0.33638691902160645,210,-0.38671875
0.3380420207977295,211,-0.6187499999999999
0.33949995040893555,212,-1.21171875
0.34108495712280273,213,0.0
0.34259986877441406,214,-0.167578125
0.34462904930114746,215,-0.07734374999999999
0.3470430374145508,216,-0.167578125
0.349276065826416,217,-0.0515625
0.35077691078186035,218,-0.012890625
0.3524620532989502,219,-0.12890625
0.3544590473175049,220,-0.476953125
0.3558790683746338,221,-0.8765624999999999
0.3570859432220459,222,-1.611328125
0.3582649230957031,223,-0.02578125
0.3594238758087158,224,-0.20625
0.3605530261993408,225,-0.23203125
0.3616619110107422,226,-0.29648437499999997
0.3628098964691162,227,-0.18046874999999998
0.36393189430236816,228,-0.24492187499999998
0.36518287658691406,229,-0.12890625
0.3666510581970215,230,0.0
0.36810994148254395,231,-0.0515625
0.369718074798584,232,-0.20625
0.37143802642822266,233,-0.502734375
0.3729898929595947,234,-1.224609375
0.37451887130737305,235,-0.02578125
0.3765439987182617,236,-0.116015625
0.37894701957702637,237,-0.038671874999999994
0.3805880546569824,238,-0.322265625
0.3824138641357422,239,0.038671874999999994
0.38442492485046387,240,0.0
0.385922908782959,241,-0.0515625
0.3871939182281494,242,-0.399609375
0.38835597038269043,243,-0.708984375
0.38963890075683594,244,-1.456640625
0.3907968997955322,245,-0.103125
0.3919210433959961,246,-0.167578125
0.39308786392211914,247,-0.28359375
0.39426589012145996,248,-0.399609375
0.39550209045410156,249,-0.167578125
0.39697909355163574,250,-0.322265625
0.3985159397125244,251,-0.167578125
0.4001178741455078,252,-0.012890625
0.40168309211730957,253,-0.038671874999999994
0.40327000617980957,254,-0.30937499999999996
0.40473389625549316,255,-0.4125
0.4074258804321289,256,-1.198828125
0.40906786918640137,257,-0.103125
0.41070008277893066,258,-0.270703125
0.41269397735595703,259,-0.4125
0.41454100608825684,260,-0.0515625
0.4158439636230469,261,0.064453125
0.41701507568359375,262,-0.012890625
0.4181630611419678,263,-0.12890625
0.419313907623291,264,-0.4125
0.4204280376434326,265,-0.631640625
0.4217400550842285,266,-0.8121093749999999
0.42291688919067383,267,-1.4953124999999998
0.42405200004577637,268,0.0
0.4251570701599121,269,-0.15468749999999998
0.42639589309692383,270,-0.2578125
0.42779994010925293,271,-0.322265625
0.4293360710144043,272,-0.141796875
0.43094491958618164,273,-0.33515625
0.4325370788574219,274,0.012890625
0.43404293060302734,275,-0.02578125
0.4354710578918457,276,-0.103125
0.43787693977355957,277,-0.4640625
0.439924955368042,278,-0.6703125
0.44133901596069336,279,-0.12890625
0.4431040287017822,280,-0.21914062499999998
0.44515395164489746,281,-0.193359375
0.44668102264404297,282,-0.103125
0.4479398727416992,283,0.0515625
0.44918107986450195,284,0.0
0.4503669738769531,285,-0.012890625
0.4514930248260498,286,-0.12890625
0.4526069164276123,287,-0.33515625
0.4537510871887207,288,-0.5929687499999999
0.45488405227661133,289,-0.7863281249999999
0.4560070037841797,290,-1.456640625
0.4572110176086426,291,0.0
0.45866990089416504,292,-0.064453125
0.4601578712463379,293,-0.24492187499999998
0.46184587478637695,294,-0.4125
0.46346306800842285,295,-0.09023437499999999
0.46488094329833984,296,0.07734374999999999
0.4662799835205078,297,0.012890625
0.46848297119140625,298,-0.012890625
0.47072792053222656,299,-0.193359375
0.47220492362976074,300,-0.631640625
0.4738929271697998,301,-1.5597656249999998
0.4759840965270996,302,-0.0515625
0.4775209426879883,303,-0.2578125
0.4787628650665283,304,-0.20625
0.4800229072570801,305,-0.18046874999999998
0.48117899894714355,306,-0.09023437499999999
0.48234105110168457,307,0.0
0.4834620952606201,308,-0.012890625
0.4845750331878662,309,-0.0515625
0.485706090927124,310,-0.23203125
0.486814022064209,311,-0.5285156249999999
0.4882190227508545,312,-0.580078125
0.4897758960723877,313,-1.327734375
0.4913339614868164,314,-0.02578125
0.4929969310760498,315,-0.0515625
0.4945700168609619,316,-0.29648437499999997
0.49600791931152344,317,-0.20625
0.49741601943969727,318,-0.30937499999999996
0.49951887130737305,319,-0.012890625
0.501945972442627,320,0.0
0.5034170150756836,321,-0.270703125
0.5049710273742676,322,-0.270703125
0.5073199272155762,323,-1.16015625
0.5088269710540771,324,-0.28359375
0.510221004486084,325,-0.270703125
0.5113909244537354,326,-0.631640625
0.5125300884246826,327,-0.064453125
0.5136458873748779,328,-0.2578125
0.514772891998291,329,-0.103125
0.5159540176391602,330,0.0
0.517085075378418,331,0.0
0.5183300971984863,332,-0.02578125
0.5198030471801758,333,-0.270703125
0.5212819576263428,334,-0.33515625
0.522939920425415,335,-1.018359375
0.5249509811401367,336,-0.42539062499999997
0.5270810127258301,337,-0.48984374999999997
0.5285658836364746,338,-0.515625
0.5308098793029785,339,-0.37382812499999996
0.5330219268798828,340,-0.103125
0.5345399379730225,341,0.0
0.5359539985656738,342,-0.12890625
0.5378279685974121,343,-0.4640625
0.5405220985412598,344,-0.9152343749999999
0.542011022567749,345,-0.167578125
0.5432028770446777,346,-0.270703125
0.544342041015625,347,-0.4125
0.545461893081665,348,-0.270703125
0.5465939044952393,349,-0.23203125
0.5477049350738525,350,-0.20625
0.5490100383758545,351,-0.012890625
0.5505108833312988,352,-0.012890625
0.551948070526123,353,-0.064453125
0.5534789562225342,354,-0.37382812499999996
0.5550839900970459,355,-0.42539062499999997
0.5565729141235352,356,-1.327734375
0.5581870079040527,357,-0.02578125
0.5603070259094238,358,-0.36093749999999997
0.5625760555267334,359,-0.37382812499999996
0.5641179084777832,360,-0.103125
0.5658090114593506,361,0.0515625
0.5678560733795166,362,0.0
0.5693979263305664,363,-0.02578125
0.570702075958252,364,-0.43828124999999996
0.5718929767608643,365,-0.837890625
0.5730729103088379,366,-1.5597656249999998
0.5742530822753906,367,-0.038671874999999994
0.5753910541534424,368,-0.09023437499999999
0.576509952545166,369,-0.270703125
0.5776159763336182,370,-0.43828124999999996
0.5787289142608643,371,-0.193359375
0.5799388885498047,372,-0.20625
0.5813910961151123,373,-0.167578125
0.5828959941864014,374,0.0
0.5844480991363525,375,-0.012890625
0.5860590934753418,376,-0.103125
0.5875000953674316,377,-0.476953125
0.589073896408081,378,-0.8765624999999999
0.5920310020446777,379,-1.65
0.5936229228973389,380,-0.0515625
0.5952808856964111,381,-0.580078125
0.5975039005279541,382,-0.12890625
0.5989539623260498,383,0.29648437499999997
0.6002600193023682,384,-0.038671874999999994
0.6014249324798584,385,-0.02578125
0.6025829315185547,386,-0.322265625
0.6037108898162842,387,-0.5929687499999999
0.6048328876495361,388,-0.7476562499999999
0.6060309410095215,389,-1.4437499999999999
0.6071569919586182,390,-0.02578125
0.6082689762115479,391,-0.09023437499999999
0.6094059944152832,392,-0.064453125
0.6106400489807129,393,-0.28359375
0.6120469570159912,394,-0.515625
0.6136140823364258,395,-0.322265625
0.6152040958404541,396,-0.0515625
0.6167709827423096,397,0.012890625
0.6182689666748047,398,-0.012890625
0.6198248863220215,399,-0.23203125
0.6217119693756104,400,-0.48984374999999997
0.6241559982299805,401,-1.134375
0.6257600784301758,402,-0.0515625
0.6273629665374756,403,-0.0515625
0.6296350955963135,404,-0.4125
0.6314010620117188,405,-0.09023437499999999
0.632706880569458,406,0.012890625
0.6339170932769775,407,-0.012890625
0.6351199150085449,408,-0.064453125
0.636246919631958,409,-0.37382812499999996
0.6374399662017822,410,-0.5285156249999999
0.6385910511016846,411,-1.018359375
0.6397380828857422,412,-1.6371093749999999
0.6409649848937988,413,-0.038671874999999994
0.6424028873443604,414,-0.064453125
0.6438970565795898,415,-0.2578125
0.6455268859863281,416,-0.348046875
0.6470749378204346,417,-0.322265625
0.6484549045562744,418,-0.193359375
0.649975061416626,419,0.0
0.6514160633087158,420,-0.012890625
0.6539239883422852,421,-0.21914062499999998
0.655724048614502,422,-0.36093749999999997
0.6571249961853027,423,-1.5597656249999998
0.6590988636016846,424,-0.0515625
0.6610798835754395,425,-0.2578125
0.6624979972839355,426,-0.18046874999999998
0.6637070178985596,427,-0.33515625
0.6648519039154053,428,-0.167578125
0.666032075881958,429,0.0
0.6671640872955322,430,-0.038671874999999994
0.6682949066162109,431,-0.103125
0.6695420742034912,432,-0.399609375
